"MTU (CET/CEST)","Area","Sequence","Day-ahead Price (EUR/MWh)","Intraday Period (CET/CEST)","Intraday Price (EUR/MWh)"
"01/01/2025 00:00:00 - 01/01/2025 00:15:00","BZN|FR","Without Sequence","12.36","",""
"01/01/2025 00:15:00 - 01/01/2025 00:30:00","BZN|FR","Without Sequence","12.36","",""
"01/01/2025 00:30:00 - 01/01/2025 00:45:00","BZN|FR","Without Sequence","12.36","",""
"01/01/2025 00:45:00 - 01/01/2025 01:00:00","BZN|FR","Without Sequence","12.36","",""
"01/01/2025 01:00:00 - 01/01/2025 01:15:00","BZN|FR","Without Sequence","18.92","",""
"01/01/2025 01:15:00 - 01/01/2025 01:30:00","BZN|FR","Without Sequence","18.92","",""
"01/01/2025 01:30:00 - 01/01/2025 01:45:00","BZN|FR","Without Sequence","18.92","",""
"01/01/2025 01:45:00 - 01/01/2025 02:00:00","BZN|FR","Without Sequence","18.92","",""
"01/01/2025 02:00:00 - 01/01/2025 02:15:00","BZN|FR","Without Sequence","16.66","",""
"01/01/2025 02:15:00 - 01/01/2025 02:30:00","BZN|FR","Without Sequence","16.66","",""
"01/01/2025 02:30:00 - 01/01/2025 02:45:00","BZN|FR","Without Sequence","16.66","",""
"01/01/2025 02:45:00 - 01/01/2025 03:00:00","BZN|FR","Without Sequence","16.66","",""
"01/01/2025 03:00:00 - 01/01/2025 03:15:00","BZN|FR","Without Sequence","13.10","",""
"01/01/2025 03:15:00 - 01/01/2025 03:30:00","BZN|FR","Without Sequence","13.10","",""
"01/01/2025 03:30:00 - 01/01/2025 03:45:00","BZN|FR","Without Sequence","13.10","",""
"01/01/2025 03:45:00 - 01/01/2025 04:00:00","BZN|FR","Without Sequence","13.10","",""
"01/01/2025 04:00:00 - 01/01/2025 04:15:00","BZN|FR","Without Sequence","5.90","",""
"01/01/2025 04:15:00 - 01/01/2025 04:30:00","BZN|FR","Without Sequence","5.90","",""
"01/01/2025 04:30:00 - 01/01/2025 04:45:00","BZN|FR","Without Sequence","5.90","",""
"01/01/2025 04:45:00 - 01/01/2025 05:00:00","BZN|FR","Without Sequence","5.90","",""
"01/01/2025 05:00:00 - 01/01/2025 05:15:00","BZN|FR","Without Sequence","9.27","",""
"01/01/2025 05:15:00 - 01/01/2025 05:30:00","BZN|FR","Without Sequence","9.27","",""
"01/01/2025 05:30:00 - 01/01/2025 05:45:00","BZN|FR","Without Sequence","9.27","",""
"01/01/2025 05:45:00 - 01/01/2025 06:00:00","BZN|FR","Without Sequence","9.27","",""
"01/01/2025 06:00:00 - 01/01/2025 06:15:00","BZN|FR","Without Sequence","10.04","",""
"01/01/2025 06:15:00 - 01/01/2025 06:30:00","BZN|FR","Without Sequence","10.04","",""
"01/01/2025 06:30:00 - 01/01/2025 06:45:00","BZN|FR","Without Sequence","10.04","",""
"01/01/2025 06:45:00 - 01/01/2025 07:00:00","BZN|FR","Without Sequence","10.04","",""
"01/01/2025 07:00:00 - 01/01/2025 07:15:00","BZN|FR","Without Sequence","7.23","",""
"01/01/2025 07:15:00 - 01/01/2025 07:30:00","BZN|FR","Without Sequence","7.23","",""
"01/01/2025 07:30:00 - 01/01/2025 07:45:00","BZN|FR","Without Sequence","7.23","",""
"01/01/2025 07:45:00 - 01/01/2025 08:00:00","BZN|FR","Without Sequence","7.23","",""
"01/01/2025 08:00:00 - 01/01/2025 08:15:00","BZN|FR","Without Sequence","12.83","",""
"01/01/2025 08:15:00 - 01/01/2025 08:30:00","BZN|FR","Without Sequence","12.83","",""
"01/01/2025 08:30:00 - 01/01/2025 08:45:00","BZN|FR","Without Sequence","12.83","",""
"01/01/2025 08:45:00 - 01/01/2025 09:00:00","BZN|FR","Without Sequence","12.83","",""
"01/01/2025 09:00:00 - 01/01/2025 09:15:00","BZN|FR","Without Sequence","13.76","",""
"01/01/2025 09:15:00 - 01/01/2025 09:30:00","BZN|FR","Without Sequence","13.76","",""
"01/01/2025 09:30:00 - 01/01/2025 09:45:00","BZN|FR","Without Sequence","13.76","",""
"01/01/2025 09:45:00 - 01/01/2025 10:00:00","BZN|FR","Without Sequence","13.76","",""
"01/01/2025 10:00:00 - 01/01/2025 10:15:00","BZN|FR","Without Sequence","17.95","",""
"01/01/2025 10:15:00 - 01/01/2025 10:30:00","BZN|FR","Without Sequence","17.95","",""
"01/01/2025 10:30:00 - 01/01/2025 10:45:00","BZN|FR","Without Sequence","17.95","",""
"01/01/2025 10:45:00 - 01/01/2025 11:00:00","BZN|FR","Without Sequence","17.95","",""
"01/01/2025 11:00:00 - 01/01/2025 11:15:00","BZN|FR","Without Sequence","20.59","",""
"01/01/2025 11:15:00 - 01/01/2025 11:30:00","BZN|FR","Without Sequence","20.59","",""
"01/01/2025 11:30:00 - 01/01/2025 11:45:00","BZN|FR","Without Sequence","20.59","",""
"01/01/2025 11:45:00 - 01/01/2025 12:00:00","BZN|FR","Without Sequence","20.59","",""
"01/01/2025 12:00:00 - 01/01/2025 12:15:00","BZN|FR","Without Sequence","28.11","",""
"01/01/2025 12:15:00 - 01/01/2025 12:30:00","BZN|FR","Without Sequence","28.11","",""
"01/01/2025 12:30:00 - 01/01/2025 12:45:00","BZN|FR","Without Sequence","28.11","",""
"01/01/2025 12:45:00 - 01/01/2025 13:00:00","BZN|FR","Without Sequence","28.11","",""
"01/01/2025 13:00:00 - 01/01/2025 13:15:00","BZN|FR","Without Sequence","30.00","",""
"01/01/2025 13:15:00 - 01/01/2025 13:30:00","BZN|FR","Without Sequence","30.00","",""
"01/01/2025 13:30:00 - 01/01/2025 13:45:00","BZN|FR","Without Sequence","30.00","",""
"01/01/2025 13:45:00 - 01/01/2025 14:00:00","BZN|FR","Without Sequence","30.00","",""
"01/01/2025 14:00:00 - 01/01/2025 14:15:00","BZN|FR","Without Sequence","21.50","",""
"01/01/2025 14:15:00 - 01/01/2025 14:30:00","BZN|FR","Without Sequence","21.50","",""
"01/01/2025 14:30:00 - 01/01/2025 14:45:00","BZN|FR","Without Sequence","21.50","",""
"01/01/2025 14:45:00 - 01/01/2025 15:00:00","BZN|FR","Without Sequence","21.50","",""
"01/01/2025 15:00:00 - 01/01/2025 15:15:00","BZN|FR","Without Sequence","10.68","",""
"01/01/2025 15:15:00 - 01/01/2025 15:30:00","BZN|FR","Without Sequence","10.68","",""
"01/01/2025 15:30:00 - 01/01/2025 15:45:00","BZN|FR","Without Sequence","10.68","",""
"01/01/2025 15:45:00 - 01/01/2025 16:00:00","BZN|FR","Without Sequence","10.68","",""
"01/01/2025 16:00:00 - 01/01/2025 16:15:00","BZN|FR","Without Sequence","20.18","",""
"01/01/2025 16:15:00 - 01/01/2025 16:30:00","BZN|FR","Without Sequence","20.18","",""
"01/01/2025 16:30:00 - 01/01/2025 16:45:00","BZN|FR","Without Sequence","20.18","",""
"01/01/2025 16:45:00 - 01/01/2025 17:00:00","BZN|FR","Without Sequence","20.18","",""
"01/01/2025 17:00:00 - 01/01/2025 17:15:00","BZN|FR","Without Sequence","35.72","",""
"01/01/2025 17:15:00 - 01/01/2025 17:30:00","BZN|FR","Without Sequence","35.72","",""
"01/01/2025 17:30:00 - 01/01/2025 17:45:00","BZN|FR","Without Sequence","35.72","",""
"01/01/2025 17:45:00 - 01/01/2025 18:00:00","BZN|FR","Without Sequence","35.72","",""
"01/01/2025 18:00:00 - 01/01/2025 18:15:00","BZN|FR","Without Sequence","48.06","",""
"01/01/2025 18:15:00 - 01/01/2025 18:30:00","BZN|FR","Without Sequence","48.06","",""
"01/01/2025 18:30:00 - 01/01/2025 18:45:00","BZN|FR","Without Sequence","48.06","",""
"01/01/2025 18:45:00 - 01/01/2025 19:00:00","BZN|FR","Without Sequence","48.06","",""
"01/01/2025 19:00:00 - 01/01/2025 19:15:00","BZN|FR","Without Sequence","50.14","",""
"01/01/2025 19:15:00 - 01/01/2025 19:30:00","BZN|FR","Without Sequence","50.14","",""
"01/01/2025 19:30:00 - 01/01/2025 19:45:00","BZN|FR","Without Sequence","50.14","",""
"01/01/2025 19:45:00 - 01/01/2025 20:00:00","BZN|FR","Without Sequence","50.14","",""
"01/01/2025 20:00:00 - 01/01/2025 20:15:00","BZN|FR","Without Sequence","41.50","",""
"01/01/2025 20:15:00 - 01/01/2025 20:30:00","BZN|FR","Without Sequence","41.50","",""
"01/01/2025 20:30:00 - 01/01/2025 20:45:00","BZN|FR","Without Sequence","41.50","",""
"01/01/2025 20:45:00 - 01/01/2025 21:00:00","BZN|FR","Without Sequence","41.50","",""
"01/01/2025 21:00:00 - 01/01/2025 21:15:00","BZN|FR","Without Sequence","34.93","",""
"01/01/2025 21:15:00 - 01/01/2025 21:30:00","BZN|FR","Without Sequence","34.93","",""
"01/01/2025 21:30:00 - 01/01/2025 21:45:00","BZN|FR","Without Sequence","34.93","",""
"01/01/2025 21:45:00 - 01/01/2025 22:00:00","BZN|FR","Without Sequence","34.93","",""
"01/01/2025 22:00:00 - 01/01/2025 22:15:00","BZN|FR","Without Sequence","34.69","",""
"01/01/2025 22:15:00 - 01/01/2025 22:30:00","BZN|FR","Without Sequence","34.69","",""
"01/01/2025 22:30:00 - 01/01/2025 22:45:00","BZN|FR","Without Sequence","34.69","",""
"01/01/2025 22:45:00 - 01/01/2025 23:00:00","BZN|FR","Without Sequence","34.69","",""
"01/01/2025 23:00:00 - 01/01/2025 23:15:00","BZN|FR","Without Sequence","28.04","",""
"01/01/2025 23:15:00 - 01/01/2025 23:30:00","BZN|FR","Without Sequence","28.04","",""
"01/01/2025 23:30:00 - 01/01/2025 23:45:00","BZN|FR","Without Sequence","28.04","",""
"01/01/2025 23:45:00 - 02/01/2025 00:00:00","BZN|FR","Without Sequence","28.04","",""
"02/01/2025 00:00:00 - 02/01/2025 00:15:00","BZN|FR","Without Sequence","39.84","",""
"02/01/2025 00:15:00 - 02/01/2025 00:30:00","BZN|FR","Without Sequence","39.84","",""
"02/01/2025 00:30:00 - 02/01/2025 00:45:00","BZN|FR","Without Sequence","39.84","",""
"02/01/2025 00:45:00 - 02/01/2025 01:00:00","BZN|FR","Without Sequence","39.84","",""
"02/01/2025 01:00:00 - 02/01/2025 01:15:00","BZN|FR","Without Sequence","44.10","",""
"02/01/2025 01:15:00 - 02/01/2025 01:30:00","BZN|FR","Without Sequence","44.10","",""
"02/01/2025 01:30:00 - 02/01/2025 01:45:00","BZN|FR","Without Sequence","44.10","",""
"02/01/2025 01:45:00 - 02/01/2025 02:00:00","BZN|FR","Without Sequence","44.10","",""
"02/01/2025 02:00:00 - 02/01/2025 02:15:00","BZN|FR","Without Sequence","44.70","",""
"02/01/2025 02:15:00 - 02/01/2025 02:30:00","BZN|FR","Without Sequence","44.70","",""
"02/01/2025 02:30:00 - 02/01/2025 02:45:00","BZN|FR","Without Sequence","44.70","",""
"02/01/2025 02:45:00 - 02/01/2025 03:00:00","BZN|FR","Without Sequence","44.70","",""
"02/01/2025 03:00:00 - 02/01/2025 03:15:00","BZN|FR","Without Sequence","42.92","",""
"02/01/2025 03:15:00 - 02/01/2025 03:30:00","BZN|FR","Without Sequence","42.92","",""
"02/01/2025 03:30:00 - 02/01/2025 03:45:00","BZN|FR","Without Sequence","42.92","",""
"02/01/2025 03:45:00 - 02/01/2025 04:00:00","BZN|FR","Without Sequence","42.92","",""
"02/01/2025 04:00:00 - 02/01/2025 04:15:00","BZN|FR","Without Sequence","40.15","",""
"02/01/2025 04:15:00 - 02/01/2025 04:30:00","BZN|FR","Without Sequence","40.15","",""
"02/01/2025 04:30:00 - 02/01/2025 04:45:00","BZN|FR","Without Sequence","40.15","",""
"02/01/2025 04:45:00 - 02/01/2025 05:00:00","BZN|FR","Without Sequence","40.15","",""
"02/01/2025 05:00:00 - 02/01/2025 05:15:00","BZN|FR","Without Sequence","52.51","",""
"02/01/2025 05:15:00 - 02/01/2025 05:30:00","BZN|FR","Without Sequence","52.51","",""
"02/01/2025 05:30:00 - 02/01/2025 05:45:00","BZN|FR","Without Sequence","52.51","",""
"02/01/2025 05:45:00 - 02/01/2025 06:00:00","BZN|FR","Without Sequence","52.51","",""
"02/01/2025 06:00:00 - 02/01/2025 06:15:00","BZN|FR","Without Sequence","93.30","",""
"02/01/2025 06:15:00 - 02/01/2025 06:30:00","BZN|FR","Without Sequence","93.30","",""
"02/01/2025 06:30:00 - 02/01/2025 06:45:00","BZN|FR","Without Sequence","93.30","",""
"02/01/2025 06:45:00 - 02/01/2025 07:00:00","BZN|FR","Without Sequence","93.30","",""
"02/01/2025 07:00:00 - 02/01/2025 07:15:00","BZN|FR","Without Sequence","120.03","",""
"02/01/2025 07:15:00 - 02/01/2025 07:30:00","BZN|FR","Without Sequence","120.03","",""
"02/01/2025 07:30:00 - 02/01/2025 07:45:00","BZN|FR","Without Sequence","120.03","",""
"02/01/2025 07:45:00 - 02/01/2025 08:00:00","BZN|FR","Without Sequence","120.03","",""
"02/01/2025 08:00:00 - 02/01/2025 08:15:00","BZN|FR","Without Sequence","135.52","",""
"02/01/2025 08:15:00 - 02/01/2025 08:30:00","BZN|FR","Without Sequence","135.52","",""
"02/01/2025 08:30:00 - 02/01/2025 08:45:00","BZN|FR","Without Sequence","135.52","",""
"02/01/2025 08:45:00 - 02/01/2025 09:00:00","BZN|FR","Without Sequence","135.52","",""
"02/01/2025 09:00:00 - 02/01/2025 09:15:00","BZN|FR","Without Sequence","136.48","",""
"02/01/2025 09:15:00 - 02/01/2025 09:30:00","BZN|FR","Without Sequence","136.48","",""
"02/01/2025 09:30:00 - 02/01/2025 09:45:00","BZN|FR","Without Sequence","136.48","",""
"02/01/2025 09:45:00 - 02/01/2025 10:00:00","BZN|FR","Without Sequence","136.48","",""
"02/01/2025 10:00:00 - 02/01/2025 10:15:00","BZN|FR","Without Sequence","129.04","",""
"02/01/2025 10:15:00 - 02/01/2025 10:30:00","BZN|FR","Without Sequence","129.04","",""
"02/01/2025 10:30:00 - 02/01/2025 10:45:00","BZN|FR","Without Sequence","129.04","",""
"02/01/2025 10:45:00 - 02/01/2025 11:00:00","BZN|FR","Without Sequence","129.04","",""
"02/01/2025 11:00:00 - 02/01/2025 11:15:00","BZN|FR","Without Sequence","125.70","",""
"02/01/2025 11:15:00 - 02/01/2025 11:30:00","BZN|FR","Without Sequence","125.70","",""
"02/01/2025 11:30:00 - 02/01/2025 11:45:00","BZN|FR","Without Sequence","125.70","",""
"02/01/2025 11:45:00 - 02/01/2025 12:00:00","BZN|FR","Without Sequence","125.70","",""
"02/01/2025 12:00:00 - 02/01/2025 12:15:00","BZN|FR","Without Sequence","125.72","",""
"02/01/2025 12:15:00 - 02/01/2025 12:30:00","BZN|FR","Without Sequence","125.72","",""
"02/01/2025 12:30:00 - 02/01/2025 12:45:00","BZN|FR","Without Sequence","125.72","",""
"02/01/2025 12:45:00 - 02/01/2025 13:00:00","BZN|FR","Without Sequence","125.72","",""
"02/01/2025 13:00:00 - 02/01/2025 13:15:00","BZN|FR","Without Sequence","119.30","",""
"02/01/2025 13:15:00 - 02/01/2025 13:30:00","BZN|FR","Without Sequence","119.30","",""
"02/01/2025 13:30:00 - 02/01/2025 13:45:00","BZN|FR","Without Sequence","119.30","",""
"02/01/2025 13:45:00 - 02/01/2025 14:00:00","BZN|FR","Without Sequence","119.30","",""
"02/01/2025 14:00:00 - 02/01/2025 14:15:00","BZN|FR","Without Sequence","124.65","",""
"02/01/2025 14:15:00 - 02/01/2025 14:30:00","BZN|FR","Without Sequence","124.65","",""
"02/01/2025 14:30:00 - 02/01/2025 14:45:00","BZN|FR","Without Sequence","124.65","",""
"02/01/2025 14:45:00 - 02/01/2025 15:00:00","BZN|FR","Without Sequence","124.65","",""
"02/01/2025 15:00:00 - 02/01/2025 15:15:00","BZN|FR","Without Sequence","130.11","",""
"02/01/2025 15:15:00 - 02/01/2025 15:30:00","BZN|FR","Without Sequence","130.11","",""
"02/01/2025 15:30:00 - 02/01/2025 15:45:00","BZN|FR","Without Sequence","130.11","",""
"02/01/2025 15:45:00 - 02/01/2025 16:00:00","BZN|FR","Without Sequence","130.11","",""
"02/01/2025 16:00:00 - 02/01/2025 16:15:00","BZN|FR","Without Sequence","139.50","",""
"02/01/2025 16:15:00 - 02/01/2025 16:30:00","BZN|FR","Without Sequence","139.50","",""
"02/01/2025 16:30:00 - 02/01/2025 16:45:00","BZN|FR","Without Sequence","139.50","",""
"02/01/2025 16:45:00 - 02/01/2025 17:00:00","BZN|FR","Without Sequence","139.50","",""
"02/01/2025 17:00:00 - 02/01/2025 17:15:00","BZN|FR","Without Sequence","153.40","",""
"02/01/2025 17:15:00 - 02/01/2025 17:30:00","BZN|FR","Without Sequence","153.40","",""
"02/01/2025 17:30:00 - 02/01/2025 17:45:00","BZN|FR","Without Sequence","153.40","",""
"02/01/2025 17:45:00 - 02/01/2025 18:00:00","BZN|FR","Without Sequence","153.40","",""
"02/01/2025 18:00:00 - 02/01/2025 18:15:00","BZN|FR","Without Sequence","153.15","",""
"02/01/2025 18:15:00 - 02/01/2025 18:30:00","BZN|FR","Without Sequence","153.15","",""
"02/01/2025 18:30:00 - 02/01/2025 18:45:00","BZN|FR","Without Sequence","153.15","",""
"02/01/2025 18:45:00 - 02/01/2025 19:00:00","BZN|FR","Without Sequence","153.15","",""
"02/01/2025 19:00:00 - 02/01/2025 19:15:00","BZN|FR","Without Sequence","146.66","",""
"02/01/2025 19:15:00 - 02/01/2025 19:30:00","BZN|FR","Without Sequence","146.66","",""
"02/01/2025 19:30:00 - 02/01/2025 19:45:00","BZN|FR","Without Sequence","146.66","",""
"02/01/2025 19:45:00 - 02/01/2025 20:00:00","BZN|FR","Without Sequence","146.66","",""
"02/01/2025 20:00:00 - 02/01/2025 20:15:00","BZN|FR","Without Sequence","130.60","",""
"02/01/2025 20:15:00 - 02/01/2025 20:30:00","BZN|FR","Without Sequence","130.60","",""
"02/01/2025 20:30:00 - 02/01/2025 20:45:00","BZN|FR","Without Sequence","130.60","",""
"02/01/2025 20:45:00 - 02/01/2025 21:00:00","BZN|FR","Without Sequence","130.60","",""
"02/01/2025 21:00:00 - 02/01/2025 21:15:00","BZN|FR","Without Sequence","120.62","",""
"02/01/2025 21:15:00 - 02/01/2025 21:30:00","BZN|FR","Without Sequence","120.62","",""
"02/01/2025 21:30:00 - 02/01/2025 21:45:00","BZN|FR","Without Sequence","120.62","",""
"02/01/2025 21:45:00 - 02/01/2025 22:00:00","BZN|FR","Without Sequence","120.62","",""
"02/01/2025 22:00:00 - 02/01/2025 22:15:00","BZN|FR","Without Sequence","117.89","",""
"02/01/2025 22:15:00 - 02/01/2025 22:30:00","BZN|FR","Without Sequence","117.89","",""
"02/01/2025 22:30:00 - 02/01/2025 22:45:00","BZN|FR","Without Sequence","117.89","",""
"02/01/2025 22:45:00 - 02/01/2025 23:00:00","BZN|FR","Without Sequence","117.89","",""
"02/01/2025 23:00:00 - 02/01/2025 23:15:00","BZN|FR","Without Sequence","118.56","",""
"02/01/2025 23:15:00 - 02/01/2025 23:30:00","BZN|FR","Without Sequence","118.56","",""
"02/01/2025 23:30:00 - 02/01/2025 23:45:00","BZN|FR","Without Sequence","118.56","",""
"02/01/2025 23:45:00 - 03/01/2025 00:00:00","BZN|FR","Without Sequence","118.56","",""
"03/01/2025 00:00:00 - 03/01/2025 00:15:00","BZN|FR","Without Sequence","103.88","",""
"03/01/2025 00:15:00 - 03/01/2025 00:30:00","BZN|FR","Without Sequence","103.88","",""
"03/01/2025 00:30:00 - 03/01/2025 00:45:00","BZN|FR","Without Sequence","103.88","",""
"03/01/2025 00:45:00 - 03/01/2025 01:00:00","BZN|FR","Without Sequence","103.88","",""
"03/01/2025 01:00:00 - 03/01/2025 01:15:00","BZN|FR","Without Sequence","95.18","",""
"03/01/2025 01:15:00 - 03/01/2025 01:30:00","BZN|FR","Without Sequence","95.18","",""
"03/01/2025 01:30:00 - 03/01/2025 01:45:00","BZN|FR","Without Sequence","95.18","",""
"03/01/2025 01:45:00 - 03/01/2025 02:00:00","BZN|FR","Without Sequence","95.18","",""
"03/01/2025 02:00:00 - 03/01/2025 02:15:00","BZN|FR","Without Sequence","89.94","",""
"03/01/2025 02:15:00 - 03/01/2025 02:30:00","BZN|FR","Without Sequence","89.94","",""
"03/01/2025 02:30:00 - 03/01/2025 02:45:00","BZN|FR","Without Sequence","89.94","",""
"03/01/2025 02:45:00 - 03/01/2025 03:00:00","BZN|FR","Without Sequence","89.94","",""
"03/01/2025 03:00:00 - 03/01/2025 03:15:00","BZN|FR","Without Sequence","87.67","",""
"03/01/2025 03:15:00 - 03/01/2025 03:30:00","BZN|FR","Without Sequence","87.67","",""
"03/01/2025 03:30:00 - 03/01/2025 03:45:00","BZN|FR","Without Sequence","87.67","",""
"03/01/2025 03:45:00 - 03/01/2025 04:00:00","BZN|FR","Without Sequence","87.67","",""
"03/01/2025 04:00:00 - 03/01/2025 04:15:00","BZN|FR","Without Sequence","84.06","",""
"03/01/2025 04:15:00 - 03/01/2025 04:30:00","BZN|FR","Without Sequence","84.06","",""
"03/01/2025 04:30:00 - 03/01/2025 04:45:00","BZN|FR","Without Sequence","84.06","",""
"03/01/2025 04:45:00 - 03/01/2025 05:00:00","BZN|FR","Without Sequence","84.06","",""
"03/01/2025 05:00:00 - 03/01/2025 05:15:00","BZN|FR","Without Sequence","92.25","",""
"03/01/2025 05:15:00 - 03/01/2025 05:30:00","BZN|FR","Without Sequence","92.25","",""
"03/01/2025 05:30:00 - 03/01/2025 05:45:00","BZN|FR","Without Sequence","92.25","",""
"03/01/2025 05:45:00 - 03/01/2025 06:00:00","BZN|FR","Without Sequence","92.25","",""
"03/01/2025 06:00:00 - 03/01/2025 06:15:00","BZN|FR","Without Sequence","100.14","",""
"03/01/2025 06:15:00 - 03/01/2025 06:30:00","BZN|FR","Without Sequence","100.14","",""
"03/01/2025 06:30:00 - 03/01/2025 06:45:00","BZN|FR","Without Sequence","100.14","",""
"03/01/2025 06:45:00 - 03/01/2025 07:00:00","BZN|FR","Without Sequence","100.14","",""
"03/01/2025 07:00:00 - 03/01/2025 07:15:00","BZN|FR","Without Sequence","119.27","",""
"03/01/2025 07:15:00 - 03/01/2025 07:30:00","BZN|FR","Without Sequence","119.27","",""
"03/01/2025 07:30:00 - 03/01/2025 07:45:00","BZN|FR","Without Sequence","119.27","",""
"03/01/2025 07:45:00 - 03/01/2025 08:00:00","BZN|FR","Without Sequence","119.27","",""
"03/01/2025 08:00:00 - 03/01/2025 08:15:00","BZN|FR","Without Sequence","127.28","",""
"03/01/2025 08:15:00 - 03/01/2025 08:30:00","BZN|FR","Without Sequence","127.28","",""
"03/01/2025 08:30:00 - 03/01/2025 08:45:00","BZN|FR","Without Sequence","127.28","",""
"03/01/2025 08:45:00 - 03/01/2025 09:00:00","BZN|FR","Without Sequence","127.28","",""
"03/01/2025 09:00:00 - 03/01/2025 09:15:00","BZN|FR","Without Sequence","132.97","",""
"03/01/2025 09:15:00 - 03/01/2025 09:30:00","BZN|FR","Without Sequence","132.97","",""
"03/01/2025 09:30:00 - 03/01/2025 09:45:00","BZN|FR","Without Sequence","132.97","",""
"03/01/2025 09:45:00 - 03/01/2025 10:00:00","BZN|FR","Without Sequence","132.97","",""
"03/01/2025 10:00:00 - 03/01/2025 10:15:00","BZN|FR","Without Sequence","130.52","",""
"03/01/2025 10:15:00 - 03/01/2025 10:30:00","BZN|FR","Without Sequence","130.52","",""
"03/01/2025 10:30:00 - 03/01/2025 10:45:00","BZN|FR","Without Sequence","130.52","",""
"03/01/2025 10:45:00 - 03/01/2025 11:00:00","BZN|FR","Without Sequence","130.52","",""
"03/01/2025 11:00:00 - 03/01/2025 11:15:00","BZN|FR","Without Sequence","123.20","",""
"03/01/2025 11:15:00 - 03/01/2025 11:30:00","BZN|FR","Without Sequence","123.20","",""
"03/01/2025 11:30:00 - 03/01/2025 11:45:00","BZN|FR","Without Sequence","123.20","",""
"03/01/2025 11:45:00 - 03/01/2025 12:00:00","BZN|FR","Without Sequence","123.20","",""
"03/01/2025 12:00:00 - 03/01/2025 12:15:00","BZN|FR","Without Sequence","113.51","",""
"03/01/2025 12:15:00 - 03/01/2025 12:30:00","BZN|FR","Without Sequence","113.51","",""
"03/01/2025 12:30:00 - 03/01/2025 12:45:00","BZN|FR","Without Sequence","113.51","",""
"03/01/2025 12:45:00 - 03/01/2025 13:00:00","BZN|FR","Without Sequence","113.51","",""
"03/01/2025 13:00:00 - 03/01/2025 13:15:00","BZN|FR","Without Sequence","107.60","",""
"03/01/2025 13:15:00 - 03/01/2025 13:30:00","BZN|FR","Without Sequence","107.60","",""
"03/01/2025 13:30:00 - 03/01/2025 13:45:00","BZN|FR","Without Sequence","107.60","",""
"03/01/2025 13:45:00 - 03/01/2025 14:00:00","BZN|FR","Without Sequence","107.60","",""
"03/01/2025 14:00:00 - 03/01/2025 14:15:00","BZN|FR","Without Sequence","105.88","",""
"03/01/2025 14:15:00 - 03/01/2025 14:30:00","BZN|FR","Without Sequence","105.88","",""
"03/01/2025 14:30:00 - 03/01/2025 14:45:00","BZN|FR","Without Sequence","105.88","",""
"03/01/2025 14:45:00 - 03/01/2025 15:00:00","BZN|FR","Without Sequence","105.88","",""
"03/01/2025 15:00:00 - 03/01/2025 15:15:00","BZN|FR","Without Sequence","110.22","",""
"03/01/2025 15:15:00 - 03/01/2025 15:30:00","BZN|FR","Without Sequence","110.22","",""
"03/01/2025 15:30:00 - 03/01/2025 15:45:00","BZN|FR","Without Sequence","110.22","",""
"03/01/2025 15:45:00 - 03/01/2025 16:00:00","BZN|FR","Without Sequence","110.22","",""
"03/01/2025 16:00:00 - 03/01/2025 16:15:00","BZN|FR","Without Sequence","123.20","",""
"03/01/2025 16:15:00 - 03/01/2025 16:30:00","BZN|FR","Without Sequence","123.20","",""
"03/01/2025 16:30:00 - 03/01/2025 16:45:00","BZN|FR","Without Sequence","123.20","",""
"03/01/2025 16:45:00 - 03/01/2025 17:00:00","BZN|FR","Without Sequence","123.20","",""
"03/01/2025 17:00:00 - 03/01/2025 17:15:00","BZN|FR","Without Sequence","141.20","",""
"03/01/2025 17:15:00 - 03/01/2025 17:30:00","BZN|FR","Without Sequence","141.20","",""
"03/01/2025 17:30:00 - 03/01/2025 17:45:00","BZN|FR","Without Sequence","141.20","",""
"03/01/2025 17:45:00 - 03/01/2025 18:00:00","BZN|FR","Without Sequence","141.20","",""
"03/01/2025 18:00:00 - 03/01/2025 18:15:00","BZN|FR","Without Sequence","144.48","",""
"03/01/2025 18:15:00 - 03/01/2025 18:30:00","BZN|FR","Without Sequence","144.48","",""
"03/01/2025 18:30:00 - 03/01/2025 18:45:00","BZN|FR","Without Sequence","144.48","",""
"03/01/2025 18:45:00 - 03/01/2025 19:00:00","BZN|FR","Without Sequence","144.48","",""
"03/01/2025 19:00:00 - 03/01/2025 19:15:00","BZN|FR","Without Sequence","141.43","",""
"03/01/2025 19:15:00 - 03/01/2025 19:30:00","BZN|FR","Without Sequence","141.43","",""
"03/01/2025 19:30:00 - 03/01/2025 19:45:00","BZN|FR","Without Sequence","141.43","",""
"03/01/2025 19:45:00 - 03/01/2025 20:00:00","BZN|FR","Without Sequence","141.43","",""
"03/01/2025 20:00:00 - 03/01/2025 20:15:00","BZN|FR","Without Sequence","133.20","",""
"03/01/2025 20:15:00 - 03/01/2025 20:30:00","BZN|FR","Without Sequence","133.20","",""
"03/01/2025 20:30:00 - 03/01/2025 20:45:00","BZN|FR","Without Sequence","133.20","",""
"03/01/2025 20:45:00 - 03/01/2025 21:00:00","BZN|FR","Without Sequence","133.20","",""
"03/01/2025 21:00:00 - 03/01/2025 21:15:00","BZN|FR","Without Sequence","119.90","",""
"03/01/2025 21:15:00 - 03/01/2025 21:30:00","BZN|FR","Without Sequence","119.90","",""
"03/01/2025 21:30:00 - 03/01/2025 21:45:00","BZN|FR","Without Sequence","119.90","",""
"03/01/2025 21:45:00 - 03/01/2025 22:00:00","BZN|FR","Without Sequence","119.90","",""
"03/01/2025 22:00:00 - 03/01/2025 22:15:00","BZN|FR","Without Sequence","123.58","",""
"03/01/2025 22:15:00 - 03/01/2025 22:30:00","BZN|FR","Without Sequence","123.58","",""
"03/01/2025 22:30:00 - 03/01/2025 22:45:00","BZN|FR","Without Sequence","123.58","",""
"03/01/2025 22:45:00 - 03/01/2025 23:00:00","BZN|FR","Without Sequence","123.58","",""
"03/01/2025 23:00:00 - 03/01/2025 23:15:00","BZN|FR","Without Sequence","126.09","",""
"03/01/2025 23:15:00 - 03/01/2025 23:30:00","BZN|FR","Without Sequence","126.09","",""
"03/01/2025 23:30:00 - 03/01/2025 23:45:00","BZN|FR","Without Sequence","126.09","",""
"03/01/2025 23:45:00 - 04/01/2025 00:00:00","BZN|FR","Without Sequence","126.09","",""
"04/01/2025 00:00:00 - 04/01/2025 00:15:00","BZN|FR","Without Sequence","109.06","",""
"04/01/2025 00:15:00 - 04/01/2025 00:30:00","BZN|FR","Without Sequence","109.06","",""
"04/01/2025 00:30:00 - 04/01/2025 00:45:00","BZN|FR","Without Sequence","109.06","",""
"04/01/2025 00:45:00 - 04/01/2025 01:00:00","BZN|FR","Without Sequence","109.06","",""
"04/01/2025 01:00:00 - 04/01/2025 01:15:00","BZN|FR","Without Sequence","101.00","",""
"04/01/2025 01:15:00 - 04/01/2025 01:30:00","BZN|FR","Without Sequence","101.00","",""
"04/01/2025 01:30:00 - 04/01/2025 01:45:00","BZN|FR","Without Sequence","101.00","",""
"04/01/2025 01:45:00 - 04/01/2025 02:00:00","BZN|FR","Without Sequence","101.00","",""
"04/01/2025 02:00:00 - 04/01/2025 02:15:00","BZN|FR","Without Sequence","95.53","",""
"04/01/2025 02:15:00 - 04/01/2025 02:30:00","BZN|FR","Without Sequence","95.53","",""
"04/01/2025 02:30:00 - 04/01/2025 02:45:00","BZN|FR","Without Sequence","95.53","",""
"04/01/2025 02:45:00 - 04/01/2025 03:00:00","BZN|FR","Without Sequence","95.53","",""
"04/01/2025 03:00:00 - 04/01/2025 03:15:00","BZN|FR","Without Sequence","94.33","",""
"04/01/2025 03:15:00 - 04/01/2025 03:30:00","BZN|FR","Without Sequence","94.33","",""
"04/01/2025 03:30:00 - 04/01/2025 03:45:00","BZN|FR","Without Sequence","94.33","",""
"04/01/2025 03:45:00 - 04/01/2025 04:00:00","BZN|FR","Without Sequence","94.33","",""
"04/01/2025 04:00:00 - 04/01/2025 04:15:00","BZN|FR","Without Sequence","96.62","",""
"04/01/2025 04:15:00 - 04/01/2025 04:30:00","BZN|FR","Without Sequence","96.62","",""
"04/01/2025 04:30:00 - 04/01/2025 04:45:00","BZN|FR","Without Sequence","96.62","",""
"04/01/2025 04:45:00 - 04/01/2025 05:00:00","BZN|FR","Without Sequence","96.62","",""
"04/01/2025 05:00:00 - 04/01/2025 05:15:00","BZN|FR","Without Sequence","102.63","",""
"04/01/2025 05:15:00 - 04/01/2025 05:30:00","BZN|FR","Without Sequence","102.63","",""
"04/01/2025 05:30:00 - 04/01/2025 05:45:00","BZN|FR","Without Sequence","102.63","",""
"04/01/2025 05:45:00 - 04/01/2025 06:00:00","BZN|FR","Without Sequence","102.63","",""
"04/01/2025 06:00:00 - 04/01/2025 06:15:00","BZN|FR","Without Sequence","110.89","",""
"04/01/2025 06:15:00 - 04/01/2025 06:30:00","BZN|FR","Without Sequence","110.89","",""
"04/01/2025 06:30:00 - 04/01/2025 06:45:00","BZN|FR","Without Sequence","110.89","",""
"04/01/2025 06:45:00 - 04/01/2025 07:00:00","BZN|FR","Without Sequence","110.89","",""
"04/01/2025 07:00:00 - 04/01/2025 07:15:00","BZN|FR","Without Sequence","120.25","",""
"04/01/2025 07:15:00 - 04/01/2025 07:30:00","BZN|FR","Without Sequence","120.25","",""
"04/01/2025 07:30:00 - 04/01/2025 07:45:00","BZN|FR","Without Sequence","120.25","",""
"04/01/2025 07:45:00 - 04/01/2025 08:00:00","BZN|FR","Without Sequence","120.25","",""
"04/01/2025 08:00:00 - 04/01/2025 08:15:00","BZN|FR","Without Sequence","128.39","",""
"04/01/2025 08:15:00 - 04/01/2025 08:30:00","BZN|FR","Without Sequence","128.39","",""
"04/01/2025 08:30:00 - 04/01/2025 08:45:00","BZN|FR","Without Sequence","128.39","",""
"04/01/2025 08:45:00 - 04/01/2025 09:00:00","BZN|FR","Without Sequence","128.39","",""
"04/01/2025 09:00:00 - 04/01/2025 09:15:00","BZN|FR","Without Sequence","130.75","",""
"04/01/2025 09:15:00 - 04/01/2025 09:30:00","BZN|FR","Without Sequence","130.75","",""
"04/01/2025 09:30:00 - 04/01/2025 09:45:00","BZN|FR","Without Sequence","130.75","",""
"04/01/2025 09:45:00 - 04/01/2025 10:00:00","BZN|FR","Without Sequence","130.75","",""
"04/01/2025 10:00:00 - 04/01/2025 10:15:00","BZN|FR","Without Sequence","130.34","",""
"04/01/2025 10:15:00 - 04/01/2025 10:30:00","BZN|FR","Without Sequence","130.34","",""
"04/01/2025 10:30:00 - 04/01/2025 10:45:00","BZN|FR","Without Sequence","130.34","",""
"04/01/2025 10:45:00 - 04/01/2025 11:00:00","BZN|FR","Without Sequence","130.34","",""
"04/01/2025 11:00:00 - 04/01/2025 11:15:00","BZN|FR","Without Sequence","128.29","",""
"04/01/2025 11:15:00 - 04/01/2025 11:30:00","BZN|FR","Without Sequence","128.29","",""
"04/01/2025 11:30:00 - 04/01/2025 11:45:00","BZN|FR","Without Sequence","128.29","",""
"04/01/2025 11:45:00 - 04/01/2025 12:00:00","BZN|FR","Without Sequence","128.29","",""
"04/01/2025 12:00:00 - 04/01/2025 12:15:00","BZN|FR","Without Sequence","130.03","",""
"04/01/2025 12:15:00 - 04/01/2025 12:30:00","BZN|FR","Without Sequence","130.03","",""
"04/01/2025 12:30:00 - 04/01/2025 12:45:00","BZN|FR","Without Sequence","130.03","",""
"04/01/2025 12:45:00 - 04/01/2025 13:00:00","BZN|FR","Without Sequence","130.03","",""
"04/01/2025 13:00:00 - 04/01/2025 13:15:00","BZN|FR","Without Sequence","129.85","",""
"04/01/2025 13:15:00 - 04/01/2025 13:30:00","BZN|FR","Without Sequence","129.85","",""
"04/01/2025 13:30:00 - 04/01/2025 13:45:00","BZN|FR","Without Sequence","129.85","",""
"04/01/2025 13:45:00 - 04/01/2025 14:00:00","BZN|FR","Without Sequence","129.85","",""
"04/01/2025 14:00:00 - 04/01/2025 14:15:00","BZN|FR","Without Sequence","136.40","",""
"04/01/2025 14:15:00 - 04/01/2025 14:30:00","BZN|FR","Without Sequence","136.40","",""
"04/01/2025 14:30:00 - 04/01/2025 14:45:00","BZN|FR","Without Sequence","136.40","",""
"04/01/2025 14:45:00 - 04/01/2025 15:00:00","BZN|FR","Without Sequence","136.40","",""
"04/01/2025 15:00:00 - 04/01/2025 15:15:00","BZN|FR","Without Sequence","138.89","",""
"04/01/2025 15:15:00 - 04/01/2025 15:30:00","BZN|FR","Without Sequence","138.89","",""
"04/01/2025 15:30:00 - 04/01/2025 15:45:00","BZN|FR","Without Sequence","138.89","",""
"04/01/2025 15:45:00 - 04/01/2025 16:00:00","BZN|FR","Without Sequence","138.89","",""
"04/01/2025 16:00:00 - 04/01/2025 16:15:00","BZN|FR","Without Sequence","133.52","",""
"04/01/2025 16:15:00 - 04/01/2025 16:30:00","BZN|FR","Without Sequence","133.52","",""
"04/01/2025 16:30:00 - 04/01/2025 16:45:00","BZN|FR","Without Sequence","133.52","",""
"04/01/2025 16:45:00 - 04/01/2025 17:00:00","BZN|FR","Without Sequence","133.52","",""
"04/01/2025 17:00:00 - 04/01/2025 17:15:00","BZN|FR","Without Sequence","136.78","",""
"04/01/2025 17:15:00 - 04/01/2025 17:30:00","BZN|FR","Without Sequence","136.78","",""
"04/01/2025 17:30:00 - 04/01/2025 17:45:00","BZN|FR","Without Sequence","136.78","",""
"04/01/2025 17:45:00 - 04/01/2025 18:00:00","BZN|FR","Without Sequence","136.78","",""
"04/01/2025 18:00:00 - 04/01/2025 18:15:00","BZN|FR","Without Sequence","145.00","",""
"04/01/2025 18:15:00 - 04/01/2025 18:30:00","BZN|FR","Without Sequence","145.00","",""
"04/01/2025 18:30:00 - 04/01/2025 18:45:00","BZN|FR","Without Sequence","145.00","",""
"04/01/2025 18:45:00 - 04/01/2025 19:00:00","BZN|FR","Without Sequence","145.00","",""
"04/01/2025 19:00:00 - 04/01/2025 19:15:00","BZN|FR","Without Sequence","139.73","",""
"04/01/2025 19:15:00 - 04/01/2025 19:30:00","BZN|FR","Without Sequence","139.73","",""
"04/01/2025 19:30:00 - 04/01/2025 19:45:00","BZN|FR","Without Sequence","139.73","",""
"04/01/2025 19:45:00 - 04/01/2025 20:00:00","BZN|FR","Without Sequence","139.73","",""
"04/01/2025 20:00:00 - 04/01/2025 20:15:00","BZN|FR","Without Sequence","130.49","",""
"04/01/2025 20:15:00 - 04/01/2025 20:30:00","BZN|FR","Without Sequence","130.49","",""
"04/01/2025 20:30:00 - 04/01/2025 20:45:00","BZN|FR","Without Sequence","130.49","",""
"04/01/2025 20:45:00 - 04/01/2025 21:00:00","BZN|FR","Without Sequence","130.49","",""
"04/01/2025 21:00:00 - 04/01/2025 21:15:00","BZN|FR","Without Sequence","123.82","",""
"04/01/2025 21:15:00 - 04/01/2025 21:30:00","BZN|FR","Without Sequence","123.82","",""
"04/01/2025 21:30:00 - 04/01/2025 21:45:00","BZN|FR","Without Sequence","123.82","",""
"04/01/2025 21:45:00 - 04/01/2025 22:00:00","BZN|FR","Without Sequence","123.82","",""
"04/01/2025 22:00:00 - 04/01/2025 22:15:00","BZN|FR","Without Sequence","119.23","",""
"04/01/2025 22:15:00 - 04/01/2025 22:30:00","BZN|FR","Without Sequence","119.23","",""
"04/01/2025 22:30:00 - 04/01/2025 22:45:00","BZN|FR","Without Sequence","119.23","",""
"04/01/2025 22:45:00 - 04/01/2025 23:00:00","BZN|FR","Without Sequence","119.23","",""
"04/01/2025 23:00:00 - 04/01/2025 23:15:00","BZN|FR","Without Sequence","109.90","",""
"04/01/2025 23:15:00 - 04/01/2025 23:30:00","BZN|FR","Without Sequence","109.90","",""
"04/01/2025 23:30:00 - 04/01/2025 23:45:00","BZN|FR","Without Sequence","109.90","",""
"04/01/2025 23:45:00 - 05/01/2025 00:00:00","BZN|FR","Without Sequence","109.90","",""
"05/01/2025 00:00:00 - 05/01/2025 00:15:00","BZN|FR","Without Sequence","101.77","",""
"05/01/2025 00:15:00 - 05/01/2025 00:30:00","BZN|FR","Without Sequence","101.77","",""
"05/01/2025 00:30:00 - 05/01/2025 00:45:00","BZN|FR","Without Sequence","101.77","",""
"05/01/2025 00:45:00 - 05/01/2025 01:00:00","BZN|FR","Without Sequence","101.77","",""
"05/01/2025 01:00:00 - 05/01/2025 01:15:00","BZN|FR","Without Sequence","70.50","",""
"05/01/2025 01:15:00 - 05/01/2025 01:30:00","BZN|FR","Without Sequence","70.50","",""
"05/01/2025 01:30:00 - 05/01/2025 01:45:00","BZN|FR","Without Sequence","70.50","",""
"05/01/2025 01:45:00 - 05/01/2025 02:00:00","BZN|FR","Without Sequence","70.50","",""
"05/01/2025 02:00:00 - 05/01/2025 02:15:00","BZN|FR","Without Sequence","64.81","",""
"05/01/2025 02:15:00 - 05/01/2025 02:30:00","BZN|FR","Without Sequence","64.81","",""
"05/01/2025 02:30:00 - 05/01/2025 02:45:00","BZN|FR","Without Sequence","64.81","",""
"05/01/2025 02:45:00 - 05/01/2025 03:00:00","BZN|FR","Without Sequence","64.81","",""
"05/01/2025 03:00:00 - 05/01/2025 03:15:00","BZN|FR","Without Sequence","46.70","",""
"05/01/2025 03:15:00 - 05/01/2025 03:30:00","BZN|FR","Without Sequence","46.70","",""
"05/01/2025 03:30:00 - 05/01/2025 03:45:00","BZN|FR","Without Sequence","46.70","",""
"05/01/2025 03:45:00 - 05/01/2025 04:00:00","BZN|FR","Without Sequence","46.70","",""
"05/01/2025 04:00:00 - 05/01/2025 04:15:00","BZN|FR","Without Sequence","43.87","",""
"05/01/2025 04:15:00 - 05/01/2025 04:30:00","BZN|FR","Without Sequence","43.87","",""
"05/01/2025 04:30:00 - 05/01/2025 04:45:00","BZN|FR","Without Sequence","43.87","",""
"05/01/2025 04:45:00 - 05/01/2025 05:00:00","BZN|FR","Without Sequence","43.87","",""
"05/01/2025 05:00:00 - 05/01/2025 05:15:00","BZN|FR","Without Sequence","36.61","",""
"05/01/2025 05:15:00 - 05/01/2025 05:30:00","BZN|FR","Without Sequence","36.61","",""
"05/01/2025 05:30:00 - 05/01/2025 05:45:00","BZN|FR","Without Sequence","36.61","",""
"05/01/2025 05:45:00 - 05/01/2025 06:00:00","BZN|FR","Without Sequence","36.61","",""
"05/01/2025 06:00:00 - 05/01/2025 06:15:00","BZN|FR","Without Sequence","34.04","",""
"05/01/2025 06:15:00 - 05/01/2025 06:30:00","BZN|FR","Without Sequence","34.04","",""
"05/01/2025 06:30:00 - 05/01/2025 06:45:00","BZN|FR","Without Sequence","34.04","",""
"05/01/2025 06:45:00 - 05/01/2025 07:00:00","BZN|FR","Without Sequence","34.04","",""
"05/01/2025 07:00:00 - 05/01/2025 07:15:00","BZN|FR","Without Sequence","44.00","",""
"05/01/2025 07:15:00 - 05/01/2025 07:30:00","BZN|FR","Without Sequence","44.00","",""
"05/01/2025 07:30:00 - 05/01/2025 07:45:00","BZN|FR","Without Sequence","44.00","",""
"05/01/2025 07:45:00 - 05/01/2025 08:00:00","BZN|FR","Without Sequence","44.00","",""
"05/01/2025 08:00:00 - 05/01/2025 08:15:00","BZN|FR","Without Sequence","51.27","",""
"05/01/2025 08:15:00 - 05/01/2025 08:30:00","BZN|FR","Without Sequence","51.27","",""
"05/01/2025 08:30:00 - 05/01/2025 08:45:00","BZN|FR","Without Sequence","51.27","",""
"05/01/2025 08:45:00 - 05/01/2025 09:00:00","BZN|FR","Without Sequence","51.27","",""
"05/01/2025 09:00:00 - 05/01/2025 09:15:00","BZN|FR","Without Sequence","50.00","",""
"05/01/2025 09:15:00 - 05/01/2025 09:30:00","BZN|FR","Without Sequence","50.00","",""
"05/01/2025 09:30:00 - 05/01/2025 09:45:00","BZN|FR","Without Sequence","50.00","",""
"05/01/2025 09:45:00 - 05/01/2025 10:00:00","BZN|FR","Without Sequence","50.00","",""
"05/01/2025 10:00:00 - 05/01/2025 10:15:00","BZN|FR","Without Sequence","49.81","",""
"05/01/2025 10:15:00 - 05/01/2025 10:30:00","BZN|FR","Without Sequence","49.81","",""
"05/01/2025 10:30:00 - 05/01/2025 10:45:00","BZN|FR","Without Sequence","49.81","",""
"05/01/2025 10:45:00 - 05/01/2025 11:00:00","BZN|FR","Without Sequence","49.81","",""
"05/01/2025 11:00:00 - 05/01/2025 11:15:00","BZN|FR","Without Sequence","43.05","",""
"05/01/2025 11:15:00 - 05/01/2025 11:30:00","BZN|FR","Without Sequence","43.05","",""
"05/01/2025 11:30:00 - 05/01/2025 11:45:00","BZN|FR","Without Sequence","43.05","",""
"05/01/2025 11:45:00 - 05/01/2025 12:00:00","BZN|FR","Without Sequence","43.05","",""
"05/01/2025 12:00:00 - 05/01/2025 12:15:00","BZN|FR","Without Sequence","45.74","",""
"05/01/2025 12:15:00 - 05/01/2025 12:30:00","BZN|FR","Without Sequence","45.74","",""
"05/01/2025 12:30:00 - 05/01/2025 12:45:00","BZN|FR","Without Sequence","45.74","",""
"05/01/2025 12:45:00 - 05/01/2025 13:00:00","BZN|FR","Without Sequence","45.74","",""
"05/01/2025 13:00:00 - 05/01/2025 13:15:00","BZN|FR","Without Sequence","35.19","",""
"05/01/2025 13:15:00 - 05/01/2025 13:30:00","BZN|FR","Without Sequence","35.19","",""
"05/01/2025 13:30:00 - 05/01/2025 13:45:00","BZN|FR","Without Sequence","35.19","",""
"05/01/2025 13:45:00 - 05/01/2025 14:00:00","BZN|FR","Without Sequence","35.19","",""
"05/01/2025 14:00:00 - 05/01/2025 14:15:00","BZN|FR","Without Sequence","30.00","",""
"05/01/2025 14:15:00 - 05/01/2025 14:30:00","BZN|FR","Without Sequence","30.00","",""
"05/01/2025 14:30:00 - 05/01/2025 14:45:00","BZN|FR","Without Sequence","30.00","",""
"05/01/2025 14:45:00 - 05/01/2025 15:00:00","BZN|FR","Without Sequence","30.00","",""
"05/01/2025 15:00:00 - 05/01/2025 15:15:00","BZN|FR","Without Sequence","28.00","",""
"05/01/2025 15:15:00 - 05/01/2025 15:30:00","BZN|FR","Without Sequence","28.00","",""
"05/01/2025 15:30:00 - 05/01/2025 15:45:00","BZN|FR","Without Sequence","28.00","",""
"05/01/2025 15:45:00 - 05/01/2025 16:00:00","BZN|FR","Without Sequence","28.00","",""
"05/01/2025 16:00:00 - 05/01/2025 16:15:00","BZN|FR","Without Sequence","35.22","",""
"05/01/2025 16:15:00 - 05/01/2025 16:30:00","BZN|FR","Without Sequence","35.22","",""
"05/01/2025 16:30:00 - 05/01/2025 16:45:00","BZN|FR","Without Sequence","35.22","",""
"05/01/2025 16:45:00 - 05/01/2025 17:00:00","BZN|FR","Without Sequence","35.22","",""
"05/01/2025 17:00:00 - 05/01/2025 17:15:00","BZN|FR","Without Sequence","57.72","",""
"05/01/2025 17:15:00 - 05/01/2025 17:30:00","BZN|FR","Without Sequence","57.72","",""
"05/01/2025 17:30:00 - 05/01/2025 17:45:00","BZN|FR","Without Sequence","57.72","",""
"05/01/2025 17:45:00 - 05/01/2025 18:00:00","BZN|FR","Without Sequence","57.72","",""
"05/01/2025 18:00:00 - 05/01/2025 18:15:00","BZN|FR","Without Sequence","64.81","",""
"05/01/2025 18:15:00 - 05/01/2025 18:30:00","BZN|FR","Without Sequence","64.81","",""
"05/01/2025 18:30:00 - 05/01/2025 18:45:00","BZN|FR","Without Sequence","64.81","",""
"05/01/2025 18:45:00 - 05/01/2025 19:00:00","BZN|FR","Without Sequence","64.81","",""
"05/01/2025 19:00:00 - 05/01/2025 19:15:00","BZN|FR","Without Sequence","59.06","",""
"05/01/2025 19:15:00 - 05/01/2025 19:30:00","BZN|FR","Without Sequence","59.06","",""
"05/01/2025 19:30:00 - 05/01/2025 19:45:00","BZN|FR","Without Sequence","59.06","",""
"05/01/2025 19:45:00 - 05/01/2025 20:00:00","BZN|FR","Without Sequence","59.06","",""
"05/01/2025 20:00:00 - 05/01/2025 20:15:00","BZN|FR","Without Sequence","50.97","",""
"05/01/2025 20:15:00 - 05/01/2025 20:30:00","BZN|FR","Without Sequence","50.97","",""
"05/01/2025 20:30:00 - 05/01/2025 20:45:00","BZN|FR","Without Sequence","50.97","",""
"05/01/2025 20:45:00 - 05/01/2025 21:00:00","BZN|FR","Without Sequence","50.97","",""
"05/01/2025 21:00:00 - 05/01/2025 21:15:00","BZN|FR","Without Sequence","48.89","",""
"05/01/2025 21:15:00 - 05/01/2025 21:30:00","BZN|FR","Without Sequence","48.89","",""
"05/01/2025 21:30:00 - 05/01/2025 21:45:00","BZN|FR","Without Sequence","48.89","",""
"05/01/2025 21:45:00 - 05/01/2025 22:00:00","BZN|FR","Without Sequence","48.89","",""
"05/01/2025 22:00:00 - 05/01/2025 22:15:00","BZN|FR","Without Sequence","38.22","",""
"05/01/2025 22:15:00 - 05/01/2025 22:30:00","BZN|FR","Without Sequence","38.22","",""
"05/01/2025 22:30:00 - 05/01/2025 22:45:00","BZN|FR","Without Sequence","38.22","",""
"05/01/2025 22:45:00 - 05/01/2025 23:00:00","BZN|FR","Without Sequence","38.22","",""
"05/01/2025 23:00:00 - 05/01/2025 23:15:00","BZN|FR","Without Sequence","20.55","",""
"05/01/2025 23:15:00 - 05/01/2025 23:30:00","BZN|FR","Without Sequence","20.55","",""
"05/01/2025 23:30:00 - 05/01/2025 23:45:00","BZN|FR","Without Sequence","20.55","",""
"05/01/2025 23:45:00 - 06/01/2025 00:00:00","BZN|FR","Without Sequence","20.55","",""
"06/01/2025 00:00:00 - 06/01/2025 00:15:00","BZN|FR","Without Sequence","13.28","",""
"06/01/2025 00:15:00 - 06/01/2025 00:30:00","BZN|FR","Without Sequence","13.28","",""
"06/01/2025 00:30:00 - 06/01/2025 00:45:00","BZN|FR","Without Sequence","13.28","",""
"06/01/2025 00:45:00 - 06/01/2025 01:00:00","BZN|FR","Without Sequence","13.28","",""
"06/01/2025 01:00:00 - 06/01/2025 01:15:00","BZN|FR","Without Sequence","8.35","",""
"06/01/2025 01:15:00 - 06/01/2025 01:30:00","BZN|FR","Without Sequence","8.35","",""
"06/01/2025 01:30:00 - 06/01/2025 01:45:00","BZN|FR","Without Sequence","8.35","",""
"06/01/2025 01:45:00 - 06/01/2025 02:00:00","BZN|FR","Without Sequence","8.35","",""
"06/01/2025 02:00:00 - 06/01/2025 02:15:00","BZN|FR","Without Sequence","5.23","",""
"06/01/2025 02:15:00 - 06/01/2025 02:30:00","BZN|FR","Without Sequence","5.23","",""
"06/01/2025 02:30:00 - 06/01/2025 02:45:00","BZN|FR","Without Sequence","5.23","",""
"06/01/2025 02:45:00 - 06/01/2025 03:00:00","BZN|FR","Without Sequence","5.23","",""
"06/01/2025 03:00:00 - 06/01/2025 03:15:00","BZN|FR","Without Sequence","3.52","",""
"06/01/2025 03:15:00 - 06/01/2025 03:30:00","BZN|FR","Without Sequence","3.52","",""
"06/01/2025 03:30:00 - 06/01/2025 03:45:00","BZN|FR","Without Sequence","3.52","",""
"06/01/2025 03:45:00 - 06/01/2025 04:00:00","BZN|FR","Without Sequence","3.52","",""
"06/01/2025 04:00:00 - 06/01/2025 04:15:00","BZN|FR","Without Sequence","3.52","",""
"06/01/2025 04:15:00 - 06/01/2025 04:30:00","BZN|FR","Without Sequence","3.52","",""
"06/01/2025 04:30:00 - 06/01/2025 04:45:00","BZN|FR","Without Sequence","3.52","",""
"06/01/2025 04:45:00 - 06/01/2025 05:00:00","BZN|FR","Without Sequence","3.52","",""
"06/01/2025 05:00:00 - 06/01/2025 05:15:00","BZN|FR","Without Sequence","5.61","",""
"06/01/2025 05:15:00 - 06/01/2025 05:30:00","BZN|FR","Without Sequence","5.61","",""
"06/01/2025 05:30:00 - 06/01/2025 05:45:00","BZN|FR","Without Sequence","5.61","",""
"06/01/2025 05:45:00 - 06/01/2025 06:00:00","BZN|FR","Without Sequence","5.61","",""
"06/01/2025 06:00:00 - 06/01/2025 06:15:00","BZN|FR","Without Sequence","11.27","",""
"06/01/2025 06:15:00 - 06/01/2025 06:30:00","BZN|FR","Without Sequence","11.27","",""
"06/01/2025 06:30:00 - 06/01/2025 06:45:00","BZN|FR","Without Sequence","11.27","",""
"06/01/2025 06:45:00 - 06/01/2025 07:00:00","BZN|FR","Without Sequence","11.27","",""
"06/01/2025 07:00:00 - 06/01/2025 07:15:00","BZN|FR","Without Sequence","37.00","",""
"06/01/2025 07:15:00 - 06/01/2025 07:30:00","BZN|FR","Without Sequence","37.00","",""
"06/01/2025 07:30:00 - 06/01/2025 07:45:00","BZN|FR","Without Sequence","37.00","",""
"06/01/2025 07:45:00 - 06/01/2025 08:00:00","BZN|FR","Without Sequence","37.00","",""
"06/01/2025 08:00:00 - 06/01/2025 08:15:00","BZN|FR","Without Sequence","58.15","",""
"06/01/2025 08:15:00 - 06/01/2025 08:30:00","BZN|FR","Without Sequence","58.15","",""
"06/01/2025 08:30:00 - 06/01/2025 08:45:00","BZN|FR","Without Sequence","58.15","",""
"06/01/2025 08:45:00 - 06/01/2025 09:00:00","BZN|FR","Without Sequence","58.15","",""
"06/01/2025 09:00:00 - 06/01/2025 09:15:00","BZN|FR","Without Sequence","51.15","",""
"06/01/2025 09:15:00 - 06/01/2025 09:30:00","BZN|FR","Without Sequence","51.15","",""
"06/01/2025 09:30:00 - 06/01/2025 09:45:00","BZN|FR","Without Sequence","51.15","",""
"06/01/2025 09:45:00 - 06/01/2025 10:00:00","BZN|FR","Without Sequence","51.15","",""
"06/01/2025 10:00:00 - 06/01/2025 10:15:00","BZN|FR","Without Sequence","40.81","",""
"06/01/2025 10:15:00 - 06/01/2025 10:30:00","BZN|FR","Without Sequence","40.81","",""
"06/01/2025 10:30:00 - 06/01/2025 10:45:00","BZN|FR","Without Sequence","40.81","",""
"06/01/2025 10:45:00 - 06/01/2025 11:00:00","BZN|FR","Without Sequence","40.81","",""
"06/01/2025 11:00:00 - 06/01/2025 11:15:00","BZN|FR","Without Sequence","32.83","",""
"06/01/2025 11:15:00 - 06/01/2025 11:30:00","BZN|FR","Without Sequence","32.83","",""
"06/01/2025 11:30:00 - 06/01/2025 11:45:00","BZN|FR","Without Sequence","32.83","",""
"06/01/2025 11:45:00 - 06/01/2025 12:00:00","BZN|FR","Without Sequence","32.83","",""
"06/01/2025 12:00:00 - 06/01/2025 12:15:00","BZN|FR","Without Sequence","31.28","",""
"06/01/2025 12:15:00 - 06/01/2025 12:30:00","BZN|FR","Without Sequence","31.28","",""
"06/01/2025 12:30:00 - 06/01/2025 12:45:00","BZN|FR","Without Sequence","31.28","",""
"06/01/2025 12:45:00 - 06/01/2025 13:00:00","BZN|FR","Without Sequence","31.28","",""
"06/01/2025 13:00:00 - 06/01/2025 13:15:00","BZN|FR","Without Sequence","28.60","",""
"06/01/2025 13:15:00 - 06/01/2025 13:30:00","BZN|FR","Without Sequence","28.60","",""
"06/01/2025 13:30:00 - 06/01/2025 13:45:00","BZN|FR","Without Sequence","28.60","",""
"06/01/2025 13:45:00 - 06/01/2025 14:00:00","BZN|FR","Without Sequence","28.60","",""
"06/01/2025 14:00:00 - 06/01/2025 14:15:00","BZN|FR","Without Sequence","26.95","",""
"06/01/2025 14:15:00 - 06/01/2025 14:30:00","BZN|FR","Without Sequence","26.95","",""
"06/01/2025 14:30:00 - 06/01/2025 14:45:00","BZN|FR","Without Sequence","26.95","",""
"06/01/2025 14:45:00 - 06/01/2025 15:00:00","BZN|FR","Without Sequence","26.95","",""
"06/01/2025 15:00:00 - 06/01/2025 15:15:00","BZN|FR","Without Sequence","26.32","",""
"06/01/2025 15:15:00 - 06/01/2025 15:30:00","BZN|FR","Without Sequence","26.32","",""
"06/01/2025 15:30:00 - 06/01/2025 15:45:00","BZN|FR","Without Sequence","26.32","",""
"06/01/2025 15:45:00 - 06/01/2025 16:00:00","BZN|FR","Without Sequence","26.32","",""
"06/01/2025 16:00:00 - 06/01/2025 16:15:00","BZN|FR","Without Sequence","38.49","",""
"06/01/2025 16:15:00 - 06/01/2025 16:30:00","BZN|FR","Without Sequence","38.49","",""
"06/01/2025 16:30:00 - 06/01/2025 16:45:00","BZN|FR","Without Sequence","38.49","",""
"06/01/2025 16:45:00 - 06/01/2025 17:00:00","BZN|FR","Without Sequence","38.49","",""
"06/01/2025 17:00:00 - 06/01/2025 17:15:00","BZN|FR","Without Sequence","67.50","",""
"06/01/2025 17:15:00 - 06/01/2025 17:30:00","BZN|FR","Without Sequence","67.50","",""
"06/01/2025 17:30:00 - 06/01/2025 17:45:00","BZN|FR","Without Sequence","67.50","",""
"06/01/2025 17:45:00 - 06/01/2025 18:00:00","BZN|FR","Without Sequence","67.50","",""
"06/01/2025 18:00:00 - 06/01/2025 18:15:00","BZN|FR","Without Sequence","88.34","",""
"06/01/2025 18:15:00 - 06/01/2025 18:30:00","BZN|FR","Without Sequence","88.34","",""
"06/01/2025 18:30:00 - 06/01/2025 18:45:00","BZN|FR","Without Sequence","88.34","",""
"06/01/2025 18:45:00 - 06/01/2025 19:00:00","BZN|FR","Without Sequence","88.34","",""
"06/01/2025 19:00:00 - 06/01/2025 19:15:00","BZN|FR","Without Sequence","79.66","",""
"06/01/2025 19:15:00 - 06/01/2025 19:30:00","BZN|FR","Without Sequence","79.66","",""
"06/01/2025 19:30:00 - 06/01/2025 19:45:00","BZN|FR","Without Sequence","79.66","",""
"06/01/2025 19:45:00 - 06/01/2025 20:00:00","BZN|FR","Without Sequence","79.66","",""
"06/01/2025 20:00:00 - 06/01/2025 20:15:00","BZN|FR","Without Sequence","67.18","",""
"06/01/2025 20:15:00 - 06/01/2025 20:30:00","BZN|FR","Without Sequence","67.18","",""
"06/01/2025 20:30:00 - 06/01/2025 20:45:00","BZN|FR","Without Sequence","67.18","",""
"06/01/2025 20:45:00 - 06/01/2025 21:00:00","BZN|FR","Without Sequence","67.18","",""
"06/01/2025 21:00:00 - 06/01/2025 21:15:00","BZN|FR","Without Sequence","48.79","",""
"06/01/2025 21:15:00 - 06/01/2025 21:30:00","BZN|FR","Without Sequence","48.79","",""
"06/01/2025 21:30:00 - 06/01/2025 21:45:00","BZN|FR","Without Sequence","48.79","",""
"06/01/2025 21:45:00 - 06/01/2025 22:00:00","BZN|FR","Without Sequence","48.79","",""
"06/01/2025 22:00:00 - 06/01/2025 22:15:00","BZN|FR","Without Sequence","48.02","",""
"06/01/2025 22:15:00 - 06/01/2025 22:30:00","BZN|FR","Without Sequence","48.02","",""
"06/01/2025 22:30:00 - 06/01/2025 22:45:00","BZN|FR","Without Sequence","48.02","",""
"06/01/2025 22:45:00 - 06/01/2025 23:00:00","BZN|FR","Without Sequence","48.02","",""
"06/01/2025 23:00:00 - 06/01/2025 23:15:00","BZN|FR","Without Sequence","28.80","",""
"06/01/2025 23:15:00 - 06/01/2025 23:30:00","BZN|FR","Without Sequence","28.80","",""
"06/01/2025 23:30:00 - 06/01/2025 23:45:00","BZN|FR","Without Sequence","28.80","",""
"06/01/2025 23:45:00 - 07/01/2025 00:00:00","BZN|FR","Without Sequence","28.80","",""
"07/01/2025 00:00:00 - 07/01/2025 00:15:00","BZN|FR","Without Sequence","20.88","",""
"07/01/2025 00:15:00 - 07/01/2025 00:30:00","BZN|FR","Without Sequence","20.88","",""
"07/01/2025 00:30:00 - 07/01/2025 00:45:00","BZN|FR","Without Sequence","20.88","",""
"07/01/2025 00:45:00 - 07/01/2025 01:00:00","BZN|FR","Without Sequence","20.88","",""
"07/01/2025 01:00:00 - 07/01/2025 01:15:00","BZN|FR","Without Sequence","6.66","",""
"07/01/2025 01:15:00 - 07/01/2025 01:30:00","BZN|FR","Without Sequence","6.66","",""
"07/01/2025 01:30:00 - 07/01/2025 01:45:00","BZN|FR","Without Sequence","6.66","",""
"07/01/2025 01:45:00 - 07/01/2025 02:00:00","BZN|FR","Without Sequence","6.66","",""
"07/01/2025 02:00:00 - 07/01/2025 02:15:00","BZN|FR","Without Sequence","12.54","",""
"07/01/2025 02:15:00 - 07/01/2025 02:30:00","BZN|FR","Without Sequence","12.54","",""
"07/01/2025 02:30:00 - 07/01/2025 02:45:00","BZN|FR","Without Sequence","12.54","",""
"07/01/2025 02:45:00 - 07/01/2025 03:00:00","BZN|FR","Without Sequence","12.54","",""
"07/01/2025 03:00:00 - 07/01/2025 03:15:00","BZN|FR","Without Sequence","5.59","",""
"07/01/2025 03:15:00 - 07/01/2025 03:30:00","BZN|FR","Without Sequence","5.59","",""
"07/01/2025 03:30:00 - 07/01/2025 03:45:00","BZN|FR","Without Sequence","5.59","",""
"07/01/2025 03:45:00 - 07/01/2025 04:00:00","BZN|FR","Without Sequence","5.59","",""
"07/01/2025 04:00:00 - 07/01/2025 04:15:00","BZN|FR","Without Sequence","0.40","",""
"07/01/2025 04:15:00 - 07/01/2025 04:30:00","BZN|FR","Without Sequence","0.40","",""
"07/01/2025 04:30:00 - 07/01/2025 04:45:00","BZN|FR","Without Sequence","0.40","",""
"07/01/2025 04:45:00 - 07/01/2025 05:00:00","BZN|FR","Without Sequence","0.40","",""
"07/01/2025 05:00:00 - 07/01/2025 05:15:00","BZN|FR","Without Sequence","12.49","",""
"07/01/2025 05:15:00 - 07/01/2025 05:30:00","BZN|FR","Without Sequence","12.49","",""
"07/01/2025 05:30:00 - 07/01/2025 05:45:00","BZN|FR","Without Sequence","12.49","",""
"07/01/2025 05:45:00 - 07/01/2025 06:00:00","BZN|FR","Without Sequence","12.49","",""
"07/01/2025 06:00:00 - 07/01/2025 06:15:00","BZN|FR","Without Sequence","60.01","",""
"07/01/2025 06:15:00 - 07/01/2025 06:30:00","BZN|FR","Without Sequence","60.01","",""
"07/01/2025 06:30:00 - 07/01/2025 06:45:00","BZN|FR","Without Sequence","60.01","",""
"07/01/2025 06:45:00 - 07/01/2025 07:00:00","BZN|FR","Without Sequence","60.01","",""
"07/01/2025 07:00:00 - 07/01/2025 07:15:00","BZN|FR","Without Sequence","97.56","",""
"07/01/2025 07:15:00 - 07/01/2025 07:30:00","BZN|FR","Without Sequence","97.56","",""
"07/01/2025 07:30:00 - 07/01/2025 07:45:00","BZN|FR","Without Sequence","97.56","",""
"07/01/2025 07:45:00 - 07/01/2025 08:00:00","BZN|FR","Without Sequence","97.56","",""
"07/01/2025 08:00:00 - 07/01/2025 08:15:00","BZN|FR","Without Sequence","115.00","",""
"07/01/2025 08:15:00 - 07/01/2025 08:30:00","BZN|FR","Without Sequence","115.00","",""
"07/01/2025 08:30:00 - 07/01/2025 08:45:00","BZN|FR","Without Sequence","115.00","",""
"07/01/2025 08:45:00 - 07/01/2025 09:00:00","BZN|FR","Without Sequence","115.00","",""
"07/01/2025 09:00:00 - 07/01/2025 09:15:00","BZN|FR","Without Sequence","105.18","",""
"07/01/2025 09:15:00 - 07/01/2025 09:30:00","BZN|FR","Without Sequence","105.18","",""
"07/01/2025 09:30:00 - 07/01/2025 09:45:00","BZN|FR","Without Sequence","105.18","",""
"07/01/2025 09:45:00 - 07/01/2025 10:00:00","BZN|FR","Without Sequence","105.18","",""
"07/01/2025 10:00:00 - 07/01/2025 10:15:00","BZN|FR","Without Sequence","93.49","",""
"07/01/2025 10:15:00 - 07/01/2025 10:30:00","BZN|FR","Without Sequence","93.49","",""
"07/01/2025 10:30:00 - 07/01/2025 10:45:00","BZN|FR","Without Sequence","93.49","",""
"07/01/2025 10:45:00 - 07/01/2025 11:00:00","BZN|FR","Without Sequence","93.49","",""
"07/01/2025 11:00:00 - 07/01/2025 11:15:00","BZN|FR","Without Sequence","74.93","",""
"07/01/2025 11:15:00 - 07/01/2025 11:30:00","BZN|FR","Without Sequence","74.93","",""
"07/01/2025 11:30:00 - 07/01/2025 11:45:00","BZN|FR","Without Sequence","74.93","",""
"07/01/2025 11:45:00 - 07/01/2025 12:00:00","BZN|FR","Without Sequence","74.93","",""
"07/01/2025 12:00:00 - 07/01/2025 12:15:00","BZN|FR","Without Sequence","71.25","",""
"07/01/2025 12:15:00 - 07/01/2025 12:30:00","BZN|FR","Without Sequence","71.25","",""
"07/01/2025 12:30:00 - 07/01/2025 12:45:00","BZN|FR","Without Sequence","71.25","",""
"07/01/2025 12:45:00 - 07/01/2025 13:00:00","BZN|FR","Without Sequence","71.25","",""
"07/01/2025 13:00:00 - 07/01/2025 13:15:00","BZN|FR","Without Sequence","73.12","",""
"07/01/2025 13:15:00 - 07/01/2025 13:30:00","BZN|FR","Without Sequence","73.12","",""
"07/01/2025 13:30:00 - 07/01/2025 13:45:00","BZN|FR","Without Sequence","73.12","",""
"07/01/2025 13:45:00 - 07/01/2025 14:00:00","BZN|FR","Without Sequence","73.12","",""
"07/01/2025 14:00:00 - 07/01/2025 14:15:00","BZN|FR","Without Sequence","79.76","",""
"07/01/2025 14:15:00 - 07/01/2025 14:30:00","BZN|FR","Without Sequence","79.76","",""
"07/01/2025 14:30:00 - 07/01/2025 14:45:00","BZN|FR","Without Sequence","79.76","",""
"07/01/2025 14:45:00 - 07/01/2025 15:00:00","BZN|FR","Without Sequence","79.76","",""
"07/01/2025 15:00:00 - 07/01/2025 15:15:00","BZN|FR","Without Sequence","85.00","",""
"07/01/2025 15:15:00 - 07/01/2025 15:30:00","BZN|FR","Without Sequence","85.00","",""
"07/01/2025 15:30:00 - 07/01/2025 15:45:00","BZN|FR","Without Sequence","85.00","",""
"07/01/2025 15:45:00 - 07/01/2025 16:00:00","BZN|FR","Without Sequence","85.00","",""
"07/01/2025 16:00:00 - 07/01/2025 16:15:00","BZN|FR","Without Sequence","100.64","",""
"07/01/2025 16:15:00 - 07/01/2025 16:30:00","BZN|FR","Without Sequence","100.64","",""
"07/01/2025 16:30:00 - 07/01/2025 16:45:00","BZN|FR","Without Sequence","100.64","",""
"07/01/2025 16:45:00 - 07/01/2025 17:00:00","BZN|FR","Without Sequence","100.64","",""
"07/01/2025 17:00:00 - 07/01/2025 17:15:00","BZN|FR","Without Sequence","118.34","",""
"07/01/2025 17:15:00 - 07/01/2025 17:30:00","BZN|FR","Without Sequence","118.34","",""
"07/01/2025 17:30:00 - 07/01/2025 17:45:00","BZN|FR","Without Sequence","118.34","",""
"07/01/2025 17:45:00 - 07/01/2025 18:00:00","BZN|FR","Without Sequence","118.34","",""
"07/01/2025 18:00:00 - 07/01/2025 18:15:00","BZN|FR","Without Sequence","128.87","",""
"07/01/2025 18:15:00 - 07/01/2025 18:30:00","BZN|FR","Without Sequence","128.87","",""
"07/01/2025 18:30:00 - 07/01/2025 18:45:00","BZN|FR","Without Sequence","128.87","",""
"07/01/2025 18:45:00 - 07/01/2025 19:00:00","BZN|FR","Without Sequence","128.87","",""
"07/01/2025 19:00:00 - 07/01/2025 19:15:00","BZN|FR","Without Sequence","125.00","",""
"07/01/2025 19:15:00 - 07/01/2025 19:30:00","BZN|FR","Without Sequence","125.00","",""
"07/01/2025 19:30:00 - 07/01/2025 19:45:00","BZN|FR","Without Sequence","125.00","",""
"07/01/2025 19:45:00 - 07/01/2025 20:00:00","BZN|FR","Without Sequence","125.00","",""
"07/01/2025 20:00:00 - 07/01/2025 20:15:00","BZN|FR","Without Sequence","107.24","",""
"07/01/2025 20:15:00 - 07/01/2025 20:30:00","BZN|FR","Without Sequence","107.24","",""
"07/01/2025 20:30:00 - 07/01/2025 20:45:00","BZN|FR","Without Sequence","107.24","",""
"07/01/2025 20:45:00 - 07/01/2025 21:00:00","BZN|FR","Without Sequence","107.24","",""
"07/01/2025 21:00:00 - 07/01/2025 21:15:00","BZN|FR","Without Sequence","100.55","",""
"07/01/2025 21:15:00 - 07/01/2025 21:30:00","BZN|FR","Without Sequence","100.55","",""
"07/01/2025 21:30:00 - 07/01/2025 21:45:00","BZN|FR","Without Sequence","100.55","",""
"07/01/2025 21:45:00 - 07/01/2025 22:00:00","BZN|FR","Without Sequence","100.55","",""
"07/01/2025 22:00:00 - 07/01/2025 22:15:00","BZN|FR","Without Sequence","98.53","",""
"07/01/2025 22:15:00 - 07/01/2025 22:30:00","BZN|FR","Without Sequence","98.53","",""
"07/01/2025 22:30:00 - 07/01/2025 22:45:00","BZN|FR","Without Sequence","98.53","",""
"07/01/2025 22:45:00 - 07/01/2025 23:00:00","BZN|FR","Without Sequence","98.53","",""
"07/01/2025 23:00:00 - 07/01/2025 23:15:00","BZN|FR","Without Sequence","89.27","",""
"07/01/2025 23:15:00 - 07/01/2025 23:30:00","BZN|FR","Without Sequence","89.27","",""
"07/01/2025 23:30:00 - 07/01/2025 23:45:00","BZN|FR","Without Sequence","89.27","",""
"07/01/2025 23:45:00 - 08/01/2025 00:00:00","BZN|FR","Without Sequence","89.27","",""
"08/01/2025 00:00:00 - 08/01/2025 00:15:00","BZN|FR","Without Sequence","74.23","",""
"08/01/2025 00:15:00 - 08/01/2025 00:30:00","BZN|FR","Without Sequence","74.23","",""
"08/01/2025 00:30:00 - 08/01/2025 00:45:00","BZN|FR","Without Sequence","74.23","",""
"08/01/2025 00:45:00 - 08/01/2025 01:00:00","BZN|FR","Without Sequence","74.23","",""
"08/01/2025 01:00:00 - 08/01/2025 01:15:00","BZN|FR","Without Sequence","69.50","",""
"08/01/2025 01:15:00 - 08/01/2025 01:30:00","BZN|FR","Without Sequence","69.50","",""
"08/01/2025 01:30:00 - 08/01/2025 01:45:00","BZN|FR","Without Sequence","69.50","",""
"08/01/2025 01:45:00 - 08/01/2025 02:00:00","BZN|FR","Without Sequence","69.50","",""
"08/01/2025 02:00:00 - 08/01/2025 02:15:00","BZN|FR","Without Sequence","59.97","",""
"08/01/2025 02:15:00 - 08/01/2025 02:30:00","BZN|FR","Without Sequence","59.97","",""
"08/01/2025 02:30:00 - 08/01/2025 02:45:00","BZN|FR","Without Sequence","59.97","",""
"08/01/2025 02:45:00 - 08/01/2025 03:00:00","BZN|FR","Without Sequence","59.97","",""
"08/01/2025 03:00:00 - 08/01/2025 03:15:00","BZN|FR","Without Sequence","53.00","",""
"08/01/2025 03:15:00 - 08/01/2025 03:30:00","BZN|FR","Without Sequence","53.00","",""
"08/01/2025 03:30:00 - 08/01/2025 03:45:00","BZN|FR","Without Sequence","53.00","",""
"08/01/2025 03:45:00 - 08/01/2025 04:00:00","BZN|FR","Without Sequence","53.00","",""
"08/01/2025 04:00:00 - 08/01/2025 04:15:00","BZN|FR","Without Sequence","59.52","",""
"08/01/2025 04:15:00 - 08/01/2025 04:30:00","BZN|FR","Without Sequence","59.52","",""
"08/01/2025 04:30:00 - 08/01/2025 04:45:00","BZN|FR","Without Sequence","59.52","",""
"08/01/2025 04:45:00 - 08/01/2025 05:00:00","BZN|FR","Without Sequence","59.52","",""
"08/01/2025 05:00:00 - 08/01/2025 05:15:00","BZN|FR","Without Sequence","70.20","",""
"08/01/2025 05:15:00 - 08/01/2025 05:30:00","BZN|FR","Without Sequence","70.20","",""
"08/01/2025 05:30:00 - 08/01/2025 05:45:00","BZN|FR","Without Sequence","70.20","",""
"08/01/2025 05:45:00 - 08/01/2025 06:00:00","BZN|FR","Without Sequence","70.20","",""
"08/01/2025 06:00:00 - 08/01/2025 06:15:00","BZN|FR","Without Sequence","97.41","",""
"08/01/2025 06:15:00 - 08/01/2025 06:30:00","BZN|FR","Without Sequence","97.41","",""
"08/01/2025 06:30:00 - 08/01/2025 06:45:00","BZN|FR","Without Sequence","97.41","",""
"08/01/2025 06:45:00 - 08/01/2025 07:00:00","BZN|FR","Without Sequence","97.41","",""
"08/01/2025 07:00:00 - 08/01/2025 07:15:00","BZN|FR","Without Sequence","124.39","",""
"08/01/2025 07:15:00 - 08/01/2025 07:30:00","BZN|FR","Without Sequence","124.39","",""
"08/01/2025 07:30:00 - 08/01/2025 07:45:00","BZN|FR","Without Sequence","124.39","",""
"08/01/2025 07:45:00 - 08/01/2025 08:00:00","BZN|FR","Without Sequence","124.39","",""
"08/01/2025 08:00:00 - 08/01/2025 08:15:00","BZN|FR","Without Sequence","135.01","",""
"08/01/2025 08:15:00 - 08/01/2025 08:30:00","BZN|FR","Without Sequence","135.01","",""
"08/01/2025 08:30:00 - 08/01/2025 08:45:00","BZN|FR","Without Sequence","135.01","",""
"08/01/2025 08:45:00 - 08/01/2025 09:00:00","BZN|FR","Without Sequence","135.01","",""
"08/01/2025 09:00:00 - 08/01/2025 09:15:00","BZN|FR","Without Sequence","131.32","",""
"08/01/2025 09:15:00 - 08/01/2025 09:30:00","BZN|FR","Without Sequence","131.32","",""
"08/01/2025 09:30:00 - 08/01/2025 09:45:00","BZN|FR","Without Sequence","131.32","",""
"08/01/2025 09:45:00 - 08/01/2025 10:00:00","BZN|FR","Without Sequence","131.32","",""
"08/01/2025 10:00:00 - 08/01/2025 10:15:00","BZN|FR","Without Sequence","125.04","",""
"08/01/2025 10:15:00 - 08/01/2025 10:30:00","BZN|FR","Without Sequence","125.04","",""
"08/01/2025 10:30:00 - 08/01/2025 10:45:00","BZN|FR","Without Sequence","125.04","",""
"08/01/2025 10:45:00 - 08/01/2025 11:00:00","BZN|FR","Without Sequence","125.04","",""
"08/01/2025 11:00:00 - 08/01/2025 11:15:00","BZN|FR","Without Sequence","104.46","",""
"08/01/2025 11:15:00 - 08/01/2025 11:30:00","BZN|FR","Without Sequence","104.46","",""
"08/01/2025 11:30:00 - 08/01/2025 11:45:00","BZN|FR","Without Sequence","104.46","",""
"08/01/2025 11:45:00 - 08/01/2025 12:00:00","BZN|FR","Without Sequence","104.46","",""
"08/01/2025 12:00:00 - 08/01/2025 12:15:00","BZN|FR","Without Sequence","97.57","",""
"08/01/2025 12:15:00 - 08/01/2025 12:30:00","BZN|FR","Without Sequence","97.57","",""
"08/01/2025 12:30:00 - 08/01/2025 12:45:00","BZN|FR","Without Sequence","97.57","",""
"08/01/2025 12:45:00 - 08/01/2025 13:00:00","BZN|FR","Without Sequence","97.57","",""
"08/01/2025 13:00:00 - 08/01/2025 13:15:00","BZN|FR","Without Sequence","100.21","",""
"08/01/2025 13:15:00 - 08/01/2025 13:30:00","BZN|FR","Without Sequence","100.21","",""
"08/01/2025 13:30:00 - 08/01/2025 13:45:00","BZN|FR","Without Sequence","100.21","",""
"08/01/2025 13:45:00 - 08/01/2025 14:00:00","BZN|FR","Without Sequence","100.21","",""
"08/01/2025 14:00:00 - 08/01/2025 14:15:00","BZN|FR","Without Sequence","110.19","",""
"08/01/2025 14:15:00 - 08/01/2025 14:30:00","BZN|FR","Without Sequence","110.19","",""
"08/01/2025 14:30:00 - 08/01/2025 14:45:00","BZN|FR","Without Sequence","110.19","",""
"08/01/2025 14:45:00 - 08/01/2025 15:00:00","BZN|FR","Without Sequence","110.19","",""
"08/01/2025 15:00:00 - 08/01/2025 15:15:00","BZN|FR","Without Sequence","126.62","",""
"08/01/2025 15:15:00 - 08/01/2025 15:30:00","BZN|FR","Without Sequence","126.62","",""
"08/01/2025 15:30:00 - 08/01/2025 15:45:00","BZN|FR","Without Sequence","126.62","",""
"08/01/2025 15:45:00 - 08/01/2025 16:00:00","BZN|FR","Without Sequence","126.62","",""
"08/01/2025 16:00:00 - 08/01/2025 16:15:00","BZN|FR","Without Sequence","124.05","",""
"08/01/2025 16:15:00 - 08/01/2025 16:30:00","BZN|FR","Without Sequence","124.05","",""
"08/01/2025 16:30:00 - 08/01/2025 16:45:00","BZN|FR","Without Sequence","124.05","",""
"08/01/2025 16:45:00 - 08/01/2025 17:00:00","BZN|FR","Without Sequence","124.05","",""
"08/01/2025 17:00:00 - 08/01/2025 17:15:00","BZN|FR","Without Sequence","124.58","",""
"08/01/2025 17:15:00 - 08/01/2025 17:30:00","BZN|FR","Without Sequence","124.58","",""
"08/01/2025 17:30:00 - 08/01/2025 17:45:00","BZN|FR","Without Sequence","124.58","",""
"08/01/2025 17:45:00 - 08/01/2025 18:00:00","BZN|FR","Without Sequence","124.58","",""
"08/01/2025 18:00:00 - 08/01/2025 18:15:00","BZN|FR","Without Sequence","137.58","",""
"08/01/2025 18:15:00 - 08/01/2025 18:30:00","BZN|FR","Without Sequence","137.58","",""
"08/01/2025 18:30:00 - 08/01/2025 18:45:00","BZN|FR","Without Sequence","137.58","",""
"08/01/2025 18:45:00 - 08/01/2025 19:00:00","BZN|FR","Without Sequence","137.58","",""
"08/01/2025 19:00:00 - 08/01/2025 19:15:00","BZN|FR","Without Sequence","131.00","",""
"08/01/2025 19:15:00 - 08/01/2025 19:30:00","BZN|FR","Without Sequence","131.00","",""
"08/01/2025 19:30:00 - 08/01/2025 19:45:00","BZN|FR","Without Sequence","131.00","",""
"08/01/2025 19:45:00 - 08/01/2025 20:00:00","BZN|FR","Without Sequence","131.00","",""
"08/01/2025 20:00:00 - 08/01/2025 20:15:00","BZN|FR","Without Sequence","124.81","",""
"08/01/2025 20:15:00 - 08/01/2025 20:30:00","BZN|FR","Without Sequence","124.81","",""
"08/01/2025 20:30:00 - 08/01/2025 20:45:00","BZN|FR","Without Sequence","124.81","",""
"08/01/2025 20:45:00 - 08/01/2025 21:00:00","BZN|FR","Without Sequence","124.81","",""
"08/01/2025 21:00:00 - 08/01/2025 21:15:00","BZN|FR","Without Sequence","112.66","",""
"08/01/2025 21:15:00 - 08/01/2025 21:30:00","BZN|FR","Without Sequence","112.66","",""
"08/01/2025 21:30:00 - 08/01/2025 21:45:00","BZN|FR","Without Sequence","112.66","",""
"08/01/2025 21:45:00 - 08/01/2025 22:00:00","BZN|FR","Without Sequence","112.66","",""
"08/01/2025 22:00:00 - 08/01/2025 22:15:00","BZN|FR","Without Sequence","111.90","",""
"08/01/2025 22:15:00 - 08/01/2025 22:30:00","BZN|FR","Without Sequence","111.90","",""
"08/01/2025 22:30:00 - 08/01/2025 22:45:00","BZN|FR","Without Sequence","111.90","",""
"08/01/2025 22:45:00 - 08/01/2025 23:00:00","BZN|FR","Without Sequence","111.90","",""
"08/01/2025 23:00:00 - 08/01/2025 23:15:00","BZN|FR","Without Sequence","98.77","",""
"08/01/2025 23:15:00 - 08/01/2025 23:30:00","BZN|FR","Without Sequence","98.77","",""
"08/01/2025 23:30:00 - 08/01/2025 23:45:00","BZN|FR","Without Sequence","98.77","",""
"08/01/2025 23:45:00 - 09/01/2025 00:00:00","BZN|FR","Without Sequence","98.77","",""
"09/01/2025 00:00:00 - 09/01/2025 00:15:00","BZN|FR","Without Sequence","60.38","",""
"09/01/2025 00:15:00 - 09/01/2025 00:30:00","BZN|FR","Without Sequence","60.38","",""
"09/01/2025 00:30:00 - 09/01/2025 00:45:00","BZN|FR","Without Sequence","60.38","",""
"09/01/2025 00:45:00 - 09/01/2025 01:00:00","BZN|FR","Without Sequence","60.38","",""
"09/01/2025 01:00:00 - 09/01/2025 01:15:00","BZN|FR","Without Sequence","49.90","",""
"09/01/2025 01:15:00 - 09/01/2025 01:30:00","BZN|FR","Without Sequence","49.90","",""
"09/01/2025 01:30:00 - 09/01/2025 01:45:00","BZN|FR","Without Sequence","49.90","",""
"09/01/2025 01:45:00 - 09/01/2025 02:00:00","BZN|FR","Without Sequence","49.90","",""
"09/01/2025 02:00:00 - 09/01/2025 02:15:00","BZN|FR","Without Sequence","51.86","",""
"09/01/2025 02:15:00 - 09/01/2025 02:30:00","BZN|FR","Without Sequence","51.86","",""
"09/01/2025 02:30:00 - 09/01/2025 02:45:00","BZN|FR","Without Sequence","51.86","",""
"09/01/2025 02:45:00 - 09/01/2025 03:00:00","BZN|FR","Without Sequence","51.86","",""
"09/01/2025 03:00:00 - 09/01/2025 03:15:00","BZN|FR","Without Sequence","25.61","",""
"09/01/2025 03:15:00 - 09/01/2025 03:30:00","BZN|FR","Without Sequence","25.61","",""
"09/01/2025 03:30:00 - 09/01/2025 03:45:00","BZN|FR","Without Sequence","25.61","",""
"09/01/2025 03:45:00 - 09/01/2025 04:00:00","BZN|FR","Without Sequence","25.61","",""
"09/01/2025 04:00:00 - 09/01/2025 04:15:00","BZN|FR","Without Sequence","13.01","",""
"09/01/2025 04:15:00 - 09/01/2025 04:30:00","BZN|FR","Without Sequence","13.01","",""
"09/01/2025 04:30:00 - 09/01/2025 04:45:00","BZN|FR","Without Sequence","13.01","",""
"09/01/2025 04:45:00 - 09/01/2025 05:00:00","BZN|FR","Without Sequence","13.01","",""
"09/01/2025 05:00:00 - 09/01/2025 05:15:00","BZN|FR","Without Sequence","30.29","",""
"09/01/2025 05:15:00 - 09/01/2025 05:30:00","BZN|FR","Without Sequence","30.29","",""
"09/01/2025 05:30:00 - 09/01/2025 05:45:00","BZN|FR","Without Sequence","30.29","",""
"09/01/2025 05:45:00 - 09/01/2025 06:00:00","BZN|FR","Without Sequence","30.29","",""
"09/01/2025 06:00:00 - 09/01/2025 06:15:00","BZN|FR","Without Sequence","60.08","",""
"09/01/2025 06:15:00 - 09/01/2025 06:30:00","BZN|FR","Without Sequence","60.08","",""
"09/01/2025 06:30:00 - 09/01/2025 06:45:00","BZN|FR","Without Sequence","60.08","",""
"09/01/2025 06:45:00 - 09/01/2025 07:00:00","BZN|FR","Without Sequence","60.08","",""
"09/01/2025 07:00:00 - 09/01/2025 07:15:00","BZN|FR","Without Sequence","90.79","",""
"09/01/2025 07:15:00 - 09/01/2025 07:30:00","BZN|FR","Without Sequence","90.79","",""
"09/01/2025 07:30:00 - 09/01/2025 07:45:00","BZN|FR","Without Sequence","90.79","",""
"09/01/2025 07:45:00 - 09/01/2025 08:00:00","BZN|FR","Without Sequence","90.79","",""
"09/01/2025 08:00:00 - 09/01/2025 08:15:00","BZN|FR","Without Sequence","100.99","",""
"09/01/2025 08:15:00 - 09/01/2025 08:30:00","BZN|FR","Without Sequence","100.99","",""
"09/01/2025 08:30:00 - 09/01/2025 08:45:00","BZN|FR","Without Sequence","100.99","",""
"09/01/2025 08:45:00 - 09/01/2025 09:00:00","BZN|FR","Without Sequence","100.99","",""
"09/01/2025 09:00:00 - 09/01/2025 09:15:00","BZN|FR","Without Sequence","102.44","",""
"09/01/2025 09:15:00 - 09/01/2025 09:30:00","BZN|FR","Without Sequence","102.44","",""
"09/01/2025 09:30:00 - 09/01/2025 09:45:00","BZN|FR","Without Sequence","102.44","",""
"09/01/2025 09:45:00 - 09/01/2025 10:00:00","BZN|FR","Without Sequence","102.44","",""
"09/01/2025 10:00:00 - 09/01/2025 10:15:00","BZN|FR","Without Sequence","97.45","",""
"09/01/2025 10:15:00 - 09/01/2025 10:30:00","BZN|FR","Without Sequence","97.45","",""
"09/01/2025 10:30:00 - 09/01/2025 10:45:00","BZN|FR","Without Sequence","97.45","",""
"09/01/2025 10:45:00 - 09/01/2025 11:00:00","BZN|FR","Without Sequence","97.45","",""
"09/01/2025 11:00:00 - 09/01/2025 11:15:00","BZN|FR","Without Sequence","90.41","",""
"09/01/2025 11:15:00 - 09/01/2025 11:30:00","BZN|FR","Without Sequence","90.41","",""
"09/01/2025 11:30:00 - 09/01/2025 11:45:00","BZN|FR","Without Sequence","90.41","",""
"09/01/2025 11:45:00 - 09/01/2025 12:00:00","BZN|FR","Without Sequence","90.41","",""
"09/01/2025 12:00:00 - 09/01/2025 12:15:00","BZN|FR","Without Sequence","94.75","",""
"09/01/2025 12:15:00 - 09/01/2025 12:30:00","BZN|FR","Without Sequence","94.75","",""
"09/01/2025 12:30:00 - 09/01/2025 12:45:00","BZN|FR","Without Sequence","94.75","",""
"09/01/2025 12:45:00 - 09/01/2025 13:00:00","BZN|FR","Without Sequence","94.75","",""
"09/01/2025 13:00:00 - 09/01/2025 13:15:00","BZN|FR","Without Sequence","84.19","",""
"09/01/2025 13:15:00 - 09/01/2025 13:30:00","BZN|FR","Without Sequence","84.19","",""
"09/01/2025 13:30:00 - 09/01/2025 13:45:00","BZN|FR","Without Sequence","84.19","",""
"09/01/2025 13:45:00 - 09/01/2025 14:00:00","BZN|FR","Without Sequence","84.19","",""
"09/01/2025 14:00:00 - 09/01/2025 14:15:00","BZN|FR","Without Sequence","80.89","",""
"09/01/2025 14:15:00 - 09/01/2025 14:30:00","BZN|FR","Without Sequence","80.89","",""
"09/01/2025 14:30:00 - 09/01/2025 14:45:00","BZN|FR","Without Sequence","80.89","",""
"09/01/2025 14:45:00 - 09/01/2025 15:00:00","BZN|FR","Without Sequence","80.89","",""
"09/01/2025 15:00:00 - 09/01/2025 15:15:00","BZN|FR","Without Sequence","88.11","",""
"09/01/2025 15:15:00 - 09/01/2025 15:30:00","BZN|FR","Without Sequence","88.11","",""
"09/01/2025 15:30:00 - 09/01/2025 15:45:00","BZN|FR","Without Sequence","88.11","",""
"09/01/2025 15:45:00 - 09/01/2025 16:00:00","BZN|FR","Without Sequence","88.11","",""
"09/01/2025 16:00:00 - 09/01/2025 16:15:00","BZN|FR","Without Sequence","109.40","",""
"09/01/2025 16:15:00 - 09/01/2025 16:30:00","BZN|FR","Without Sequence","109.40","",""
"09/01/2025 16:30:00 - 09/01/2025 16:45:00","BZN|FR","Without Sequence","109.40","",""
"09/01/2025 16:45:00 - 09/01/2025 17:00:00","BZN|FR","Without Sequence","109.40","",""
"09/01/2025 17:00:00 - 09/01/2025 17:15:00","BZN|FR","Without Sequence","131.62","",""
"09/01/2025 17:15:00 - 09/01/2025 17:30:00","BZN|FR","Without Sequence","131.62","",""
"09/01/2025 17:30:00 - 09/01/2025 17:45:00","BZN|FR","Without Sequence","131.62","",""
"09/01/2025 17:45:00 - 09/01/2025 18:00:00","BZN|FR","Without Sequence","131.62","",""
"09/01/2025 18:00:00 - 09/01/2025 18:15:00","BZN|FR","Without Sequence","135.73","",""
"09/01/2025 18:15:00 - 09/01/2025 18:30:00","BZN|FR","Without Sequence","135.73","",""
"09/01/2025 18:30:00 - 09/01/2025 18:45:00","BZN|FR","Without Sequence","135.73","",""
"09/01/2025 18:45:00 - 09/01/2025 19:00:00","BZN|FR","Without Sequence","135.73","",""
"09/01/2025 19:00:00 - 09/01/2025 19:15:00","BZN|FR","Without Sequence","135.01","",""
"09/01/2025 19:15:00 - 09/01/2025 19:30:00","BZN|FR","Without Sequence","135.01","",""
"09/01/2025 19:30:00 - 09/01/2025 19:45:00","BZN|FR","Without Sequence","135.01","",""
"09/01/2025 19:45:00 - 09/01/2025 20:00:00","BZN|FR","Without Sequence","135.01","",""
"09/01/2025 20:00:00 - 09/01/2025 20:15:00","BZN|FR","Without Sequence","120.36","",""
"09/01/2025 20:15:00 - 09/01/2025 20:30:00","BZN|FR","Without Sequence","120.36","",""
"09/01/2025 20:30:00 - 09/01/2025 20:45:00","BZN|FR","Without Sequence","120.36","",""
"09/01/2025 20:45:00 - 09/01/2025 21:00:00","BZN|FR","Without Sequence","120.36","",""
"09/01/2025 21:00:00 - 09/01/2025 21:15:00","BZN|FR","Without Sequence","105.80","",""
"09/01/2025 21:15:00 - 09/01/2025 21:30:00","BZN|FR","Without Sequence","105.80","",""
"09/01/2025 21:30:00 - 09/01/2025 21:45:00","BZN|FR","Without Sequence","105.80","",""
"09/01/2025 21:45:00 - 09/01/2025 22:00:00","BZN|FR","Without Sequence","105.80","",""
"09/01/2025 22:00:00 - 09/01/2025 22:15:00","BZN|FR","Without Sequence","101.43","",""
"09/01/2025 22:15:00 - 09/01/2025 22:30:00","BZN|FR","Without Sequence","101.43","",""
"09/01/2025 22:30:00 - 09/01/2025 22:45:00","BZN|FR","Without Sequence","101.43","",""
"09/01/2025 22:45:00 - 09/01/2025 23:00:00","BZN|FR","Without Sequence","101.43","",""
"09/01/2025 23:00:00 - 09/01/2025 23:15:00","BZN|FR","Without Sequence","94.26","",""
"09/01/2025 23:15:00 - 09/01/2025 23:30:00","BZN|FR","Without Sequence","94.26","",""
"09/01/2025 23:30:00 - 09/01/2025 23:45:00","BZN|FR","Without Sequence","94.26","",""
"09/01/2025 23:45:00 - 10/01/2025 00:00:00","BZN|FR","Without Sequence","94.26","",""
"10/01/2025 00:00:00 - 10/01/2025 00:15:00","BZN|FR","Without Sequence","86.82","",""
"10/01/2025 00:15:00 - 10/01/2025 00:30:00","BZN|FR","Without Sequence","86.82","",""
"10/01/2025 00:30:00 - 10/01/2025 00:45:00","BZN|FR","Without Sequence","86.82","",""
"10/01/2025 00:45:00 - 10/01/2025 01:00:00","BZN|FR","Without Sequence","86.82","",""
"10/01/2025 01:00:00 - 10/01/2025 01:15:00","BZN|FR","Without Sequence","80.25","",""
"10/01/2025 01:15:00 - 10/01/2025 01:30:00","BZN|FR","Without Sequence","80.25","",""
"10/01/2025 01:30:00 - 10/01/2025 01:45:00","BZN|FR","Without Sequence","80.25","",""
"10/01/2025 01:45:00 - 10/01/2025 02:00:00","BZN|FR","Without Sequence","80.25","",""
"10/01/2025 02:00:00 - 10/01/2025 02:15:00","BZN|FR","Without Sequence","72.09","",""
"10/01/2025 02:15:00 - 10/01/2025 02:30:00","BZN|FR","Without Sequence","72.09","",""
"10/01/2025 02:30:00 - 10/01/2025 02:45:00","BZN|FR","Without Sequence","72.09","",""
"10/01/2025 02:45:00 - 10/01/2025 03:00:00","BZN|FR","Without Sequence","72.09","",""
"10/01/2025 03:00:00 - 10/01/2025 03:15:00","BZN|FR","Without Sequence","69.94","",""
"10/01/2025 03:15:00 - 10/01/2025 03:30:00","BZN|FR","Without Sequence","69.94","",""
"10/01/2025 03:30:00 - 10/01/2025 03:45:00","BZN|FR","Without Sequence","69.94","",""
"10/01/2025 03:45:00 - 10/01/2025 04:00:00","BZN|FR","Without Sequence","69.94","",""
"10/01/2025 04:00:00 - 10/01/2025 04:15:00","BZN|FR","Without Sequence","70.07","",""
"10/01/2025 04:15:00 - 10/01/2025 04:30:00","BZN|FR","Without Sequence","70.07","",""
"10/01/2025 04:30:00 - 10/01/2025 04:45:00","BZN|FR","Without Sequence","70.07","",""
"10/01/2025 04:45:00 - 10/01/2025 05:00:00","BZN|FR","Without Sequence","70.07","",""
"10/01/2025 05:00:00 - 10/01/2025 05:15:00","BZN|FR","Without Sequence","85.06","",""
"10/01/2025 05:15:00 - 10/01/2025 05:30:00","BZN|FR","Without Sequence","85.06","",""
"10/01/2025 05:30:00 - 10/01/2025 05:45:00","BZN|FR","Without Sequence","85.06","",""
"10/01/2025 05:45:00 - 10/01/2025 06:00:00","BZN|FR","Without Sequence","85.06","",""
"10/01/2025 06:00:00 - 10/01/2025 06:15:00","BZN|FR","Without Sequence","101.80","",""
"10/01/2025 06:15:00 - 10/01/2025 06:30:00","BZN|FR","Without Sequence","101.80","",""
"10/01/2025 06:30:00 - 10/01/2025 06:45:00","BZN|FR","Without Sequence","101.80","",""
"10/01/2025 06:45:00 - 10/01/2025 07:00:00","BZN|FR","Without Sequence","101.80","",""
"10/01/2025 07:00:00 - 10/01/2025 07:15:00","BZN|FR","Without Sequence","126.12","",""
"10/01/2025 07:15:00 - 10/01/2025 07:30:00","BZN|FR","Without Sequence","126.12","",""
"10/01/2025 07:30:00 - 10/01/2025 07:45:00","BZN|FR","Without Sequence","126.12","",""
"10/01/2025 07:45:00 - 10/01/2025 08:00:00","BZN|FR","Without Sequence","126.12","",""
"10/01/2025 08:00:00 - 10/01/2025 08:15:00","BZN|FR","Without Sequence","140.33","",""
"10/01/2025 08:15:00 - 10/01/2025 08:30:00","BZN|FR","Without Sequence","140.33","",""
"10/01/2025 08:30:00 - 10/01/2025 08:45:00","BZN|FR","Without Sequence","140.33","",""
"10/01/2025 08:45:00 - 10/01/2025 09:00:00","BZN|FR","Without Sequence","140.33","",""
"10/01/2025 09:00:00 - 10/01/2025 09:15:00","BZN|FR","Without Sequence","137.22","",""
"10/01/2025 09:15:00 - 10/01/2025 09:30:00","BZN|FR","Without Sequence","137.22","",""
"10/01/2025 09:30:00 - 10/01/2025 09:45:00","BZN|FR","Without Sequence","137.22","",""
"10/01/2025 09:45:00 - 10/01/2025 10:00:00","BZN|FR","Without Sequence","137.22","",""
"10/01/2025 10:00:00 - 10/01/2025 10:15:00","BZN|FR","Without Sequence","123.57","",""
"10/01/2025 10:15:00 - 10/01/2025 10:30:00","BZN|FR","Without Sequence","123.57","",""
"10/01/2025 10:30:00 - 10/01/2025 10:45:00","BZN|FR","Without Sequence","123.57","",""
"10/01/2025 10:45:00 - 10/01/2025 11:00:00","BZN|FR","Without Sequence","123.57","",""
"10/01/2025 11:00:00 - 10/01/2025 11:15:00","BZN|FR","Without Sequence","113.59","",""
"10/01/2025 11:15:00 - 10/01/2025 11:30:00","BZN|FR","Without Sequence","113.59","",""
"10/01/2025 11:30:00 - 10/01/2025 11:45:00","BZN|FR","Without Sequence","113.59","",""
"10/01/2025 11:45:00 - 10/01/2025 12:00:00","BZN|FR","Without Sequence","113.59","",""
"10/01/2025 12:00:00 - 10/01/2025 12:15:00","BZN|FR","Without Sequence","107.43","",""
"10/01/2025 12:15:00 - 10/01/2025 12:30:00","BZN|FR","Without Sequence","107.43","",""
"10/01/2025 12:30:00 - 10/01/2025 12:45:00","BZN|FR","Without Sequence","107.43","",""
"10/01/2025 12:45:00 - 10/01/2025 13:00:00","BZN|FR","Without Sequence","107.43","",""
"10/01/2025 13:00:00 - 10/01/2025 13:15:00","BZN|FR","Without Sequence","105.01","",""
"10/01/2025 13:15:00 - 10/01/2025 13:30:00","BZN|FR","Without Sequence","105.01","",""
"10/01/2025 13:30:00 - 10/01/2025 13:45:00","BZN|FR","Without Sequence","105.01","",""
"10/01/2025 13:45:00 - 10/01/2025 14:00:00","BZN|FR","Without Sequence","105.01","",""
"10/01/2025 14:00:00 - 10/01/2025 14:15:00","BZN|FR","Without Sequence","110.01","",""
"10/01/2025 14:15:00 - 10/01/2025 14:30:00","BZN|FR","Without Sequence","110.01","",""
"10/01/2025 14:30:00 - 10/01/2025 14:45:00","BZN|FR","Without Sequence","110.01","",""
"10/01/2025 14:45:00 - 10/01/2025 15:00:00","BZN|FR","Without Sequence","110.01","",""
"10/01/2025 15:00:00 - 10/01/2025 15:15:00","BZN|FR","Without Sequence","128.69","",""
"10/01/2025 15:15:00 - 10/01/2025 15:30:00","BZN|FR","Without Sequence","128.69","",""
"10/01/2025 15:30:00 - 10/01/2025 15:45:00","BZN|FR","Without Sequence","128.69","",""
"10/01/2025 15:45:00 - 10/01/2025 16:00:00","BZN|FR","Without Sequence","128.69","",""
"10/01/2025 16:00:00 - 10/01/2025 16:15:00","BZN|FR","Without Sequence","135.57","",""
"10/01/2025 16:15:00 - 10/01/2025 16:30:00","BZN|FR","Without Sequence","135.57","",""
"10/01/2025 16:30:00 - 10/01/2025 16:45:00","BZN|FR","Without Sequence","135.57","",""
"10/01/2025 16:45:00 - 10/01/2025 17:00:00","BZN|FR","Without Sequence","135.57","",""
"10/01/2025 17:00:00 - 10/01/2025 17:15:00","BZN|FR","Without Sequence","142.72","",""
"10/01/2025 17:15:00 - 10/01/2025 17:30:00","BZN|FR","Without Sequence","142.72","",""
"10/01/2025 17:30:00 - 10/01/2025 17:45:00","BZN|FR","Without Sequence","142.72","",""
"10/01/2025 17:45:00 - 10/01/2025 18:00:00","BZN|FR","Without Sequence","142.72","",""
"10/01/2025 18:00:00 - 10/01/2025 18:15:00","BZN|FR","Without Sequence","144.28","",""
"10/01/2025 18:15:00 - 10/01/2025 18:30:00","BZN|FR","Without Sequence","144.28","",""
"10/01/2025 18:30:00 - 10/01/2025 18:45:00","BZN|FR","Without Sequence","144.28","",""
"10/01/2025 18:45:00 - 10/01/2025 19:00:00","BZN|FR","Without Sequence","144.28","",""
"10/01/2025 19:00:00 - 10/01/2025 19:15:00","BZN|FR","Without Sequence","141.27","",""
"10/01/2025 19:15:00 - 10/01/2025 19:30:00","BZN|FR","Without Sequence","141.27","",""
"10/01/2025 19:30:00 - 10/01/2025 19:45:00","BZN|FR","Without Sequence","141.27","",""
"10/01/2025 19:45:00 - 10/01/2025 20:00:00","BZN|FR","Without Sequence","141.27","",""
"10/01/2025 20:00:00 - 10/01/2025 20:15:00","BZN|FR","Without Sequence","134.83","",""
"10/01/2025 20:15:00 - 10/01/2025 20:30:00","BZN|FR","Without Sequence","134.83","",""
"10/01/2025 20:30:00 - 10/01/2025 20:45:00","BZN|FR","Without Sequence","134.83","",""
"10/01/2025 20:45:00 - 10/01/2025 21:00:00","BZN|FR","Without Sequence","134.83","",""
"10/01/2025 21:00:00 - 10/01/2025 21:15:00","BZN|FR","Without Sequence","122.51","",""
"10/01/2025 21:15:00 - 10/01/2025 21:30:00","BZN|FR","Without Sequence","122.51","",""
"10/01/2025 21:30:00 - 10/01/2025 21:45:00","BZN|FR","Without Sequence","122.51","",""
"10/01/2025 21:45:00 - 10/01/2025 22:00:00","BZN|FR","Without Sequence","122.51","",""
"10/01/2025 22:00:00 - 10/01/2025 22:15:00","BZN|FR","Without Sequence","119.79","",""
"10/01/2025 22:15:00 - 10/01/2025 22:30:00","BZN|FR","Without Sequence","119.79","",""
"10/01/2025 22:30:00 - 10/01/2025 22:45:00","BZN|FR","Without Sequence","119.79","",""
"10/01/2025 22:45:00 - 10/01/2025 23:00:00","BZN|FR","Without Sequence","119.79","",""
"10/01/2025 23:00:00 - 10/01/2025 23:15:00","BZN|FR","Without Sequence","112.00","",""
"10/01/2025 23:15:00 - 10/01/2025 23:30:00","BZN|FR","Without Sequence","112.00","",""
"10/01/2025 23:30:00 - 10/01/2025 23:45:00","BZN|FR","Without Sequence","112.00","",""
"10/01/2025 23:45:00 - 11/01/2025 00:00:00","BZN|FR","Without Sequence","112.00","",""
"11/01/2025 00:00:00 - 11/01/2025 00:15:00","BZN|FR","Without Sequence","112.00","",""
"11/01/2025 00:15:00 - 11/01/2025 00:30:00","BZN|FR","Without Sequence","112.00","",""
"11/01/2025 00:30:00 - 11/01/2025 00:45:00","BZN|FR","Without Sequence","112.00","",""
"11/01/2025 00:45:00 - 11/01/2025 01:00:00","BZN|FR","Without Sequence","112.00","",""
"11/01/2025 01:00:00 - 11/01/2025 01:15:00","BZN|FR","Without Sequence","100.61","",""
"11/01/2025 01:15:00 - 11/01/2025 01:30:00","BZN|FR","Without Sequence","100.61","",""
"11/01/2025 01:30:00 - 11/01/2025 01:45:00","BZN|FR","Without Sequence","100.61","",""
"11/01/2025 01:45:00 - 11/01/2025 02:00:00","BZN|FR","Without Sequence","100.61","",""
"11/01/2025 02:00:00 - 11/01/2025 02:15:00","BZN|FR","Without Sequence","96.32","",""
"11/01/2025 02:15:00 - 11/01/2025 02:30:00","BZN|FR","Without Sequence","96.32","",""
"11/01/2025 02:30:00 - 11/01/2025 02:45:00","BZN|FR","Without Sequence","96.32","",""
"11/01/2025 02:45:00 - 11/01/2025 03:00:00","BZN|FR","Without Sequence","96.32","",""
"11/01/2025 03:00:00 - 11/01/2025 03:15:00","BZN|FR","Without Sequence","92.02","",""
"11/01/2025 03:15:00 - 11/01/2025 03:30:00","BZN|FR","Without Sequence","92.02","",""
"11/01/2025 03:30:00 - 11/01/2025 03:45:00","BZN|FR","Without Sequence","92.02","",""
"11/01/2025 03:45:00 - 11/01/2025 04:00:00","BZN|FR","Without Sequence","92.02","",""
"11/01/2025 04:00:00 - 11/01/2025 04:15:00","BZN|FR","Without Sequence","90.82","",""
"11/01/2025 04:15:00 - 11/01/2025 04:30:00","BZN|FR","Without Sequence","90.82","",""
"11/01/2025 04:30:00 - 11/01/2025 04:45:00","BZN|FR","Without Sequence","90.82","",""
"11/01/2025 04:45:00 - 11/01/2025 05:00:00","BZN|FR","Without Sequence","90.82","",""
"11/01/2025 05:00:00 - 11/01/2025 05:15:00","BZN|FR","Without Sequence","92.16","",""
"11/01/2025 05:15:00 - 11/01/2025 05:30:00","BZN|FR","Without Sequence","92.16","",""
"11/01/2025 05:30:00 - 11/01/2025 05:45:00","BZN|FR","Without Sequence","92.16","",""
"11/01/2025 05:45:00 - 11/01/2025 06:00:00","BZN|FR","Without Sequence","92.16","",""
"11/01/2025 06:00:00 - 11/01/2025 06:15:00","BZN|FR","Without Sequence","95.46","",""
"11/01/2025 06:15:00 - 11/01/2025 06:30:00","BZN|FR","Without Sequence","95.46","",""
"11/01/2025 06:30:00 - 11/01/2025 06:45:00","BZN|FR","Without Sequence","95.46","",""
"11/01/2025 06:45:00 - 11/01/2025 07:00:00","BZN|FR","Without Sequence","95.46","",""
"11/01/2025 07:00:00 - 11/01/2025 07:15:00","BZN|FR","Without Sequence","104.07","",""
"11/01/2025 07:15:00 - 11/01/2025 07:30:00","BZN|FR","Without Sequence","104.07","",""
"11/01/2025 07:30:00 - 11/01/2025 07:45:00","BZN|FR","Without Sequence","104.07","",""
"11/01/2025 07:45:00 - 11/01/2025 08:00:00","BZN|FR","Without Sequence","104.07","",""
"11/01/2025 08:00:00 - 11/01/2025 08:15:00","BZN|FR","Without Sequence","115.85","",""
"11/01/2025 08:15:00 - 11/01/2025 08:30:00","BZN|FR","Without Sequence","115.85","",""
"11/01/2025 08:30:00 - 11/01/2025 08:45:00","BZN|FR","Without Sequence","115.85","",""
"11/01/2025 08:45:00 - 11/01/2025 09:00:00","BZN|FR","Without Sequence","115.85","",""
"11/01/2025 09:00:00 - 11/01/2025 09:15:00","BZN|FR","Without Sequence","118.19","",""
"11/01/2025 09:15:00 - 11/01/2025 09:30:00","BZN|FR","Without Sequence","118.19","",""
"11/01/2025 09:30:00 - 11/01/2025 09:45:00","BZN|FR","Without Sequence","118.19","",""
"11/01/2025 09:45:00 - 11/01/2025 10:00:00","BZN|FR","Without Sequence","118.19","",""
"11/01/2025 10:00:00 - 11/01/2025 10:15:00","BZN|FR","Without Sequence","114.24","",""
"11/01/2025 10:15:00 - 11/01/2025 10:30:00","BZN|FR","Without Sequence","114.24","",""
"11/01/2025 10:30:00 - 11/01/2025 10:45:00","BZN|FR","Without Sequence","114.24","",""
"11/01/2025 10:45:00 - 11/01/2025 11:00:00","BZN|FR","Without Sequence","114.24","",""
"11/01/2025 11:00:00 - 11/01/2025 11:15:00","BZN|FR","Without Sequence","100.58","",""
"11/01/2025 11:15:00 - 11/01/2025 11:30:00","BZN|FR","Without Sequence","100.58","",""
"11/01/2025 11:30:00 - 11/01/2025 11:45:00","BZN|FR","Without Sequence","100.58","",""
"11/01/2025 11:45:00 - 11/01/2025 12:00:00","BZN|FR","Without Sequence","100.58","",""
"11/01/2025 12:00:00 - 11/01/2025 12:15:00","BZN|FR","Without Sequence","97.14","",""
"11/01/2025 12:15:00 - 11/01/2025 12:30:00","BZN|FR","Without Sequence","97.14","",""
"11/01/2025 12:30:00 - 11/01/2025 12:45:00","BZN|FR","Without Sequence","97.14","",""
"11/01/2025 12:45:00 - 11/01/2025 13:00:00","BZN|FR","Without Sequence","97.14","",""
"11/01/2025 13:00:00 - 11/01/2025 13:15:00","BZN|FR","Without Sequence","93.15","",""
"11/01/2025 13:15:00 - 11/01/2025 13:30:00","BZN|FR","Without Sequence","93.15","",""
"11/01/2025 13:30:00 - 11/01/2025 13:45:00","BZN|FR","Without Sequence","93.15","",""
"11/01/2025 13:45:00 - 11/01/2025 14:00:00","BZN|FR","Without Sequence","93.15","",""
"11/01/2025 14:00:00 - 11/01/2025 14:15:00","BZN|FR","Without Sequence","95.74","",""
"11/01/2025 14:15:00 - 11/01/2025 14:30:00","BZN|FR","Without Sequence","95.74","",""
"11/01/2025 14:30:00 - 11/01/2025 14:45:00","BZN|FR","Without Sequence","95.74","",""
"11/01/2025 14:45:00 - 11/01/2025 15:00:00","BZN|FR","Without Sequence","95.74","",""
"11/01/2025 15:00:00 - 11/01/2025 15:15:00","BZN|FR","Without Sequence","105.05","",""
"11/01/2025 15:15:00 - 11/01/2025 15:30:00","BZN|FR","Without Sequence","105.05","",""
"11/01/2025 15:30:00 - 11/01/2025 15:45:00","BZN|FR","Without Sequence","105.05","",""
"11/01/2025 15:45:00 - 11/01/2025 16:00:00","BZN|FR","Without Sequence","105.05","",""
"11/01/2025 16:00:00 - 11/01/2025 16:15:00","BZN|FR","Without Sequence","113.29","",""
"11/01/2025 16:15:00 - 11/01/2025 16:30:00","BZN|FR","Without Sequence","113.29","",""
"11/01/2025 16:30:00 - 11/01/2025 16:45:00","BZN|FR","Without Sequence","113.29","",""
"11/01/2025 16:45:00 - 11/01/2025 17:00:00","BZN|FR","Without Sequence","113.29","",""
"11/01/2025 17:00:00 - 11/01/2025 17:15:00","BZN|FR","Without Sequence","120.97","",""
"11/01/2025 17:15:00 - 11/01/2025 17:30:00","BZN|FR","Without Sequence","120.97","",""
"11/01/2025 17:30:00 - 11/01/2025 17:45:00","BZN|FR","Without Sequence","120.97","",""
"11/01/2025 17:45:00 - 11/01/2025 18:00:00","BZN|FR","Without Sequence","120.97","",""
"11/01/2025 18:00:00 - 11/01/2025 18:15:00","BZN|FR","Without Sequence","123.86","",""
"11/01/2025 18:15:00 - 11/01/2025 18:30:00","BZN|FR","Without Sequence","123.86","",""
"11/01/2025 18:30:00 - 11/01/2025 18:45:00","BZN|FR","Without Sequence","123.86","",""
"11/01/2025 18:45:00 - 11/01/2025 19:00:00","BZN|FR","Without Sequence","123.86","",""
"11/01/2025 19:00:00 - 11/01/2025 19:15:00","BZN|FR","Without Sequence","123.55","",""
"11/01/2025 19:15:00 - 11/01/2025 19:30:00","BZN|FR","Without Sequence","123.55","",""
"11/01/2025 19:30:00 - 11/01/2025 19:45:00","BZN|FR","Without Sequence","123.55","",""
"11/01/2025 19:45:00 - 11/01/2025 20:00:00","BZN|FR","Without Sequence","123.55","",""
"11/01/2025 20:00:00 - 11/01/2025 20:15:00","BZN|FR","Without Sequence","119.95","",""
"11/01/2025 20:15:00 - 11/01/2025 20:30:00","BZN|FR","Without Sequence","119.95","",""
"11/01/2025 20:30:00 - 11/01/2025 20:45:00","BZN|FR","Without Sequence","119.95","",""
"11/01/2025 20:45:00 - 11/01/2025 21:00:00","BZN|FR","Without Sequence","119.95","",""
"11/01/2025 21:00:00 - 11/01/2025 21:15:00","BZN|FR","Without Sequence","116.20","",""
"11/01/2025 21:15:00 - 11/01/2025 21:30:00","BZN|FR","Without Sequence","116.20","",""
"11/01/2025 21:30:00 - 11/01/2025 21:45:00","BZN|FR","Without Sequence","116.20","",""
"11/01/2025 21:45:00 - 11/01/2025 22:00:00","BZN|FR","Without Sequence","116.20","",""
"11/01/2025 22:00:00 - 11/01/2025 22:15:00","BZN|FR","Without Sequence","113.27","",""
"11/01/2025 22:15:00 - 11/01/2025 22:30:00","BZN|FR","Without Sequence","113.27","",""
"11/01/2025 22:30:00 - 11/01/2025 22:45:00","BZN|FR","Without Sequence","113.27","",""
"11/01/2025 22:45:00 - 11/01/2025 23:00:00","BZN|FR","Without Sequence","113.27","",""
"11/01/2025 23:00:00 - 11/01/2025 23:15:00","BZN|FR","Without Sequence","106.10","",""
"11/01/2025 23:15:00 - 11/01/2025 23:30:00","BZN|FR","Without Sequence","106.10","",""
"11/01/2025 23:30:00 - 11/01/2025 23:45:00","BZN|FR","Without Sequence","106.10","",""
"11/01/2025 23:45:00 - 12/01/2025 00:00:00","BZN|FR","Without Sequence","106.10","",""
"12/01/2025 00:00:00 - 12/01/2025 00:15:00","BZN|FR","Without Sequence","110.36","",""
"12/01/2025 00:15:00 - 12/01/2025 00:30:00","BZN|FR","Without Sequence","110.36","",""
"12/01/2025 00:30:00 - 12/01/2025 00:45:00","BZN|FR","Without Sequence","110.36","",""
"12/01/2025 00:45:00 - 12/01/2025 01:00:00","BZN|FR","Without Sequence","110.36","",""
"12/01/2025 01:00:00 - 12/01/2025 01:15:00","BZN|FR","Without Sequence","97.57","",""
"12/01/2025 01:15:00 - 12/01/2025 01:30:00","BZN|FR","Without Sequence","97.57","",""
"12/01/2025 01:30:00 - 12/01/2025 01:45:00","BZN|FR","Without Sequence","97.57","",""
"12/01/2025 01:45:00 - 12/01/2025 02:00:00","BZN|FR","Without Sequence","97.57","",""
"12/01/2025 02:00:00 - 12/01/2025 02:15:00","BZN|FR","Without Sequence","90.00","",""
"12/01/2025 02:15:00 - 12/01/2025 02:30:00","BZN|FR","Without Sequence","90.00","",""
"12/01/2025 02:30:00 - 12/01/2025 02:45:00","BZN|FR","Without Sequence","90.00","",""
"12/01/2025 02:45:00 - 12/01/2025 03:00:00","BZN|FR","Without Sequence","90.00","",""
"12/01/2025 03:00:00 - 12/01/2025 03:15:00","BZN|FR","Without Sequence","85.91","",""
"12/01/2025 03:15:00 - 12/01/2025 03:30:00","BZN|FR","Without Sequence","85.91","",""
"12/01/2025 03:30:00 - 12/01/2025 03:45:00","BZN|FR","Without Sequence","85.91","",""
"12/01/2025 03:45:00 - 12/01/2025 04:00:00","BZN|FR","Without Sequence","85.91","",""
"12/01/2025 04:00:00 - 12/01/2025 04:15:00","BZN|FR","Without Sequence","85.00","",""
"12/01/2025 04:15:00 - 12/01/2025 04:30:00","BZN|FR","Without Sequence","85.00","",""
"12/01/2025 04:30:00 - 12/01/2025 04:45:00","BZN|FR","Without Sequence","85.00","",""
"12/01/2025 04:45:00 - 12/01/2025 05:00:00","BZN|FR","Without Sequence","85.00","",""
"12/01/2025 05:00:00 - 12/01/2025 05:15:00","BZN|FR","Without Sequence","85.70","",""
"12/01/2025 05:15:00 - 12/01/2025 05:30:00","BZN|FR","Without Sequence","85.70","",""
"12/01/2025 05:30:00 - 12/01/2025 05:45:00","BZN|FR","Without Sequence","85.70","",""
"12/01/2025 05:45:00 - 12/01/2025 06:00:00","BZN|FR","Without Sequence","85.70","",""
"12/01/2025 06:00:00 - 12/01/2025 06:15:00","BZN|FR","Without Sequence","90.13","",""
"12/01/2025 06:15:00 - 12/01/2025 06:30:00","BZN|FR","Without Sequence","90.13","",""
"12/01/2025 06:30:00 - 12/01/2025 06:45:00","BZN|FR","Without Sequence","90.13","",""
"12/01/2025 06:45:00 - 12/01/2025 07:00:00","BZN|FR","Without Sequence","90.13","",""
"12/01/2025 07:00:00 - 12/01/2025 07:15:00","BZN|FR","Without Sequence","101.75","",""
"12/01/2025 07:15:00 - 12/01/2025 07:30:00","BZN|FR","Without Sequence","101.75","",""
"12/01/2025 07:30:00 - 12/01/2025 07:45:00","BZN|FR","Without Sequence","101.75","",""
"12/01/2025 07:45:00 - 12/01/2025 08:00:00","BZN|FR","Without Sequence","101.75","",""
"12/01/2025 08:00:00 - 12/01/2025 08:15:00","BZN|FR","Without Sequence","114.97","",""
"12/01/2025 08:15:00 - 12/01/2025 08:30:00","BZN|FR","Without Sequence","114.97","",""
"12/01/2025 08:30:00 - 12/01/2025 08:45:00","BZN|FR","Without Sequence","114.97","",""
"12/01/2025 08:45:00 - 12/01/2025 09:00:00","BZN|FR","Without Sequence","114.97","",""
"12/01/2025 09:00:00 - 12/01/2025 09:15:00","BZN|FR","Without Sequence","120.07","",""
"12/01/2025 09:15:00 - 12/01/2025 09:30:00","BZN|FR","Without Sequence","120.07","",""
"12/01/2025 09:30:00 - 12/01/2025 09:45:00","BZN|FR","Without Sequence","120.07","",""
"12/01/2025 09:45:00 - 12/01/2025 10:00:00","BZN|FR","Without Sequence","120.07","",""
"12/01/2025 10:00:00 - 12/01/2025 10:15:00","BZN|FR","Without Sequence","117.77","",""
"12/01/2025 10:15:00 - 12/01/2025 10:30:00","BZN|FR","Without Sequence","117.77","",""
"12/01/2025 10:30:00 - 12/01/2025 10:45:00","BZN|FR","Without Sequence","117.77","",""
"12/01/2025 10:45:00 - 12/01/2025 11:00:00","BZN|FR","Without Sequence","117.77","",""
"12/01/2025 11:00:00 - 12/01/2025 11:15:00","BZN|FR","Without Sequence","105.61","",""
"12/01/2025 11:15:00 - 12/01/2025 11:30:00","BZN|FR","Without Sequence","105.61","",""
"12/01/2025 11:30:00 - 12/01/2025 11:45:00","BZN|FR","Without Sequence","105.61","",""
"12/01/2025 11:45:00 - 12/01/2025 12:00:00","BZN|FR","Without Sequence","105.61","",""
"12/01/2025 12:00:00 - 12/01/2025 12:15:00","BZN|FR","Without Sequence","102.99","",""
"12/01/2025 12:15:00 - 12/01/2025 12:30:00","BZN|FR","Without Sequence","102.99","",""
"12/01/2025 12:30:00 - 12/01/2025 12:45:00","BZN|FR","Without Sequence","102.99","",""
"12/01/2025 12:45:00 - 12/01/2025 13:00:00","BZN|FR","Without Sequence","102.99","",""
"12/01/2025 13:00:00 - 12/01/2025 13:15:00","BZN|FR","Without Sequence","99.61","",""
"12/01/2025 13:15:00 - 12/01/2025 13:30:00","BZN|FR","Without Sequence","99.61","",""
"12/01/2025 13:30:00 - 12/01/2025 13:45:00","BZN|FR","Without Sequence","99.61","",""
"12/01/2025 13:45:00 - 12/01/2025 14:00:00","BZN|FR","Without Sequence","99.61","",""
"12/01/2025 14:00:00 - 12/01/2025 14:15:00","BZN|FR","Without Sequence","95.40","",""
"12/01/2025 14:15:00 - 12/01/2025 14:30:00","BZN|FR","Without Sequence","95.40","",""
"12/01/2025 14:30:00 - 12/01/2025 14:45:00","BZN|FR","Without Sequence","95.40","",""
"12/01/2025 14:45:00 - 12/01/2025 15:00:00","BZN|FR","Without Sequence","95.40","",""
"12/01/2025 15:00:00 - 12/01/2025 15:15:00","BZN|FR","Without Sequence","101.24","",""
"12/01/2025 15:15:00 - 12/01/2025 15:30:00","BZN|FR","Without Sequence","101.24","",""
"12/01/2025 15:30:00 - 12/01/2025 15:45:00","BZN|FR","Without Sequence","101.24","",""
"12/01/2025 15:45:00 - 12/01/2025 16:00:00","BZN|FR","Without Sequence","101.24","",""
"12/01/2025 16:00:00 - 12/01/2025 16:15:00","BZN|FR","Without Sequence","109.56","",""
"12/01/2025 16:15:00 - 12/01/2025 16:30:00","BZN|FR","Without Sequence","109.56","",""
"12/01/2025 16:30:00 - 12/01/2025 16:45:00","BZN|FR","Without Sequence","109.56","",""
"12/01/2025 16:45:00 - 12/01/2025 17:00:00","BZN|FR","Without Sequence","109.56","",""
"12/01/2025 17:00:00 - 12/01/2025 17:15:00","BZN|FR","Without Sequence","120.61","",""
"12/01/2025 17:15:00 - 12/01/2025 17:30:00","BZN|FR","Without Sequence","120.61","",""
"12/01/2025 17:30:00 - 12/01/2025 17:45:00","BZN|FR","Without Sequence","120.61","",""
"12/01/2025 17:45:00 - 12/01/2025 18:00:00","BZN|FR","Without Sequence","120.61","",""
"12/01/2025 18:00:00 - 12/01/2025 18:15:00","BZN|FR","Without Sequence","146.66","",""
"12/01/2025 18:15:00 - 12/01/2025 18:30:00","BZN|FR","Without Sequence","146.66","",""
"12/01/2025 18:30:00 - 12/01/2025 18:45:00","BZN|FR","Without Sequence","146.66","",""
"12/01/2025 18:45:00 - 12/01/2025 19:00:00","BZN|FR","Without Sequence","146.66","",""
"12/01/2025 19:00:00 - 12/01/2025 19:15:00","BZN|FR","Without Sequence","138.07","",""
"12/01/2025 19:15:00 - 12/01/2025 19:30:00","BZN|FR","Without Sequence","138.07","",""
"12/01/2025 19:30:00 - 12/01/2025 19:45:00","BZN|FR","Without Sequence","138.07","",""
"12/01/2025 19:45:00 - 12/01/2025 20:00:00","BZN|FR","Without Sequence","138.07","",""
"12/01/2025 20:00:00 - 12/01/2025 20:15:00","BZN|FR","Without Sequence","124.00","",""
"12/01/2025 20:15:00 - 12/01/2025 20:30:00","BZN|FR","Without Sequence","124.00","",""
"12/01/2025 20:30:00 - 12/01/2025 20:45:00","BZN|FR","Without Sequence","124.00","",""
"12/01/2025 20:45:00 - 12/01/2025 21:00:00","BZN|FR","Without Sequence","124.00","",""
"12/01/2025 21:00:00 - 12/01/2025 21:15:00","BZN|FR","Without Sequence","123.67","",""
"12/01/2025 21:15:00 - 12/01/2025 21:30:00","BZN|FR","Without Sequence","123.67","",""
"12/01/2025 21:30:00 - 12/01/2025 21:45:00","BZN|FR","Without Sequence","123.67","",""
"12/01/2025 21:45:00 - 12/01/2025 22:00:00","BZN|FR","Without Sequence","123.67","",""
"12/01/2025 22:00:00 - 12/01/2025 22:15:00","BZN|FR","Without Sequence","116.73","",""
"12/01/2025 22:15:00 - 12/01/2025 22:30:00","BZN|FR","Without Sequence","116.73","",""
"12/01/2025 22:30:00 - 12/01/2025 22:45:00","BZN|FR","Without Sequence","116.73","",""
"12/01/2025 22:45:00 - 12/01/2025 23:00:00","BZN|FR","Without Sequence","116.73","",""
"12/01/2025 23:00:00 - 12/01/2025 23:15:00","BZN|FR","Without Sequence","114.90","",""
"12/01/2025 23:15:00 - 12/01/2025 23:30:00","BZN|FR","Without Sequence","114.90","",""
"12/01/2025 23:30:00 - 12/01/2025 23:45:00","BZN|FR","Without Sequence","114.90","",""
"12/01/2025 23:45:00 - 13/01/2025 00:00:00","BZN|FR","Without Sequence","114.90","",""
"13/01/2025 00:00:00 - 13/01/2025 00:15:00","BZN|FR","Without Sequence","112.39","",""
"13/01/2025 00:15:00 - 13/01/2025 00:30:00","BZN|FR","Without Sequence","112.39","",""
"13/01/2025 00:30:00 - 13/01/2025 00:45:00","BZN|FR","Without Sequence","112.39","",""
"13/01/2025 00:45:00 - 13/01/2025 01:00:00","BZN|FR","Without Sequence","112.39","",""
"13/01/2025 01:00:00 - 13/01/2025 01:15:00","BZN|FR","Without Sequence","105.07","",""
"13/01/2025 01:15:00 - 13/01/2025 01:30:00","BZN|FR","Without Sequence","105.07","",""
"13/01/2025 01:30:00 - 13/01/2025 01:45:00","BZN|FR","Without Sequence","105.07","",""
"13/01/2025 01:45:00 - 13/01/2025 02:00:00","BZN|FR","Without Sequence","105.07","",""
"13/01/2025 02:00:00 - 13/01/2025 02:15:00","BZN|FR","Without Sequence","104.46","",""
"13/01/2025 02:15:00 - 13/01/2025 02:30:00","BZN|FR","Without Sequence","104.46","",""
"13/01/2025 02:30:00 - 13/01/2025 02:45:00","BZN|FR","Without Sequence","104.46","",""
"13/01/2025 02:45:00 - 13/01/2025 03:00:00","BZN|FR","Without Sequence","104.46","",""
"13/01/2025 03:00:00 - 13/01/2025 03:15:00","BZN|FR","Without Sequence","100.37","",""
"13/01/2025 03:15:00 - 13/01/2025 03:30:00","BZN|FR","Without Sequence","100.37","",""
"13/01/2025 03:30:00 - 13/01/2025 03:45:00","BZN|FR","Without Sequence","100.37","",""
"13/01/2025 03:45:00 - 13/01/2025 04:00:00","BZN|FR","Without Sequence","100.37","",""
"13/01/2025 04:00:00 - 13/01/2025 04:15:00","BZN|FR","Without Sequence","100.00","",""
"13/01/2025 04:15:00 - 13/01/2025 04:30:00","BZN|FR","Without Sequence","100.00","",""
"13/01/2025 04:30:00 - 13/01/2025 04:45:00","BZN|FR","Without Sequence","100.00","",""
"13/01/2025 04:45:00 - 13/01/2025 05:00:00","BZN|FR","Without Sequence","100.00","",""
"13/01/2025 05:00:00 - 13/01/2025 05:15:00","BZN|FR","Without Sequence","109.13","",""
"13/01/2025 05:15:00 - 13/01/2025 05:30:00","BZN|FR","Without Sequence","109.13","",""
"13/01/2025 05:30:00 - 13/01/2025 05:45:00","BZN|FR","Without Sequence","109.13","",""
"13/01/2025 05:45:00 - 13/01/2025 06:00:00","BZN|FR","Without Sequence","109.13","",""
"13/01/2025 06:00:00 - 13/01/2025 06:15:00","BZN|FR","Without Sequence","127.14","",""
"13/01/2025 06:15:00 - 13/01/2025 06:30:00","BZN|FR","Without Sequence","127.14","",""
"13/01/2025 06:30:00 - 13/01/2025 06:45:00","BZN|FR","Without Sequence","127.14","",""
"13/01/2025 06:45:00 - 13/01/2025 07:00:00","BZN|FR","Without Sequence","127.14","",""
"13/01/2025 07:00:00 - 13/01/2025 07:15:00","BZN|FR","Without Sequence","150.16","",""
"13/01/2025 07:15:00 - 13/01/2025 07:30:00","BZN|FR","Without Sequence","150.16","",""
"13/01/2025 07:30:00 - 13/01/2025 07:45:00","BZN|FR","Without Sequence","150.16","",""
"13/01/2025 07:45:00 - 13/01/2025 08:00:00","BZN|FR","Without Sequence","150.16","",""
"13/01/2025 08:00:00 - 13/01/2025 08:15:00","BZN|FR","Without Sequence","186.00","",""
"13/01/2025 08:15:00 - 13/01/2025 08:30:00","BZN|FR","Without Sequence","186.00","",""
"13/01/2025 08:30:00 - 13/01/2025 08:45:00","BZN|FR","Without Sequence","186.00","",""
"13/01/2025 08:45:00 - 13/01/2025 09:00:00","BZN|FR","Without Sequence","186.00","",""
"13/01/2025 09:00:00 - 13/01/2025 09:15:00","BZN|FR","Without Sequence","146.50","",""
"13/01/2025 09:15:00 - 13/01/2025 09:30:00","BZN|FR","Without Sequence","146.50","",""
"13/01/2025 09:30:00 - 13/01/2025 09:45:00","BZN|FR","Without Sequence","146.50","",""
"13/01/2025 09:45:00 - 13/01/2025 10:00:00","BZN|FR","Without Sequence","146.50","",""
"13/01/2025 10:00:00 - 13/01/2025 10:15:00","BZN|FR","Without Sequence","128.38","",""
"13/01/2025 10:15:00 - 13/01/2025 10:30:00","BZN|FR","Without Sequence","128.38","",""
"13/01/2025 10:30:00 - 13/01/2025 10:45:00","BZN|FR","Without Sequence","128.38","",""
"13/01/2025 10:45:00 - 13/01/2025 11:00:00","BZN|FR","Without Sequence","128.38","",""
"13/01/2025 11:00:00 - 13/01/2025 11:15:00","BZN|FR","Without Sequence","116.13","",""
"13/01/2025 11:15:00 - 13/01/2025 11:30:00","BZN|FR","Without Sequence","116.13","",""
"13/01/2025 11:30:00 - 13/01/2025 11:45:00","BZN|FR","Without Sequence","116.13","",""
"13/01/2025 11:45:00 - 13/01/2025 12:00:00","BZN|FR","Without Sequence","116.13","",""
"13/01/2025 12:00:00 - 13/01/2025 12:15:00","BZN|FR","Without Sequence","105.69","",""
"13/01/2025 12:15:00 - 13/01/2025 12:30:00","BZN|FR","Without Sequence","105.69","",""
"13/01/2025 12:30:00 - 13/01/2025 12:45:00","BZN|FR","Without Sequence","105.69","",""
"13/01/2025 12:45:00 - 13/01/2025 13:00:00","BZN|FR","Without Sequence","105.69","",""
"13/01/2025 13:00:00 - 13/01/2025 13:15:00","BZN|FR","Without Sequence","100.81","",""
"13/01/2025 13:15:00 - 13/01/2025 13:30:00","BZN|FR","Without Sequence","100.81","",""
"13/01/2025 13:30:00 - 13/01/2025 13:45:00","BZN|FR","Without Sequence","100.81","",""
"13/01/2025 13:45:00 - 13/01/2025 14:00:00","BZN|FR","Without Sequence","100.81","",""
"13/01/2025 14:00:00 - 13/01/2025 14:15:00","BZN|FR","Without Sequence","104.91","",""
"13/01/2025 14:15:00 - 13/01/2025 14:30:00","BZN|FR","Without Sequence","104.91","",""
"13/01/2025 14:30:00 - 13/01/2025 14:45:00","BZN|FR","Without Sequence","104.91","",""
"13/01/2025 14:45:00 - 13/01/2025 15:00:00","BZN|FR","Without Sequence","104.91","",""
"13/01/2025 15:00:00 - 13/01/2025 15:15:00","BZN|FR","Without Sequence","112.59","",""
"13/01/2025 15:15:00 - 13/01/2025 15:30:00","BZN|FR","Without Sequence","112.59","",""
"13/01/2025 15:30:00 - 13/01/2025 15:45:00","BZN|FR","Without Sequence","112.59","",""
"13/01/2025 15:45:00 - 13/01/2025 16:00:00","BZN|FR","Without Sequence","112.59","",""
"13/01/2025 16:00:00 - 13/01/2025 16:15:00","BZN|FR","Without Sequence","126.64","",""
"13/01/2025 16:15:00 - 13/01/2025 16:30:00","BZN|FR","Without Sequence","126.64","",""
"13/01/2025 16:30:00 - 13/01/2025 16:45:00","BZN|FR","Without Sequence","126.64","",""
"13/01/2025 16:45:00 - 13/01/2025 17:00:00","BZN|FR","Without Sequence","126.64","",""
"13/01/2025 17:00:00 - 13/01/2025 17:15:00","BZN|FR","Without Sequence","148.70","",""
"13/01/2025 17:15:00 - 13/01/2025 17:30:00","BZN|FR","Without Sequence","148.70","",""
"13/01/2025 17:30:00 - 13/01/2025 17:45:00","BZN|FR","Without Sequence","148.70","",""
"13/01/2025 17:45:00 - 13/01/2025 18:00:00","BZN|FR","Without Sequence","148.70","",""
"13/01/2025 18:00:00 - 13/01/2025 18:15:00","BZN|FR","Without Sequence","157.07","",""
"13/01/2025 18:15:00 - 13/01/2025 18:30:00","BZN|FR","Without Sequence","157.07","",""
"13/01/2025 18:30:00 - 13/01/2025 18:45:00","BZN|FR","Without Sequence","157.07","",""
"13/01/2025 18:45:00 - 13/01/2025 19:00:00","BZN|FR","Without Sequence","157.07","",""
"13/01/2025 19:00:00 - 13/01/2025 19:15:00","BZN|FR","Without Sequence","158.39","",""
"13/01/2025 19:15:00 - 13/01/2025 19:30:00","BZN|FR","Without Sequence","158.39","",""
"13/01/2025 19:30:00 - 13/01/2025 19:45:00","BZN|FR","Without Sequence","158.39","",""
"13/01/2025 19:45:00 - 13/01/2025 20:00:00","BZN|FR","Without Sequence","158.39","",""
"13/01/2025 20:00:00 - 13/01/2025 20:15:00","BZN|FR","Without Sequence","141.32","",""
"13/01/2025 20:15:00 - 13/01/2025 20:30:00","BZN|FR","Without Sequence","141.32","",""
"13/01/2025 20:30:00 - 13/01/2025 20:45:00","BZN|FR","Without Sequence","141.32","",""
"13/01/2025 20:45:00 - 13/01/2025 21:00:00","BZN|FR","Without Sequence","141.32","",""
"13/01/2025 21:00:00 - 13/01/2025 21:15:00","BZN|FR","Without Sequence","122.59","",""
"13/01/2025 21:15:00 - 13/01/2025 21:30:00","BZN|FR","Without Sequence","122.59","",""
"13/01/2025 21:30:00 - 13/01/2025 21:45:00","BZN|FR","Without Sequence","122.59","",""
"13/01/2025 21:45:00 - 13/01/2025 22:00:00","BZN|FR","Without Sequence","122.59","",""
"13/01/2025 22:00:00 - 13/01/2025 22:15:00","BZN|FR","Without Sequence","121.41","",""
"13/01/2025 22:15:00 - 13/01/2025 22:30:00","BZN|FR","Without Sequence","121.41","",""
"13/01/2025 22:30:00 - 13/01/2025 22:45:00","BZN|FR","Without Sequence","121.41","",""
"13/01/2025 22:45:00 - 13/01/2025 23:00:00","BZN|FR","Without Sequence","121.41","",""
"13/01/2025 23:00:00 - 13/01/2025 23:15:00","BZN|FR","Without Sequence","120.10","",""
"13/01/2025 23:15:00 - 13/01/2025 23:30:00","BZN|FR","Without Sequence","120.10","",""
"13/01/2025 23:30:00 - 13/01/2025 23:45:00","BZN|FR","Without Sequence","120.10","",""
"13/01/2025 23:45:00 - 14/01/2025 00:00:00","BZN|FR","Without Sequence","120.10","",""
"14/01/2025 00:00:00 - 14/01/2025 00:15:00","BZN|FR","Without Sequence","122.19","",""
"14/01/2025 00:15:00 - 14/01/2025 00:30:00","BZN|FR","Without Sequence","122.19","",""
"14/01/2025 00:30:00 - 14/01/2025 00:45:00","BZN|FR","Without Sequence","122.19","",""
"14/01/2025 00:45:00 - 14/01/2025 01:00:00","BZN|FR","Without Sequence","122.19","",""
"14/01/2025 01:00:00 - 14/01/2025 01:15:00","BZN|FR","Without Sequence","117.67","",""
"14/01/2025 01:15:00 - 14/01/2025 01:30:00","BZN|FR","Without Sequence","117.67","",""
"14/01/2025 01:30:00 - 14/01/2025 01:45:00","BZN|FR","Without Sequence","117.67","",""
"14/01/2025 01:45:00 - 14/01/2025 02:00:00","BZN|FR","Without Sequence","117.67","",""
"14/01/2025 02:00:00 - 14/01/2025 02:15:00","BZN|FR","Without Sequence","114.53","",""
"14/01/2025 02:15:00 - 14/01/2025 02:30:00","BZN|FR","Without Sequence","114.53","",""
"14/01/2025 02:30:00 - 14/01/2025 02:45:00","BZN|FR","Without Sequence","114.53","",""
"14/01/2025 02:45:00 - 14/01/2025 03:00:00","BZN|FR","Without Sequence","114.53","",""
"14/01/2025 03:00:00 - 14/01/2025 03:15:00","BZN|FR","Without Sequence","112.20","",""
"14/01/2025 03:15:00 - 14/01/2025 03:30:00","BZN|FR","Without Sequence","112.20","",""
"14/01/2025 03:30:00 - 14/01/2025 03:45:00","BZN|FR","Without Sequence","112.20","",""
"14/01/2025 03:45:00 - 14/01/2025 04:00:00","BZN|FR","Without Sequence","112.20","",""
"14/01/2025 04:00:00 - 14/01/2025 04:15:00","BZN|FR","Without Sequence","112.20","",""
"14/01/2025 04:15:00 - 14/01/2025 04:30:00","BZN|FR","Without Sequence","112.20","",""
"14/01/2025 04:30:00 - 14/01/2025 04:45:00","BZN|FR","Without Sequence","112.20","",""
"14/01/2025 04:45:00 - 14/01/2025 05:00:00","BZN|FR","Without Sequence","112.20","",""
"14/01/2025 05:00:00 - 14/01/2025 05:15:00","BZN|FR","Without Sequence","114.34","",""
"14/01/2025 05:15:00 - 14/01/2025 05:30:00","BZN|FR","Without Sequence","114.34","",""
"14/01/2025 05:30:00 - 14/01/2025 05:45:00","BZN|FR","Without Sequence","114.34","",""
"14/01/2025 05:45:00 - 14/01/2025 06:00:00","BZN|FR","Without Sequence","114.34","",""
"14/01/2025 06:00:00 - 14/01/2025 06:15:00","BZN|FR","Without Sequence","138.52","",""
"14/01/2025 06:15:00 - 14/01/2025 06:30:00","BZN|FR","Without Sequence","138.52","",""
"14/01/2025 06:30:00 - 14/01/2025 06:45:00","BZN|FR","Without Sequence","138.52","",""
"14/01/2025 06:45:00 - 14/01/2025 07:00:00","BZN|FR","Without Sequence","138.52","",""
"14/01/2025 07:00:00 - 14/01/2025 07:15:00","BZN|FR","Without Sequence","161.02","",""
"14/01/2025 07:15:00 - 14/01/2025 07:30:00","BZN|FR","Without Sequence","161.02","",""
"14/01/2025 07:30:00 - 14/01/2025 07:45:00","BZN|FR","Without Sequence","161.02","",""
"14/01/2025 07:45:00 - 14/01/2025 08:00:00","BZN|FR","Without Sequence","161.02","",""
"14/01/2025 08:00:00 - 14/01/2025 08:15:00","BZN|FR","Without Sequence","186.54","",""
"14/01/2025 08:15:00 - 14/01/2025 08:30:00","BZN|FR","Without Sequence","186.54","",""
"14/01/2025 08:30:00 - 14/01/2025 08:45:00","BZN|FR","Without Sequence","186.54","",""
"14/01/2025 08:45:00 - 14/01/2025 09:00:00","BZN|FR","Without Sequence","186.54","",""
"14/01/2025 09:00:00 - 14/01/2025 09:15:00","BZN|FR","Without Sequence","152.47","",""
"14/01/2025 09:15:00 - 14/01/2025 09:30:00","BZN|FR","Without Sequence","152.47","",""
"14/01/2025 09:30:00 - 14/01/2025 09:45:00","BZN|FR","Without Sequence","152.47","",""
"14/01/2025 09:45:00 - 14/01/2025 10:00:00","BZN|FR","Without Sequence","152.47","",""
"14/01/2025 10:00:00 - 14/01/2025 10:15:00","BZN|FR","Without Sequence","133.76","",""
"14/01/2025 10:15:00 - 14/01/2025 10:30:00","BZN|FR","Without Sequence","133.76","",""
"14/01/2025 10:30:00 - 14/01/2025 10:45:00","BZN|FR","Without Sequence","133.76","",""
"14/01/2025 10:45:00 - 14/01/2025 11:00:00","BZN|FR","Without Sequence","133.76","",""
"14/01/2025 11:00:00 - 14/01/2025 11:15:00","BZN|FR","Without Sequence","114.53","",""
"14/01/2025 11:15:00 - 14/01/2025 11:30:00","BZN|FR","Without Sequence","114.53","",""
"14/01/2025 11:30:00 - 14/01/2025 11:45:00","BZN|FR","Without Sequence","114.53","",""
"14/01/2025 11:45:00 - 14/01/2025 12:00:00","BZN|FR","Without Sequence","114.53","",""
"14/01/2025 12:00:00 - 14/01/2025 12:15:00","BZN|FR","Without Sequence","112.37","",""
"14/01/2025 12:15:00 - 14/01/2025 12:30:00","BZN|FR","Without Sequence","112.37","",""
"14/01/2025 12:30:00 - 14/01/2025 12:45:00","BZN|FR","Without Sequence","112.37","",""
"14/01/2025 12:45:00 - 14/01/2025 13:00:00","BZN|FR","Without Sequence","112.37","",""
"14/01/2025 13:00:00 - 14/01/2025 13:15:00","BZN|FR","Without Sequence","111.63","",""
"14/01/2025 13:15:00 - 14/01/2025 13:30:00","BZN|FR","Without Sequence","111.63","",""
"14/01/2025 13:30:00 - 14/01/2025 13:45:00","BZN|FR","Without Sequence","111.63","",""
"14/01/2025 13:45:00 - 14/01/2025 14:00:00","BZN|FR","Without Sequence","111.63","",""
"14/01/2025 14:00:00 - 14/01/2025 14:15:00","BZN|FR","Without Sequence","116.44","",""
"14/01/2025 14:15:00 - 14/01/2025 14:30:00","BZN|FR","Without Sequence","116.44","",""
"14/01/2025 14:30:00 - 14/01/2025 14:45:00","BZN|FR","Without Sequence","116.44","",""
"14/01/2025 14:45:00 - 14/01/2025 15:00:00","BZN|FR","Without Sequence","116.44","",""
"14/01/2025 15:00:00 - 14/01/2025 15:15:00","BZN|FR","Without Sequence","129.11","",""
"14/01/2025 15:15:00 - 14/01/2025 15:30:00","BZN|FR","Without Sequence","129.11","",""
"14/01/2025 15:30:00 - 14/01/2025 15:45:00","BZN|FR","Without Sequence","129.11","",""
"14/01/2025 15:45:00 - 14/01/2025 16:00:00","BZN|FR","Without Sequence","129.11","",""
"14/01/2025 16:00:00 - 14/01/2025 16:15:00","BZN|FR","Without Sequence","145.13","",""
"14/01/2025 16:15:00 - 14/01/2025 16:30:00","BZN|FR","Without Sequence","145.13","",""
"14/01/2025 16:30:00 - 14/01/2025 16:45:00","BZN|FR","Without Sequence","145.13","",""
"14/01/2025 16:45:00 - 14/01/2025 17:00:00","BZN|FR","Without Sequence","145.13","",""
"14/01/2025 17:00:00 - 14/01/2025 17:15:00","BZN|FR","Without Sequence","169.66","",""
"14/01/2025 17:15:00 - 14/01/2025 17:30:00","BZN|FR","Without Sequence","169.66","",""
"14/01/2025 17:30:00 - 14/01/2025 17:45:00","BZN|FR","Without Sequence","169.66","",""
"14/01/2025 17:45:00 - 14/01/2025 18:00:00","BZN|FR","Without Sequence","169.66","",""
"14/01/2025 18:00:00 - 14/01/2025 18:15:00","BZN|FR","Without Sequence","188.31","",""
"14/01/2025 18:15:00 - 14/01/2025 18:30:00","BZN|FR","Without Sequence","188.31","",""
"14/01/2025 18:30:00 - 14/01/2025 18:45:00","BZN|FR","Without Sequence","188.31","",""
"14/01/2025 18:45:00 - 14/01/2025 19:00:00","BZN|FR","Without Sequence","188.31","",""
"14/01/2025 19:00:00 - 14/01/2025 19:15:00","BZN|FR","Without Sequence","189.54","",""
"14/01/2025 19:15:00 - 14/01/2025 19:30:00","BZN|FR","Without Sequence","189.54","",""
"14/01/2025 19:30:00 - 14/01/2025 19:45:00","BZN|FR","Without Sequence","189.54","",""
"14/01/2025 19:45:00 - 14/01/2025 20:00:00","BZN|FR","Without Sequence","189.54","",""
"14/01/2025 20:00:00 - 14/01/2025 20:15:00","BZN|FR","Without Sequence","154.00","",""
"14/01/2025 20:15:00 - 14/01/2025 20:30:00","BZN|FR","Without Sequence","154.00","",""
"14/01/2025 20:30:00 - 14/01/2025 20:45:00","BZN|FR","Without Sequence","154.00","",""
"14/01/2025 20:45:00 - 14/01/2025 21:00:00","BZN|FR","Without Sequence","154.00","",""
"14/01/2025 21:00:00 - 14/01/2025 21:15:00","BZN|FR","Without Sequence","127.62","",""
"14/01/2025 21:15:00 - 14/01/2025 21:30:00","BZN|FR","Without Sequence","127.62","",""
"14/01/2025 21:30:00 - 14/01/2025 21:45:00","BZN|FR","Without Sequence","127.62","",""
"14/01/2025 21:45:00 - 14/01/2025 22:00:00","BZN|FR","Without Sequence","127.62","",""
"14/01/2025 22:00:00 - 14/01/2025 22:15:00","BZN|FR","Without Sequence","135.31","",""
"14/01/2025 22:15:00 - 14/01/2025 22:30:00","BZN|FR","Without Sequence","135.31","",""
"14/01/2025 22:30:00 - 14/01/2025 22:45:00","BZN|FR","Without Sequence","135.31","",""
"14/01/2025 22:45:00 - 14/01/2025 23:00:00","BZN|FR","Without Sequence","135.31","",""
"14/01/2025 23:00:00 - 14/01/2025 23:15:00","BZN|FR","Without Sequence","122.27","",""
"14/01/2025 23:15:00 - 14/01/2025 23:30:00","BZN|FR","Without Sequence","122.27","",""
"14/01/2025 23:30:00 - 14/01/2025 23:45:00","BZN|FR","Without Sequence","122.27","",""
"14/01/2025 23:45:00 - 15/01/2025 00:00:00","BZN|FR","Without Sequence","122.27","",""
"15/01/2025 00:00:00 - 15/01/2025 00:15:00","BZN|FR","Without Sequence","119.33","",""
"15/01/2025 00:15:00 - 15/01/2025 00:30:00","BZN|FR","Without Sequence","119.33","",""
"15/01/2025 00:30:00 - 15/01/2025 00:45:00","BZN|FR","Without Sequence","119.33","",""
"15/01/2025 00:45:00 - 15/01/2025 01:00:00","BZN|FR","Without Sequence","119.33","",""
"15/01/2025 01:00:00 - 15/01/2025 01:15:00","BZN|FR","Without Sequence","122.40","",""
"15/01/2025 01:15:00 - 15/01/2025 01:30:00","BZN|FR","Without Sequence","122.40","",""
"15/01/2025 01:30:00 - 15/01/2025 01:45:00","BZN|FR","Without Sequence","122.40","",""
"15/01/2025 01:45:00 - 15/01/2025 02:00:00","BZN|FR","Without Sequence","122.40","",""
"15/01/2025 02:00:00 - 15/01/2025 02:15:00","BZN|FR","Without Sequence","118.60","",""
"15/01/2025 02:15:00 - 15/01/2025 02:30:00","BZN|FR","Without Sequence","118.60","",""
"15/01/2025 02:30:00 - 15/01/2025 02:45:00","BZN|FR","Without Sequence","118.60","",""
"15/01/2025 02:45:00 - 15/01/2025 03:00:00","BZN|FR","Without Sequence","118.60","",""
"15/01/2025 03:00:00 - 15/01/2025 03:15:00","BZN|FR","Without Sequence","109.76","",""
"15/01/2025 03:15:00 - 15/01/2025 03:30:00","BZN|FR","Without Sequence","109.76","",""
"15/01/2025 03:30:00 - 15/01/2025 03:45:00","BZN|FR","Without Sequence","109.76","",""
"15/01/2025 03:45:00 - 15/01/2025 04:00:00","BZN|FR","Without Sequence","109.76","",""
"15/01/2025 04:00:00 - 15/01/2025 04:15:00","BZN|FR","Without Sequence","111.77","",""
"15/01/2025 04:15:00 - 15/01/2025 04:30:00","BZN|FR","Without Sequence","111.77","",""
"15/01/2025 04:30:00 - 15/01/2025 04:45:00","BZN|FR","Without Sequence","111.77","",""
"15/01/2025 04:45:00 - 15/01/2025 05:00:00","BZN|FR","Without Sequence","111.77","",""
"15/01/2025 05:00:00 - 15/01/2025 05:15:00","BZN|FR","Without Sequence","118.13","",""
"15/01/2025 05:15:00 - 15/01/2025 05:30:00","BZN|FR","Without Sequence","118.13","",""
"15/01/2025 05:30:00 - 15/01/2025 05:45:00","BZN|FR","Without Sequence","118.13","",""
"15/01/2025 05:45:00 - 15/01/2025 06:00:00","BZN|FR","Without Sequence","118.13","",""
"15/01/2025 06:00:00 - 15/01/2025 06:15:00","BZN|FR","Without Sequence","135.56","",""
"15/01/2025 06:15:00 - 15/01/2025 06:30:00","BZN|FR","Without Sequence","135.56","",""
"15/01/2025 06:30:00 - 15/01/2025 06:45:00","BZN|FR","Without Sequence","135.56","",""
"15/01/2025 06:45:00 - 15/01/2025 07:00:00","BZN|FR","Without Sequence","135.56","",""
"15/01/2025 07:00:00 - 15/01/2025 07:15:00","BZN|FR","Without Sequence","192.04","",""
"15/01/2025 07:15:00 - 15/01/2025 07:30:00","BZN|FR","Without Sequence","192.04","",""
"15/01/2025 07:30:00 - 15/01/2025 07:45:00","BZN|FR","Without Sequence","192.04","",""
"15/01/2025 07:45:00 - 15/01/2025 08:00:00","BZN|FR","Without Sequence","192.04","",""
"15/01/2025 08:00:00 - 15/01/2025 08:15:00","BZN|FR","Without Sequence","275.00","",""
"15/01/2025 08:15:00 - 15/01/2025 08:30:00","BZN|FR","Without Sequence","275.00","",""
"15/01/2025 08:30:00 - 15/01/2025 08:45:00","BZN|FR","Without Sequence","275.00","",""
"15/01/2025 08:45:00 - 15/01/2025 09:00:00","BZN|FR","Without Sequence","275.00","",""
"15/01/2025 09:00:00 - 15/01/2025 09:15:00","BZN|FR","Without Sequence","250.00","",""
"15/01/2025 09:15:00 - 15/01/2025 09:30:00","BZN|FR","Without Sequence","250.00","",""
"15/01/2025 09:30:00 - 15/01/2025 09:45:00","BZN|FR","Without Sequence","250.00","",""
"15/01/2025 09:45:00 - 15/01/2025 10:00:00","BZN|FR","Without Sequence","250.00","",""
"15/01/2025 10:00:00 - 15/01/2025 10:15:00","BZN|FR","Without Sequence","179.56","",""
"15/01/2025 10:15:00 - 15/01/2025 10:30:00","BZN|FR","Without Sequence","179.56","",""
"15/01/2025 10:30:00 - 15/01/2025 10:45:00","BZN|FR","Without Sequence","179.56","",""
"15/01/2025 10:45:00 - 15/01/2025 11:00:00","BZN|FR","Without Sequence","179.56","",""
"15/01/2025 11:00:00 - 15/01/2025 11:15:00","BZN|FR","Without Sequence","169.10","",""
"15/01/2025 11:15:00 - 15/01/2025 11:30:00","BZN|FR","Without Sequence","169.10","",""
"15/01/2025 11:30:00 - 15/01/2025 11:45:00","BZN|FR","Without Sequence","169.10","",""
"15/01/2025 11:45:00 - 15/01/2025 12:00:00","BZN|FR","Without Sequence","169.10","",""
"15/01/2025 12:00:00 - 15/01/2025 12:15:00","BZN|FR","Without Sequence","166.26","",""
"15/01/2025 12:15:00 - 15/01/2025 12:30:00","BZN|FR","Without Sequence","166.26","",""
"15/01/2025 12:30:00 - 15/01/2025 12:45:00","BZN|FR","Without Sequence","166.26","",""
"15/01/2025 12:45:00 - 15/01/2025 13:00:00","BZN|FR","Without Sequence","166.26","",""
"15/01/2025 13:00:00 - 15/01/2025 13:15:00","BZN|FR","Without Sequence","156.64","",""
"15/01/2025 13:15:00 - 15/01/2025 13:30:00","BZN|FR","Without Sequence","156.64","",""
"15/01/2025 13:30:00 - 15/01/2025 13:45:00","BZN|FR","Without Sequence","156.64","",""
"15/01/2025 13:45:00 - 15/01/2025 14:00:00","BZN|FR","Without Sequence","156.64","",""
"15/01/2025 14:00:00 - 15/01/2025 14:15:00","BZN|FR","Without Sequence","143.49","",""
"15/01/2025 14:15:00 - 15/01/2025 14:30:00","BZN|FR","Without Sequence","143.49","",""
"15/01/2025 14:30:00 - 15/01/2025 14:45:00","BZN|FR","Without Sequence","143.49","",""
"15/01/2025 14:45:00 - 15/01/2025 15:00:00","BZN|FR","Without Sequence","143.49","",""
"15/01/2025 15:00:00 - 15/01/2025 15:15:00","BZN|FR","Without Sequence","140.65","",""
"15/01/2025 15:15:00 - 15/01/2025 15:30:00","BZN|FR","Without Sequence","140.65","",""
"15/01/2025 15:30:00 - 15/01/2025 15:45:00","BZN|FR","Without Sequence","140.65","",""
"15/01/2025 15:45:00 - 15/01/2025 16:00:00","BZN|FR","Without Sequence","140.65","",""
"15/01/2025 16:00:00 - 15/01/2025 16:15:00","BZN|FR","Without Sequence","135.00","",""
"15/01/2025 16:15:00 - 15/01/2025 16:30:00","BZN|FR","Without Sequence","135.00","",""
"15/01/2025 16:30:00 - 15/01/2025 16:45:00","BZN|FR","Without Sequence","135.00","",""
"15/01/2025 16:45:00 - 15/01/2025 17:00:00","BZN|FR","Without Sequence","135.00","",""
"15/01/2025 17:00:00 - 15/01/2025 17:15:00","BZN|FR","Without Sequence","191.02","",""
"15/01/2025 17:15:00 - 15/01/2025 17:30:00","BZN|FR","Without Sequence","191.02","",""
"15/01/2025 17:30:00 - 15/01/2025 17:45:00","BZN|FR","Without Sequence","191.02","",""
"15/01/2025 17:45:00 - 15/01/2025 18:00:00","BZN|FR","Without Sequence","191.02","",""
"15/01/2025 18:00:00 - 15/01/2025 18:15:00","BZN|FR","Without Sequence","221.91","",""
"15/01/2025 18:15:00 - 15/01/2025 18:30:00","BZN|FR","Without Sequence","221.91","",""
"15/01/2025 18:30:00 - 15/01/2025 18:45:00","BZN|FR","Without Sequence","221.91","",""
"15/01/2025 18:45:00 - 15/01/2025 19:00:00","BZN|FR","Without Sequence","221.91","",""
"15/01/2025 19:00:00 - 15/01/2025 19:15:00","BZN|FR","Without Sequence","215.00","",""
"15/01/2025 19:15:00 - 15/01/2025 19:30:00","BZN|FR","Without Sequence","215.00","",""
"15/01/2025 19:30:00 - 15/01/2025 19:45:00","BZN|FR","Without Sequence","215.00","",""
"15/01/2025 19:45:00 - 15/01/2025 20:00:00","BZN|FR","Without Sequence","215.00","",""
"15/01/2025 20:00:00 - 15/01/2025 20:15:00","BZN|FR","Without Sequence","168.78","",""
"15/01/2025 20:15:00 - 15/01/2025 20:30:00","BZN|FR","Without Sequence","168.78","",""
"15/01/2025 20:30:00 - 15/01/2025 20:45:00","BZN|FR","Without Sequence","168.78","",""
"15/01/2025 20:45:00 - 15/01/2025 21:00:00","BZN|FR","Without Sequence","168.78","",""
"15/01/2025 21:00:00 - 15/01/2025 21:15:00","BZN|FR","Without Sequence","150.97","",""
"15/01/2025 21:15:00 - 15/01/2025 21:30:00","BZN|FR","Without Sequence","150.97","",""
"15/01/2025 21:30:00 - 15/01/2025 21:45:00","BZN|FR","Without Sequence","150.97","",""
"15/01/2025 21:45:00 - 15/01/2025 22:00:00","BZN|FR","Without Sequence","150.97","",""
"15/01/2025 22:00:00 - 15/01/2025 22:15:00","BZN|FR","Without Sequence","138.77","",""
"15/01/2025 22:15:00 - 15/01/2025 22:30:00","BZN|FR","Without Sequence","138.77","",""
"15/01/2025 22:30:00 - 15/01/2025 22:45:00","BZN|FR","Without Sequence","138.77","",""
"15/01/2025 22:45:00 - 15/01/2025 23:00:00","BZN|FR","Without Sequence","138.77","",""
"15/01/2025 23:00:00 - 15/01/2025 23:15:00","BZN|FR","Without Sequence","123.90","",""
"15/01/2025 23:15:00 - 15/01/2025 23:30:00","BZN|FR","Without Sequence","123.90","",""
"15/01/2025 23:30:00 - 15/01/2025 23:45:00","BZN|FR","Without Sequence","123.90","",""
"15/01/2025 23:45:00 - 16/01/2025 00:00:00","BZN|FR","Without Sequence","123.90","",""
"16/01/2025 00:00:00 - 16/01/2025 00:15:00","BZN|FR","Without Sequence","124.33","",""
"16/01/2025 00:15:00 - 16/01/2025 00:30:00","BZN|FR","Without Sequence","124.33","",""
"16/01/2025 00:30:00 - 16/01/2025 00:45:00","BZN|FR","Without Sequence","124.33","",""
"16/01/2025 00:45:00 - 16/01/2025 01:00:00","BZN|FR","Without Sequence","124.33","",""
"16/01/2025 01:00:00 - 16/01/2025 01:15:00","BZN|FR","Without Sequence","118.41","",""
"16/01/2025 01:15:00 - 16/01/2025 01:30:00","BZN|FR","Without Sequence","118.41","",""
"16/01/2025 01:30:00 - 16/01/2025 01:45:00","BZN|FR","Without Sequence","118.41","",""
"16/01/2025 01:45:00 - 16/01/2025 02:00:00","BZN|FR","Without Sequence","118.41","",""
"16/01/2025 02:00:00 - 16/01/2025 02:15:00","BZN|FR","Without Sequence","114.00","",""
"16/01/2025 02:15:00 - 16/01/2025 02:30:00","BZN|FR","Without Sequence","114.00","",""
"16/01/2025 02:30:00 - 16/01/2025 02:45:00","BZN|FR","Without Sequence","114.00","",""
"16/01/2025 02:45:00 - 16/01/2025 03:00:00","BZN|FR","Without Sequence","114.00","",""
"16/01/2025 03:00:00 - 16/01/2025 03:15:00","BZN|FR","Without Sequence","108.58","",""
"16/01/2025 03:15:00 - 16/01/2025 03:30:00","BZN|FR","Without Sequence","108.58","",""
"16/01/2025 03:30:00 - 16/01/2025 03:45:00","BZN|FR","Without Sequence","108.58","",""
"16/01/2025 03:45:00 - 16/01/2025 04:00:00","BZN|FR","Without Sequence","108.58","",""
"16/01/2025 04:00:00 - 16/01/2025 04:15:00","BZN|FR","Without Sequence","108.59","",""
"16/01/2025 04:15:00 - 16/01/2025 04:30:00","BZN|FR","Without Sequence","108.59","",""
"16/01/2025 04:30:00 - 16/01/2025 04:45:00","BZN|FR","Without Sequence","108.59","",""
"16/01/2025 04:45:00 - 16/01/2025 05:00:00","BZN|FR","Without Sequence","108.59","",""
"16/01/2025 05:00:00 - 16/01/2025 05:15:00","BZN|FR","Without Sequence","118.10","",""
"16/01/2025 05:15:00 - 16/01/2025 05:30:00","BZN|FR","Without Sequence","118.10","",""
"16/01/2025 05:30:00 - 16/01/2025 05:45:00","BZN|FR","Without Sequence","118.10","",""
"16/01/2025 05:45:00 - 16/01/2025 06:00:00","BZN|FR","Without Sequence","118.10","",""
"16/01/2025 06:00:00 - 16/01/2025 06:15:00","BZN|FR","Without Sequence","130.80","",""
"16/01/2025 06:15:00 - 16/01/2025 06:30:00","BZN|FR","Without Sequence","130.80","",""
"16/01/2025 06:30:00 - 16/01/2025 06:45:00","BZN|FR","Without Sequence","130.80","",""
"16/01/2025 06:45:00 - 16/01/2025 07:00:00","BZN|FR","Without Sequence","130.80","",""
"16/01/2025 07:00:00 - 16/01/2025 07:15:00","BZN|FR","Without Sequence","148.04","",""
"16/01/2025 07:15:00 - 16/01/2025 07:30:00","BZN|FR","Without Sequence","148.04","",""
"16/01/2025 07:30:00 - 16/01/2025 07:45:00","BZN|FR","Without Sequence","148.04","",""
"16/01/2025 07:45:00 - 16/01/2025 08:00:00","BZN|FR","Without Sequence","148.04","",""
"16/01/2025 08:00:00 - 16/01/2025 08:15:00","BZN|FR","Without Sequence","199.94","",""
"16/01/2025 08:15:00 - 16/01/2025 08:30:00","BZN|FR","Without Sequence","199.94","",""
"16/01/2025 08:30:00 - 16/01/2025 08:45:00","BZN|FR","Without Sequence","199.94","",""
"16/01/2025 08:45:00 - 16/01/2025 09:00:00","BZN|FR","Without Sequence","199.94","",""
"16/01/2025 09:00:00 - 16/01/2025 09:15:00","BZN|FR","Without Sequence","175.00","",""
"16/01/2025 09:15:00 - 16/01/2025 09:30:00","BZN|FR","Without Sequence","175.00","",""
"16/01/2025 09:30:00 - 16/01/2025 09:45:00","BZN|FR","Without Sequence","175.00","",""
"16/01/2025 09:45:00 - 16/01/2025 10:00:00","BZN|FR","Without Sequence","175.00","",""
"16/01/2025 10:00:00 - 16/01/2025 10:15:00","BZN|FR","Without Sequence","151.90","",""
"16/01/2025 10:15:00 - 16/01/2025 10:30:00","BZN|FR","Without Sequence","151.90","",""
"16/01/2025 10:30:00 - 16/01/2025 10:45:00","BZN|FR","Without Sequence","151.90","",""
"16/01/2025 10:45:00 - 16/01/2025 11:00:00","BZN|FR","Without Sequence","151.90","",""
"16/01/2025 11:00:00 - 16/01/2025 11:15:00","BZN|FR","Without Sequence","140.64","",""
"16/01/2025 11:15:00 - 16/01/2025 11:30:00","BZN|FR","Without Sequence","140.64","",""
"16/01/2025 11:30:00 - 16/01/2025 11:45:00","BZN|FR","Without Sequence","140.64","",""
"16/01/2025 11:45:00 - 16/01/2025 12:00:00","BZN|FR","Without Sequence","140.64","",""
"16/01/2025 12:00:00 - 16/01/2025 12:15:00","BZN|FR","Without Sequence","131.13","",""
"16/01/2025 12:15:00 - 16/01/2025 12:30:00","BZN|FR","Without Sequence","131.13","",""
"16/01/2025 12:30:00 - 16/01/2025 12:45:00","BZN|FR","Without Sequence","131.13","",""
"16/01/2025 12:45:00 - 16/01/2025 13:00:00","BZN|FR","Without Sequence","131.13","",""
"16/01/2025 13:00:00 - 16/01/2025 13:15:00","BZN|FR","Without Sequence","123.84","",""
"16/01/2025 13:15:00 - 16/01/2025 13:30:00","BZN|FR","Without Sequence","123.84","",""
"16/01/2025 13:30:00 - 16/01/2025 13:45:00","BZN|FR","Without Sequence","123.84","",""
"16/01/2025 13:45:00 - 16/01/2025 14:00:00","BZN|FR","Without Sequence","123.84","",""
"16/01/2025 14:00:00 - 16/01/2025 14:15:00","BZN|FR","Without Sequence","115.14","",""
"16/01/2025 14:15:00 - 16/01/2025 14:30:00","BZN|FR","Without Sequence","115.14","",""
"16/01/2025 14:30:00 - 16/01/2025 14:45:00","BZN|FR","Without Sequence","115.14","",""
"16/01/2025 14:45:00 - 16/01/2025 15:00:00","BZN|FR","Without Sequence","115.14","",""
"16/01/2025 15:00:00 - 16/01/2025 15:15:00","BZN|FR","Without Sequence","119.64","",""
"16/01/2025 15:15:00 - 16/01/2025 15:30:00","BZN|FR","Without Sequence","119.64","",""
"16/01/2025 15:30:00 - 16/01/2025 15:45:00","BZN|FR","Without Sequence","119.64","",""
"16/01/2025 15:45:00 - 16/01/2025 16:00:00","BZN|FR","Without Sequence","119.64","",""
"16/01/2025 16:00:00 - 16/01/2025 16:15:00","BZN|FR","Without Sequence","137.69","",""
"16/01/2025 16:15:00 - 16/01/2025 16:30:00","BZN|FR","Without Sequence","137.69","",""
"16/01/2025 16:30:00 - 16/01/2025 16:45:00","BZN|FR","Without Sequence","137.69","",""
"16/01/2025 16:45:00 - 16/01/2025 17:00:00","BZN|FR","Without Sequence","137.69","",""
"16/01/2025 17:00:00 - 16/01/2025 17:15:00","BZN|FR","Without Sequence","164.77","",""
"16/01/2025 17:15:00 - 16/01/2025 17:30:00","BZN|FR","Without Sequence","164.77","",""
"16/01/2025 17:30:00 - 16/01/2025 17:45:00","BZN|FR","Without Sequence","164.77","",""
"16/01/2025 17:45:00 - 16/01/2025 18:00:00","BZN|FR","Without Sequence","164.77","",""
"16/01/2025 18:00:00 - 16/01/2025 18:15:00","BZN|FR","Without Sequence","184.32","",""
"16/01/2025 18:15:00 - 16/01/2025 18:30:00","BZN|FR","Without Sequence","184.32","",""
"16/01/2025 18:30:00 - 16/01/2025 18:45:00","BZN|FR","Without Sequence","184.32","",""
"16/01/2025 18:45:00 - 16/01/2025 19:00:00","BZN|FR","Without Sequence","184.32","",""
"16/01/2025 19:00:00 - 16/01/2025 19:15:00","BZN|FR","Without Sequence","179.97","",""
"16/01/2025 19:15:00 - 16/01/2025 19:30:00","BZN|FR","Without Sequence","179.97","",""
"16/01/2025 19:30:00 - 16/01/2025 19:45:00","BZN|FR","Without Sequence","179.97","",""
"16/01/2025 19:45:00 - 16/01/2025 20:00:00","BZN|FR","Without Sequence","179.97","",""
"16/01/2025 20:00:00 - 16/01/2025 20:15:00","BZN|FR","Without Sequence","159.60","",""
"16/01/2025 20:15:00 - 16/01/2025 20:30:00","BZN|FR","Without Sequence","159.60","",""
"16/01/2025 20:30:00 - 16/01/2025 20:45:00","BZN|FR","Without Sequence","159.60","",""
"16/01/2025 20:45:00 - 16/01/2025 21:00:00","BZN|FR","Without Sequence","159.60","",""
"16/01/2025 21:00:00 - 16/01/2025 21:15:00","BZN|FR","Without Sequence","142.32","",""
"16/01/2025 21:15:00 - 16/01/2025 21:30:00","BZN|FR","Without Sequence","142.32","",""
"16/01/2025 21:30:00 - 16/01/2025 21:45:00","BZN|FR","Without Sequence","142.32","",""
"16/01/2025 21:45:00 - 16/01/2025 22:00:00","BZN|FR","Without Sequence","142.32","",""
"16/01/2025 22:00:00 - 16/01/2025 22:15:00","BZN|FR","Without Sequence","136.02","",""
"16/01/2025 22:15:00 - 16/01/2025 22:30:00","BZN|FR","Without Sequence","136.02","",""
"16/01/2025 22:30:00 - 16/01/2025 22:45:00","BZN|FR","Without Sequence","136.02","",""
"16/01/2025 22:45:00 - 16/01/2025 23:00:00","BZN|FR","Without Sequence","136.02","",""
"16/01/2025 23:00:00 - 16/01/2025 23:15:00","BZN|FR","Without Sequence","124.44","",""
"16/01/2025 23:15:00 - 16/01/2025 23:30:00","BZN|FR","Without Sequence","124.44","",""
"16/01/2025 23:30:00 - 16/01/2025 23:45:00","BZN|FR","Without Sequence","124.44","",""
"16/01/2025 23:45:00 - 17/01/2025 00:00:00","BZN|FR","Without Sequence","124.44","",""
"17/01/2025 00:00:00 - 17/01/2025 00:15:00","BZN|FR","Without Sequence","124.83","",""
"17/01/2025 00:15:00 - 17/01/2025 00:30:00","BZN|FR","Without Sequence","124.83","",""
"17/01/2025 00:30:00 - 17/01/2025 00:45:00","BZN|FR","Without Sequence","124.83","",""
"17/01/2025 00:45:00 - 17/01/2025 01:00:00","BZN|FR","Without Sequence","124.83","",""
"17/01/2025 01:00:00 - 17/01/2025 01:15:00","BZN|FR","Without Sequence","121.32","",""
"17/01/2025 01:15:00 - 17/01/2025 01:30:00","BZN|FR","Without Sequence","121.32","",""
"17/01/2025 01:30:00 - 17/01/2025 01:45:00","BZN|FR","Without Sequence","121.32","",""
"17/01/2025 01:45:00 - 17/01/2025 02:00:00","BZN|FR","Without Sequence","121.32","",""
"17/01/2025 02:00:00 - 17/01/2025 02:15:00","BZN|FR","Without Sequence","118.20","",""
"17/01/2025 02:15:00 - 17/01/2025 02:30:00","BZN|FR","Without Sequence","118.20","",""
"17/01/2025 02:30:00 - 17/01/2025 02:45:00","BZN|FR","Without Sequence","118.20","",""
"17/01/2025 02:45:00 - 17/01/2025 03:00:00","BZN|FR","Without Sequence","118.20","",""
"17/01/2025 03:00:00 - 17/01/2025 03:15:00","BZN|FR","Without Sequence","117.49","",""
"17/01/2025 03:15:00 - 17/01/2025 03:30:00","BZN|FR","Without Sequence","117.49","",""
"17/01/2025 03:30:00 - 17/01/2025 03:45:00","BZN|FR","Without Sequence","117.49","",""
"17/01/2025 03:45:00 - 17/01/2025 04:00:00","BZN|FR","Without Sequence","117.49","",""
"17/01/2025 04:00:00 - 17/01/2025 04:15:00","BZN|FR","Without Sequence","117.26","",""
"17/01/2025 04:15:00 - 17/01/2025 04:30:00","BZN|FR","Without Sequence","117.26","",""
"17/01/2025 04:30:00 - 17/01/2025 04:45:00","BZN|FR","Without Sequence","117.26","",""
"17/01/2025 04:45:00 - 17/01/2025 05:00:00","BZN|FR","Without Sequence","117.26","",""
"17/01/2025 05:00:00 - 17/01/2025 05:15:00","BZN|FR","Without Sequence","119.99","",""
"17/01/2025 05:15:00 - 17/01/2025 05:30:00","BZN|FR","Without Sequence","119.99","",""
"17/01/2025 05:30:00 - 17/01/2025 05:45:00","BZN|FR","Without Sequence","119.99","",""
"17/01/2025 05:45:00 - 17/01/2025 06:00:00","BZN|FR","Without Sequence","119.99","",""
"17/01/2025 06:00:00 - 17/01/2025 06:15:00","BZN|FR","Without Sequence","140.80","",""
"17/01/2025 06:15:00 - 17/01/2025 06:30:00","BZN|FR","Without Sequence","140.80","",""
"17/01/2025 06:30:00 - 17/01/2025 06:45:00","BZN|FR","Without Sequence","140.80","",""
"17/01/2025 06:45:00 - 17/01/2025 07:00:00","BZN|FR","Without Sequence","140.80","",""
"17/01/2025 07:00:00 - 17/01/2025 07:15:00","BZN|FR","Without Sequence","175.01","",""
"17/01/2025 07:15:00 - 17/01/2025 07:30:00","BZN|FR","Without Sequence","175.01","",""
"17/01/2025 07:30:00 - 17/01/2025 07:45:00","BZN|FR","Without Sequence","175.01","",""
"17/01/2025 07:45:00 - 17/01/2025 08:00:00","BZN|FR","Without Sequence","175.01","",""
"17/01/2025 08:00:00 - 17/01/2025 08:15:00","BZN|FR","Without Sequence","208.13","",""
"17/01/2025 08:15:00 - 17/01/2025 08:30:00","BZN|FR","Without Sequence","208.13","",""
"17/01/2025 08:30:00 - 17/01/2025 08:45:00","BZN|FR","Without Sequence","208.13","",""
"17/01/2025 08:45:00 - 17/01/2025 09:00:00","BZN|FR","Without Sequence","208.13","",""
"17/01/2025 09:00:00 - 17/01/2025 09:15:00","BZN|FR","Without Sequence","175.34","",""
"17/01/2025 09:15:00 - 17/01/2025 09:30:00","BZN|FR","Without Sequence","175.34","",""
"17/01/2025 09:30:00 - 17/01/2025 09:45:00","BZN|FR","Without Sequence","175.34","",""
"17/01/2025 09:45:00 - 17/01/2025 10:00:00","BZN|FR","Without Sequence","175.34","",""
"17/01/2025 10:00:00 - 17/01/2025 10:15:00","BZN|FR","Without Sequence","149.39","",""
"17/01/2025 10:15:00 - 17/01/2025 10:30:00","BZN|FR","Without Sequence","149.39","",""
"17/01/2025 10:30:00 - 17/01/2025 10:45:00","BZN|FR","Without Sequence","149.39","",""
"17/01/2025 10:45:00 - 17/01/2025 11:00:00","BZN|FR","Without Sequence","149.39","",""
"17/01/2025 11:00:00 - 17/01/2025 11:15:00","BZN|FR","Without Sequence","136.00","",""
"17/01/2025 11:15:00 - 17/01/2025 11:30:00","BZN|FR","Without Sequence","136.00","",""
"17/01/2025 11:30:00 - 17/01/2025 11:45:00","BZN|FR","Without Sequence","136.00","",""
"17/01/2025 11:45:00 - 17/01/2025 12:00:00","BZN|FR","Without Sequence","136.00","",""
"17/01/2025 12:00:00 - 17/01/2025 12:15:00","BZN|FR","Without Sequence","126.44","",""
"17/01/2025 12:15:00 - 17/01/2025 12:30:00","BZN|FR","Without Sequence","126.44","",""
"17/01/2025 12:30:00 - 17/01/2025 12:45:00","BZN|FR","Without Sequence","126.44","",""
"17/01/2025 12:45:00 - 17/01/2025 13:00:00","BZN|FR","Without Sequence","126.44","",""
"17/01/2025 13:00:00 - 17/01/2025 13:15:00","BZN|FR","Without Sequence","124.03","",""
"17/01/2025 13:15:00 - 17/01/2025 13:30:00","BZN|FR","Without Sequence","124.03","",""
"17/01/2025 13:30:00 - 17/01/2025 13:45:00","BZN|FR","Without Sequence","124.03","",""
"17/01/2025 13:45:00 - 17/01/2025 14:00:00","BZN|FR","Without Sequence","124.03","",""
"17/01/2025 14:00:00 - 17/01/2025 14:15:00","BZN|FR","Without Sequence","119.51","",""
"17/01/2025 14:15:00 - 17/01/2025 14:30:00","BZN|FR","Without Sequence","119.51","",""
"17/01/2025 14:30:00 - 17/01/2025 14:45:00","BZN|FR","Without Sequence","119.51","",""
"17/01/2025 14:45:00 - 17/01/2025 15:00:00","BZN|FR","Without Sequence","119.51","",""
"17/01/2025 15:00:00 - 17/01/2025 15:15:00","BZN|FR","Without Sequence","120.02","",""
"17/01/2025 15:15:00 - 17/01/2025 15:30:00","BZN|FR","Without Sequence","120.02","",""
"17/01/2025 15:30:00 - 17/01/2025 15:45:00","BZN|FR","Without Sequence","120.02","",""
"17/01/2025 15:45:00 - 17/01/2025 16:00:00","BZN|FR","Without Sequence","120.02","",""
"17/01/2025 16:00:00 - 17/01/2025 16:15:00","BZN|FR","Without Sequence","138.02","",""
"17/01/2025 16:15:00 - 17/01/2025 16:30:00","BZN|FR","Without Sequence","138.02","",""
"17/01/2025 16:30:00 - 17/01/2025 16:45:00","BZN|FR","Without Sequence","138.02","",""
"17/01/2025 16:45:00 - 17/01/2025 17:00:00","BZN|FR","Without Sequence","138.02","",""
"17/01/2025 17:00:00 - 17/01/2025 17:15:00","BZN|FR","Without Sequence","172.31","",""
"17/01/2025 17:15:00 - 17/01/2025 17:30:00","BZN|FR","Without Sequence","172.31","",""
"17/01/2025 17:30:00 - 17/01/2025 17:45:00","BZN|FR","Without Sequence","172.31","",""
"17/01/2025 17:45:00 - 17/01/2025 18:00:00","BZN|FR","Without Sequence","172.31","",""
"17/01/2025 18:00:00 - 17/01/2025 18:15:00","BZN|FR","Without Sequence","179.92","",""
"17/01/2025 18:15:00 - 17/01/2025 18:30:00","BZN|FR","Without Sequence","179.92","",""
"17/01/2025 18:30:00 - 17/01/2025 18:45:00","BZN|FR","Without Sequence","179.92","",""
"17/01/2025 18:45:00 - 17/01/2025 19:00:00","BZN|FR","Without Sequence","179.92","",""
"17/01/2025 19:00:00 - 17/01/2025 19:15:00","BZN|FR","Without Sequence","174.22","",""
"17/01/2025 19:15:00 - 17/01/2025 19:30:00","BZN|FR","Without Sequence","174.22","",""
"17/01/2025 19:30:00 - 17/01/2025 19:45:00","BZN|FR","Without Sequence","174.22","",""
"17/01/2025 19:45:00 - 17/01/2025 20:00:00","BZN|FR","Without Sequence","174.22","",""
"17/01/2025 20:00:00 - 17/01/2025 20:15:00","BZN|FR","Without Sequence","157.91","",""
"17/01/2025 20:15:00 - 17/01/2025 20:30:00","BZN|FR","Without Sequence","157.91","",""
"17/01/2025 20:30:00 - 17/01/2025 20:45:00","BZN|FR","Without Sequence","157.91","",""
"17/01/2025 20:45:00 - 17/01/2025 21:00:00","BZN|FR","Without Sequence","157.91","",""
"17/01/2025 21:00:00 - 17/01/2025 21:15:00","BZN|FR","Without Sequence","145.00","",""
"17/01/2025 21:15:00 - 17/01/2025 21:30:00","BZN|FR","Without Sequence","145.00","",""
"17/01/2025 21:30:00 - 17/01/2025 21:45:00","BZN|FR","Without Sequence","145.00","",""
"17/01/2025 21:45:00 - 17/01/2025 22:00:00","BZN|FR","Without Sequence","145.00","",""
"17/01/2025 22:00:00 - 17/01/2025 22:15:00","BZN|FR","Without Sequence","139.97","",""
"17/01/2025 22:15:00 - 17/01/2025 22:30:00","BZN|FR","Without Sequence","139.97","",""
"17/01/2025 22:30:00 - 17/01/2025 22:45:00","BZN|FR","Without Sequence","139.97","",""
"17/01/2025 22:45:00 - 17/01/2025 23:00:00","BZN|FR","Without Sequence","139.97","",""
"17/01/2025 23:00:00 - 17/01/2025 23:15:00","BZN|FR","Without Sequence","127.05","",""
"17/01/2025 23:15:00 - 17/01/2025 23:30:00","BZN|FR","Without Sequence","127.05","",""
"17/01/2025 23:30:00 - 17/01/2025 23:45:00","BZN|FR","Without Sequence","127.05","",""
"17/01/2025 23:45:00 - 18/01/2025 00:00:00","BZN|FR","Without Sequence","127.05","",""
"18/01/2025 00:00:00 - 18/01/2025 00:15:00","BZN|FR","Without Sequence","125.46","",""
"18/01/2025 00:15:00 - 18/01/2025 00:30:00","BZN|FR","Without Sequence","125.46","",""
"18/01/2025 00:30:00 - 18/01/2025 00:45:00","BZN|FR","Without Sequence","125.46","",""
"18/01/2025 00:45:00 - 18/01/2025 01:00:00","BZN|FR","Without Sequence","125.46","",""
"18/01/2025 01:00:00 - 18/01/2025 01:15:00","BZN|FR","Without Sequence","121.08","",""
"18/01/2025 01:15:00 - 18/01/2025 01:30:00","BZN|FR","Without Sequence","121.08","",""
"18/01/2025 01:30:00 - 18/01/2025 01:45:00","BZN|FR","Without Sequence","121.08","",""
"18/01/2025 01:45:00 - 18/01/2025 02:00:00","BZN|FR","Without Sequence","121.08","",""
"18/01/2025 02:00:00 - 18/01/2025 02:15:00","BZN|FR","Without Sequence","121.06","",""
"18/01/2025 02:15:00 - 18/01/2025 02:30:00","BZN|FR","Without Sequence","121.06","",""
"18/01/2025 02:30:00 - 18/01/2025 02:45:00","BZN|FR","Without Sequence","121.06","",""
"18/01/2025 02:45:00 - 18/01/2025 03:00:00","BZN|FR","Without Sequence","121.06","",""
"18/01/2025 03:00:00 - 18/01/2025 03:15:00","BZN|FR","Without Sequence","118.86","",""
"18/01/2025 03:15:00 - 18/01/2025 03:30:00","BZN|FR","Without Sequence","118.86","",""
"18/01/2025 03:30:00 - 18/01/2025 03:45:00","BZN|FR","Without Sequence","118.86","",""
"18/01/2025 03:45:00 - 18/01/2025 04:00:00","BZN|FR","Without Sequence","118.86","",""
"18/01/2025 04:00:00 - 18/01/2025 04:15:00","BZN|FR","Without Sequence","116.56","",""
"18/01/2025 04:15:00 - 18/01/2025 04:30:00","BZN|FR","Without Sequence","116.56","",""
"18/01/2025 04:30:00 - 18/01/2025 04:45:00","BZN|FR","Without Sequence","116.56","",""
"18/01/2025 04:45:00 - 18/01/2025 05:00:00","BZN|FR","Without Sequence","116.56","",""
"18/01/2025 05:00:00 - 18/01/2025 05:15:00","BZN|FR","Without Sequence","119.78","",""
"18/01/2025 05:15:00 - 18/01/2025 05:30:00","BZN|FR","Without Sequence","119.78","",""
"18/01/2025 05:30:00 - 18/01/2025 05:45:00","BZN|FR","Without Sequence","119.78","",""
"18/01/2025 05:45:00 - 18/01/2025 06:00:00","BZN|FR","Without Sequence","119.78","",""
"18/01/2025 06:00:00 - 18/01/2025 06:15:00","BZN|FR","Without Sequence","120.00","",""
"18/01/2025 06:15:00 - 18/01/2025 06:30:00","BZN|FR","Without Sequence","120.00","",""
"18/01/2025 06:30:00 - 18/01/2025 06:45:00","BZN|FR","Without Sequence","120.00","",""
"18/01/2025 06:45:00 - 18/01/2025 07:00:00","BZN|FR","Without Sequence","120.00","",""
"18/01/2025 07:00:00 - 18/01/2025 07:15:00","BZN|FR","Without Sequence","133.80","",""
"18/01/2025 07:15:00 - 18/01/2025 07:30:00","BZN|FR","Without Sequence","133.80","",""
"18/01/2025 07:30:00 - 18/01/2025 07:45:00","BZN|FR","Without Sequence","133.80","",""
"18/01/2025 07:45:00 - 18/01/2025 08:00:00","BZN|FR","Without Sequence","133.80","",""
"18/01/2025 08:00:00 - 18/01/2025 08:15:00","BZN|FR","Without Sequence","145.69","",""
"18/01/2025 08:15:00 - 18/01/2025 08:30:00","BZN|FR","Without Sequence","145.69","",""
"18/01/2025 08:30:00 - 18/01/2025 08:45:00","BZN|FR","Without Sequence","145.69","",""
"18/01/2025 08:45:00 - 18/01/2025 09:00:00","BZN|FR","Without Sequence","145.69","",""
"18/01/2025 09:00:00 - 18/01/2025 09:15:00","BZN|FR","Without Sequence","144.10","",""
"18/01/2025 09:15:00 - 18/01/2025 09:30:00","BZN|FR","Without Sequence","144.10","",""
"18/01/2025 09:30:00 - 18/01/2025 09:45:00","BZN|FR","Without Sequence","144.10","",""
"18/01/2025 09:45:00 - 18/01/2025 10:00:00","BZN|FR","Without Sequence","144.10","",""
"18/01/2025 10:00:00 - 18/01/2025 10:15:00","BZN|FR","Without Sequence","131.70","",""
"18/01/2025 10:15:00 - 18/01/2025 10:30:00","BZN|FR","Without Sequence","131.70","",""
"18/01/2025 10:30:00 - 18/01/2025 10:45:00","BZN|FR","Without Sequence","131.70","",""
"18/01/2025 10:45:00 - 18/01/2025 11:00:00","BZN|FR","Without Sequence","131.70","",""
"18/01/2025 11:00:00 - 18/01/2025 11:15:00","BZN|FR","Without Sequence","121.60","",""
"18/01/2025 11:15:00 - 18/01/2025 11:30:00","BZN|FR","Without Sequence","121.60","",""
"18/01/2025 11:30:00 - 18/01/2025 11:45:00","BZN|FR","Without Sequence","121.60","",""
"18/01/2025 11:45:00 - 18/01/2025 12:00:00","BZN|FR","Without Sequence","121.60","",""
"18/01/2025 12:00:00 - 18/01/2025 12:15:00","BZN|FR","Without Sequence","118.87","",""
"18/01/2025 12:15:00 - 18/01/2025 12:30:00","BZN|FR","Without Sequence","118.87","",""
"18/01/2025 12:30:00 - 18/01/2025 12:45:00","BZN|FR","Without Sequence","118.87","",""
"18/01/2025 12:45:00 - 18/01/2025 13:00:00","BZN|FR","Without Sequence","118.87","",""
"18/01/2025 13:00:00 - 18/01/2025 13:15:00","BZN|FR","Without Sequence","115.01","",""
"18/01/2025 13:15:00 - 18/01/2025 13:30:00","BZN|FR","Without Sequence","115.01","",""
"18/01/2025 13:30:00 - 18/01/2025 13:45:00","BZN|FR","Without Sequence","115.01","",""
"18/01/2025 13:45:00 - 18/01/2025 14:00:00","BZN|FR","Without Sequence","115.01","",""
"18/01/2025 14:00:00 - 18/01/2025 14:15:00","BZN|FR","Without Sequence","117.28","",""
"18/01/2025 14:15:00 - 18/01/2025 14:30:00","BZN|FR","Without Sequence","117.28","",""
"18/01/2025 14:30:00 - 18/01/2025 14:45:00","BZN|FR","Without Sequence","117.28","",""
"18/01/2025 14:45:00 - 18/01/2025 15:00:00","BZN|FR","Without Sequence","117.28","",""
"18/01/2025 15:00:00 - 18/01/2025 15:15:00","BZN|FR","Without Sequence","113.97","",""
"18/01/2025 15:15:00 - 18/01/2025 15:30:00","BZN|FR","Without Sequence","113.97","",""
"18/01/2025 15:30:00 - 18/01/2025 15:45:00","BZN|FR","Without Sequence","113.97","",""
"18/01/2025 15:45:00 - 18/01/2025 16:00:00","BZN|FR","Without Sequence","113.97","",""
"18/01/2025 16:00:00 - 18/01/2025 16:15:00","BZN|FR","Without Sequence","120.90","",""
"18/01/2025 16:15:00 - 18/01/2025 16:30:00","BZN|FR","Without Sequence","120.90","",""
"18/01/2025 16:30:00 - 18/01/2025 16:45:00","BZN|FR","Without Sequence","120.90","",""
"18/01/2025 16:45:00 - 18/01/2025 17:00:00","BZN|FR","Without Sequence","120.90","",""
"18/01/2025 17:00:00 - 18/01/2025 17:15:00","BZN|FR","Without Sequence","145.65","",""
"18/01/2025 17:15:00 - 18/01/2025 17:30:00","BZN|FR","Without Sequence","145.65","",""
"18/01/2025 17:30:00 - 18/01/2025 17:45:00","BZN|FR","Without Sequence","145.65","",""
"18/01/2025 17:45:00 - 18/01/2025 18:00:00","BZN|FR","Without Sequence","145.65","",""
"18/01/2025 18:00:00 - 18/01/2025 18:15:00","BZN|FR","Without Sequence","167.57","",""
"18/01/2025 18:15:00 - 18/01/2025 18:30:00","BZN|FR","Without Sequence","167.57","",""
"18/01/2025 18:30:00 - 18/01/2025 18:45:00","BZN|FR","Without Sequence","167.57","",""
"18/01/2025 18:45:00 - 18/01/2025 19:00:00","BZN|FR","Without Sequence","167.57","",""
"18/01/2025 19:00:00 - 18/01/2025 19:15:00","BZN|FR","Without Sequence","167.85","",""
"18/01/2025 19:15:00 - 18/01/2025 19:30:00","BZN|FR","Without Sequence","167.85","",""
"18/01/2025 19:30:00 - 18/01/2025 19:45:00","BZN|FR","Without Sequence","167.85","",""
"18/01/2025 19:45:00 - 18/01/2025 20:00:00","BZN|FR","Without Sequence","167.85","",""
"18/01/2025 20:00:00 - 18/01/2025 20:15:00","BZN|FR","Without Sequence","156.12","",""
"18/01/2025 20:15:00 - 18/01/2025 20:30:00","BZN|FR","Without Sequence","156.12","",""
"18/01/2025 20:30:00 - 18/01/2025 20:45:00","BZN|FR","Without Sequence","156.12","",""
"18/01/2025 20:45:00 - 18/01/2025 21:00:00","BZN|FR","Without Sequence","156.12","",""
"18/01/2025 21:00:00 - 18/01/2025 21:15:00","BZN|FR","Without Sequence","143.42","",""
"18/01/2025 21:15:00 - 18/01/2025 21:30:00","BZN|FR","Without Sequence","143.42","",""
"18/01/2025 21:30:00 - 18/01/2025 21:45:00","BZN|FR","Without Sequence","143.42","",""
"18/01/2025 21:45:00 - 18/01/2025 22:00:00","BZN|FR","Without Sequence","143.42","",""
"18/01/2025 22:00:00 - 18/01/2025 22:15:00","BZN|FR","Without Sequence","136.40","",""
"18/01/2025 22:15:00 - 18/01/2025 22:30:00","BZN|FR","Without Sequence","136.40","",""
"18/01/2025 22:30:00 - 18/01/2025 22:45:00","BZN|FR","Without Sequence","136.40","",""
"18/01/2025 22:45:00 - 18/01/2025 23:00:00","BZN|FR","Without Sequence","136.40","",""
"18/01/2025 23:00:00 - 18/01/2025 23:15:00","BZN|FR","Without Sequence","129.36","",""
"18/01/2025 23:15:00 - 18/01/2025 23:30:00","BZN|FR","Without Sequence","129.36","",""
"18/01/2025 23:30:00 - 18/01/2025 23:45:00","BZN|FR","Without Sequence","129.36","",""
"18/01/2025 23:45:00 - 19/01/2025 00:00:00","BZN|FR","Without Sequence","129.36","",""
"19/01/2025 00:00:00 - 19/01/2025 00:15:00","BZN|FR","Without Sequence","129.77","",""
"19/01/2025 00:15:00 - 19/01/2025 00:30:00","BZN|FR","Without Sequence","129.77","",""
"19/01/2025 00:30:00 - 19/01/2025 00:45:00","BZN|FR","Without Sequence","129.77","",""
"19/01/2025 00:45:00 - 19/01/2025 01:00:00","BZN|FR","Without Sequence","129.77","",""
"19/01/2025 01:00:00 - 19/01/2025 01:15:00","BZN|FR","Without Sequence","124.35","",""
"19/01/2025 01:15:00 - 19/01/2025 01:30:00","BZN|FR","Without Sequence","124.35","",""
"19/01/2025 01:30:00 - 19/01/2025 01:45:00","BZN|FR","Without Sequence","124.35","",""
"19/01/2025 01:45:00 - 19/01/2025 02:00:00","BZN|FR","Without Sequence","124.35","",""
"19/01/2025 02:00:00 - 19/01/2025 02:15:00","BZN|FR","Without Sequence","123.17","",""
"19/01/2025 02:15:00 - 19/01/2025 02:30:00","BZN|FR","Without Sequence","123.17","",""
"19/01/2025 02:30:00 - 19/01/2025 02:45:00","BZN|FR","Without Sequence","123.17","",""
"19/01/2025 02:45:00 - 19/01/2025 03:00:00","BZN|FR","Without Sequence","123.17","",""
"19/01/2025 03:00:00 - 19/01/2025 03:15:00","BZN|FR","Without Sequence","121.24","",""
"19/01/2025 03:15:00 - 19/01/2025 03:30:00","BZN|FR","Without Sequence","121.24","",""
"19/01/2025 03:30:00 - 19/01/2025 03:45:00","BZN|FR","Without Sequence","121.24","",""
"19/01/2025 03:45:00 - 19/01/2025 04:00:00","BZN|FR","Without Sequence","121.24","",""
"19/01/2025 04:00:00 - 19/01/2025 04:15:00","BZN|FR","Without Sequence","120.18","",""
"19/01/2025 04:15:00 - 19/01/2025 04:30:00","BZN|FR","Without Sequence","120.18","",""
"19/01/2025 04:30:00 - 19/01/2025 04:45:00","BZN|FR","Without Sequence","120.18","",""
"19/01/2025 04:45:00 - 19/01/2025 05:00:00","BZN|FR","Without Sequence","120.18","",""
"19/01/2025 05:00:00 - 19/01/2025 05:15:00","BZN|FR","Without Sequence","120.00","",""
"19/01/2025 05:15:00 - 19/01/2025 05:30:00","BZN|FR","Without Sequence","120.00","",""
"19/01/2025 05:30:00 - 19/01/2025 05:45:00","BZN|FR","Without Sequence","120.00","",""
"19/01/2025 05:45:00 - 19/01/2025 06:00:00","BZN|FR","Without Sequence","120.00","",""
"19/01/2025 06:00:00 - 19/01/2025 06:15:00","BZN|FR","Without Sequence","121.59","",""
"19/01/2025 06:15:00 - 19/01/2025 06:30:00","BZN|FR","Without Sequence","121.59","",""
"19/01/2025 06:30:00 - 19/01/2025 06:45:00","BZN|FR","Without Sequence","121.59","",""
"19/01/2025 06:45:00 - 19/01/2025 07:00:00","BZN|FR","Without Sequence","121.59","",""
"19/01/2025 07:00:00 - 19/01/2025 07:15:00","BZN|FR","Without Sequence","123.47","",""
"19/01/2025 07:15:00 - 19/01/2025 07:30:00","BZN|FR","Without Sequence","123.47","",""
"19/01/2025 07:30:00 - 19/01/2025 07:45:00","BZN|FR","Without Sequence","123.47","",""
"19/01/2025 07:45:00 - 19/01/2025 08:00:00","BZN|FR","Without Sequence","123.47","",""
"19/01/2025 08:00:00 - 19/01/2025 08:15:00","BZN|FR","Without Sequence","123.61","",""
"19/01/2025 08:15:00 - 19/01/2025 08:30:00","BZN|FR","Without Sequence","123.61","",""
"19/01/2025 08:30:00 - 19/01/2025 08:45:00","BZN|FR","Without Sequence","123.61","",""
"19/01/2025 08:45:00 - 19/01/2025 09:00:00","BZN|FR","Without Sequence","123.61","",""
"19/01/2025 09:00:00 - 19/01/2025 09:15:00","BZN|FR","Without Sequence","125.33","",""
"19/01/2025 09:15:00 - 19/01/2025 09:30:00","BZN|FR","Without Sequence","125.33","",""
"19/01/2025 09:30:00 - 19/01/2025 09:45:00","BZN|FR","Without Sequence","125.33","",""
"19/01/2025 09:45:00 - 19/01/2025 10:00:00","BZN|FR","Without Sequence","125.33","",""
"19/01/2025 10:00:00 - 19/01/2025 10:15:00","BZN|FR","Without Sequence","125.43","",""
"19/01/2025 10:15:00 - 19/01/2025 10:30:00","BZN|FR","Without Sequence","125.43","",""
"19/01/2025 10:30:00 - 19/01/2025 10:45:00","BZN|FR","Without Sequence","125.43","",""
"19/01/2025 10:45:00 - 19/01/2025 11:00:00","BZN|FR","Without Sequence","125.43","",""
"19/01/2025 11:00:00 - 19/01/2025 11:15:00","BZN|FR","Without Sequence","122.16","",""
"19/01/2025 11:15:00 - 19/01/2025 11:30:00","BZN|FR","Without Sequence","122.16","",""
"19/01/2025 11:30:00 - 19/01/2025 11:45:00","BZN|FR","Without Sequence","122.16","",""
"19/01/2025 11:45:00 - 19/01/2025 12:00:00","BZN|FR","Without Sequence","122.16","",""
"19/01/2025 12:00:00 - 19/01/2025 12:15:00","BZN|FR","Without Sequence","112.25","",""
"19/01/2025 12:15:00 - 19/01/2025 12:30:00","BZN|FR","Without Sequence","112.25","",""
"19/01/2025 12:30:00 - 19/01/2025 12:45:00","BZN|FR","Without Sequence","112.25","",""
"19/01/2025 12:45:00 - 19/01/2025 13:00:00","BZN|FR","Without Sequence","112.25","",""
"19/01/2025 13:00:00 - 19/01/2025 13:15:00","BZN|FR","Without Sequence","107.51","",""
"19/01/2025 13:15:00 - 19/01/2025 13:30:00","BZN|FR","Without Sequence","107.51","",""
"19/01/2025 13:30:00 - 19/01/2025 13:45:00","BZN|FR","Without Sequence","107.51","",""
"19/01/2025 13:45:00 - 19/01/2025 14:00:00","BZN|FR","Without Sequence","107.51","",""
"19/01/2025 14:00:00 - 19/01/2025 14:15:00","BZN|FR","Without Sequence","116.81","",""
"19/01/2025 14:15:00 - 19/01/2025 14:30:00","BZN|FR","Without Sequence","116.81","",""
"19/01/2025 14:30:00 - 19/01/2025 14:45:00","BZN|FR","Without Sequence","116.81","",""
"19/01/2025 14:45:00 - 19/01/2025 15:00:00","BZN|FR","Without Sequence","116.81","",""
"19/01/2025 15:00:00 - 19/01/2025 15:15:00","BZN|FR","Without Sequence","113.41","",""
"19/01/2025 15:15:00 - 19/01/2025 15:30:00","BZN|FR","Without Sequence","113.41","",""
"19/01/2025 15:30:00 - 19/01/2025 15:45:00","BZN|FR","Without Sequence","113.41","",""
"19/01/2025 15:45:00 - 19/01/2025 16:00:00","BZN|FR","Without Sequence","113.41","",""
"19/01/2025 16:00:00 - 19/01/2025 16:15:00","BZN|FR","Without Sequence","120.74","",""
"19/01/2025 16:15:00 - 19/01/2025 16:30:00","BZN|FR","Without Sequence","120.74","",""
"19/01/2025 16:30:00 - 19/01/2025 16:45:00","BZN|FR","Without Sequence","120.74","",""
"19/01/2025 16:45:00 - 19/01/2025 17:00:00","BZN|FR","Without Sequence","120.74","",""
"19/01/2025 17:00:00 - 19/01/2025 17:15:00","BZN|FR","Without Sequence","143.04","",""
"19/01/2025 17:15:00 - 19/01/2025 17:30:00","BZN|FR","Without Sequence","143.04","",""
"19/01/2025 17:30:00 - 19/01/2025 17:45:00","BZN|FR","Without Sequence","143.04","",""
"19/01/2025 17:45:00 - 19/01/2025 18:00:00","BZN|FR","Without Sequence","143.04","",""
"19/01/2025 18:00:00 - 19/01/2025 18:15:00","BZN|FR","Without Sequence","159.68","",""
"19/01/2025 18:15:00 - 19/01/2025 18:30:00","BZN|FR","Without Sequence","159.68","",""
"19/01/2025 18:30:00 - 19/01/2025 18:45:00","BZN|FR","Without Sequence","159.68","",""
"19/01/2025 18:45:00 - 19/01/2025 19:00:00","BZN|FR","Without Sequence","159.68","",""
"19/01/2025 19:00:00 - 19/01/2025 19:15:00","BZN|FR","Without Sequence","157.33","",""
"19/01/2025 19:15:00 - 19/01/2025 19:30:00","BZN|FR","Without Sequence","157.33","",""
"19/01/2025 19:30:00 - 19/01/2025 19:45:00","BZN|FR","Without Sequence","157.33","",""
"19/01/2025 19:45:00 - 19/01/2025 20:00:00","BZN|FR","Without Sequence","157.33","",""
"19/01/2025 20:00:00 - 19/01/2025 20:15:00","BZN|FR","Without Sequence","150.03","",""
"19/01/2025 20:15:00 - 19/01/2025 20:30:00","BZN|FR","Without Sequence","150.03","",""
"19/01/2025 20:30:00 - 19/01/2025 20:45:00","BZN|FR","Without Sequence","150.03","",""
"19/01/2025 20:45:00 - 19/01/2025 21:00:00","BZN|FR","Without Sequence","150.03","",""
"19/01/2025 21:00:00 - 19/01/2025 21:15:00","BZN|FR","Without Sequence","140.38","",""
"19/01/2025 21:15:00 - 19/01/2025 21:30:00","BZN|FR","Without Sequence","140.38","",""
"19/01/2025 21:30:00 - 19/01/2025 21:45:00","BZN|FR","Without Sequence","140.38","",""
"19/01/2025 21:45:00 - 19/01/2025 22:00:00","BZN|FR","Without Sequence","140.38","",""
"19/01/2025 22:00:00 - 19/01/2025 22:15:00","BZN|FR","Without Sequence","131.56","",""
"19/01/2025 22:15:00 - 19/01/2025 22:30:00","BZN|FR","Without Sequence","131.56","",""
"19/01/2025 22:30:00 - 19/01/2025 22:45:00","BZN|FR","Without Sequence","131.56","",""
"19/01/2025 22:45:00 - 19/01/2025 23:00:00","BZN|FR","Without Sequence","131.56","",""
"19/01/2025 23:00:00 - 19/01/2025 23:15:00","BZN|FR","Without Sequence","123.12","",""
"19/01/2025 23:15:00 - 19/01/2025 23:30:00","BZN|FR","Without Sequence","123.12","",""
"19/01/2025 23:30:00 - 19/01/2025 23:45:00","BZN|FR","Without Sequence","123.12","",""
"19/01/2025 23:45:00 - 20/01/2025 00:00:00","BZN|FR","Without Sequence","123.12","",""
"20/01/2025 00:00:00 - 20/01/2025 00:15:00","BZN|FR","Without Sequence","122.30","",""
"20/01/2025 00:15:00 - 20/01/2025 00:30:00","BZN|FR","Without Sequence","122.30","",""
"20/01/2025 00:30:00 - 20/01/2025 00:45:00","BZN|FR","Without Sequence","122.30","",""
"20/01/2025 00:45:00 - 20/01/2025 01:00:00","BZN|FR","Without Sequence","122.30","",""
"20/01/2025 01:00:00 - 20/01/2025 01:15:00","BZN|FR","Without Sequence","119.50","",""
"20/01/2025 01:15:00 - 20/01/2025 01:30:00","BZN|FR","Without Sequence","119.50","",""
"20/01/2025 01:30:00 - 20/01/2025 01:45:00","BZN|FR","Without Sequence","119.50","",""
"20/01/2025 01:45:00 - 20/01/2025 02:00:00","BZN|FR","Without Sequence","119.50","",""
"20/01/2025 02:00:00 - 20/01/2025 02:15:00","BZN|FR","Without Sequence","116.57","",""
"20/01/2025 02:15:00 - 20/01/2025 02:30:00","BZN|FR","Without Sequence","116.57","",""
"20/01/2025 02:30:00 - 20/01/2025 02:45:00","BZN|FR","Without Sequence","116.57","",""
"20/01/2025 02:45:00 - 20/01/2025 03:00:00","BZN|FR","Without Sequence","116.57","",""
"20/01/2025 03:00:00 - 20/01/2025 03:15:00","BZN|FR","Without Sequence","114.41","",""
"20/01/2025 03:15:00 - 20/01/2025 03:30:00","BZN|FR","Without Sequence","114.41","",""
"20/01/2025 03:30:00 - 20/01/2025 03:45:00","BZN|FR","Without Sequence","114.41","",""
"20/01/2025 03:45:00 - 20/01/2025 04:00:00","BZN|FR","Without Sequence","114.41","",""
"20/01/2025 04:00:00 - 20/01/2025 04:15:00","BZN|FR","Without Sequence","115.45","",""
"20/01/2025 04:15:00 - 20/01/2025 04:30:00","BZN|FR","Without Sequence","115.45","",""
"20/01/2025 04:30:00 - 20/01/2025 04:45:00","BZN|FR","Without Sequence","115.45","",""
"20/01/2025 04:45:00 - 20/01/2025 05:00:00","BZN|FR","Without Sequence","115.45","",""
"20/01/2025 05:00:00 - 20/01/2025 05:15:00","BZN|FR","Without Sequence","116.10","",""
"20/01/2025 05:15:00 - 20/01/2025 05:30:00","BZN|FR","Without Sequence","116.10","",""
"20/01/2025 05:30:00 - 20/01/2025 05:45:00","BZN|FR","Without Sequence","116.10","",""
"20/01/2025 05:45:00 - 20/01/2025 06:00:00","BZN|FR","Without Sequence","116.10","",""
"20/01/2025 06:00:00 - 20/01/2025 06:15:00","BZN|FR","Without Sequence","137.33","",""
"20/01/2025 06:15:00 - 20/01/2025 06:30:00","BZN|FR","Without Sequence","137.33","",""
"20/01/2025 06:30:00 - 20/01/2025 06:45:00","BZN|FR","Without Sequence","137.33","",""
"20/01/2025 06:45:00 - 20/01/2025 07:00:00","BZN|FR","Without Sequence","137.33","",""
"20/01/2025 07:00:00 - 20/01/2025 07:15:00","BZN|FR","Without Sequence","190.26","",""
"20/01/2025 07:15:00 - 20/01/2025 07:30:00","BZN|FR","Without Sequence","190.26","",""
"20/01/2025 07:30:00 - 20/01/2025 07:45:00","BZN|FR","Without Sequence","190.26","",""
"20/01/2025 07:45:00 - 20/01/2025 08:00:00","BZN|FR","Without Sequence","190.26","",""
"20/01/2025 08:00:00 - 20/01/2025 08:15:00","BZN|FR","Without Sequence","289.00","",""
"20/01/2025 08:15:00 - 20/01/2025 08:30:00","BZN|FR","Without Sequence","289.00","",""
"20/01/2025 08:30:00 - 20/01/2025 08:45:00","BZN|FR","Without Sequence","289.00","",""
"20/01/2025 08:45:00 - 20/01/2025 09:00:00","BZN|FR","Without Sequence","289.00","",""
"20/01/2025 09:00:00 - 20/01/2025 09:15:00","BZN|FR","Without Sequence","289.00","",""
"20/01/2025 09:15:00 - 20/01/2025 09:30:00","BZN|FR","Without Sequence","289.00","",""
"20/01/2025 09:30:00 - 20/01/2025 09:45:00","BZN|FR","Without Sequence","289.00","",""
"20/01/2025 09:45:00 - 20/01/2025 10:00:00","BZN|FR","Without Sequence","289.00","",""
"20/01/2025 10:00:00 - 20/01/2025 10:15:00","BZN|FR","Without Sequence","236.29","",""
"20/01/2025 10:15:00 - 20/01/2025 10:30:00","BZN|FR","Without Sequence","236.29","",""
"20/01/2025 10:30:00 - 20/01/2025 10:45:00","BZN|FR","Without Sequence","236.29","",""
"20/01/2025 10:45:00 - 20/01/2025 11:00:00","BZN|FR","Without Sequence","236.29","",""
"20/01/2025 11:00:00 - 20/01/2025 11:15:00","BZN|FR","Without Sequence","188.28","",""
"20/01/2025 11:15:00 - 20/01/2025 11:30:00","BZN|FR","Without Sequence","188.28","",""
"20/01/2025 11:30:00 - 20/01/2025 11:45:00","BZN|FR","Without Sequence","188.28","",""
"20/01/2025 11:45:00 - 20/01/2025 12:00:00","BZN|FR","Without Sequence","188.28","",""
"20/01/2025 12:00:00 - 20/01/2025 12:15:00","BZN|FR","Without Sequence","176.50","",""
"20/01/2025 12:15:00 - 20/01/2025 12:30:00","BZN|FR","Without Sequence","176.50","",""
"20/01/2025 12:30:00 - 20/01/2025 12:45:00","BZN|FR","Without Sequence","176.50","",""
"20/01/2025 12:45:00 - 20/01/2025 13:00:00","BZN|FR","Without Sequence","176.50","",""
"20/01/2025 13:00:00 - 20/01/2025 13:15:00","BZN|FR","Without Sequence","171.39","",""
"20/01/2025 13:15:00 - 20/01/2025 13:30:00","BZN|FR","Without Sequence","171.39","",""
"20/01/2025 13:30:00 - 20/01/2025 13:45:00","BZN|FR","Without Sequence","171.39","",""
"20/01/2025 13:45:00 - 20/01/2025 14:00:00","BZN|FR","Without Sequence","171.39","",""
"20/01/2025 14:00:00 - 20/01/2025 14:15:00","BZN|FR","Without Sequence","182.73","",""
"20/01/2025 14:15:00 - 20/01/2025 14:30:00","BZN|FR","Without Sequence","182.73","",""
"20/01/2025 14:30:00 - 20/01/2025 14:45:00","BZN|FR","Without Sequence","182.73","",""
"20/01/2025 14:45:00 - 20/01/2025 15:00:00","BZN|FR","Without Sequence","182.73","",""
"20/01/2025 15:00:00 - 20/01/2025 15:15:00","BZN|FR","Without Sequence","193.39","",""
"20/01/2025 15:15:00 - 20/01/2025 15:30:00","BZN|FR","Without Sequence","193.39","",""
"20/01/2025 15:30:00 - 20/01/2025 15:45:00","BZN|FR","Without Sequence","193.39","",""
"20/01/2025 15:45:00 - 20/01/2025 16:00:00","BZN|FR","Without Sequence","193.39","",""
"20/01/2025 16:00:00 - 20/01/2025 16:15:00","BZN|FR","Without Sequence","235.00","",""
"20/01/2025 16:15:00 - 20/01/2025 16:30:00","BZN|FR","Without Sequence","235.00","",""
"20/01/2025 16:30:00 - 20/01/2025 16:45:00","BZN|FR","Without Sequence","235.00","",""
"20/01/2025 16:45:00 - 20/01/2025 17:00:00","BZN|FR","Without Sequence","235.00","",""
"20/01/2025 17:00:00 - 20/01/2025 17:15:00","BZN|FR","Without Sequence","276.18","",""
"20/01/2025 17:15:00 - 20/01/2025 17:30:00","BZN|FR","Without Sequence","276.18","",""
"20/01/2025 17:30:00 - 20/01/2025 17:45:00","BZN|FR","Without Sequence","276.18","",""
"20/01/2025 17:45:00 - 20/01/2025 18:00:00","BZN|FR","Without Sequence","276.18","",""
"20/01/2025 18:00:00 - 20/01/2025 18:15:00","BZN|FR","Without Sequence","473.28","",""
"20/01/2025 18:15:00 - 20/01/2025 18:30:00","BZN|FR","Without Sequence","473.28","",""
"20/01/2025 18:30:00 - 20/01/2025 18:45:00","BZN|FR","Without Sequence","473.28","",""
"20/01/2025 18:45:00 - 20/01/2025 19:00:00","BZN|FR","Without Sequence","473.28","",""
"20/01/2025 19:00:00 - 20/01/2025 19:15:00","BZN|FR","Without Sequence","295.57","",""
"20/01/2025 19:15:00 - 20/01/2025 19:30:00","BZN|FR","Without Sequence","295.57","",""
"20/01/2025 19:30:00 - 20/01/2025 19:45:00","BZN|FR","Without Sequence","295.57","",""
"20/01/2025 19:45:00 - 20/01/2025 20:00:00","BZN|FR","Without Sequence","295.57","",""
"20/01/2025 20:00:00 - 20/01/2025 20:15:00","BZN|FR","Without Sequence","220.00","",""
"20/01/2025 20:15:00 - 20/01/2025 20:30:00","BZN|FR","Without Sequence","220.00","",""
"20/01/2025 20:30:00 - 20/01/2025 20:45:00","BZN|FR","Without Sequence","220.00","",""
"20/01/2025 20:45:00 - 20/01/2025 21:00:00","BZN|FR","Without Sequence","220.00","",""
"20/01/2025 21:00:00 - 20/01/2025 21:15:00","BZN|FR","Without Sequence","170.00","",""
"20/01/2025 21:15:00 - 20/01/2025 21:30:00","BZN|FR","Without Sequence","170.00","",""
"20/01/2025 21:30:00 - 20/01/2025 21:45:00","BZN|FR","Without Sequence","170.00","",""
"20/01/2025 21:45:00 - 20/01/2025 22:00:00","BZN|FR","Without Sequence","170.00","",""
"20/01/2025 22:00:00 - 20/01/2025 22:15:00","BZN|FR","Without Sequence","153.58","",""
"20/01/2025 22:15:00 - 20/01/2025 22:30:00","BZN|FR","Without Sequence","153.58","",""
"20/01/2025 22:30:00 - 20/01/2025 22:45:00","BZN|FR","Without Sequence","153.58","",""
"20/01/2025 22:45:00 - 20/01/2025 23:00:00","BZN|FR","Without Sequence","153.58","",""
"20/01/2025 23:00:00 - 20/01/2025 23:15:00","BZN|FR","Without Sequence","139.00","",""
"20/01/2025 23:15:00 - 20/01/2025 23:30:00","BZN|FR","Without Sequence","139.00","",""
"20/01/2025 23:30:00 - 20/01/2025 23:45:00","BZN|FR","Without Sequence","139.00","",""
"20/01/2025 23:45:00 - 21/01/2025 00:00:00","BZN|FR","Without Sequence","139.00","",""
"21/01/2025 00:00:00 - 21/01/2025 00:15:00","BZN|FR","Without Sequence","136.00","",""
"21/01/2025 00:15:00 - 21/01/2025 00:30:00","BZN|FR","Without Sequence","136.00","",""
"21/01/2025 00:30:00 - 21/01/2025 00:45:00","BZN|FR","Without Sequence","136.00","",""
"21/01/2025 00:45:00 - 21/01/2025 01:00:00","BZN|FR","Without Sequence","136.00","",""
"21/01/2025 01:00:00 - 21/01/2025 01:15:00","BZN|FR","Without Sequence","130.65","",""
"21/01/2025 01:15:00 - 21/01/2025 01:30:00","BZN|FR","Without Sequence","130.65","",""
"21/01/2025 01:30:00 - 21/01/2025 01:45:00","BZN|FR","Without Sequence","130.65","",""
"21/01/2025 01:45:00 - 21/01/2025 02:00:00","BZN|FR","Without Sequence","130.65","",""
"21/01/2025 02:00:00 - 21/01/2025 02:15:00","BZN|FR","Without Sequence","124.35","",""
"21/01/2025 02:15:00 - 21/01/2025 02:30:00","BZN|FR","Without Sequence","124.35","",""
"21/01/2025 02:30:00 - 21/01/2025 02:45:00","BZN|FR","Without Sequence","124.35","",""
"21/01/2025 02:45:00 - 21/01/2025 03:00:00","BZN|FR","Without Sequence","124.35","",""
"21/01/2025 03:00:00 - 21/01/2025 03:15:00","BZN|FR","Without Sequence","117.05","",""
"21/01/2025 03:15:00 - 21/01/2025 03:30:00","BZN|FR","Without Sequence","117.05","",""
"21/01/2025 03:30:00 - 21/01/2025 03:45:00","BZN|FR","Without Sequence","117.05","",""
"21/01/2025 03:45:00 - 21/01/2025 04:00:00","BZN|FR","Without Sequence","117.05","",""
"21/01/2025 04:00:00 - 21/01/2025 04:15:00","BZN|FR","Without Sequence","115.30","",""
"21/01/2025 04:15:00 - 21/01/2025 04:30:00","BZN|FR","Without Sequence","115.30","",""
"21/01/2025 04:30:00 - 21/01/2025 04:45:00","BZN|FR","Without Sequence","115.30","",""
"21/01/2025 04:45:00 - 21/01/2025 05:00:00","BZN|FR","Without Sequence","115.30","",""
"21/01/2025 05:00:00 - 21/01/2025 05:15:00","BZN|FR","Without Sequence","123.83","",""
"21/01/2025 05:15:00 - 21/01/2025 05:30:00","BZN|FR","Without Sequence","123.83","",""
"21/01/2025 05:30:00 - 21/01/2025 05:45:00","BZN|FR","Without Sequence","123.83","",""
"21/01/2025 05:45:00 - 21/01/2025 06:00:00","BZN|FR","Without Sequence","123.83","",""
"21/01/2025 06:00:00 - 21/01/2025 06:15:00","BZN|FR","Without Sequence","138.86","",""
"21/01/2025 06:15:00 - 21/01/2025 06:30:00","BZN|FR","Without Sequence","138.86","",""
"21/01/2025 06:30:00 - 21/01/2025 06:45:00","BZN|FR","Without Sequence","138.86","",""
"21/01/2025 06:45:00 - 21/01/2025 07:00:00","BZN|FR","Without Sequence","138.86","",""
"21/01/2025 07:00:00 - 21/01/2025 07:15:00","BZN|FR","Without Sequence","190.00","",""
"21/01/2025 07:15:00 - 21/01/2025 07:30:00","BZN|FR","Without Sequence","190.00","",""
"21/01/2025 07:30:00 - 21/01/2025 07:45:00","BZN|FR","Without Sequence","190.00","",""
"21/01/2025 07:45:00 - 21/01/2025 08:00:00","BZN|FR","Without Sequence","190.00","",""
"21/01/2025 08:00:00 - 21/01/2025 08:15:00","BZN|FR","Without Sequence","245.00","",""
"21/01/2025 08:15:00 - 21/01/2025 08:30:00","BZN|FR","Without Sequence","245.00","",""
"21/01/2025 08:30:00 - 21/01/2025 08:45:00","BZN|FR","Without Sequence","245.00","",""
"21/01/2025 08:45:00 - 21/01/2025 09:00:00","BZN|FR","Without Sequence","245.00","",""
"21/01/2025 09:00:00 - 21/01/2025 09:15:00","BZN|FR","Without Sequence","212.22","",""
"21/01/2025 09:15:00 - 21/01/2025 09:30:00","BZN|FR","Without Sequence","212.22","",""
"21/01/2025 09:30:00 - 21/01/2025 09:45:00","BZN|FR","Without Sequence","212.22","",""
"21/01/2025 09:45:00 - 21/01/2025 10:00:00","BZN|FR","Without Sequence","212.22","",""
"21/01/2025 10:00:00 - 21/01/2025 10:15:00","BZN|FR","Without Sequence","200.00","",""
"21/01/2025 10:15:00 - 21/01/2025 10:30:00","BZN|FR","Without Sequence","200.00","",""
"21/01/2025 10:30:00 - 21/01/2025 10:45:00","BZN|FR","Without Sequence","200.00","",""
"21/01/2025 10:45:00 - 21/01/2025 11:00:00","BZN|FR","Without Sequence","200.00","",""
"21/01/2025 11:00:00 - 21/01/2025 11:15:00","BZN|FR","Without Sequence","164.84","",""
"21/01/2025 11:15:00 - 21/01/2025 11:30:00","BZN|FR","Without Sequence","164.84","",""
"21/01/2025 11:30:00 - 21/01/2025 11:45:00","BZN|FR","Without Sequence","164.84","",""
"21/01/2025 11:45:00 - 21/01/2025 12:00:00","BZN|FR","Without Sequence","164.84","",""
"21/01/2025 12:00:00 - 21/01/2025 12:15:00","BZN|FR","Without Sequence","151.36","",""
"21/01/2025 12:15:00 - 21/01/2025 12:30:00","BZN|FR","Without Sequence","151.36","",""
"21/01/2025 12:30:00 - 21/01/2025 12:45:00","BZN|FR","Without Sequence","151.36","",""
"21/01/2025 12:45:00 - 21/01/2025 13:00:00","BZN|FR","Without Sequence","151.36","",""
"21/01/2025 13:00:00 - 21/01/2025 13:15:00","BZN|FR","Without Sequence","145.81","",""
"21/01/2025 13:15:00 - 21/01/2025 13:30:00","BZN|FR","Without Sequence","145.81","",""
"21/01/2025 13:30:00 - 21/01/2025 13:45:00","BZN|FR","Without Sequence","145.81","",""
"21/01/2025 13:45:00 - 21/01/2025 14:00:00","BZN|FR","Without Sequence","145.81","",""
"21/01/2025 14:00:00 - 21/01/2025 14:15:00","BZN|FR","Without Sequence","151.03","",""
"21/01/2025 14:15:00 - 21/01/2025 14:30:00","BZN|FR","Without Sequence","151.03","",""
"21/01/2025 14:30:00 - 21/01/2025 14:45:00","BZN|FR","Without Sequence","151.03","",""
"21/01/2025 14:45:00 - 21/01/2025 15:00:00","BZN|FR","Without Sequence","151.03","",""
"21/01/2025 15:00:00 - 21/01/2025 15:15:00","BZN|FR","Without Sequence","165.48","",""
"21/01/2025 15:15:00 - 21/01/2025 15:30:00","BZN|FR","Without Sequence","165.48","",""
"21/01/2025 15:30:00 - 21/01/2025 15:45:00","BZN|FR","Without Sequence","165.48","",""
"21/01/2025 15:45:00 - 21/01/2025 16:00:00","BZN|FR","Without Sequence","165.48","",""
"21/01/2025 16:00:00 - 21/01/2025 16:15:00","BZN|FR","Without Sequence","160.32","",""
"21/01/2025 16:15:00 - 21/01/2025 16:30:00","BZN|FR","Without Sequence","160.32","",""
"21/01/2025 16:30:00 - 21/01/2025 16:45:00","BZN|FR","Without Sequence","160.32","",""
"21/01/2025 16:45:00 - 21/01/2025 17:00:00","BZN|FR","Without Sequence","160.32","",""
"21/01/2025 17:00:00 - 21/01/2025 17:15:00","BZN|FR","Without Sequence","199.32","",""
"21/01/2025 17:15:00 - 21/01/2025 17:30:00","BZN|FR","Without Sequence","199.32","",""
"21/01/2025 17:30:00 - 21/01/2025 17:45:00","BZN|FR","Without Sequence","199.32","",""
"21/01/2025 17:45:00 - 21/01/2025 18:00:00","BZN|FR","Without Sequence","199.32","",""
"21/01/2025 18:00:00 - 21/01/2025 18:15:00","BZN|FR","Without Sequence","208.44","",""
"21/01/2025 18:15:00 - 21/01/2025 18:30:00","BZN|FR","Without Sequence","208.44","",""
"21/01/2025 18:30:00 - 21/01/2025 18:45:00","BZN|FR","Without Sequence","208.44","",""
"21/01/2025 18:45:00 - 21/01/2025 19:00:00","BZN|FR","Without Sequence","208.44","",""
"21/01/2025 19:00:00 - 21/01/2025 19:15:00","BZN|FR","Without Sequence","187.72","",""
"21/01/2025 19:15:00 - 21/01/2025 19:30:00","BZN|FR","Without Sequence","187.72","",""
"21/01/2025 19:30:00 - 21/01/2025 19:45:00","BZN|FR","Without Sequence","187.72","",""
"21/01/2025 19:45:00 - 21/01/2025 20:00:00","BZN|FR","Without Sequence","187.72","",""
"21/01/2025 20:00:00 - 21/01/2025 20:15:00","BZN|FR","Without Sequence","160.18","",""
"21/01/2025 20:15:00 - 21/01/2025 20:30:00","BZN|FR","Without Sequence","160.18","",""
"21/01/2025 20:30:00 - 21/01/2025 20:45:00","BZN|FR","Without Sequence","160.18","",""
"21/01/2025 20:45:00 - 21/01/2025 21:00:00","BZN|FR","Without Sequence","160.18","",""
"21/01/2025 21:00:00 - 21/01/2025 21:15:00","BZN|FR","Without Sequence","147.08","",""
"21/01/2025 21:15:00 - 21/01/2025 21:30:00","BZN|FR","Without Sequence","147.08","",""
"21/01/2025 21:30:00 - 21/01/2025 21:45:00","BZN|FR","Without Sequence","147.08","",""
"21/01/2025 21:45:00 - 21/01/2025 22:00:00","BZN|FR","Without Sequence","147.08","",""
"21/01/2025 22:00:00 - 21/01/2025 22:15:00","BZN|FR","Without Sequence","137.00","",""
"21/01/2025 22:15:00 - 21/01/2025 22:30:00","BZN|FR","Without Sequence","137.00","",""
"21/01/2025 22:30:00 - 21/01/2025 22:45:00","BZN|FR","Without Sequence","137.00","",""
"21/01/2025 22:45:00 - 21/01/2025 23:00:00","BZN|FR","Without Sequence","137.00","",""
"21/01/2025 23:00:00 - 21/01/2025 23:15:00","BZN|FR","Without Sequence","125.75","",""
"21/01/2025 23:15:00 - 21/01/2025 23:30:00","BZN|FR","Without Sequence","125.75","",""
"21/01/2025 23:30:00 - 21/01/2025 23:45:00","BZN|FR","Without Sequence","125.75","",""
"21/01/2025 23:45:00 - 22/01/2025 00:00:00","BZN|FR","Without Sequence","125.75","",""
"22/01/2025 00:00:00 - 22/01/2025 00:15:00","BZN|FR","Without Sequence","123.53","",""
"22/01/2025 00:15:00 - 22/01/2025 00:30:00","BZN|FR","Without Sequence","123.53","",""
"22/01/2025 00:30:00 - 22/01/2025 00:45:00","BZN|FR","Without Sequence","123.53","",""
"22/01/2025 00:45:00 - 22/01/2025 01:00:00","BZN|FR","Without Sequence","123.53","",""
"22/01/2025 01:00:00 - 22/01/2025 01:15:00","BZN|FR","Without Sequence","116.30","",""
"22/01/2025 01:15:00 - 22/01/2025 01:30:00","BZN|FR","Without Sequence","116.30","",""
"22/01/2025 01:30:00 - 22/01/2025 01:45:00","BZN|FR","Without Sequence","116.30","",""
"22/01/2025 01:45:00 - 22/01/2025 02:00:00","BZN|FR","Without Sequence","116.30","",""
"22/01/2025 02:00:00 - 22/01/2025 02:15:00","BZN|FR","Without Sequence","106.78","",""
"22/01/2025 02:15:00 - 22/01/2025 02:30:00","BZN|FR","Without Sequence","106.78","",""
"22/01/2025 02:30:00 - 22/01/2025 02:45:00","BZN|FR","Without Sequence","106.78","",""
"22/01/2025 02:45:00 - 22/01/2025 03:00:00","BZN|FR","Without Sequence","106.78","",""
"22/01/2025 03:00:00 - 22/01/2025 03:15:00","BZN|FR","Without Sequence","104.45","",""
"22/01/2025 03:15:00 - 22/01/2025 03:30:00","BZN|FR","Without Sequence","104.45","",""
"22/01/2025 03:30:00 - 22/01/2025 03:45:00","BZN|FR","Without Sequence","104.45","",""
"22/01/2025 03:45:00 - 22/01/2025 04:00:00","BZN|FR","Without Sequence","104.45","",""
"22/01/2025 04:00:00 - 22/01/2025 04:15:00","BZN|FR","Without Sequence","103.60","",""
"22/01/2025 04:15:00 - 22/01/2025 04:30:00","BZN|FR","Without Sequence","103.60","",""
"22/01/2025 04:30:00 - 22/01/2025 04:45:00","BZN|FR","Without Sequence","103.60","",""
"22/01/2025 04:45:00 - 22/01/2025 05:00:00","BZN|FR","Without Sequence","103.60","",""
"22/01/2025 05:00:00 - 22/01/2025 05:15:00","BZN|FR","Without Sequence","107.00","",""
"22/01/2025 05:15:00 - 22/01/2025 05:30:00","BZN|FR","Without Sequence","107.00","",""
"22/01/2025 05:30:00 - 22/01/2025 05:45:00","BZN|FR","Without Sequence","107.00","",""
"22/01/2025 05:45:00 - 22/01/2025 06:00:00","BZN|FR","Without Sequence","107.00","",""
"22/01/2025 06:00:00 - 22/01/2025 06:15:00","BZN|FR","Without Sequence","120.57","",""
"22/01/2025 06:15:00 - 22/01/2025 06:30:00","BZN|FR","Without Sequence","120.57","",""
"22/01/2025 06:30:00 - 22/01/2025 06:45:00","BZN|FR","Without Sequence","120.57","",""
"22/01/2025 06:45:00 - 22/01/2025 07:00:00","BZN|FR","Without Sequence","120.57","",""
"22/01/2025 07:00:00 - 22/01/2025 07:15:00","BZN|FR","Without Sequence","140.33","",""
"22/01/2025 07:15:00 - 22/01/2025 07:30:00","BZN|FR","Without Sequence","140.33","",""
"22/01/2025 07:30:00 - 22/01/2025 07:45:00","BZN|FR","Without Sequence","140.33","",""
"22/01/2025 07:45:00 - 22/01/2025 08:00:00","BZN|FR","Without Sequence","140.33","",""
"22/01/2025 08:00:00 - 22/01/2025 08:15:00","BZN|FR","Without Sequence","200.00","",""
"22/01/2025 08:15:00 - 22/01/2025 08:30:00","BZN|FR","Without Sequence","200.00","",""
"22/01/2025 08:30:00 - 22/01/2025 08:45:00","BZN|FR","Without Sequence","200.00","",""
"22/01/2025 08:45:00 - 22/01/2025 09:00:00","BZN|FR","Without Sequence","200.00","",""
"22/01/2025 09:00:00 - 22/01/2025 09:15:00","BZN|FR","Without Sequence","199.41","",""
"22/01/2025 09:15:00 - 22/01/2025 09:30:00","BZN|FR","Without Sequence","199.41","",""
"22/01/2025 09:30:00 - 22/01/2025 09:45:00","BZN|FR","Without Sequence","199.41","",""
"22/01/2025 09:45:00 - 22/01/2025 10:00:00","BZN|FR","Without Sequence","199.41","",""
"22/01/2025 10:00:00 - 22/01/2025 10:15:00","BZN|FR","Without Sequence","179.06","",""
"22/01/2025 10:15:00 - 22/01/2025 10:30:00","BZN|FR","Without Sequence","179.06","",""
"22/01/2025 10:30:00 - 22/01/2025 10:45:00","BZN|FR","Without Sequence","179.06","",""
"22/01/2025 10:45:00 - 22/01/2025 11:00:00","BZN|FR","Without Sequence","179.06","",""
"22/01/2025 11:00:00 - 22/01/2025 11:15:00","BZN|FR","Without Sequence","172.94","",""
"22/01/2025 11:15:00 - 22/01/2025 11:30:00","BZN|FR","Without Sequence","172.94","",""
"22/01/2025 11:30:00 - 22/01/2025 11:45:00","BZN|FR","Without Sequence","172.94","",""
"22/01/2025 11:45:00 - 22/01/2025 12:00:00","BZN|FR","Without Sequence","172.94","",""
"22/01/2025 12:00:00 - 22/01/2025 12:15:00","BZN|FR","Without Sequence","165.00","",""
"22/01/2025 12:15:00 - 22/01/2025 12:30:00","BZN|FR","Without Sequence","165.00","",""
"22/01/2025 12:30:00 - 22/01/2025 12:45:00","BZN|FR","Without Sequence","165.00","",""
"22/01/2025 12:45:00 - 22/01/2025 13:00:00","BZN|FR","Without Sequence","165.00","",""
"22/01/2025 13:00:00 - 22/01/2025 13:15:00","BZN|FR","Without Sequence","170.00","",""
"22/01/2025 13:15:00 - 22/01/2025 13:30:00","BZN|FR","Without Sequence","170.00","",""
"22/01/2025 13:30:00 - 22/01/2025 13:45:00","BZN|FR","Without Sequence","170.00","",""
"22/01/2025 13:45:00 - 22/01/2025 14:00:00","BZN|FR","Without Sequence","170.00","",""
"22/01/2025 14:00:00 - 22/01/2025 14:15:00","BZN|FR","Without Sequence","177.03","",""
"22/01/2025 14:15:00 - 22/01/2025 14:30:00","BZN|FR","Without Sequence","177.03","",""
"22/01/2025 14:30:00 - 22/01/2025 14:45:00","BZN|FR","Without Sequence","177.03","",""
"22/01/2025 14:45:00 - 22/01/2025 15:00:00","BZN|FR","Without Sequence","177.03","",""
"22/01/2025 15:00:00 - 22/01/2025 15:15:00","BZN|FR","Without Sequence","185.00","",""
"22/01/2025 15:15:00 - 22/01/2025 15:30:00","BZN|FR","Without Sequence","185.00","",""
"22/01/2025 15:30:00 - 22/01/2025 15:45:00","BZN|FR","Without Sequence","185.00","",""
"22/01/2025 15:45:00 - 22/01/2025 16:00:00","BZN|FR","Without Sequence","185.00","",""
"22/01/2025 16:00:00 - 22/01/2025 16:15:00","BZN|FR","Without Sequence","165.85","",""
"22/01/2025 16:15:00 - 22/01/2025 16:30:00","BZN|FR","Without Sequence","165.85","",""
"22/01/2025 16:30:00 - 22/01/2025 16:45:00","BZN|FR","Without Sequence","165.85","",""
"22/01/2025 16:45:00 - 22/01/2025 17:00:00","BZN|FR","Without Sequence","165.85","",""
"22/01/2025 17:00:00 - 22/01/2025 17:15:00","BZN|FR","Without Sequence","149.03","",""
"22/01/2025 17:15:00 - 22/01/2025 17:30:00","BZN|FR","Without Sequence","149.03","",""
"22/01/2025 17:30:00 - 22/01/2025 17:45:00","BZN|FR","Without Sequence","149.03","",""
"22/01/2025 17:45:00 - 22/01/2025 18:00:00","BZN|FR","Without Sequence","149.03","",""
"22/01/2025 18:00:00 - 22/01/2025 18:15:00","BZN|FR","Without Sequence","159.60","",""
"22/01/2025 18:15:00 - 22/01/2025 18:30:00","BZN|FR","Without Sequence","159.60","",""
"22/01/2025 18:30:00 - 22/01/2025 18:45:00","BZN|FR","Without Sequence","159.60","",""
"22/01/2025 18:45:00 - 22/01/2025 19:00:00","BZN|FR","Without Sequence","159.60","",""
"22/01/2025 19:00:00 - 22/01/2025 19:15:00","BZN|FR","Without Sequence","167.72","",""
"22/01/2025 19:15:00 - 22/01/2025 19:30:00","BZN|FR","Without Sequence","167.72","",""
"22/01/2025 19:30:00 - 22/01/2025 19:45:00","BZN|FR","Without Sequence","167.72","",""
"22/01/2025 19:45:00 - 22/01/2025 20:00:00","BZN|FR","Without Sequence","167.72","",""
"22/01/2025 20:00:00 - 22/01/2025 20:15:00","BZN|FR","Without Sequence","139.49","",""
"22/01/2025 20:15:00 - 22/01/2025 20:30:00","BZN|FR","Without Sequence","139.49","",""
"22/01/2025 20:30:00 - 22/01/2025 20:45:00","BZN|FR","Without Sequence","139.49","",""
"22/01/2025 20:45:00 - 22/01/2025 21:00:00","BZN|FR","Without Sequence","139.49","",""
"22/01/2025 21:00:00 - 22/01/2025 21:15:00","BZN|FR","Without Sequence","127.94","",""
"22/01/2025 21:15:00 - 22/01/2025 21:30:00","BZN|FR","Without Sequence","127.94","",""
"22/01/2025 21:30:00 - 22/01/2025 21:45:00","BZN|FR","Without Sequence","127.94","",""
"22/01/2025 21:45:00 - 22/01/2025 22:00:00","BZN|FR","Without Sequence","127.94","",""
"22/01/2025 22:00:00 - 22/01/2025 22:15:00","BZN|FR","Without Sequence","129.86","",""
"22/01/2025 22:15:00 - 22/01/2025 22:30:00","BZN|FR","Without Sequence","129.86","",""
"22/01/2025 22:30:00 - 22/01/2025 22:45:00","BZN|FR","Without Sequence","129.86","",""
"22/01/2025 22:45:00 - 22/01/2025 23:00:00","BZN|FR","Without Sequence","129.86","",""
"22/01/2025 23:00:00 - 22/01/2025 23:15:00","BZN|FR","Without Sequence","116.27","",""
"22/01/2025 23:15:00 - 22/01/2025 23:30:00","BZN|FR","Without Sequence","116.27","",""
"22/01/2025 23:30:00 - 22/01/2025 23:45:00","BZN|FR","Without Sequence","116.27","",""
"22/01/2025 23:45:00 - 23/01/2025 00:00:00","BZN|FR","Without Sequence","116.27","",""
"23/01/2025 00:00:00 - 23/01/2025 00:15:00","BZN|FR","Without Sequence","114.60","",""
"23/01/2025 00:15:00 - 23/01/2025 00:30:00","BZN|FR","Without Sequence","114.60","",""
"23/01/2025 00:30:00 - 23/01/2025 00:45:00","BZN|FR","Without Sequence","114.60","",""
"23/01/2025 00:45:00 - 23/01/2025 01:00:00","BZN|FR","Without Sequence","114.60","",""
"23/01/2025 01:00:00 - 23/01/2025 01:15:00","BZN|FR","Without Sequence","109.77","",""
"23/01/2025 01:15:00 - 23/01/2025 01:30:00","BZN|FR","Without Sequence","109.77","",""
"23/01/2025 01:30:00 - 23/01/2025 01:45:00","BZN|FR","Without Sequence","109.77","",""
"23/01/2025 01:45:00 - 23/01/2025 02:00:00","BZN|FR","Without Sequence","109.77","",""
"23/01/2025 02:00:00 - 23/01/2025 02:15:00","BZN|FR","Without Sequence","105.84","",""
"23/01/2025 02:15:00 - 23/01/2025 02:30:00","BZN|FR","Without Sequence","105.84","",""
"23/01/2025 02:30:00 - 23/01/2025 02:45:00","BZN|FR","Without Sequence","105.84","",""
"23/01/2025 02:45:00 - 23/01/2025 03:00:00","BZN|FR","Without Sequence","105.84","",""
"23/01/2025 03:00:00 - 23/01/2025 03:15:00","BZN|FR","Without Sequence","100.45","",""
"23/01/2025 03:15:00 - 23/01/2025 03:30:00","BZN|FR","Without Sequence","100.45","",""
"23/01/2025 03:30:00 - 23/01/2025 03:45:00","BZN|FR","Without Sequence","100.45","",""
"23/01/2025 03:45:00 - 23/01/2025 04:00:00","BZN|FR","Without Sequence","100.45","",""
"23/01/2025 04:00:00 - 23/01/2025 04:15:00","BZN|FR","Without Sequence","98.53","",""
"23/01/2025 04:15:00 - 23/01/2025 04:30:00","BZN|FR","Without Sequence","98.53","",""
"23/01/2025 04:30:00 - 23/01/2025 04:45:00","BZN|FR","Without Sequence","98.53","",""
"23/01/2025 04:45:00 - 23/01/2025 05:00:00","BZN|FR","Without Sequence","98.53","",""
"23/01/2025 05:00:00 - 23/01/2025 05:15:00","BZN|FR","Without Sequence","101.82","",""
"23/01/2025 05:15:00 - 23/01/2025 05:30:00","BZN|FR","Without Sequence","101.82","",""
"23/01/2025 05:30:00 - 23/01/2025 05:45:00","BZN|FR","Without Sequence","101.82","",""
"23/01/2025 05:45:00 - 23/01/2025 06:00:00","BZN|FR","Without Sequence","101.82","",""
"23/01/2025 06:00:00 - 23/01/2025 06:15:00","BZN|FR","Without Sequence","113.79","",""
"23/01/2025 06:15:00 - 23/01/2025 06:30:00","BZN|FR","Without Sequence","113.79","",""
"23/01/2025 06:30:00 - 23/01/2025 06:45:00","BZN|FR","Without Sequence","113.79","",""
"23/01/2025 06:45:00 - 23/01/2025 07:00:00","BZN|FR","Without Sequence","113.79","",""
"23/01/2025 07:00:00 - 23/01/2025 07:15:00","BZN|FR","Without Sequence","142.28","",""
"23/01/2025 07:15:00 - 23/01/2025 07:30:00","BZN|FR","Without Sequence","142.28","",""
"23/01/2025 07:30:00 - 23/01/2025 07:45:00","BZN|FR","Without Sequence","142.28","",""
"23/01/2025 07:45:00 - 23/01/2025 08:00:00","BZN|FR","Without Sequence","142.28","",""
"23/01/2025 08:00:00 - 23/01/2025 08:15:00","BZN|FR","Without Sequence","160.34","",""
"23/01/2025 08:15:00 - 23/01/2025 08:30:00","BZN|FR","Without Sequence","160.34","",""
"23/01/2025 08:30:00 - 23/01/2025 08:45:00","BZN|FR","Without Sequence","160.34","",""
"23/01/2025 08:45:00 - 23/01/2025 09:00:00","BZN|FR","Without Sequence","160.34","",""
"23/01/2025 09:00:00 - 23/01/2025 09:15:00","BZN|FR","Without Sequence","157.26","",""
"23/01/2025 09:15:00 - 23/01/2025 09:30:00","BZN|FR","Without Sequence","157.26","",""
"23/01/2025 09:30:00 - 23/01/2025 09:45:00","BZN|FR","Without Sequence","157.26","",""
"23/01/2025 09:45:00 - 23/01/2025 10:00:00","BZN|FR","Without Sequence","157.26","",""
"23/01/2025 10:00:00 - 23/01/2025 10:15:00","BZN|FR","Without Sequence","135.21","",""
"23/01/2025 10:15:00 - 23/01/2025 10:30:00","BZN|FR","Without Sequence","135.21","",""
"23/01/2025 10:30:00 - 23/01/2025 10:45:00","BZN|FR","Without Sequence","135.21","",""
"23/01/2025 10:45:00 - 23/01/2025 11:00:00","BZN|FR","Without Sequence","135.21","",""
"23/01/2025 11:00:00 - 23/01/2025 11:15:00","BZN|FR","Without Sequence","123.60","",""
"23/01/2025 11:15:00 - 23/01/2025 11:30:00","BZN|FR","Without Sequence","123.60","",""
"23/01/2025 11:30:00 - 23/01/2025 11:45:00","BZN|FR","Without Sequence","123.60","",""
"23/01/2025 11:45:00 - 23/01/2025 12:00:00","BZN|FR","Without Sequence","123.60","",""
"23/01/2025 12:00:00 - 23/01/2025 12:15:00","BZN|FR","Without Sequence","104.18","",""
"23/01/2025 12:15:00 - 23/01/2025 12:30:00","BZN|FR","Without Sequence","104.18","",""
"23/01/2025 12:30:00 - 23/01/2025 12:45:00","BZN|FR","Without Sequence","104.18","",""
"23/01/2025 12:45:00 - 23/01/2025 13:00:00","BZN|FR","Without Sequence","104.18","",""
"23/01/2025 13:00:00 - 23/01/2025 13:15:00","BZN|FR","Without Sequence","98.58","",""
"23/01/2025 13:15:00 - 23/01/2025 13:30:00","BZN|FR","Without Sequence","98.58","",""
"23/01/2025 13:30:00 - 23/01/2025 13:45:00","BZN|FR","Without Sequence","98.58","",""
"23/01/2025 13:45:00 - 23/01/2025 14:00:00","BZN|FR","Without Sequence","98.58","",""
"23/01/2025 14:00:00 - 23/01/2025 14:15:00","BZN|FR","Without Sequence","95.40","",""
"23/01/2025 14:15:00 - 23/01/2025 14:30:00","BZN|FR","Without Sequence","95.40","",""
"23/01/2025 14:30:00 - 23/01/2025 14:45:00","BZN|FR","Without Sequence","95.40","",""
"23/01/2025 14:45:00 - 23/01/2025 15:00:00","BZN|FR","Without Sequence","95.40","",""
"23/01/2025 15:00:00 - 23/01/2025 15:15:00","BZN|FR","Without Sequence","100.26","",""
"23/01/2025 15:15:00 - 23/01/2025 15:30:00","BZN|FR","Without Sequence","100.26","",""
"23/01/2025 15:30:00 - 23/01/2025 15:45:00","BZN|FR","Without Sequence","100.26","",""
"23/01/2025 15:45:00 - 23/01/2025 16:00:00","BZN|FR","Without Sequence","100.26","",""
"23/01/2025 16:00:00 - 23/01/2025 16:15:00","BZN|FR","Without Sequence","100.97","",""
"23/01/2025 16:15:00 - 23/01/2025 16:30:00","BZN|FR","Without Sequence","100.97","",""
"23/01/2025 16:30:00 - 23/01/2025 16:45:00","BZN|FR","Without Sequence","100.97","",""
"23/01/2025 16:45:00 - 23/01/2025 17:00:00","BZN|FR","Without Sequence","100.97","",""
"23/01/2025 17:00:00 - 23/01/2025 17:15:00","BZN|FR","Without Sequence","115.69","",""
"23/01/2025 17:15:00 - 23/01/2025 17:30:00","BZN|FR","Without Sequence","115.69","",""
"23/01/2025 17:30:00 - 23/01/2025 17:45:00","BZN|FR","Without Sequence","115.69","",""
"23/01/2025 17:45:00 - 23/01/2025 18:00:00","BZN|FR","Without Sequence","115.69","",""
"23/01/2025 18:00:00 - 23/01/2025 18:15:00","BZN|FR","Without Sequence","121.78","",""
"23/01/2025 18:15:00 - 23/01/2025 18:30:00","BZN|FR","Without Sequence","121.78","",""
"23/01/2025 18:30:00 - 23/01/2025 18:45:00","BZN|FR","Without Sequence","121.78","",""
"23/01/2025 18:45:00 - 23/01/2025 19:00:00","BZN|FR","Without Sequence","121.78","",""
"23/01/2025 19:00:00 - 23/01/2025 19:15:00","BZN|FR","Without Sequence","114.79","",""
"23/01/2025 19:15:00 - 23/01/2025 19:30:00","BZN|FR","Without Sequence","114.79","",""
"23/01/2025 19:30:00 - 23/01/2025 19:45:00","BZN|FR","Without Sequence","114.79","",""
"23/01/2025 19:45:00 - 23/01/2025 20:00:00","BZN|FR","Without Sequence","114.79","",""
"23/01/2025 20:00:00 - 23/01/2025 20:15:00","BZN|FR","Without Sequence","98.44","",""
"23/01/2025 20:15:00 - 23/01/2025 20:30:00","BZN|FR","Without Sequence","98.44","",""
"23/01/2025 20:30:00 - 23/01/2025 20:45:00","BZN|FR","Without Sequence","98.44","",""
"23/01/2025 20:45:00 - 23/01/2025 21:00:00","BZN|FR","Without Sequence","98.44","",""
"23/01/2025 21:00:00 - 23/01/2025 21:15:00","BZN|FR","Without Sequence","84.21","",""
"23/01/2025 21:15:00 - 23/01/2025 21:30:00","BZN|FR","Without Sequence","84.21","",""
"23/01/2025 21:30:00 - 23/01/2025 21:45:00","BZN|FR","Without Sequence","84.21","",""
"23/01/2025 21:45:00 - 23/01/2025 22:00:00","BZN|FR","Without Sequence","84.21","",""
"23/01/2025 22:00:00 - 23/01/2025 22:15:00","BZN|FR","Without Sequence","85.09","",""
"23/01/2025 22:15:00 - 23/01/2025 22:30:00","BZN|FR","Without Sequence","85.09","",""
"23/01/2025 22:30:00 - 23/01/2025 22:45:00","BZN|FR","Without Sequence","85.09","",""
"23/01/2025 22:45:00 - 23/01/2025 23:00:00","BZN|FR","Without Sequence","85.09","",""
"23/01/2025 23:00:00 - 23/01/2025 23:15:00","BZN|FR","Without Sequence","65.01","",""
"23/01/2025 23:15:00 - 23/01/2025 23:30:00","BZN|FR","Without Sequence","65.01","",""
"23/01/2025 23:30:00 - 23/01/2025 23:45:00","BZN|FR","Without Sequence","65.01","",""
"23/01/2025 23:45:00 - 24/01/2025 00:00:00","BZN|FR","Without Sequence","65.01","",""
"24/01/2025 00:00:00 - 24/01/2025 00:15:00","BZN|FR","Without Sequence","75.16","",""
"24/01/2025 00:15:00 - 24/01/2025 00:30:00","BZN|FR","Without Sequence","75.16","",""
"24/01/2025 00:30:00 - 24/01/2025 00:45:00","BZN|FR","Without Sequence","75.16","",""
"24/01/2025 00:45:00 - 24/01/2025 01:00:00","BZN|FR","Without Sequence","75.16","",""
"24/01/2025 01:00:00 - 24/01/2025 01:15:00","BZN|FR","Without Sequence","63.05","",""
"24/01/2025 01:15:00 - 24/01/2025 01:30:00","BZN|FR","Without Sequence","63.05","",""
"24/01/2025 01:30:00 - 24/01/2025 01:45:00","BZN|FR","Without Sequence","63.05","",""
"24/01/2025 01:45:00 - 24/01/2025 02:00:00","BZN|FR","Without Sequence","63.05","",""
"24/01/2025 02:00:00 - 24/01/2025 02:15:00","BZN|FR","Without Sequence","48.60","",""
"24/01/2025 02:15:00 - 24/01/2025 02:30:00","BZN|FR","Without Sequence","48.60","",""
"24/01/2025 02:30:00 - 24/01/2025 02:45:00","BZN|FR","Without Sequence","48.60","",""
"24/01/2025 02:45:00 - 24/01/2025 03:00:00","BZN|FR","Without Sequence","48.60","",""
"24/01/2025 03:00:00 - 24/01/2025 03:15:00","BZN|FR","Without Sequence","44.37","",""
"24/01/2025 03:15:00 - 24/01/2025 03:30:00","BZN|FR","Without Sequence","44.37","",""
"24/01/2025 03:30:00 - 24/01/2025 03:45:00","BZN|FR","Without Sequence","44.37","",""
"24/01/2025 03:45:00 - 24/01/2025 04:00:00","BZN|FR","Without Sequence","44.37","",""
"24/01/2025 04:00:00 - 24/01/2025 04:15:00","BZN|FR","Without Sequence","16.01","",""
"24/01/2025 04:15:00 - 24/01/2025 04:30:00","BZN|FR","Without Sequence","16.01","",""
"24/01/2025 04:30:00 - 24/01/2025 04:45:00","BZN|FR","Without Sequence","16.01","",""
"24/01/2025 04:45:00 - 24/01/2025 05:00:00","BZN|FR","Without Sequence","16.01","",""
"24/01/2025 05:00:00 - 24/01/2025 05:15:00","BZN|FR","Without Sequence","30.03","",""
"24/01/2025 05:15:00 - 24/01/2025 05:30:00","BZN|FR","Without Sequence","30.03","",""
"24/01/2025 05:30:00 - 24/01/2025 05:45:00","BZN|FR","Without Sequence","30.03","",""
"24/01/2025 05:45:00 - 24/01/2025 06:00:00","BZN|FR","Without Sequence","30.03","",""
"24/01/2025 06:00:00 - 24/01/2025 06:15:00","BZN|FR","Without Sequence","64.93","",""
"24/01/2025 06:15:00 - 24/01/2025 06:30:00","BZN|FR","Without Sequence","64.93","",""
"24/01/2025 06:30:00 - 24/01/2025 06:45:00","BZN|FR","Without Sequence","64.93","",""
"24/01/2025 06:45:00 - 24/01/2025 07:00:00","BZN|FR","Without Sequence","64.93","",""
"24/01/2025 07:00:00 - 24/01/2025 07:15:00","BZN|FR","Without Sequence","104.09","",""
"24/01/2025 07:15:00 - 24/01/2025 07:30:00","BZN|FR","Without Sequence","104.09","",""
"24/01/2025 07:30:00 - 24/01/2025 07:45:00","BZN|FR","Without Sequence","104.09","",""
"24/01/2025 07:45:00 - 24/01/2025 08:00:00","BZN|FR","Without Sequence","104.09","",""
"24/01/2025 08:00:00 - 24/01/2025 08:15:00","BZN|FR","Without Sequence","105.26","",""
"24/01/2025 08:15:00 - 24/01/2025 08:30:00","BZN|FR","Without Sequence","105.26","",""
"24/01/2025 08:30:00 - 24/01/2025 08:45:00","BZN|FR","Without Sequence","105.26","",""
"24/01/2025 08:45:00 - 24/01/2025 09:00:00","BZN|FR","Without Sequence","105.26","",""
"24/01/2025 09:00:00 - 24/01/2025 09:15:00","BZN|FR","Without Sequence","97.14","",""
"24/01/2025 09:15:00 - 24/01/2025 09:30:00","BZN|FR","Without Sequence","97.14","",""
"24/01/2025 09:30:00 - 24/01/2025 09:45:00","BZN|FR","Without Sequence","97.14","",""
"24/01/2025 09:45:00 - 24/01/2025 10:00:00","BZN|FR","Without Sequence","97.14","",""
"24/01/2025 10:00:00 - 24/01/2025 10:15:00","BZN|FR","Without Sequence","93.63","",""
"24/01/2025 10:15:00 - 24/01/2025 10:30:00","BZN|FR","Without Sequence","93.63","",""
"24/01/2025 10:30:00 - 24/01/2025 10:45:00","BZN|FR","Without Sequence","93.63","",""
"24/01/2025 10:45:00 - 24/01/2025 11:00:00","BZN|FR","Without Sequence","93.63","",""
"24/01/2025 11:00:00 - 24/01/2025 11:15:00","BZN|FR","Without Sequence","81.93","",""
"24/01/2025 11:15:00 - 24/01/2025 11:30:00","BZN|FR","Without Sequence","81.93","",""
"24/01/2025 11:30:00 - 24/01/2025 11:45:00","BZN|FR","Without Sequence","81.93","",""
"24/01/2025 11:45:00 - 24/01/2025 12:00:00","BZN|FR","Without Sequence","81.93","",""
"24/01/2025 12:00:00 - 24/01/2025 12:15:00","BZN|FR","Without Sequence","79.68","",""
"24/01/2025 12:15:00 - 24/01/2025 12:30:00","BZN|FR","Without Sequence","79.68","",""
"24/01/2025 12:30:00 - 24/01/2025 12:45:00","BZN|FR","Without Sequence","79.68","",""
"24/01/2025 12:45:00 - 24/01/2025 13:00:00","BZN|FR","Without Sequence","79.68","",""
"24/01/2025 13:00:00 - 24/01/2025 13:15:00","BZN|FR","Without Sequence","77.26","",""
"24/01/2025 13:15:00 - 24/01/2025 13:30:00","BZN|FR","Without Sequence","77.26","",""
"24/01/2025 13:30:00 - 24/01/2025 13:45:00","BZN|FR","Without Sequence","77.26","",""
"24/01/2025 13:45:00 - 24/01/2025 14:00:00","BZN|FR","Without Sequence","77.26","",""
"24/01/2025 14:00:00 - 24/01/2025 14:15:00","BZN|FR","Without Sequence","75.07","",""
"24/01/2025 14:15:00 - 24/01/2025 14:30:00","BZN|FR","Without Sequence","75.07","",""
"24/01/2025 14:30:00 - 24/01/2025 14:45:00","BZN|FR","Without Sequence","75.07","",""
"24/01/2025 14:45:00 - 24/01/2025 15:00:00","BZN|FR","Without Sequence","75.07","",""
"24/01/2025 15:00:00 - 24/01/2025 15:15:00","BZN|FR","Without Sequence","77.26","",""
"24/01/2025 15:15:00 - 24/01/2025 15:30:00","BZN|FR","Without Sequence","77.26","",""
"24/01/2025 15:30:00 - 24/01/2025 15:45:00","BZN|FR","Without Sequence","77.26","",""
"24/01/2025 15:45:00 - 24/01/2025 16:00:00","BZN|FR","Without Sequence","77.26","",""
"24/01/2025 16:00:00 - 24/01/2025 16:15:00","BZN|FR","Without Sequence","77.13","",""
"24/01/2025 16:15:00 - 24/01/2025 16:30:00","BZN|FR","Without Sequence","77.13","",""
"24/01/2025 16:30:00 - 24/01/2025 16:45:00","BZN|FR","Without Sequence","77.13","",""
"24/01/2025 16:45:00 - 24/01/2025 17:00:00","BZN|FR","Without Sequence","77.13","",""
"24/01/2025 17:00:00 - 24/01/2025 17:15:00","BZN|FR","Without Sequence","92.70","",""
"24/01/2025 17:15:00 - 24/01/2025 17:30:00","BZN|FR","Without Sequence","92.70","",""
"24/01/2025 17:30:00 - 24/01/2025 17:45:00","BZN|FR","Without Sequence","92.70","",""
"24/01/2025 17:45:00 - 24/01/2025 18:00:00","BZN|FR","Without Sequence","92.70","",""
"24/01/2025 18:00:00 - 24/01/2025 18:15:00","BZN|FR","Without Sequence","99.64","",""
"24/01/2025 18:15:00 - 24/01/2025 18:30:00","BZN|FR","Without Sequence","99.64","",""
"24/01/2025 18:30:00 - 24/01/2025 18:45:00","BZN|FR","Without Sequence","99.64","",""
"24/01/2025 18:45:00 - 24/01/2025 19:00:00","BZN|FR","Without Sequence","99.64","",""
"24/01/2025 19:00:00 - 24/01/2025 19:15:00","BZN|FR","Without Sequence","101.02","",""
"24/01/2025 19:15:00 - 24/01/2025 19:30:00","BZN|FR","Without Sequence","101.02","",""
"24/01/2025 19:30:00 - 24/01/2025 19:45:00","BZN|FR","Without Sequence","101.02","",""
"24/01/2025 19:45:00 - 24/01/2025 20:00:00","BZN|FR","Without Sequence","101.02","",""
"24/01/2025 20:00:00 - 24/01/2025 20:15:00","BZN|FR","Without Sequence","93.67","",""
"24/01/2025 20:15:00 - 24/01/2025 20:30:00","BZN|FR","Without Sequence","93.67","",""
"24/01/2025 20:30:00 - 24/01/2025 20:45:00","BZN|FR","Without Sequence","93.67","",""
"24/01/2025 20:45:00 - 24/01/2025 21:00:00","BZN|FR","Without Sequence","93.67","",""
"24/01/2025 21:00:00 - 24/01/2025 21:15:00","BZN|FR","Without Sequence","87.96","",""
"24/01/2025 21:15:00 - 24/01/2025 21:30:00","BZN|FR","Without Sequence","87.96","",""
"24/01/2025 21:30:00 - 24/01/2025 21:45:00","BZN|FR","Without Sequence","87.96","",""
"24/01/2025 21:45:00 - 24/01/2025 22:00:00","BZN|FR","Without Sequence","87.96","",""
"24/01/2025 22:00:00 - 24/01/2025 22:15:00","BZN|FR","Without Sequence","96.72","",""
"24/01/2025 22:15:00 - 24/01/2025 22:30:00","BZN|FR","Without Sequence","96.72","",""
"24/01/2025 22:30:00 - 24/01/2025 22:45:00","BZN|FR","Without Sequence","96.72","",""
"24/01/2025 22:45:00 - 24/01/2025 23:00:00","BZN|FR","Without Sequence","96.72","",""
"24/01/2025 23:00:00 - 24/01/2025 23:15:00","BZN|FR","Without Sequence","90.70","",""
"24/01/2025 23:15:00 - 24/01/2025 23:30:00","BZN|FR","Without Sequence","90.70","",""
"24/01/2025 23:30:00 - 24/01/2025 23:45:00","BZN|FR","Without Sequence","90.70","",""
"24/01/2025 23:45:00 - 25/01/2025 00:00:00","BZN|FR","Without Sequence","90.70","",""
"25/01/2025 00:00:00 - 25/01/2025 00:15:00","BZN|FR","Without Sequence","57.03","",""
"25/01/2025 00:15:00 - 25/01/2025 00:30:00","BZN|FR","Without Sequence","57.03","",""
"25/01/2025 00:30:00 - 25/01/2025 00:45:00","BZN|FR","Without Sequence","57.03","",""
"25/01/2025 00:45:00 - 25/01/2025 01:00:00","BZN|FR","Without Sequence","57.03","",""
"25/01/2025 01:00:00 - 25/01/2025 01:15:00","BZN|FR","Without Sequence","35.00","",""
"25/01/2025 01:15:00 - 25/01/2025 01:30:00","BZN|FR","Without Sequence","35.00","",""
"25/01/2025 01:30:00 - 25/01/2025 01:45:00","BZN|FR","Without Sequence","35.00","",""
"25/01/2025 01:45:00 - 25/01/2025 02:00:00","BZN|FR","Without Sequence","35.00","",""
"25/01/2025 02:00:00 - 25/01/2025 02:15:00","BZN|FR","Without Sequence","25.20","",""
"25/01/2025 02:15:00 - 25/01/2025 02:30:00","BZN|FR","Without Sequence","25.20","",""
"25/01/2025 02:30:00 - 25/01/2025 02:45:00","BZN|FR","Without Sequence","25.20","",""
"25/01/2025 02:45:00 - 25/01/2025 03:00:00","BZN|FR","Without Sequence","25.20","",""
"25/01/2025 03:00:00 - 25/01/2025 03:15:00","BZN|FR","Without Sequence","19.71","",""
"25/01/2025 03:15:00 - 25/01/2025 03:30:00","BZN|FR","Without Sequence","19.71","",""
"25/01/2025 03:30:00 - 25/01/2025 03:45:00","BZN|FR","Without Sequence","19.71","",""
"25/01/2025 03:45:00 - 25/01/2025 04:00:00","BZN|FR","Without Sequence","19.71","",""
"25/01/2025 04:00:00 - 25/01/2025 04:15:00","BZN|FR","Without Sequence","16.80","",""
"25/01/2025 04:15:00 - 25/01/2025 04:30:00","BZN|FR","Without Sequence","16.80","",""
"25/01/2025 04:30:00 - 25/01/2025 04:45:00","BZN|FR","Without Sequence","16.80","",""
"25/01/2025 04:45:00 - 25/01/2025 05:00:00","BZN|FR","Without Sequence","16.80","",""
"25/01/2025 05:00:00 - 25/01/2025 05:15:00","BZN|FR","Without Sequence","17.72","",""
"25/01/2025 05:15:00 - 25/01/2025 05:30:00","BZN|FR","Without Sequence","17.72","",""
"25/01/2025 05:30:00 - 25/01/2025 05:45:00","BZN|FR","Without Sequence","17.72","",""
"25/01/2025 05:45:00 - 25/01/2025 06:00:00","BZN|FR","Without Sequence","17.72","",""
"25/01/2025 06:00:00 - 25/01/2025 06:15:00","BZN|FR","Without Sequence","25.00","",""
"25/01/2025 06:15:00 - 25/01/2025 06:30:00","BZN|FR","Without Sequence","25.00","",""
"25/01/2025 06:30:00 - 25/01/2025 06:45:00","BZN|FR","Without Sequence","25.00","",""
"25/01/2025 06:45:00 - 25/01/2025 07:00:00","BZN|FR","Without Sequence","25.00","",""
"25/01/2025 07:00:00 - 25/01/2025 07:15:00","BZN|FR","Without Sequence","49.29","",""
"25/01/2025 07:15:00 - 25/01/2025 07:30:00","BZN|FR","Without Sequence","49.29","",""
"25/01/2025 07:30:00 - 25/01/2025 07:45:00","BZN|FR","Without Sequence","49.29","",""
"25/01/2025 07:45:00 - 25/01/2025 08:00:00","BZN|FR","Without Sequence","49.29","",""
"25/01/2025 08:00:00 - 25/01/2025 08:15:00","BZN|FR","Without Sequence","55.54","",""
"25/01/2025 08:15:00 - 25/01/2025 08:30:00","BZN|FR","Without Sequence","55.54","",""
"25/01/2025 08:30:00 - 25/01/2025 08:45:00","BZN|FR","Without Sequence","55.54","",""
"25/01/2025 08:45:00 - 25/01/2025 09:00:00","BZN|FR","Without Sequence","55.54","",""
"25/01/2025 09:00:00 - 25/01/2025 09:15:00","BZN|FR","Without Sequence","73.40","",""
"25/01/2025 09:15:00 - 25/01/2025 09:30:00","BZN|FR","Without Sequence","73.40","",""
"25/01/2025 09:30:00 - 25/01/2025 09:45:00","BZN|FR","Without Sequence","73.40","",""
"25/01/2025 09:45:00 - 25/01/2025 10:00:00","BZN|FR","Without Sequence","73.40","",""
"25/01/2025 10:00:00 - 25/01/2025 10:15:00","BZN|FR","Without Sequence","60.73","",""
"25/01/2025 10:15:00 - 25/01/2025 10:30:00","BZN|FR","Without Sequence","60.73","",""
"25/01/2025 10:30:00 - 25/01/2025 10:45:00","BZN|FR","Without Sequence","60.73","",""
"25/01/2025 10:45:00 - 25/01/2025 11:00:00","BZN|FR","Without Sequence","60.73","",""
"25/01/2025 11:00:00 - 25/01/2025 11:15:00","BZN|FR","Without Sequence","63.25","",""
"25/01/2025 11:15:00 - 25/01/2025 11:30:00","BZN|FR","Without Sequence","63.25","",""
"25/01/2025 11:30:00 - 25/01/2025 11:45:00","BZN|FR","Without Sequence","63.25","",""
"25/01/2025 11:45:00 - 25/01/2025 12:00:00","BZN|FR","Without Sequence","63.25","",""
"25/01/2025 12:00:00 - 25/01/2025 12:15:00","BZN|FR","Without Sequence","70.17","",""
"25/01/2025 12:15:00 - 25/01/2025 12:30:00","BZN|FR","Without Sequence","70.17","",""
"25/01/2025 12:30:00 - 25/01/2025 12:45:00","BZN|FR","Without Sequence","70.17","",""
"25/01/2025 12:45:00 - 25/01/2025 13:00:00","BZN|FR","Without Sequence","70.17","",""
"25/01/2025 13:00:00 - 25/01/2025 13:15:00","BZN|FR","Without Sequence","76.09","",""
"25/01/2025 13:15:00 - 25/01/2025 13:30:00","BZN|FR","Without Sequence","76.09","",""
"25/01/2025 13:30:00 - 25/01/2025 13:45:00","BZN|FR","Without Sequence","76.09","",""
"25/01/2025 13:45:00 - 25/01/2025 14:00:00","BZN|FR","Without Sequence","76.09","",""
"25/01/2025 14:00:00 - 25/01/2025 14:15:00","BZN|FR","Without Sequence","55.16","",""
"25/01/2025 14:15:00 - 25/01/2025 14:30:00","BZN|FR","Without Sequence","55.16","",""
"25/01/2025 14:30:00 - 25/01/2025 14:45:00","BZN|FR","Without Sequence","55.16","",""
"25/01/2025 14:45:00 - 25/01/2025 15:00:00","BZN|FR","Without Sequence","55.16","",""
"25/01/2025 15:00:00 - 25/01/2025 15:15:00","BZN|FR","Without Sequence","45.09","",""
"25/01/2025 15:15:00 - 25/01/2025 15:30:00","BZN|FR","Without Sequence","45.09","",""
"25/01/2025 15:30:00 - 25/01/2025 15:45:00","BZN|FR","Without Sequence","45.09","",""
"25/01/2025 15:45:00 - 25/01/2025 16:00:00","BZN|FR","Without Sequence","45.09","",""
"25/01/2025 16:00:00 - 25/01/2025 16:15:00","BZN|FR","Without Sequence","53.77","",""
"25/01/2025 16:15:00 - 25/01/2025 16:30:00","BZN|FR","Without Sequence","53.77","",""
"25/01/2025 16:30:00 - 25/01/2025 16:45:00","BZN|FR","Without Sequence","53.77","",""
"25/01/2025 16:45:00 - 25/01/2025 17:00:00","BZN|FR","Without Sequence","53.77","",""
"25/01/2025 17:00:00 - 25/01/2025 17:15:00","BZN|FR","Without Sequence","85.21","",""
"25/01/2025 17:15:00 - 25/01/2025 17:30:00","BZN|FR","Without Sequence","85.21","",""
"25/01/2025 17:30:00 - 25/01/2025 17:45:00","BZN|FR","Without Sequence","85.21","",""
"25/01/2025 17:45:00 - 25/01/2025 18:00:00","BZN|FR","Without Sequence","85.21","",""
"25/01/2025 18:00:00 - 25/01/2025 18:15:00","BZN|FR","Without Sequence","118.32","",""
"25/01/2025 18:15:00 - 25/01/2025 18:30:00","BZN|FR","Without Sequence","118.32","",""
"25/01/2025 18:30:00 - 25/01/2025 18:45:00","BZN|FR","Without Sequence","118.32","",""
"25/01/2025 18:45:00 - 25/01/2025 19:00:00","BZN|FR","Without Sequence","118.32","",""
"25/01/2025 19:00:00 - 25/01/2025 19:15:00","BZN|FR","Without Sequence","120.74","",""
"25/01/2025 19:15:00 - 25/01/2025 19:30:00","BZN|FR","Without Sequence","120.74","",""
"25/01/2025 19:30:00 - 25/01/2025 19:45:00","BZN|FR","Without Sequence","120.74","",""
"25/01/2025 19:45:00 - 25/01/2025 20:00:00","BZN|FR","Without Sequence","120.74","",""
"25/01/2025 20:00:00 - 25/01/2025 20:15:00","BZN|FR","Without Sequence","96.37","",""
"25/01/2025 20:15:00 - 25/01/2025 20:30:00","BZN|FR","Without Sequence","96.37","",""
"25/01/2025 20:30:00 - 25/01/2025 20:45:00","BZN|FR","Without Sequence","96.37","",""
"25/01/2025 20:45:00 - 25/01/2025 21:00:00","BZN|FR","Without Sequence","96.37","",""
"25/01/2025 21:00:00 - 25/01/2025 21:15:00","BZN|FR","Without Sequence","87.38","",""
"25/01/2025 21:15:00 - 25/01/2025 21:30:00","BZN|FR","Without Sequence","87.38","",""
"25/01/2025 21:30:00 - 25/01/2025 21:45:00","BZN|FR","Without Sequence","87.38","",""
"25/01/2025 21:45:00 - 25/01/2025 22:00:00","BZN|FR","Without Sequence","87.38","",""
"25/01/2025 22:00:00 - 25/01/2025 22:15:00","BZN|FR","Without Sequence","86.50","",""
"25/01/2025 22:15:00 - 25/01/2025 22:30:00","BZN|FR","Without Sequence","86.50","",""
"25/01/2025 22:30:00 - 25/01/2025 22:45:00","BZN|FR","Without Sequence","86.50","",""
"25/01/2025 22:45:00 - 25/01/2025 23:00:00","BZN|FR","Without Sequence","86.50","",""
"25/01/2025 23:00:00 - 25/01/2025 23:15:00","BZN|FR","Without Sequence","81.06","",""
"25/01/2025 23:15:00 - 25/01/2025 23:30:00","BZN|FR","Without Sequence","81.06","",""
"25/01/2025 23:30:00 - 25/01/2025 23:45:00","BZN|FR","Without Sequence","81.06","",""
"25/01/2025 23:45:00 - 26/01/2025 00:00:00","BZN|FR","Without Sequence","81.06","",""
"26/01/2025 00:00:00 - 26/01/2025 00:15:00","BZN|FR","Without Sequence","60.02","",""
"26/01/2025 00:15:00 - 26/01/2025 00:30:00","BZN|FR","Without Sequence","60.02","",""
"26/01/2025 00:30:00 - 26/01/2025 00:45:00","BZN|FR","Without Sequence","60.02","",""
"26/01/2025 00:45:00 - 26/01/2025 01:00:00","BZN|FR","Without Sequence","60.02","",""
"26/01/2025 01:00:00 - 26/01/2025 01:15:00","BZN|FR","Without Sequence","61.36","",""
"26/01/2025 01:15:00 - 26/01/2025 01:30:00","BZN|FR","Without Sequence","61.36","",""
"26/01/2025 01:30:00 - 26/01/2025 01:45:00","BZN|FR","Without Sequence","61.36","",""
"26/01/2025 01:45:00 - 26/01/2025 02:00:00","BZN|FR","Without Sequence","61.36","",""
"26/01/2025 02:00:00 - 26/01/2025 02:15:00","BZN|FR","Without Sequence","29.70","",""
"26/01/2025 02:15:00 - 26/01/2025 02:30:00","BZN|FR","Without Sequence","29.70","",""
"26/01/2025 02:30:00 - 26/01/2025 02:45:00","BZN|FR","Without Sequence","29.70","",""
"26/01/2025 02:45:00 - 26/01/2025 03:00:00","BZN|FR","Without Sequence","29.70","",""
"26/01/2025 03:00:00 - 26/01/2025 03:15:00","BZN|FR","Without Sequence","49.34","",""
"26/01/2025 03:15:00 - 26/01/2025 03:30:00","BZN|FR","Without Sequence","49.34","",""
"26/01/2025 03:30:00 - 26/01/2025 03:45:00","BZN|FR","Without Sequence","49.34","",""
"26/01/2025 03:45:00 - 26/01/2025 04:00:00","BZN|FR","Without Sequence","49.34","",""
"26/01/2025 04:00:00 - 26/01/2025 04:15:00","BZN|FR","Without Sequence","26.21","",""
"26/01/2025 04:15:00 - 26/01/2025 04:30:00","BZN|FR","Without Sequence","26.21","",""
"26/01/2025 04:30:00 - 26/01/2025 04:45:00","BZN|FR","Without Sequence","26.21","",""
"26/01/2025 04:45:00 - 26/01/2025 05:00:00","BZN|FR","Without Sequence","26.21","",""
"26/01/2025 05:00:00 - 26/01/2025 05:15:00","BZN|FR","Without Sequence","33.41","",""
"26/01/2025 05:15:00 - 26/01/2025 05:30:00","BZN|FR","Without Sequence","33.41","",""
"26/01/2025 05:30:00 - 26/01/2025 05:45:00","BZN|FR","Without Sequence","33.41","",""
"26/01/2025 05:45:00 - 26/01/2025 06:00:00","BZN|FR","Without Sequence","33.41","",""
"26/01/2025 06:00:00 - 26/01/2025 06:15:00","BZN|FR","Without Sequence","44.20","",""
"26/01/2025 06:15:00 - 26/01/2025 06:30:00","BZN|FR","Without Sequence","44.20","",""
"26/01/2025 06:30:00 - 26/01/2025 06:45:00","BZN|FR","Without Sequence","44.20","",""
"26/01/2025 06:45:00 - 26/01/2025 07:00:00","BZN|FR","Without Sequence","44.20","",""
"26/01/2025 07:00:00 - 26/01/2025 07:15:00","BZN|FR","Without Sequence","47.96","",""
"26/01/2025 07:15:00 - 26/01/2025 07:30:00","BZN|FR","Without Sequence","47.96","",""
"26/01/2025 07:30:00 - 26/01/2025 07:45:00","BZN|FR","Without Sequence","47.96","",""
"26/01/2025 07:45:00 - 26/01/2025 08:00:00","BZN|FR","Without Sequence","47.96","",""
"26/01/2025 08:00:00 - 26/01/2025 08:15:00","BZN|FR","Without Sequence","29.54","",""
"26/01/2025 08:15:00 - 26/01/2025 08:30:00","BZN|FR","Without Sequence","29.54","",""
"26/01/2025 08:30:00 - 26/01/2025 08:45:00","BZN|FR","Without Sequence","29.54","",""
"26/01/2025 08:45:00 - 26/01/2025 09:00:00","BZN|FR","Without Sequence","29.54","",""
"26/01/2025 09:00:00 - 26/01/2025 09:15:00","BZN|FR","Without Sequence","26.21","",""
"26/01/2025 09:15:00 - 26/01/2025 09:30:00","BZN|FR","Without Sequence","26.21","",""
"26/01/2025 09:30:00 - 26/01/2025 09:45:00","BZN|FR","Without Sequence","26.21","",""
"26/01/2025 09:45:00 - 26/01/2025 10:00:00","BZN|FR","Without Sequence","26.21","",""
"26/01/2025 10:00:00 - 26/01/2025 10:15:00","BZN|FR","Without Sequence","25.95","",""
"26/01/2025 10:15:00 - 26/01/2025 10:30:00","BZN|FR","Without Sequence","25.95","",""
"26/01/2025 10:30:00 - 26/01/2025 10:45:00","BZN|FR","Without Sequence","25.95","",""
"26/01/2025 10:45:00 - 26/01/2025 11:00:00","BZN|FR","Without Sequence","25.95","",""
"26/01/2025 11:00:00 - 26/01/2025 11:15:00","BZN|FR","Without Sequence","79.22","",""
"26/01/2025 11:15:00 - 26/01/2025 11:30:00","BZN|FR","Without Sequence","79.22","",""
"26/01/2025 11:30:00 - 26/01/2025 11:45:00","BZN|FR","Without Sequence","79.22","",""
"26/01/2025 11:45:00 - 26/01/2025 12:00:00","BZN|FR","Without Sequence","79.22","",""
"26/01/2025 12:00:00 - 26/01/2025 12:15:00","BZN|FR","Without Sequence","84.83","",""
"26/01/2025 12:15:00 - 26/01/2025 12:30:00","BZN|FR","Without Sequence","84.83","",""
"26/01/2025 12:30:00 - 26/01/2025 12:45:00","BZN|FR","Without Sequence","84.83","",""
"26/01/2025 12:45:00 - 26/01/2025 13:00:00","BZN|FR","Without Sequence","84.83","",""
"26/01/2025 13:00:00 - 26/01/2025 13:15:00","BZN|FR","Without Sequence","29.81","",""
"26/01/2025 13:15:00 - 26/01/2025 13:30:00","BZN|FR","Without Sequence","29.81","",""
"26/01/2025 13:30:00 - 26/01/2025 13:45:00","BZN|FR","Without Sequence","29.81","",""
"26/01/2025 13:45:00 - 26/01/2025 14:00:00","BZN|FR","Without Sequence","29.81","",""
"26/01/2025 14:00:00 - 26/01/2025 14:15:00","BZN|FR","Without Sequence","14.98","",""
"26/01/2025 14:15:00 - 26/01/2025 14:30:00","BZN|FR","Without Sequence","14.98","",""
"26/01/2025 14:30:00 - 26/01/2025 14:45:00","BZN|FR","Without Sequence","14.98","",""
"26/01/2025 14:45:00 - 26/01/2025 15:00:00","BZN|FR","Without Sequence","14.98","",""
"26/01/2025 15:00:00 - 26/01/2025 15:15:00","BZN|FR","Without Sequence","13.46","",""
"26/01/2025 15:15:00 - 26/01/2025 15:30:00","BZN|FR","Without Sequence","13.46","",""
"26/01/2025 15:30:00 - 26/01/2025 15:45:00","BZN|FR","Without Sequence","13.46","",""
"26/01/2025 15:45:00 - 26/01/2025 16:00:00","BZN|FR","Without Sequence","13.46","",""
"26/01/2025 16:00:00 - 26/01/2025 16:15:00","BZN|FR","Without Sequence","13.45","",""
"26/01/2025 16:15:00 - 26/01/2025 16:30:00","BZN|FR","Without Sequence","13.45","",""
"26/01/2025 16:30:00 - 26/01/2025 16:45:00","BZN|FR","Without Sequence","13.45","",""
"26/01/2025 16:45:00 - 26/01/2025 17:00:00","BZN|FR","Without Sequence","13.45","",""
"26/01/2025 17:00:00 - 26/01/2025 17:15:00","BZN|FR","Without Sequence","25.20","",""
"26/01/2025 17:15:00 - 26/01/2025 17:30:00","BZN|FR","Without Sequence","25.20","",""
"26/01/2025 17:30:00 - 26/01/2025 17:45:00","BZN|FR","Without Sequence","25.20","",""
"26/01/2025 17:45:00 - 26/01/2025 18:00:00","BZN|FR","Without Sequence","25.20","",""
"26/01/2025 18:00:00 - 26/01/2025 18:15:00","BZN|FR","Without Sequence","51.54","",""
"26/01/2025 18:15:00 - 26/01/2025 18:30:00","BZN|FR","Without Sequence","51.54","",""
"26/01/2025 18:30:00 - 26/01/2025 18:45:00","BZN|FR","Without Sequence","51.54","",""
"26/01/2025 18:45:00 - 26/01/2025 19:00:00","BZN|FR","Without Sequence","51.54","",""
"26/01/2025 19:00:00 - 26/01/2025 19:15:00","BZN|FR","Without Sequence","44.38","",""
"26/01/2025 19:15:00 - 26/01/2025 19:30:00","BZN|FR","Without Sequence","44.38","",""
"26/01/2025 19:30:00 - 26/01/2025 19:45:00","BZN|FR","Without Sequence","44.38","",""
"26/01/2025 19:45:00 - 26/01/2025 20:00:00","BZN|FR","Without Sequence","44.38","",""
"26/01/2025 20:00:00 - 26/01/2025 20:15:00","BZN|FR","Without Sequence","39.06","",""
"26/01/2025 20:15:00 - 26/01/2025 20:30:00","BZN|FR","Without Sequence","39.06","",""
"26/01/2025 20:30:00 - 26/01/2025 20:45:00","BZN|FR","Without Sequence","39.06","",""
"26/01/2025 20:45:00 - 26/01/2025 21:00:00","BZN|FR","Without Sequence","39.06","",""
"26/01/2025 21:00:00 - 26/01/2025 21:15:00","BZN|FR","Without Sequence","33.78","",""
"26/01/2025 21:15:00 - 26/01/2025 21:30:00","BZN|FR","Without Sequence","33.78","",""
"26/01/2025 21:30:00 - 26/01/2025 21:45:00","BZN|FR","Without Sequence","33.78","",""
"26/01/2025 21:45:00 - 26/01/2025 22:00:00","BZN|FR","Without Sequence","33.78","",""
"26/01/2025 22:00:00 - 26/01/2025 22:15:00","BZN|FR","Without Sequence","32.35","",""
"26/01/2025 22:15:00 - 26/01/2025 22:30:00","BZN|FR","Without Sequence","32.35","",""
"26/01/2025 22:30:00 - 26/01/2025 22:45:00","BZN|FR","Without Sequence","32.35","",""
"26/01/2025 22:45:00 - 26/01/2025 23:00:00","BZN|FR","Without Sequence","32.35","",""
"26/01/2025 23:00:00 - 26/01/2025 23:15:00","BZN|FR","Without Sequence","26.32","",""
"26/01/2025 23:15:00 - 26/01/2025 23:30:00","BZN|FR","Without Sequence","26.32","",""
"26/01/2025 23:30:00 - 26/01/2025 23:45:00","BZN|FR","Without Sequence","26.32","",""
"26/01/2025 23:45:00 - 27/01/2025 00:00:00","BZN|FR","Without Sequence","26.32","",""
"27/01/2025 00:00:00 - 27/01/2025 00:15:00","BZN|FR","Without Sequence","15.67","",""
"27/01/2025 00:15:00 - 27/01/2025 00:30:00","BZN|FR","Without Sequence","15.67","",""
"27/01/2025 00:30:00 - 27/01/2025 00:45:00","BZN|FR","Without Sequence","15.67","",""
"27/01/2025 00:45:00 - 27/01/2025 01:00:00","BZN|FR","Without Sequence","15.67","",""
"27/01/2025 01:00:00 - 27/01/2025 01:15:00","BZN|FR","Without Sequence","7.06","",""
"27/01/2025 01:15:00 - 27/01/2025 01:30:00","BZN|FR","Without Sequence","7.06","",""
"27/01/2025 01:30:00 - 27/01/2025 01:45:00","BZN|FR","Without Sequence","7.06","",""
"27/01/2025 01:45:00 - 27/01/2025 02:00:00","BZN|FR","Without Sequence","7.06","",""
"27/01/2025 02:00:00 - 27/01/2025 02:15:00","BZN|FR","Without Sequence","13.10","",""
"27/01/2025 02:15:00 - 27/01/2025 02:30:00","BZN|FR","Without Sequence","13.10","",""
"27/01/2025 02:30:00 - 27/01/2025 02:45:00","BZN|FR","Without Sequence","13.10","",""
"27/01/2025 02:45:00 - 27/01/2025 03:00:00","BZN|FR","Without Sequence","13.10","",""
"27/01/2025 03:00:00 - 27/01/2025 03:15:00","BZN|FR","Without Sequence","3.52","",""
"27/01/2025 03:15:00 - 27/01/2025 03:30:00","BZN|FR","Without Sequence","3.52","",""
"27/01/2025 03:30:00 - 27/01/2025 03:45:00","BZN|FR","Without Sequence","3.52","",""
"27/01/2025 03:45:00 - 27/01/2025 04:00:00","BZN|FR","Without Sequence","3.52","",""
"27/01/2025 04:00:00 - 27/01/2025 04:15:00","BZN|FR","Without Sequence","0.65","",""
"27/01/2025 04:15:00 - 27/01/2025 04:30:00","BZN|FR","Without Sequence","0.65","",""
"27/01/2025 04:30:00 - 27/01/2025 04:45:00","BZN|FR","Without Sequence","0.65","",""
"27/01/2025 04:45:00 - 27/01/2025 05:00:00","BZN|FR","Without Sequence","0.65","",""
"27/01/2025 05:00:00 - 27/01/2025 05:15:00","BZN|FR","Without Sequence","4.94","",""
"27/01/2025 05:15:00 - 27/01/2025 05:30:00","BZN|FR","Without Sequence","4.94","",""
"27/01/2025 05:30:00 - 27/01/2025 05:45:00","BZN|FR","Without Sequence","4.94","",""
"27/01/2025 05:45:00 - 27/01/2025 06:00:00","BZN|FR","Without Sequence","4.94","",""
"27/01/2025 06:00:00 - 27/01/2025 06:15:00","BZN|FR","Without Sequence","19.57","",""
"27/01/2025 06:15:00 - 27/01/2025 06:30:00","BZN|FR","Without Sequence","19.57","",""
"27/01/2025 06:30:00 - 27/01/2025 06:45:00","BZN|FR","Without Sequence","19.57","",""
"27/01/2025 06:45:00 - 27/01/2025 07:00:00","BZN|FR","Without Sequence","19.57","",""
"27/01/2025 07:00:00 - 27/01/2025 07:15:00","BZN|FR","Without Sequence","31.84","",""
"27/01/2025 07:15:00 - 27/01/2025 07:30:00","BZN|FR","Without Sequence","31.84","",""
"27/01/2025 07:30:00 - 27/01/2025 07:45:00","BZN|FR","Without Sequence","31.84","",""
"27/01/2025 07:45:00 - 27/01/2025 08:00:00","BZN|FR","Without Sequence","31.84","",""
"27/01/2025 08:00:00 - 27/01/2025 08:15:00","BZN|FR","Without Sequence","48.01","",""
"27/01/2025 08:15:00 - 27/01/2025 08:30:00","BZN|FR","Without Sequence","48.01","",""
"27/01/2025 08:30:00 - 27/01/2025 08:45:00","BZN|FR","Without Sequence","48.01","",""
"27/01/2025 08:45:00 - 27/01/2025 09:00:00","BZN|FR","Without Sequence","48.01","",""
"27/01/2025 09:00:00 - 27/01/2025 09:15:00","BZN|FR","Without Sequence","43.06","",""
"27/01/2025 09:15:00 - 27/01/2025 09:30:00","BZN|FR","Without Sequence","43.06","",""
"27/01/2025 09:30:00 - 27/01/2025 09:45:00","BZN|FR","Without Sequence","43.06","",""
"27/01/2025 09:45:00 - 27/01/2025 10:00:00","BZN|FR","Without Sequence","43.06","",""
"27/01/2025 10:00:00 - 27/01/2025 10:15:00","BZN|FR","Without Sequence","35.72","",""
"27/01/2025 10:15:00 - 27/01/2025 10:30:00","BZN|FR","Without Sequence","35.72","",""
"27/01/2025 10:30:00 - 27/01/2025 10:45:00","BZN|FR","Without Sequence","35.72","",""
"27/01/2025 10:45:00 - 27/01/2025 11:00:00","BZN|FR","Without Sequence","35.72","",""
"27/01/2025 11:00:00 - 27/01/2025 11:15:00","BZN|FR","Without Sequence","32.76","",""
"27/01/2025 11:15:00 - 27/01/2025 11:30:00","BZN|FR","Without Sequence","32.76","",""
"27/01/2025 11:30:00 - 27/01/2025 11:45:00","BZN|FR","Without Sequence","32.76","",""
"27/01/2025 11:45:00 - 27/01/2025 12:00:00","BZN|FR","Without Sequence","32.76","",""
"27/01/2025 12:00:00 - 27/01/2025 12:15:00","BZN|FR","Without Sequence","32.69","",""
"27/01/2025 12:15:00 - 27/01/2025 12:30:00","BZN|FR","Without Sequence","32.69","",""
"27/01/2025 12:30:00 - 27/01/2025 12:45:00","BZN|FR","Without Sequence","32.69","",""
"27/01/2025 12:45:00 - 27/01/2025 13:00:00","BZN|FR","Without Sequence","32.69","",""
"27/01/2025 13:00:00 - 27/01/2025 13:15:00","BZN|FR","Without Sequence","33.77","",""
"27/01/2025 13:15:00 - 27/01/2025 13:30:00","BZN|FR","Without Sequence","33.77","",""
"27/01/2025 13:30:00 - 27/01/2025 13:45:00","BZN|FR","Without Sequence","33.77","",""
"27/01/2025 13:45:00 - 27/01/2025 14:00:00","BZN|FR","Without Sequence","33.77","",""
"27/01/2025 14:00:00 - 27/01/2025 14:15:00","BZN|FR","Without Sequence","22.54","",""
"27/01/2025 14:15:00 - 27/01/2025 14:30:00","BZN|FR","Without Sequence","22.54","",""
"27/01/2025 14:30:00 - 27/01/2025 14:45:00","BZN|FR","Without Sequence","22.54","",""
"27/01/2025 14:45:00 - 27/01/2025 15:00:00","BZN|FR","Without Sequence","22.54","",""
"27/01/2025 15:00:00 - 27/01/2025 15:15:00","BZN|FR","Without Sequence","19.90","",""
"27/01/2025 15:15:00 - 27/01/2025 15:30:00","BZN|FR","Without Sequence","19.90","",""
"27/01/2025 15:30:00 - 27/01/2025 15:45:00","BZN|FR","Without Sequence","19.90","",""
"27/01/2025 15:45:00 - 27/01/2025 16:00:00","BZN|FR","Without Sequence","19.90","",""
"27/01/2025 16:00:00 - 27/01/2025 16:15:00","BZN|FR","Without Sequence","22.97","",""
"27/01/2025 16:15:00 - 27/01/2025 16:30:00","BZN|FR","Without Sequence","22.97","",""
"27/01/2025 16:30:00 - 27/01/2025 16:45:00","BZN|FR","Without Sequence","22.97","",""
"27/01/2025 16:45:00 - 27/01/2025 17:00:00","BZN|FR","Without Sequence","22.97","",""
"27/01/2025 17:00:00 - 27/01/2025 17:15:00","BZN|FR","Without Sequence","55.67","",""
"27/01/2025 17:15:00 - 27/01/2025 17:30:00","BZN|FR","Without Sequence","55.67","",""
"27/01/2025 17:30:00 - 27/01/2025 17:45:00","BZN|FR","Without Sequence","55.67","",""
"27/01/2025 17:45:00 - 27/01/2025 18:00:00","BZN|FR","Without Sequence","55.67","",""
"27/01/2025 18:00:00 - 27/01/2025 18:15:00","BZN|FR","Without Sequence","57.18","",""
"27/01/2025 18:15:00 - 27/01/2025 18:30:00","BZN|FR","Without Sequence","57.18","",""
"27/01/2025 18:30:00 - 27/01/2025 18:45:00","BZN|FR","Without Sequence","57.18","",""
"27/01/2025 18:45:00 - 27/01/2025 19:00:00","BZN|FR","Without Sequence","57.18","",""
"27/01/2025 19:00:00 - 27/01/2025 19:15:00","BZN|FR","Without Sequence","57.10","",""
"27/01/2025 19:15:00 - 27/01/2025 19:30:00","BZN|FR","Without Sequence","57.10","",""
"27/01/2025 19:30:00 - 27/01/2025 19:45:00","BZN|FR","Without Sequence","57.10","",""
"27/01/2025 19:45:00 - 27/01/2025 20:00:00","BZN|FR","Without Sequence","57.10","",""
"27/01/2025 20:00:00 - 27/01/2025 20:15:00","BZN|FR","Without Sequence","40.90","",""
"27/01/2025 20:15:00 - 27/01/2025 20:30:00","BZN|FR","Without Sequence","40.90","",""
"27/01/2025 20:30:00 - 27/01/2025 20:45:00","BZN|FR","Without Sequence","40.90","",""
"27/01/2025 20:45:00 - 27/01/2025 21:00:00","BZN|FR","Without Sequence","40.90","",""
"27/01/2025 21:00:00 - 27/01/2025 21:15:00","BZN|FR","Without Sequence","37.68","",""
"27/01/2025 21:15:00 - 27/01/2025 21:30:00","BZN|FR","Without Sequence","37.68","",""
"27/01/2025 21:30:00 - 27/01/2025 21:45:00","BZN|FR","Without Sequence","37.68","",""
"27/01/2025 21:45:00 - 27/01/2025 22:00:00","BZN|FR","Without Sequence","37.68","",""
"27/01/2025 22:00:00 - 27/01/2025 22:15:00","BZN|FR","Without Sequence","32.00","",""
"27/01/2025 22:15:00 - 27/01/2025 22:30:00","BZN|FR","Without Sequence","32.00","",""
"27/01/2025 22:30:00 - 27/01/2025 22:45:00","BZN|FR","Without Sequence","32.00","",""
"27/01/2025 22:45:00 - 27/01/2025 23:00:00","BZN|FR","Without Sequence","32.00","",""
"27/01/2025 23:00:00 - 27/01/2025 23:15:00","BZN|FR","Without Sequence","26.23","",""
"27/01/2025 23:15:00 - 27/01/2025 23:30:00","BZN|FR","Without Sequence","26.23","",""
"27/01/2025 23:30:00 - 27/01/2025 23:45:00","BZN|FR","Without Sequence","26.23","",""
"27/01/2025 23:45:00 - 28/01/2025 00:00:00","BZN|FR","Without Sequence","26.23","",""
"28/01/2025 00:00:00 - 28/01/2025 00:15:00","BZN|FR","Without Sequence","16.55","",""
"28/01/2025 00:15:00 - 28/01/2025 00:30:00","BZN|FR","Without Sequence","16.55","",""
"28/01/2025 00:30:00 - 28/01/2025 00:45:00","BZN|FR","Without Sequence","16.55","",""
"28/01/2025 00:45:00 - 28/01/2025 01:00:00","BZN|FR","Without Sequence","16.55","",""
"28/01/2025 01:00:00 - 28/01/2025 01:15:00","BZN|FR","Without Sequence","9.12","",""
"28/01/2025 01:15:00 - 28/01/2025 01:30:00","BZN|FR","Without Sequence","9.12","",""
"28/01/2025 01:30:00 - 28/01/2025 01:45:00","BZN|FR","Without Sequence","9.12","",""
"28/01/2025 01:45:00 - 28/01/2025 02:00:00","BZN|FR","Without Sequence","9.12","",""
"28/01/2025 02:00:00 - 28/01/2025 02:15:00","BZN|FR","Without Sequence","4.56","",""
"28/01/2025 02:15:00 - 28/01/2025 02:30:00","BZN|FR","Without Sequence","4.56","",""
"28/01/2025 02:30:00 - 28/01/2025 02:45:00","BZN|FR","Without Sequence","4.56","",""
"28/01/2025 02:45:00 - 28/01/2025 03:00:00","BZN|FR","Without Sequence","4.56","",""
"28/01/2025 03:00:00 - 28/01/2025 03:15:00","BZN|FR","Without Sequence","5.29","",""
"28/01/2025 03:15:00 - 28/01/2025 03:30:00","BZN|FR","Without Sequence","5.29","",""
"28/01/2025 03:30:00 - 28/01/2025 03:45:00","BZN|FR","Without Sequence","5.29","",""
"28/01/2025 03:45:00 - 28/01/2025 04:00:00","BZN|FR","Without Sequence","5.29","",""
"28/01/2025 04:00:00 - 28/01/2025 04:15:00","BZN|FR","Without Sequence","0.65","",""
"28/01/2025 04:15:00 - 28/01/2025 04:30:00","BZN|FR","Without Sequence","0.65","",""
"28/01/2025 04:30:00 - 28/01/2025 04:45:00","BZN|FR","Without Sequence","0.65","",""
"28/01/2025 04:45:00 - 28/01/2025 05:00:00","BZN|FR","Without Sequence","0.65","",""
"28/01/2025 05:00:00 - 28/01/2025 05:15:00","BZN|FR","Without Sequence","0.65","",""
"28/01/2025 05:15:00 - 28/01/2025 05:30:00","BZN|FR","Without Sequence","0.65","",""
"28/01/2025 05:30:00 - 28/01/2025 05:45:00","BZN|FR","Without Sequence","0.65","",""
"28/01/2025 05:45:00 - 28/01/2025 06:00:00","BZN|FR","Without Sequence","0.65","",""
"28/01/2025 06:00:00 - 28/01/2025 06:15:00","BZN|FR","Without Sequence","16.27","",""
"28/01/2025 06:15:00 - 28/01/2025 06:30:00","BZN|FR","Without Sequence","16.27","",""
"28/01/2025 06:30:00 - 28/01/2025 06:45:00","BZN|FR","Without Sequence","16.27","",""
"28/01/2025 06:45:00 - 28/01/2025 07:00:00","BZN|FR","Without Sequence","16.27","",""
"28/01/2025 07:00:00 - 28/01/2025 07:15:00","BZN|FR","Without Sequence","39.60","",""
"28/01/2025 07:15:00 - 28/01/2025 07:30:00","BZN|FR","Without Sequence","39.60","",""
"28/01/2025 07:30:00 - 28/01/2025 07:45:00","BZN|FR","Without Sequence","39.60","",""
"28/01/2025 07:45:00 - 28/01/2025 08:00:00","BZN|FR","Without Sequence","39.60","",""
"28/01/2025 08:00:00 - 28/01/2025 08:15:00","BZN|FR","Without Sequence","61.83","",""
"28/01/2025 08:15:00 - 28/01/2025 08:30:00","BZN|FR","Without Sequence","61.83","",""
"28/01/2025 08:30:00 - 28/01/2025 08:45:00","BZN|FR","Without Sequence","61.83","",""
"28/01/2025 08:45:00 - 28/01/2025 09:00:00","BZN|FR","Without Sequence","61.83","",""
"28/01/2025 09:00:00 - 28/01/2025 09:15:00","BZN|FR","Without Sequence","58.32","",""
"28/01/2025 09:15:00 - 28/01/2025 09:30:00","BZN|FR","Without Sequence","58.32","",""
"28/01/2025 09:30:00 - 28/01/2025 09:45:00","BZN|FR","Without Sequence","58.32","",""
"28/01/2025 09:45:00 - 28/01/2025 10:00:00","BZN|FR","Without Sequence","58.32","",""
"28/01/2025 10:00:00 - 28/01/2025 10:15:00","BZN|FR","Without Sequence","23.28","",""
"28/01/2025 10:15:00 - 28/01/2025 10:30:00","BZN|FR","Without Sequence","23.28","",""
"28/01/2025 10:30:00 - 28/01/2025 10:45:00","BZN|FR","Without Sequence","23.28","",""
"28/01/2025 10:45:00 - 28/01/2025 11:00:00","BZN|FR","Without Sequence","23.28","",""
"28/01/2025 11:00:00 - 28/01/2025 11:15:00","BZN|FR","Without Sequence","29.14","",""
"28/01/2025 11:15:00 - 28/01/2025 11:30:00","BZN|FR","Without Sequence","29.14","",""
"28/01/2025 11:30:00 - 28/01/2025 11:45:00","BZN|FR","Without Sequence","29.14","",""
"28/01/2025 11:45:00 - 28/01/2025 12:00:00","BZN|FR","Without Sequence","29.14","",""
"28/01/2025 12:00:00 - 28/01/2025 12:15:00","BZN|FR","Without Sequence","41.44","",""
"28/01/2025 12:15:00 - 28/01/2025 12:30:00","BZN|FR","Without Sequence","41.44","",""
"28/01/2025 12:30:00 - 28/01/2025 12:45:00","BZN|FR","Without Sequence","41.44","",""
"28/01/2025 12:45:00 - 28/01/2025 13:00:00","BZN|FR","Without Sequence","41.44","",""
"28/01/2025 13:00:00 - 28/01/2025 13:15:00","BZN|FR","Without Sequence","25.05","",""
"28/01/2025 13:15:00 - 28/01/2025 13:30:00","BZN|FR","Without Sequence","25.05","",""
"28/01/2025 13:30:00 - 28/01/2025 13:45:00","BZN|FR","Without Sequence","25.05","",""
"28/01/2025 13:45:00 - 28/01/2025 14:00:00","BZN|FR","Without Sequence","25.05","",""
"28/01/2025 14:00:00 - 28/01/2025 14:15:00","BZN|FR","Without Sequence","23.57","",""
"28/01/2025 14:15:00 - 28/01/2025 14:30:00","BZN|FR","Without Sequence","23.57","",""
"28/01/2025 14:30:00 - 28/01/2025 14:45:00","BZN|FR","Without Sequence","23.57","",""
"28/01/2025 14:45:00 - 28/01/2025 15:00:00","BZN|FR","Without Sequence","23.57","",""
"28/01/2025 15:00:00 - 28/01/2025 15:15:00","BZN|FR","Without Sequence","25.56","",""
"28/01/2025 15:15:00 - 28/01/2025 15:30:00","BZN|FR","Without Sequence","25.56","",""
"28/01/2025 15:30:00 - 28/01/2025 15:45:00","BZN|FR","Without Sequence","25.56","",""
"28/01/2025 15:45:00 - 28/01/2025 16:00:00","BZN|FR","Without Sequence","25.56","",""
"28/01/2025 16:00:00 - 28/01/2025 16:15:00","BZN|FR","Without Sequence","30.67","",""
"28/01/2025 16:15:00 - 28/01/2025 16:30:00","BZN|FR","Without Sequence","30.67","",""
"28/01/2025 16:30:00 - 28/01/2025 16:45:00","BZN|FR","Without Sequence","30.67","",""
"28/01/2025 16:45:00 - 28/01/2025 17:00:00","BZN|FR","Without Sequence","30.67","",""
"28/01/2025 17:00:00 - 28/01/2025 17:15:00","BZN|FR","Without Sequence","31.58","",""
"28/01/2025 17:15:00 - 28/01/2025 17:30:00","BZN|FR","Without Sequence","31.58","",""
"28/01/2025 17:30:00 - 28/01/2025 17:45:00","BZN|FR","Without Sequence","31.58","",""
"28/01/2025 17:45:00 - 28/01/2025 18:00:00","BZN|FR","Without Sequence","31.58","",""
"28/01/2025 18:00:00 - 28/01/2025 18:15:00","BZN|FR","Without Sequence","51.46","",""
"28/01/2025 18:15:00 - 28/01/2025 18:30:00","BZN|FR","Without Sequence","51.46","",""
"28/01/2025 18:30:00 - 28/01/2025 18:45:00","BZN|FR","Without Sequence","51.46","",""
"28/01/2025 18:45:00 - 28/01/2025 19:00:00","BZN|FR","Without Sequence","51.46","",""
"28/01/2025 19:00:00 - 28/01/2025 19:15:00","BZN|FR","Without Sequence","69.50","",""
"28/01/2025 19:15:00 - 28/01/2025 19:30:00","BZN|FR","Without Sequence","69.50","",""
"28/01/2025 19:30:00 - 28/01/2025 19:45:00","BZN|FR","Without Sequence","69.50","",""
"28/01/2025 19:45:00 - 28/01/2025 20:00:00","BZN|FR","Without Sequence","69.50","",""
"28/01/2025 20:00:00 - 28/01/2025 20:15:00","BZN|FR","Without Sequence","60.00","",""
"28/01/2025 20:15:00 - 28/01/2025 20:30:00","BZN|FR","Without Sequence","60.00","",""
"28/01/2025 20:30:00 - 28/01/2025 20:45:00","BZN|FR","Without Sequence","60.00","",""
"28/01/2025 20:45:00 - 28/01/2025 21:00:00","BZN|FR","Without Sequence","60.00","",""
"28/01/2025 21:00:00 - 28/01/2025 21:15:00","BZN|FR","Without Sequence","48.03","",""
"28/01/2025 21:15:00 - 28/01/2025 21:30:00","BZN|FR","Without Sequence","48.03","",""
"28/01/2025 21:30:00 - 28/01/2025 21:45:00","BZN|FR","Without Sequence","48.03","",""
"28/01/2025 21:45:00 - 28/01/2025 22:00:00","BZN|FR","Without Sequence","48.03","",""
"28/01/2025 22:00:00 - 28/01/2025 22:15:00","BZN|FR","Without Sequence","34.22","",""
"28/01/2025 22:15:00 - 28/01/2025 22:30:00","BZN|FR","Without Sequence","34.22","",""
"28/01/2025 22:30:00 - 28/01/2025 22:45:00","BZN|FR","Without Sequence","34.22","",""
"28/01/2025 22:45:00 - 28/01/2025 23:00:00","BZN|FR","Without Sequence","34.22","",""
"28/01/2025 23:00:00 - 28/01/2025 23:15:00","BZN|FR","Without Sequence","26.28","",""
"28/01/2025 23:15:00 - 28/01/2025 23:30:00","BZN|FR","Without Sequence","26.28","",""
"28/01/2025 23:30:00 - 28/01/2025 23:45:00","BZN|FR","Without Sequence","26.28","",""
"28/01/2025 23:45:00 - 29/01/2025 00:00:00","BZN|FR","Without Sequence","26.28","",""
"29/01/2025 00:00:00 - 29/01/2025 00:15:00","BZN|FR","Without Sequence","27.74","",""
"29/01/2025 00:15:00 - 29/01/2025 00:30:00","BZN|FR","Without Sequence","27.74","",""
"29/01/2025 00:30:00 - 29/01/2025 00:45:00","BZN|FR","Without Sequence","27.74","",""
"29/01/2025 00:45:00 - 29/01/2025 01:00:00","BZN|FR","Without Sequence","27.74","",""
"29/01/2025 01:00:00 - 29/01/2025 01:15:00","BZN|FR","Without Sequence","25.52","",""
"29/01/2025 01:15:00 - 29/01/2025 01:30:00","BZN|FR","Without Sequence","25.52","",""
"29/01/2025 01:30:00 - 29/01/2025 01:45:00","BZN|FR","Without Sequence","25.52","",""
"29/01/2025 01:45:00 - 29/01/2025 02:00:00","BZN|FR","Without Sequence","25.52","",""
"29/01/2025 02:00:00 - 29/01/2025 02:15:00","BZN|FR","Without Sequence","15.05","",""
"29/01/2025 02:15:00 - 29/01/2025 02:30:00","BZN|FR","Without Sequence","15.05","",""
"29/01/2025 02:30:00 - 29/01/2025 02:45:00","BZN|FR","Without Sequence","15.05","",""
"29/01/2025 02:45:00 - 29/01/2025 03:00:00","BZN|FR","Without Sequence","15.05","",""
"29/01/2025 03:00:00 - 29/01/2025 03:15:00","BZN|FR","Without Sequence","3.52","",""
"29/01/2025 03:15:00 - 29/01/2025 03:30:00","BZN|FR","Without Sequence","3.52","",""
"29/01/2025 03:30:00 - 29/01/2025 03:45:00","BZN|FR","Without Sequence","3.52","",""
"29/01/2025 03:45:00 - 29/01/2025 04:00:00","BZN|FR","Without Sequence","3.52","",""
"29/01/2025 04:00:00 - 29/01/2025 04:15:00","BZN|FR","Without Sequence","3.52","",""
"29/01/2025 04:15:00 - 29/01/2025 04:30:00","BZN|FR","Without Sequence","3.52","",""
"29/01/2025 04:30:00 - 29/01/2025 04:45:00","BZN|FR","Without Sequence","3.52","",""
"29/01/2025 04:45:00 - 29/01/2025 05:00:00","BZN|FR","Without Sequence","3.52","",""
"29/01/2025 05:00:00 - 29/01/2025 05:15:00","BZN|FR","Without Sequence","3.52","",""
"29/01/2025 05:15:00 - 29/01/2025 05:30:00","BZN|FR","Without Sequence","3.52","",""
"29/01/2025 05:30:00 - 29/01/2025 05:45:00","BZN|FR","Without Sequence","3.52","",""
"29/01/2025 05:45:00 - 29/01/2025 06:00:00","BZN|FR","Without Sequence","3.52","",""
"29/01/2025 06:00:00 - 29/01/2025 06:15:00","BZN|FR","Without Sequence","38.16","",""
"29/01/2025 06:15:00 - 29/01/2025 06:30:00","BZN|FR","Without Sequence","38.16","",""
"29/01/2025 06:30:00 - 29/01/2025 06:45:00","BZN|FR","Without Sequence","38.16","",""
"29/01/2025 06:45:00 - 29/01/2025 07:00:00","BZN|FR","Without Sequence","38.16","",""
"29/01/2025 07:00:00 - 29/01/2025 07:15:00","BZN|FR","Without Sequence","76.68","",""
"29/01/2025 07:15:00 - 29/01/2025 07:30:00","BZN|FR","Without Sequence","76.68","",""
"29/01/2025 07:30:00 - 29/01/2025 07:45:00","BZN|FR","Without Sequence","76.68","",""
"29/01/2025 07:45:00 - 29/01/2025 08:00:00","BZN|FR","Without Sequence","76.68","",""
"29/01/2025 08:00:00 - 29/01/2025 08:15:00","BZN|FR","Without Sequence","103.61","",""
"29/01/2025 08:15:00 - 29/01/2025 08:30:00","BZN|FR","Without Sequence","103.61","",""
"29/01/2025 08:30:00 - 29/01/2025 08:45:00","BZN|FR","Without Sequence","103.61","",""
"29/01/2025 08:45:00 - 29/01/2025 09:00:00","BZN|FR","Without Sequence","103.61","",""
"29/01/2025 09:00:00 - 29/01/2025 09:15:00","BZN|FR","Without Sequence","69.20","",""
"29/01/2025 09:15:00 - 29/01/2025 09:30:00","BZN|FR","Without Sequence","69.20","",""
"29/01/2025 09:30:00 - 29/01/2025 09:45:00","BZN|FR","Without Sequence","69.20","",""
"29/01/2025 09:45:00 - 29/01/2025 10:00:00","BZN|FR","Without Sequence","69.20","",""
"29/01/2025 10:00:00 - 29/01/2025 10:15:00","BZN|FR","Without Sequence","45.00","",""
"29/01/2025 10:15:00 - 29/01/2025 10:30:00","BZN|FR","Without Sequence","45.00","",""
"29/01/2025 10:30:00 - 29/01/2025 10:45:00","BZN|FR","Without Sequence","45.00","",""
"29/01/2025 10:45:00 - 29/01/2025 11:00:00","BZN|FR","Without Sequence","45.00","",""
"29/01/2025 11:00:00 - 29/01/2025 11:15:00","BZN|FR","Without Sequence","46.02","",""
"29/01/2025 11:15:00 - 29/01/2025 11:30:00","BZN|FR","Without Sequence","46.02","",""
"29/01/2025 11:30:00 - 29/01/2025 11:45:00","BZN|FR","Without Sequence","46.02","",""
"29/01/2025 11:45:00 - 29/01/2025 12:00:00","BZN|FR","Without Sequence","46.02","",""
"29/01/2025 12:00:00 - 29/01/2025 12:15:00","BZN|FR","Without Sequence","72.92","",""
"29/01/2025 12:15:00 - 29/01/2025 12:30:00","BZN|FR","Without Sequence","72.92","",""
"29/01/2025 12:30:00 - 29/01/2025 12:45:00","BZN|FR","Without Sequence","72.92","",""
"29/01/2025 12:45:00 - 29/01/2025 13:00:00","BZN|FR","Without Sequence","72.92","",""
"29/01/2025 13:00:00 - 29/01/2025 13:15:00","BZN|FR","Without Sequence","75.39","",""
"29/01/2025 13:15:00 - 29/01/2025 13:30:00","BZN|FR","Without Sequence","75.39","",""
"29/01/2025 13:30:00 - 29/01/2025 13:45:00","BZN|FR","Without Sequence","75.39","",""
"29/01/2025 13:45:00 - 29/01/2025 14:00:00","BZN|FR","Without Sequence","75.39","",""
"29/01/2025 14:00:00 - 29/01/2025 14:15:00","BZN|FR","Without Sequence","75.16","",""
"29/01/2025 14:15:00 - 29/01/2025 14:30:00","BZN|FR","Without Sequence","75.16","",""
"29/01/2025 14:30:00 - 29/01/2025 14:45:00","BZN|FR","Without Sequence","75.16","",""
"29/01/2025 14:45:00 - 29/01/2025 15:00:00","BZN|FR","Without Sequence","75.16","",""
"29/01/2025 15:00:00 - 29/01/2025 15:15:00","BZN|FR","Without Sequence","85.61","",""
"29/01/2025 15:15:00 - 29/01/2025 15:30:00","BZN|FR","Without Sequence","85.61","",""
"29/01/2025 15:30:00 - 29/01/2025 15:45:00","BZN|FR","Without Sequence","85.61","",""
"29/01/2025 15:45:00 - 29/01/2025 16:00:00","BZN|FR","Without Sequence","85.61","",""
"29/01/2025 16:00:00 - 29/01/2025 16:15:00","BZN|FR","Without Sequence","102.94","",""
"29/01/2025 16:15:00 - 29/01/2025 16:30:00","BZN|FR","Without Sequence","102.94","",""
"29/01/2025 16:30:00 - 29/01/2025 16:45:00","BZN|FR","Without Sequence","102.94","",""
"29/01/2025 16:45:00 - 29/01/2025 17:00:00","BZN|FR","Without Sequence","102.94","",""
"29/01/2025 17:00:00 - 29/01/2025 17:15:00","BZN|FR","Without Sequence","147.40","",""
"29/01/2025 17:15:00 - 29/01/2025 17:30:00","BZN|FR","Without Sequence","147.40","",""
"29/01/2025 17:30:00 - 29/01/2025 17:45:00","BZN|FR","Without Sequence","147.40","",""
"29/01/2025 17:45:00 - 29/01/2025 18:00:00","BZN|FR","Without Sequence","147.40","",""
"29/01/2025 18:00:00 - 29/01/2025 18:15:00","BZN|FR","Without Sequence","140.11","",""
"29/01/2025 18:15:00 - 29/01/2025 18:30:00","BZN|FR","Without Sequence","140.11","",""
"29/01/2025 18:30:00 - 29/01/2025 18:45:00","BZN|FR","Without Sequence","140.11","",""
"29/01/2025 18:45:00 - 29/01/2025 19:00:00","BZN|FR","Without Sequence","140.11","",""
"29/01/2025 19:00:00 - 29/01/2025 19:15:00","BZN|FR","Without Sequence","146.08","",""
"29/01/2025 19:15:00 - 29/01/2025 19:30:00","BZN|FR","Without Sequence","146.08","",""
"29/01/2025 19:30:00 - 29/01/2025 19:45:00","BZN|FR","Without Sequence","146.08","",""
"29/01/2025 19:45:00 - 29/01/2025 20:00:00","BZN|FR","Without Sequence","146.08","",""
"29/01/2025 20:00:00 - 29/01/2025 20:15:00","BZN|FR","Without Sequence","134.31","",""
"29/01/2025 20:15:00 - 29/01/2025 20:30:00","BZN|FR","Without Sequence","134.31","",""
"29/01/2025 20:30:00 - 29/01/2025 20:45:00","BZN|FR","Without Sequence","134.31","",""
"29/01/2025 20:45:00 - 29/01/2025 21:00:00","BZN|FR","Without Sequence","134.31","",""
"29/01/2025 21:00:00 - 29/01/2025 21:15:00","BZN|FR","Without Sequence","118.57","",""
"29/01/2025 21:15:00 - 29/01/2025 21:30:00","BZN|FR","Without Sequence","118.57","",""
"29/01/2025 21:30:00 - 29/01/2025 21:45:00","BZN|FR","Without Sequence","118.57","",""
"29/01/2025 21:45:00 - 29/01/2025 22:00:00","BZN|FR","Without Sequence","118.57","",""
"29/01/2025 22:00:00 - 29/01/2025 22:15:00","BZN|FR","Without Sequence","99.38","",""
"29/01/2025 22:15:00 - 29/01/2025 22:30:00","BZN|FR","Without Sequence","99.38","",""
"29/01/2025 22:30:00 - 29/01/2025 22:45:00","BZN|FR","Without Sequence","99.38","",""
"29/01/2025 22:45:00 - 29/01/2025 23:00:00","BZN|FR","Without Sequence","99.38","",""
"29/01/2025 23:00:00 - 29/01/2025 23:15:00","BZN|FR","Without Sequence","91.01","",""
"29/01/2025 23:15:00 - 29/01/2025 23:30:00","BZN|FR","Without Sequence","91.01","",""
"29/01/2025 23:30:00 - 29/01/2025 23:45:00","BZN|FR","Without Sequence","91.01","",""
"29/01/2025 23:45:00 - 30/01/2025 00:00:00","BZN|FR","Without Sequence","91.01","",""
"30/01/2025 00:00:00 - 30/01/2025 00:15:00","BZN|FR","Without Sequence","66.63","",""
"30/01/2025 00:15:00 - 30/01/2025 00:30:00","BZN|FR","Without Sequence","66.63","",""
"30/01/2025 00:30:00 - 30/01/2025 00:45:00","BZN|FR","Without Sequence","66.63","",""
"30/01/2025 00:45:00 - 30/01/2025 01:00:00","BZN|FR","Without Sequence","66.63","",""
"30/01/2025 01:00:00 - 30/01/2025 01:15:00","BZN|FR","Without Sequence","65.29","",""
"30/01/2025 01:15:00 - 30/01/2025 01:30:00","BZN|FR","Without Sequence","65.29","",""
"30/01/2025 01:30:00 - 30/01/2025 01:45:00","BZN|FR","Without Sequence","65.29","",""
"30/01/2025 01:45:00 - 30/01/2025 02:00:00","BZN|FR","Without Sequence","65.29","",""
"30/01/2025 02:00:00 - 30/01/2025 02:15:00","BZN|FR","Without Sequence","72.82","",""
"30/01/2025 02:15:00 - 30/01/2025 02:30:00","BZN|FR","Without Sequence","72.82","",""
"30/01/2025 02:30:00 - 30/01/2025 02:45:00","BZN|FR","Without Sequence","72.82","",""
"30/01/2025 02:45:00 - 30/01/2025 03:00:00","BZN|FR","Without Sequence","72.82","",""
"30/01/2025 03:00:00 - 30/01/2025 03:15:00","BZN|FR","Without Sequence","39.15","",""
"30/01/2025 03:15:00 - 30/01/2025 03:30:00","BZN|FR","Without Sequence","39.15","",""
"30/01/2025 03:30:00 - 30/01/2025 03:45:00","BZN|FR","Without Sequence","39.15","",""
"30/01/2025 03:45:00 - 30/01/2025 04:00:00","BZN|FR","Without Sequence","39.15","",""
"30/01/2025 04:00:00 - 30/01/2025 04:15:00","BZN|FR","Without Sequence","30.45","",""
"30/01/2025 04:15:00 - 30/01/2025 04:30:00","BZN|FR","Without Sequence","30.45","",""
"30/01/2025 04:30:00 - 30/01/2025 04:45:00","BZN|FR","Without Sequence","30.45","",""
"30/01/2025 04:45:00 - 30/01/2025 05:00:00","BZN|FR","Without Sequence","30.45","",""
"30/01/2025 05:00:00 - 30/01/2025 05:15:00","BZN|FR","Without Sequence","55.79","",""
"30/01/2025 05:15:00 - 30/01/2025 05:30:00","BZN|FR","Without Sequence","55.79","",""
"30/01/2025 05:30:00 - 30/01/2025 05:45:00","BZN|FR","Without Sequence","55.79","",""
"30/01/2025 05:45:00 - 30/01/2025 06:00:00","BZN|FR","Without Sequence","55.79","",""
"30/01/2025 06:00:00 - 30/01/2025 06:15:00","BZN|FR","Without Sequence","93.26","",""
"30/01/2025 06:15:00 - 30/01/2025 06:30:00","BZN|FR","Without Sequence","93.26","",""
"30/01/2025 06:30:00 - 30/01/2025 06:45:00","BZN|FR","Without Sequence","93.26","",""
"30/01/2025 06:45:00 - 30/01/2025 07:00:00","BZN|FR","Without Sequence","93.26","",""
"30/01/2025 07:00:00 - 30/01/2025 07:15:00","BZN|FR","Without Sequence","135.85","",""
"30/01/2025 07:15:00 - 30/01/2025 07:30:00","BZN|FR","Without Sequence","135.85","",""
"30/01/2025 07:30:00 - 30/01/2025 07:45:00","BZN|FR","Without Sequence","135.85","",""
"30/01/2025 07:45:00 - 30/01/2025 08:00:00","BZN|FR","Without Sequence","135.85","",""
"30/01/2025 08:00:00 - 30/01/2025 08:15:00","BZN|FR","Without Sequence","160.30","",""
"30/01/2025 08:15:00 - 30/01/2025 08:30:00","BZN|FR","Without Sequence","160.30","",""
"30/01/2025 08:30:00 - 30/01/2025 08:45:00","BZN|FR","Without Sequence","160.30","",""
"30/01/2025 08:45:00 - 30/01/2025 09:00:00","BZN|FR","Without Sequence","160.30","",""
"30/01/2025 09:00:00 - 30/01/2025 09:15:00","BZN|FR","Without Sequence","143.87","",""
"30/01/2025 09:15:00 - 30/01/2025 09:30:00","BZN|FR","Without Sequence","143.87","",""
"30/01/2025 09:30:00 - 30/01/2025 09:45:00","BZN|FR","Without Sequence","143.87","",""
"30/01/2025 09:45:00 - 30/01/2025 10:00:00","BZN|FR","Without Sequence","143.87","",""
"30/01/2025 10:00:00 - 30/01/2025 10:15:00","BZN|FR","Without Sequence","134.75","",""
"30/01/2025 10:15:00 - 30/01/2025 10:30:00","BZN|FR","Without Sequence","134.75","",""
"30/01/2025 10:30:00 - 30/01/2025 10:45:00","BZN|FR","Without Sequence","134.75","",""
"30/01/2025 10:45:00 - 30/01/2025 11:00:00","BZN|FR","Without Sequence","134.75","",""
"30/01/2025 11:00:00 - 30/01/2025 11:15:00","BZN|FR","Without Sequence","123.25","",""
"30/01/2025 11:15:00 - 30/01/2025 11:30:00","BZN|FR","Without Sequence","123.25","",""
"30/01/2025 11:30:00 - 30/01/2025 11:45:00","BZN|FR","Without Sequence","123.25","",""
"30/01/2025 11:45:00 - 30/01/2025 12:00:00","BZN|FR","Without Sequence","123.25","",""
"30/01/2025 12:00:00 - 30/01/2025 12:15:00","BZN|FR","Without Sequence","115.97","",""
"30/01/2025 12:15:00 - 30/01/2025 12:30:00","BZN|FR","Without Sequence","115.97","",""
"30/01/2025 12:30:00 - 30/01/2025 12:45:00","BZN|FR","Without Sequence","115.97","",""
"30/01/2025 12:45:00 - 30/01/2025 13:00:00","BZN|FR","Without Sequence","115.97","",""
"30/01/2025 13:00:00 - 30/01/2025 13:15:00","BZN|FR","Without Sequence","113.30","",""
"30/01/2025 13:15:00 - 30/01/2025 13:30:00","BZN|FR","Without Sequence","113.30","",""
"30/01/2025 13:30:00 - 30/01/2025 13:45:00","BZN|FR","Without Sequence","113.30","",""
"30/01/2025 13:45:00 - 30/01/2025 14:00:00","BZN|FR","Without Sequence","113.30","",""
"30/01/2025 14:00:00 - 30/01/2025 14:15:00","BZN|FR","Without Sequence","110.04","",""
"30/01/2025 14:15:00 - 30/01/2025 14:30:00","BZN|FR","Without Sequence","110.04","",""
"30/01/2025 14:30:00 - 30/01/2025 14:45:00","BZN|FR","Without Sequence","110.04","",""
"30/01/2025 14:45:00 - 30/01/2025 15:00:00","BZN|FR","Without Sequence","110.04","",""
"30/01/2025 15:00:00 - 30/01/2025 15:15:00","BZN|FR","Without Sequence","103.76","",""
"30/01/2025 15:15:00 - 30/01/2025 15:30:00","BZN|FR","Without Sequence","103.76","",""
"30/01/2025 15:30:00 - 30/01/2025 15:45:00","BZN|FR","Without Sequence","103.76","",""
"30/01/2025 15:45:00 - 30/01/2025 16:00:00","BZN|FR","Without Sequence","103.76","",""
"30/01/2025 16:00:00 - 30/01/2025 16:15:00","BZN|FR","Without Sequence","97.78","",""
"30/01/2025 16:15:00 - 30/01/2025 16:30:00","BZN|FR","Without Sequence","97.78","",""
"30/01/2025 16:30:00 - 30/01/2025 16:45:00","BZN|FR","Without Sequence","97.78","",""
"30/01/2025 16:45:00 - 30/01/2025 17:00:00","BZN|FR","Without Sequence","97.78","",""
"30/01/2025 17:00:00 - 30/01/2025 17:15:00","BZN|FR","Without Sequence","115.90","",""
"30/01/2025 17:15:00 - 30/01/2025 17:30:00","BZN|FR","Without Sequence","115.90","",""
"30/01/2025 17:30:00 - 30/01/2025 17:45:00","BZN|FR","Without Sequence","115.90","",""
"30/01/2025 17:45:00 - 30/01/2025 18:00:00","BZN|FR","Without Sequence","115.90","",""
"30/01/2025 18:00:00 - 30/01/2025 18:15:00","BZN|FR","Without Sequence","143.31","",""
"30/01/2025 18:15:00 - 30/01/2025 18:30:00","BZN|FR","Without Sequence","143.31","",""
"30/01/2025 18:30:00 - 30/01/2025 18:45:00","BZN|FR","Without Sequence","143.31","",""
"30/01/2025 18:45:00 - 30/01/2025 19:00:00","BZN|FR","Without Sequence","143.31","",""
"30/01/2025 19:00:00 - 30/01/2025 19:15:00","BZN|FR","Without Sequence","161.00","",""
"30/01/2025 19:15:00 - 30/01/2025 19:30:00","BZN|FR","Without Sequence","161.00","",""
"30/01/2025 19:30:00 - 30/01/2025 19:45:00","BZN|FR","Without Sequence","161.00","",""
"30/01/2025 19:45:00 - 30/01/2025 20:00:00","BZN|FR","Without Sequence","161.00","",""
"30/01/2025 20:00:00 - 30/01/2025 20:15:00","BZN|FR","Without Sequence","138.91","",""
"30/01/2025 20:15:00 - 30/01/2025 20:30:00","BZN|FR","Without Sequence","138.91","",""
"30/01/2025 20:30:00 - 30/01/2025 20:45:00","BZN|FR","Without Sequence","138.91","",""
"30/01/2025 20:45:00 - 30/01/2025 21:00:00","BZN|FR","Without Sequence","138.91","",""
"30/01/2025 21:00:00 - 30/01/2025 21:15:00","BZN|FR","Without Sequence","125.00","",""
"30/01/2025 21:15:00 - 30/01/2025 21:30:00","BZN|FR","Without Sequence","125.00","",""
"30/01/2025 21:30:00 - 30/01/2025 21:45:00","BZN|FR","Without Sequence","125.00","",""
"30/01/2025 21:45:00 - 30/01/2025 22:00:00","BZN|FR","Without Sequence","125.00","",""
"30/01/2025 22:00:00 - 30/01/2025 22:15:00","BZN|FR","Without Sequence","122.11","",""
"30/01/2025 22:15:00 - 30/01/2025 22:30:00","BZN|FR","Without Sequence","122.11","",""
"30/01/2025 22:30:00 - 30/01/2025 22:45:00","BZN|FR","Without Sequence","122.11","",""
"30/01/2025 22:45:00 - 30/01/2025 23:00:00","BZN|FR","Without Sequence","122.11","",""
"30/01/2025 23:00:00 - 30/01/2025 23:15:00","BZN|FR","Without Sequence","120.20","",""
"30/01/2025 23:15:00 - 30/01/2025 23:30:00","BZN|FR","Without Sequence","120.20","",""
"30/01/2025 23:30:00 - 30/01/2025 23:45:00","BZN|FR","Without Sequence","120.20","",""
"30/01/2025 23:45:00 - 31/01/2025 00:00:00","BZN|FR","Without Sequence","120.20","",""
"31/01/2025 00:00:00 - 31/01/2025 00:15:00","BZN|FR","Without Sequence","120.00","",""
"31/01/2025 00:15:00 - 31/01/2025 00:30:00","BZN|FR","Without Sequence","120.00","",""
"31/01/2025 00:30:00 - 31/01/2025 00:45:00","BZN|FR","Without Sequence","120.00","",""
"31/01/2025 00:45:00 - 31/01/2025 01:00:00","BZN|FR","Without Sequence","120.00","",""
"31/01/2025 01:00:00 - 31/01/2025 01:15:00","BZN|FR","Without Sequence","113.22","",""
"31/01/2025 01:15:00 - 31/01/2025 01:30:00","BZN|FR","Without Sequence","113.22","",""
"31/01/2025 01:30:00 - 31/01/2025 01:45:00","BZN|FR","Without Sequence","113.22","",""
"31/01/2025 01:45:00 - 31/01/2025 02:00:00","BZN|FR","Without Sequence","113.22","",""
"31/01/2025 02:00:00 - 31/01/2025 02:15:00","BZN|FR","Without Sequence","112.10","",""
"31/01/2025 02:15:00 - 31/01/2025 02:30:00","BZN|FR","Without Sequence","112.10","",""
"31/01/2025 02:30:00 - 31/01/2025 02:45:00","BZN|FR","Without Sequence","112.10","",""
"31/01/2025 02:45:00 - 31/01/2025 03:00:00","BZN|FR","Without Sequence","112.10","",""
"31/01/2025 03:00:00 - 31/01/2025 03:15:00","BZN|FR","Without Sequence","100.33","",""
"31/01/2025 03:15:00 - 31/01/2025 03:30:00","BZN|FR","Without Sequence","100.33","",""
"31/01/2025 03:30:00 - 31/01/2025 03:45:00","BZN|FR","Without Sequence","100.33","",""
"31/01/2025 03:45:00 - 31/01/2025 04:00:00","BZN|FR","Without Sequence","100.33","",""
"31/01/2025 04:00:00 - 31/01/2025 04:15:00","BZN|FR","Without Sequence","102.47","",""
"31/01/2025 04:15:00 - 31/01/2025 04:30:00","BZN|FR","Without Sequence","102.47","",""
"31/01/2025 04:30:00 - 31/01/2025 04:45:00","BZN|FR","Without Sequence","102.47","",""
"31/01/2025 04:45:00 - 31/01/2025 05:00:00","BZN|FR","Without Sequence","102.47","",""
"31/01/2025 05:00:00 - 31/01/2025 05:15:00","BZN|FR","Without Sequence","111.54","",""
"31/01/2025 05:15:00 - 31/01/2025 05:30:00","BZN|FR","Without Sequence","111.54","",""
"31/01/2025 05:30:00 - 31/01/2025 05:45:00","BZN|FR","Without Sequence","111.54","",""
"31/01/2025 05:45:00 - 31/01/2025 06:00:00","BZN|FR","Without Sequence","111.54","",""
"31/01/2025 06:00:00 - 31/01/2025 06:15:00","BZN|FR","Without Sequence","120.47","",""
"31/01/2025 06:15:00 - 31/01/2025 06:30:00","BZN|FR","Without Sequence","120.47","",""
"31/01/2025 06:30:00 - 31/01/2025 06:45:00","BZN|FR","Without Sequence","120.47","",""
"31/01/2025 06:45:00 - 31/01/2025 07:00:00","BZN|FR","Without Sequence","120.47","",""
"31/01/2025 07:00:00 - 31/01/2025 07:15:00","BZN|FR","Without Sequence","143.16","",""
"31/01/2025 07:15:00 - 31/01/2025 07:30:00","BZN|FR","Without Sequence","143.16","",""
"31/01/2025 07:30:00 - 31/01/2025 07:45:00","BZN|FR","Without Sequence","143.16","",""
"31/01/2025 07:45:00 - 31/01/2025 08:00:00","BZN|FR","Without Sequence","143.16","",""
"31/01/2025 08:00:00 - 31/01/2025 08:15:00","BZN|FR","Without Sequence","163.70","",""
"31/01/2025 08:15:00 - 31/01/2025 08:30:00","BZN|FR","Without Sequence","163.70","",""
"31/01/2025 08:30:00 - 31/01/2025 08:45:00","BZN|FR","Without Sequence","163.70","",""
"31/01/2025 08:45:00 - 31/01/2025 09:00:00","BZN|FR","Without Sequence","163.70","",""
"31/01/2025 09:00:00 - 31/01/2025 09:15:00","BZN|FR","Without Sequence","154.82","",""
"31/01/2025 09:15:00 - 31/01/2025 09:30:00","BZN|FR","Without Sequence","154.82","",""
"31/01/2025 09:30:00 - 31/01/2025 09:45:00","BZN|FR","Without Sequence","154.82","",""
"31/01/2025 09:45:00 - 31/01/2025 10:00:00","BZN|FR","Without Sequence","154.82","",""
"31/01/2025 10:00:00 - 31/01/2025 10:15:00","BZN|FR","Without Sequence","130.10","",""
"31/01/2025 10:15:00 - 31/01/2025 10:30:00","BZN|FR","Without Sequence","130.10","",""
"31/01/2025 10:30:00 - 31/01/2025 10:45:00","BZN|FR","Without Sequence","130.10","",""
"31/01/2025 10:45:00 - 31/01/2025 11:00:00","BZN|FR","Without Sequence","130.10","",""
"31/01/2025 11:00:00 - 31/01/2025 11:15:00","BZN|FR","Without Sequence","126.20","",""
"31/01/2025 11:15:00 - 31/01/2025 11:30:00","BZN|FR","Without Sequence","126.20","",""
"31/01/2025 11:30:00 - 31/01/2025 11:45:00","BZN|FR","Without Sequence","126.20","",""
"31/01/2025 11:45:00 - 31/01/2025 12:00:00","BZN|FR","Without Sequence","126.20","",""
"31/01/2025 12:00:00 - 31/01/2025 12:15:00","BZN|FR","Without Sequence","120.06","",""
"31/01/2025 12:15:00 - 31/01/2025 12:30:00","BZN|FR","Without Sequence","120.06","",""
"31/01/2025 12:30:00 - 31/01/2025 12:45:00","BZN|FR","Without Sequence","120.06","",""
"31/01/2025 12:45:00 - 31/01/2025 13:00:00","BZN|FR","Without Sequence","120.06","",""
"31/01/2025 13:00:00 - 31/01/2025 13:15:00","BZN|FR","Without Sequence","121.19","",""
"31/01/2025 13:15:00 - 31/01/2025 13:30:00","BZN|FR","Without Sequence","121.19","",""
"31/01/2025 13:30:00 - 31/01/2025 13:45:00","BZN|FR","Without Sequence","121.19","",""
"31/01/2025 13:45:00 - 31/01/2025 14:00:00","BZN|FR","Without Sequence","121.19","",""
"31/01/2025 14:00:00 - 31/01/2025 14:15:00","BZN|FR","Without Sequence","116.68","",""
"31/01/2025 14:15:00 - 31/01/2025 14:30:00","BZN|FR","Without Sequence","116.68","",""
"31/01/2025 14:30:00 - 31/01/2025 14:45:00","BZN|FR","Without Sequence","116.68","",""
"31/01/2025 14:45:00 - 31/01/2025 15:00:00","BZN|FR","Without Sequence","116.68","",""
"31/01/2025 15:00:00 - 31/01/2025 15:15:00","BZN|FR","Without Sequence","111.00","",""
"31/01/2025 15:15:00 - 31/01/2025 15:30:00","BZN|FR","Without Sequence","111.00","",""
"31/01/2025 15:30:00 - 31/01/2025 15:45:00","BZN|FR","Without Sequence","111.00","",""
"31/01/2025 15:45:00 - 31/01/2025 16:00:00","BZN|FR","Without Sequence","111.00","",""
"31/01/2025 16:00:00 - 31/01/2025 16:15:00","BZN|FR","Without Sequence","111.56","",""
"31/01/2025 16:15:00 - 31/01/2025 16:30:00","BZN|FR","Without Sequence","111.56","",""
"31/01/2025 16:30:00 - 31/01/2025 16:45:00","BZN|FR","Without Sequence","111.56","",""
"31/01/2025 16:45:00 - 31/01/2025 17:00:00","BZN|FR","Without Sequence","111.56","",""
"31/01/2025 17:00:00 - 31/01/2025 17:15:00","BZN|FR","Without Sequence","121.32","",""
"31/01/2025 17:15:00 - 31/01/2025 17:30:00","BZN|FR","Without Sequence","121.32","",""
"31/01/2025 17:30:00 - 31/01/2025 17:45:00","BZN|FR","Without Sequence","121.32","",""
"31/01/2025 17:45:00 - 31/01/2025 18:00:00","BZN|FR","Without Sequence","121.32","",""
"31/01/2025 18:00:00 - 31/01/2025 18:15:00","BZN|FR","Without Sequence","184.48","",""
"31/01/2025 18:15:00 - 31/01/2025 18:30:00","BZN|FR","Without Sequence","184.48","",""
"31/01/2025 18:30:00 - 31/01/2025 18:45:00","BZN|FR","Without Sequence","184.48","",""
"31/01/2025 18:45:00 - 31/01/2025 19:00:00","BZN|FR","Without Sequence","184.48","",""
"31/01/2025 19:00:00 - 31/01/2025 19:15:00","BZN|FR","Without Sequence","178.99","",""
"31/01/2025 19:15:00 - 31/01/2025 19:30:00","BZN|FR","Without Sequence","178.99","",""
"31/01/2025 19:30:00 - 31/01/2025 19:45:00","BZN|FR","Without Sequence","178.99","",""
"31/01/2025 19:45:00 - 31/01/2025 20:00:00","BZN|FR","Without Sequence","178.99","",""
"31/01/2025 20:00:00 - 31/01/2025 20:15:00","BZN|FR","Without Sequence","162.66","",""
"31/01/2025 20:15:00 - 31/01/2025 20:30:00","BZN|FR","Without Sequence","162.66","",""
"31/01/2025 20:30:00 - 31/01/2025 20:45:00","BZN|FR","Without Sequence","162.66","",""
"31/01/2025 20:45:00 - 31/01/2025 21:00:00","BZN|FR","Without Sequence","162.66","",""
"31/01/2025 21:00:00 - 31/01/2025 21:15:00","BZN|FR","Without Sequence","152.70","",""
"31/01/2025 21:15:00 - 31/01/2025 21:30:00","BZN|FR","Without Sequence","152.70","",""
"31/01/2025 21:30:00 - 31/01/2025 21:45:00","BZN|FR","Without Sequence","152.70","",""
"31/01/2025 21:45:00 - 31/01/2025 22:00:00","BZN|FR","Without Sequence","152.70","",""
"31/01/2025 22:00:00 - 31/01/2025 22:15:00","BZN|FR","Without Sequence","145.02","",""
"31/01/2025 22:15:00 - 31/01/2025 22:30:00","BZN|FR","Without Sequence","145.02","",""
"31/01/2025 22:30:00 - 31/01/2025 22:45:00","BZN|FR","Without Sequence","145.02","",""
"31/01/2025 22:45:00 - 31/01/2025 23:00:00","BZN|FR","Without Sequence","145.02","",""
"31/01/2025 23:00:00 - 31/01/2025 23:15:00","BZN|FR","Without Sequence","131.29","",""
"31/01/2025 23:15:00 - 31/01/2025 23:30:00","BZN|FR","Without Sequence","131.29","",""
"31/01/2025 23:30:00 - 31/01/2025 23:45:00","BZN|FR","Without Sequence","131.29","",""
"31/01/2025 23:45:00 - 01/02/2025 00:00:00","BZN|FR","Without Sequence","131.29","",""
"01/02/2025 00:00:00 - 01/02/2025 00:15:00","BZN|FR","Without Sequence","137.18","",""
"01/02/2025 00:15:00 - 01/02/2025 00:30:00","BZN|FR","Without Sequence","137.18","",""
"01/02/2025 00:30:00 - 01/02/2025 00:45:00","BZN|FR","Without Sequence","137.18","",""
"01/02/2025 00:45:00 - 01/02/2025 01:00:00","BZN|FR","Without Sequence","137.18","",""
"01/02/2025 01:00:00 - 01/02/2025 01:15:00","BZN|FR","Without Sequence","129.61","",""
"01/02/2025 01:15:00 - 01/02/2025 01:30:00","BZN|FR","Without Sequence","129.61","",""
"01/02/2025 01:30:00 - 01/02/2025 01:45:00","BZN|FR","Without Sequence","129.61","",""
"01/02/2025 01:45:00 - 01/02/2025 02:00:00","BZN|FR","Without Sequence","129.61","",""
"01/02/2025 02:00:00 - 01/02/2025 02:15:00","BZN|FR","Without Sequence","124.38","",""
"01/02/2025 02:15:00 - 01/02/2025 02:30:00","BZN|FR","Without Sequence","124.38","",""
"01/02/2025 02:30:00 - 01/02/2025 02:45:00","BZN|FR","Without Sequence","124.38","",""
"01/02/2025 02:45:00 - 01/02/2025 03:00:00","BZN|FR","Without Sequence","124.38","",""
"01/02/2025 03:00:00 - 01/02/2025 03:15:00","BZN|FR","Without Sequence","116.96","",""
"01/02/2025 03:15:00 - 01/02/2025 03:30:00","BZN|FR","Without Sequence","116.96","",""
"01/02/2025 03:30:00 - 01/02/2025 03:45:00","BZN|FR","Without Sequence","116.96","",""
"01/02/2025 03:45:00 - 01/02/2025 04:00:00","BZN|FR","Without Sequence","116.96","",""
"01/02/2025 04:00:00 - 01/02/2025 04:15:00","BZN|FR","Without Sequence","104.73","",""
"01/02/2025 04:15:00 - 01/02/2025 04:30:00","BZN|FR","Without Sequence","104.73","",""
"01/02/2025 04:30:00 - 01/02/2025 04:45:00","BZN|FR","Without Sequence","104.73","",""
"01/02/2025 04:45:00 - 01/02/2025 05:00:00","BZN|FR","Without Sequence","104.73","",""
"01/02/2025 05:00:00 - 01/02/2025 05:15:00","BZN|FR","Without Sequence","108.17","",""
"01/02/2025 05:15:00 - 01/02/2025 05:30:00","BZN|FR","Without Sequence","108.17","",""
"01/02/2025 05:30:00 - 01/02/2025 05:45:00","BZN|FR","Without Sequence","108.17","",""
"01/02/2025 05:45:00 - 01/02/2025 06:00:00","BZN|FR","Without Sequence","108.17","",""
"01/02/2025 06:00:00 - 01/02/2025 06:15:00","BZN|FR","Without Sequence","124.45","",""
"01/02/2025 06:15:00 - 01/02/2025 06:30:00","BZN|FR","Without Sequence","124.45","",""
"01/02/2025 06:30:00 - 01/02/2025 06:45:00","BZN|FR","Without Sequence","124.45","",""
"01/02/2025 06:45:00 - 01/02/2025 07:00:00","BZN|FR","Without Sequence","124.45","",""
"01/02/2025 07:00:00 - 01/02/2025 07:15:00","BZN|FR","Without Sequence","144.74","",""
"01/02/2025 07:15:00 - 01/02/2025 07:30:00","BZN|FR","Without Sequence","144.74","",""
"01/02/2025 07:30:00 - 01/02/2025 07:45:00","BZN|FR","Without Sequence","144.74","",""
"01/02/2025 07:45:00 - 01/02/2025 08:00:00","BZN|FR","Without Sequence","144.74","",""
"01/02/2025 08:00:00 - 01/02/2025 08:15:00","BZN|FR","Without Sequence","153.46","",""
"01/02/2025 08:15:00 - 01/02/2025 08:30:00","BZN|FR","Without Sequence","153.46","",""
"01/02/2025 08:30:00 - 01/02/2025 08:45:00","BZN|FR","Without Sequence","153.46","",""
"01/02/2025 08:45:00 - 01/02/2025 09:00:00","BZN|FR","Without Sequence","153.46","",""
"01/02/2025 09:00:00 - 01/02/2025 09:15:00","BZN|FR","Without Sequence","142.44","",""
"01/02/2025 09:15:00 - 01/02/2025 09:30:00","BZN|FR","Without Sequence","142.44","",""
"01/02/2025 09:30:00 - 01/02/2025 09:45:00","BZN|FR","Without Sequence","142.44","",""
"01/02/2025 09:45:00 - 01/02/2025 10:00:00","BZN|FR","Without Sequence","142.44","",""
"01/02/2025 10:00:00 - 01/02/2025 10:15:00","BZN|FR","Without Sequence","128.40","",""
"01/02/2025 10:15:00 - 01/02/2025 10:30:00","BZN|FR","Without Sequence","128.40","",""
"01/02/2025 10:30:00 - 01/02/2025 10:45:00","BZN|FR","Without Sequence","128.40","",""
"01/02/2025 10:45:00 - 01/02/2025 11:00:00","BZN|FR","Without Sequence","128.40","",""
"01/02/2025 11:00:00 - 01/02/2025 11:15:00","BZN|FR","Without Sequence","120.08","",""
"01/02/2025 11:15:00 - 01/02/2025 11:30:00","BZN|FR","Without Sequence","120.08","",""
"01/02/2025 11:30:00 - 01/02/2025 11:45:00","BZN|FR","Without Sequence","120.08","",""
"01/02/2025 11:45:00 - 01/02/2025 12:00:00","BZN|FR","Without Sequence","120.08","",""
"01/02/2025 12:00:00 - 01/02/2025 12:15:00","BZN|FR","Without Sequence","110.29","",""
"01/02/2025 12:15:00 - 01/02/2025 12:30:00","BZN|FR","Without Sequence","110.29","",""
"01/02/2025 12:30:00 - 01/02/2025 12:45:00","BZN|FR","Without Sequence","110.29","",""
"01/02/2025 12:45:00 - 01/02/2025 13:00:00","BZN|FR","Without Sequence","110.29","",""
"01/02/2025 13:00:00 - 01/02/2025 13:15:00","BZN|FR","Without Sequence","103.40","",""
"01/02/2025 13:15:00 - 01/02/2025 13:30:00","BZN|FR","Without Sequence","103.40","",""
"01/02/2025 13:30:00 - 01/02/2025 13:45:00","BZN|FR","Without Sequence","103.40","",""
"01/02/2025 13:45:00 - 01/02/2025 14:00:00","BZN|FR","Without Sequence","103.40","",""
"01/02/2025 14:00:00 - 01/02/2025 14:15:00","BZN|FR","Without Sequence","113.70","",""
"01/02/2025 14:15:00 - 01/02/2025 14:30:00","BZN|FR","Without Sequence","113.70","",""
"01/02/2025 14:30:00 - 01/02/2025 14:45:00","BZN|FR","Without Sequence","113.70","",""
"01/02/2025 14:45:00 - 01/02/2025 15:00:00","BZN|FR","Without Sequence","113.70","",""
"01/02/2025 15:00:00 - 01/02/2025 15:15:00","BZN|FR","Without Sequence","113.66","",""
"01/02/2025 15:15:00 - 01/02/2025 15:30:00","BZN|FR","Without Sequence","113.66","",""
"01/02/2025 15:30:00 - 01/02/2025 15:45:00","BZN|FR","Without Sequence","113.66","",""
"01/02/2025 15:45:00 - 01/02/2025 16:00:00","BZN|FR","Without Sequence","113.66","",""
"01/02/2025 16:00:00 - 01/02/2025 16:15:00","BZN|FR","Without Sequence","124.88","",""
"01/02/2025 16:15:00 - 01/02/2025 16:30:00","BZN|FR","Without Sequence","124.88","",""
"01/02/2025 16:30:00 - 01/02/2025 16:45:00","BZN|FR","Without Sequence","124.88","",""
"01/02/2025 16:45:00 - 01/02/2025 17:00:00","BZN|FR","Without Sequence","124.88","",""
"01/02/2025 17:00:00 - 01/02/2025 17:15:00","BZN|FR","Without Sequence","132.10","",""
"01/02/2025 17:15:00 - 01/02/2025 17:30:00","BZN|FR","Without Sequence","132.10","",""
"01/02/2025 17:30:00 - 01/02/2025 17:45:00","BZN|FR","Without Sequence","132.10","",""
"01/02/2025 17:45:00 - 01/02/2025 18:00:00","BZN|FR","Without Sequence","132.10","",""
"01/02/2025 18:00:00 - 01/02/2025 18:15:00","BZN|FR","Without Sequence","155.79","",""
"01/02/2025 18:15:00 - 01/02/2025 18:30:00","BZN|FR","Without Sequence","155.79","",""
"01/02/2025 18:30:00 - 01/02/2025 18:45:00","BZN|FR","Without Sequence","155.79","",""
"01/02/2025 18:45:00 - 01/02/2025 19:00:00","BZN|FR","Without Sequence","155.79","",""
"01/02/2025 19:00:00 - 01/02/2025 19:15:00","BZN|FR","Without Sequence","162.98","",""
"01/02/2025 19:15:00 - 01/02/2025 19:30:00","BZN|FR","Without Sequence","162.98","",""
"01/02/2025 19:30:00 - 01/02/2025 19:45:00","BZN|FR","Without Sequence","162.98","",""
"01/02/2025 19:45:00 - 01/02/2025 20:00:00","BZN|FR","Without Sequence","162.98","",""
"01/02/2025 20:00:00 - 01/02/2025 20:15:00","BZN|FR","Without Sequence","156.60","",""
"01/02/2025 20:15:00 - 01/02/2025 20:30:00","BZN|FR","Without Sequence","156.60","",""
"01/02/2025 20:30:00 - 01/02/2025 20:45:00","BZN|FR","Without Sequence","156.60","",""
"01/02/2025 20:45:00 - 01/02/2025 21:00:00","BZN|FR","Without Sequence","156.60","",""
"01/02/2025 21:00:00 - 01/02/2025 21:15:00","BZN|FR","Without Sequence","145.24","",""
"01/02/2025 21:15:00 - 01/02/2025 21:30:00","BZN|FR","Without Sequence","145.24","",""
"01/02/2025 21:30:00 - 01/02/2025 21:45:00","BZN|FR","Without Sequence","145.24","",""
"01/02/2025 21:45:00 - 01/02/2025 22:00:00","BZN|FR","Without Sequence","145.24","",""
"01/02/2025 22:00:00 - 01/02/2025 22:15:00","BZN|FR","Without Sequence","141.73","",""
"01/02/2025 22:15:00 - 01/02/2025 22:30:00","BZN|FR","Without Sequence","141.73","",""
"01/02/2025 22:30:00 - 01/02/2025 22:45:00","BZN|FR","Without Sequence","141.73","",""
"01/02/2025 22:45:00 - 01/02/2025 23:00:00","BZN|FR","Without Sequence","141.73","",""
"01/02/2025 23:00:00 - 01/02/2025 23:15:00","BZN|FR","Without Sequence","131.74","",""
"01/02/2025 23:15:00 - 01/02/2025 23:30:00","BZN|FR","Without Sequence","131.74","",""
"01/02/2025 23:30:00 - 01/02/2025 23:45:00","BZN|FR","Without Sequence","131.74","",""
"01/02/2025 23:45:00 - 02/02/2025 00:00:00","BZN|FR","Without Sequence","131.74","",""
"02/02/2025 00:00:00 - 02/02/2025 00:15:00","BZN|FR","Without Sequence","133.26","",""
"02/02/2025 00:15:00 - 02/02/2025 00:30:00","BZN|FR","Without Sequence","133.26","",""
"02/02/2025 00:30:00 - 02/02/2025 00:45:00","BZN|FR","Without Sequence","133.26","",""
"02/02/2025 00:45:00 - 02/02/2025 01:00:00","BZN|FR","Without Sequence","133.26","",""
"02/02/2025 01:00:00 - 02/02/2025 01:15:00","BZN|FR","Without Sequence","126.91","",""
"02/02/2025 01:15:00 - 02/02/2025 01:30:00","BZN|FR","Without Sequence","126.91","",""
"02/02/2025 01:30:00 - 02/02/2025 01:45:00","BZN|FR","Without Sequence","126.91","",""
"02/02/2025 01:45:00 - 02/02/2025 02:00:00","BZN|FR","Without Sequence","126.91","",""
"02/02/2025 02:00:00 - 02/02/2025 02:15:00","BZN|FR","Without Sequence","122.99","",""
"02/02/2025 02:15:00 - 02/02/2025 02:30:00","BZN|FR","Without Sequence","122.99","",""
"02/02/2025 02:30:00 - 02/02/2025 02:45:00","BZN|FR","Without Sequence","122.99","",""
"02/02/2025 02:45:00 - 02/02/2025 03:00:00","BZN|FR","Without Sequence","122.99","",""
"02/02/2025 03:00:00 - 02/02/2025 03:15:00","BZN|FR","Without Sequence","120.66","",""
"02/02/2025 03:15:00 - 02/02/2025 03:30:00","BZN|FR","Without Sequence","120.66","",""
"02/02/2025 03:30:00 - 02/02/2025 03:45:00","BZN|FR","Without Sequence","120.66","",""
"02/02/2025 03:45:00 - 02/02/2025 04:00:00","BZN|FR","Without Sequence","120.66","",""
"02/02/2025 04:00:00 - 02/02/2025 04:15:00","BZN|FR","Without Sequence","122.34","",""
"02/02/2025 04:15:00 - 02/02/2025 04:30:00","BZN|FR","Without Sequence","122.34","",""
"02/02/2025 04:30:00 - 02/02/2025 04:45:00","BZN|FR","Without Sequence","122.34","",""
"02/02/2025 04:45:00 - 02/02/2025 05:00:00","BZN|FR","Without Sequence","122.34","",""
"02/02/2025 05:00:00 - 02/02/2025 05:15:00","BZN|FR","Without Sequence","123.41","",""
"02/02/2025 05:15:00 - 02/02/2025 05:30:00","BZN|FR","Without Sequence","123.41","",""
"02/02/2025 05:30:00 - 02/02/2025 05:45:00","BZN|FR","Without Sequence","123.41","",""
"02/02/2025 05:45:00 - 02/02/2025 06:00:00","BZN|FR","Without Sequence","123.41","",""
"02/02/2025 06:00:00 - 02/02/2025 06:15:00","BZN|FR","Without Sequence","128.09","",""
"02/02/2025 06:15:00 - 02/02/2025 06:30:00","BZN|FR","Without Sequence","128.09","",""
"02/02/2025 06:30:00 - 02/02/2025 06:45:00","BZN|FR","Without Sequence","128.09","",""
"02/02/2025 06:45:00 - 02/02/2025 07:00:00","BZN|FR","Without Sequence","128.09","",""
"02/02/2025 07:00:00 - 02/02/2025 07:15:00","BZN|FR","Without Sequence","135.90","",""
"02/02/2025 07:15:00 - 02/02/2025 07:30:00","BZN|FR","Without Sequence","135.90","",""
"02/02/2025 07:30:00 - 02/02/2025 07:45:00","BZN|FR","Without Sequence","135.90","",""
"02/02/2025 07:45:00 - 02/02/2025 08:00:00","BZN|FR","Without Sequence","135.90","",""
"02/02/2025 08:00:00 - 02/02/2025 08:15:00","BZN|FR","Without Sequence","137.30","",""
"02/02/2025 08:15:00 - 02/02/2025 08:30:00","BZN|FR","Without Sequence","137.30","",""
"02/02/2025 08:30:00 - 02/02/2025 08:45:00","BZN|FR","Without Sequence","137.30","",""
"02/02/2025 08:45:00 - 02/02/2025 09:00:00","BZN|FR","Without Sequence","137.30","",""
"02/02/2025 09:00:00 - 02/02/2025 09:15:00","BZN|FR","Without Sequence","137.70","",""
"02/02/2025 09:15:00 - 02/02/2025 09:30:00","BZN|FR","Without Sequence","137.70","",""
"02/02/2025 09:30:00 - 02/02/2025 09:45:00","BZN|FR","Without Sequence","137.70","",""
"02/02/2025 09:45:00 - 02/02/2025 10:00:00","BZN|FR","Without Sequence","137.70","",""
"02/02/2025 10:00:00 - 02/02/2025 10:15:00","BZN|FR","Without Sequence","130.04","",""
"02/02/2025 10:15:00 - 02/02/2025 10:30:00","BZN|FR","Without Sequence","130.04","",""
"02/02/2025 10:30:00 - 02/02/2025 10:45:00","BZN|FR","Without Sequence","130.04","",""
"02/02/2025 10:45:00 - 02/02/2025 11:00:00","BZN|FR","Without Sequence","130.04","",""
"02/02/2025 11:00:00 - 02/02/2025 11:15:00","BZN|FR","Without Sequence","129.33","",""
"02/02/2025 11:15:00 - 02/02/2025 11:30:00","BZN|FR","Without Sequence","129.33","",""
"02/02/2025 11:30:00 - 02/02/2025 11:45:00","BZN|FR","Without Sequence","129.33","",""
"02/02/2025 11:45:00 - 02/02/2025 12:00:00","BZN|FR","Without Sequence","129.33","",""
"02/02/2025 12:00:00 - 02/02/2025 12:15:00","BZN|FR","Without Sequence","122.24","",""
"02/02/2025 12:15:00 - 02/02/2025 12:30:00","BZN|FR","Without Sequence","122.24","",""
"02/02/2025 12:30:00 - 02/02/2025 12:45:00","BZN|FR","Without Sequence","122.24","",""
"02/02/2025 12:45:00 - 02/02/2025 13:00:00","BZN|FR","Without Sequence","122.24","",""
"02/02/2025 13:00:00 - 02/02/2025 13:15:00","BZN|FR","Without Sequence","111.88","",""
"02/02/2025 13:15:00 - 02/02/2025 13:30:00","BZN|FR","Without Sequence","111.88","",""
"02/02/2025 13:30:00 - 02/02/2025 13:45:00","BZN|FR","Without Sequence","111.88","",""
"02/02/2025 13:45:00 - 02/02/2025 14:00:00","BZN|FR","Without Sequence","111.88","",""
"02/02/2025 14:00:00 - 02/02/2025 14:15:00","BZN|FR","Without Sequence","110.45","",""
"02/02/2025 14:15:00 - 02/02/2025 14:30:00","BZN|FR","Without Sequence","110.45","",""
"02/02/2025 14:30:00 - 02/02/2025 14:45:00","BZN|FR","Without Sequence","110.45","",""
"02/02/2025 14:45:00 - 02/02/2025 15:00:00","BZN|FR","Without Sequence","110.45","",""
"02/02/2025 15:00:00 - 02/02/2025 15:15:00","BZN|FR","Without Sequence","103.27","",""
"02/02/2025 15:15:00 - 02/02/2025 15:30:00","BZN|FR","Without Sequence","103.27","",""
"02/02/2025 15:30:00 - 02/02/2025 15:45:00","BZN|FR","Without Sequence","103.27","",""
"02/02/2025 15:45:00 - 02/02/2025 16:00:00","BZN|FR","Without Sequence","103.27","",""
"02/02/2025 16:00:00 - 02/02/2025 16:15:00","BZN|FR","Without Sequence","101.26","",""
"02/02/2025 16:15:00 - 02/02/2025 16:30:00","BZN|FR","Without Sequence","101.26","",""
"02/02/2025 16:30:00 - 02/02/2025 16:45:00","BZN|FR","Without Sequence","101.26","",""
"02/02/2025 16:45:00 - 02/02/2025 17:00:00","BZN|FR","Without Sequence","101.26","",""
"02/02/2025 17:00:00 - 02/02/2025 17:15:00","BZN|FR","Without Sequence","132.80","",""
"02/02/2025 17:15:00 - 02/02/2025 17:30:00","BZN|FR","Without Sequence","132.80","",""
"02/02/2025 17:30:00 - 02/02/2025 17:45:00","BZN|FR","Without Sequence","132.80","",""
"02/02/2025 17:45:00 - 02/02/2025 18:00:00","BZN|FR","Without Sequence","132.80","",""
"02/02/2025 18:00:00 - 02/02/2025 18:15:00","BZN|FR","Without Sequence","164.67","",""
"02/02/2025 18:15:00 - 02/02/2025 18:30:00","BZN|FR","Without Sequence","164.67","",""
"02/02/2025 18:30:00 - 02/02/2025 18:45:00","BZN|FR","Without Sequence","164.67","",""
"02/02/2025 18:45:00 - 02/02/2025 19:00:00","BZN|FR","Without Sequence","164.67","",""
"02/02/2025 19:00:00 - 02/02/2025 19:15:00","BZN|FR","Without Sequence","173.95","",""
"02/02/2025 19:15:00 - 02/02/2025 19:30:00","BZN|FR","Without Sequence","173.95","",""
"02/02/2025 19:30:00 - 02/02/2025 19:45:00","BZN|FR","Without Sequence","173.95","",""
"02/02/2025 19:45:00 - 02/02/2025 20:00:00","BZN|FR","Without Sequence","173.95","",""
"02/02/2025 20:00:00 - 02/02/2025 20:15:00","BZN|FR","Without Sequence","165.50","",""
"02/02/2025 20:15:00 - 02/02/2025 20:30:00","BZN|FR","Without Sequence","165.50","",""
"02/02/2025 20:30:00 - 02/02/2025 20:45:00","BZN|FR","Without Sequence","165.50","",""
"02/02/2025 20:45:00 - 02/02/2025 21:00:00","BZN|FR","Without Sequence","165.50","",""
"02/02/2025 21:00:00 - 02/02/2025 21:15:00","BZN|FR","Without Sequence","155.77","",""
"02/02/2025 21:15:00 - 02/02/2025 21:30:00","BZN|FR","Without Sequence","155.77","",""
"02/02/2025 21:30:00 - 02/02/2025 21:45:00","BZN|FR","Without Sequence","155.77","",""
"02/02/2025 21:45:00 - 02/02/2025 22:00:00","BZN|FR","Without Sequence","155.77","",""
"02/02/2025 22:00:00 - 02/02/2025 22:15:00","BZN|FR","Without Sequence","148.44","",""
"02/02/2025 22:15:00 - 02/02/2025 22:30:00","BZN|FR","Without Sequence","148.44","",""
"02/02/2025 22:30:00 - 02/02/2025 22:45:00","BZN|FR","Without Sequence","148.44","",""
"02/02/2025 22:45:00 - 02/02/2025 23:00:00","BZN|FR","Without Sequence","148.44","",""
"02/02/2025 23:00:00 - 02/02/2025 23:15:00","BZN|FR","Without Sequence","133.24","",""
"02/02/2025 23:15:00 - 02/02/2025 23:30:00","BZN|FR","Without Sequence","133.24","",""
"02/02/2025 23:30:00 - 02/02/2025 23:45:00","BZN|FR","Without Sequence","133.24","",""
"02/02/2025 23:45:00 - 03/02/2025 00:00:00","BZN|FR","Without Sequence","133.24","",""
"03/02/2025 00:00:00 - 03/02/2025 00:15:00","BZN|FR","Without Sequence","129.54","",""
"03/02/2025 00:15:00 - 03/02/2025 00:30:00","BZN|FR","Without Sequence","129.54","",""
"03/02/2025 00:30:00 - 03/02/2025 00:45:00","BZN|FR","Without Sequence","129.54","",""
"03/02/2025 00:45:00 - 03/02/2025 01:00:00","BZN|FR","Without Sequence","129.54","",""
"03/02/2025 01:00:00 - 03/02/2025 01:15:00","BZN|FR","Without Sequence","126.63","",""
"03/02/2025 01:15:00 - 03/02/2025 01:30:00","BZN|FR","Without Sequence","126.63","",""
"03/02/2025 01:30:00 - 03/02/2025 01:45:00","BZN|FR","Without Sequence","126.63","",""
"03/02/2025 01:45:00 - 03/02/2025 02:00:00","BZN|FR","Without Sequence","126.63","",""
"03/02/2025 02:00:00 - 03/02/2025 02:15:00","BZN|FR","Without Sequence","124.72","",""
"03/02/2025 02:15:00 - 03/02/2025 02:30:00","BZN|FR","Without Sequence","124.72","",""
"03/02/2025 02:30:00 - 03/02/2025 02:45:00","BZN|FR","Without Sequence","124.72","",""
"03/02/2025 02:45:00 - 03/02/2025 03:00:00","BZN|FR","Without Sequence","124.72","",""
"03/02/2025 03:00:00 - 03/02/2025 03:15:00","BZN|FR","Without Sequence","120.04","",""
"03/02/2025 03:15:00 - 03/02/2025 03:30:00","BZN|FR","Without Sequence","120.04","",""
"03/02/2025 03:30:00 - 03/02/2025 03:45:00","BZN|FR","Without Sequence","120.04","",""
"03/02/2025 03:45:00 - 03/02/2025 04:00:00","BZN|FR","Without Sequence","120.04","",""
"03/02/2025 04:00:00 - 03/02/2025 04:15:00","BZN|FR","Without Sequence","123.24","",""
"03/02/2025 04:15:00 - 03/02/2025 04:30:00","BZN|FR","Without Sequence","123.24","",""
"03/02/2025 04:30:00 - 03/02/2025 04:45:00","BZN|FR","Without Sequence","123.24","",""
"03/02/2025 04:45:00 - 03/02/2025 05:00:00","BZN|FR","Without Sequence","123.24","",""
"03/02/2025 05:00:00 - 03/02/2025 05:15:00","BZN|FR","Without Sequence","127.77","",""
"03/02/2025 05:15:00 - 03/02/2025 05:30:00","BZN|FR","Without Sequence","127.77","",""
"03/02/2025 05:30:00 - 03/02/2025 05:45:00","BZN|FR","Without Sequence","127.77","",""
"03/02/2025 05:45:00 - 03/02/2025 06:00:00","BZN|FR","Without Sequence","127.77","",""
"03/02/2025 06:00:00 - 03/02/2025 06:15:00","BZN|FR","Without Sequence","159.18","",""
"03/02/2025 06:15:00 - 03/02/2025 06:30:00","BZN|FR","Without Sequence","159.18","",""
"03/02/2025 06:30:00 - 03/02/2025 06:45:00","BZN|FR","Without Sequence","159.18","",""
"03/02/2025 06:45:00 - 03/02/2025 07:00:00","BZN|FR","Without Sequence","159.18","",""
"03/02/2025 07:00:00 - 03/02/2025 07:15:00","BZN|FR","Without Sequence","207.88","",""
"03/02/2025 07:15:00 - 03/02/2025 07:30:00","BZN|FR","Without Sequence","207.88","",""
"03/02/2025 07:30:00 - 03/02/2025 07:45:00","BZN|FR","Without Sequence","207.88","",""
"03/02/2025 07:45:00 - 03/02/2025 08:00:00","BZN|FR","Without Sequence","207.88","",""
"03/02/2025 08:00:00 - 03/02/2025 08:15:00","BZN|FR","Without Sequence","243.23","",""
"03/02/2025 08:15:00 - 03/02/2025 08:30:00","BZN|FR","Without Sequence","243.23","",""
"03/02/2025 08:30:00 - 03/02/2025 08:45:00","BZN|FR","Without Sequence","243.23","",""
"03/02/2025 08:45:00 - 03/02/2025 09:00:00","BZN|FR","Without Sequence","243.23","",""
"03/02/2025 09:00:00 - 03/02/2025 09:15:00","BZN|FR","Without Sequence","178.04","",""
"03/02/2025 09:15:00 - 03/02/2025 09:30:00","BZN|FR","Without Sequence","178.04","",""
"03/02/2025 09:30:00 - 03/02/2025 09:45:00","BZN|FR","Without Sequence","178.04","",""
"03/02/2025 09:45:00 - 03/02/2025 10:00:00","BZN|FR","Without Sequence","178.04","",""
"03/02/2025 10:00:00 - 03/02/2025 10:15:00","BZN|FR","Without Sequence","149.95","",""
"03/02/2025 10:15:00 - 03/02/2025 10:30:00","BZN|FR","Without Sequence","149.95","",""
"03/02/2025 10:30:00 - 03/02/2025 10:45:00","BZN|FR","Without Sequence","149.95","",""
"03/02/2025 10:45:00 - 03/02/2025 11:00:00","BZN|FR","Without Sequence","149.95","",""
"03/02/2025 11:00:00 - 03/02/2025 11:15:00","BZN|FR","Without Sequence","126.69","",""
"03/02/2025 11:15:00 - 03/02/2025 11:30:00","BZN|FR","Without Sequence","126.69","",""
"03/02/2025 11:30:00 - 03/02/2025 11:45:00","BZN|FR","Without Sequence","126.69","",""
"03/02/2025 11:45:00 - 03/02/2025 12:00:00","BZN|FR","Without Sequence","126.69","",""
"03/02/2025 12:00:00 - 03/02/2025 12:15:00","BZN|FR","Without Sequence","117.27","",""
"03/02/2025 12:15:00 - 03/02/2025 12:30:00","BZN|FR","Without Sequence","117.27","",""
"03/02/2025 12:30:00 - 03/02/2025 12:45:00","BZN|FR","Without Sequence","117.27","",""
"03/02/2025 12:45:00 - 03/02/2025 13:00:00","BZN|FR","Without Sequence","117.27","",""
"03/02/2025 13:00:00 - 03/02/2025 13:15:00","BZN|FR","Without Sequence","115.19","",""
"03/02/2025 13:15:00 - 03/02/2025 13:30:00","BZN|FR","Without Sequence","115.19","",""
"03/02/2025 13:30:00 - 03/02/2025 13:45:00","BZN|FR","Without Sequence","115.19","",""
"03/02/2025 13:45:00 - 03/02/2025 14:00:00","BZN|FR","Without Sequence","115.19","",""
"03/02/2025 14:00:00 - 03/02/2025 14:15:00","BZN|FR","Without Sequence","122.73","",""
"03/02/2025 14:15:00 - 03/02/2025 14:30:00","BZN|FR","Without Sequence","122.73","",""
"03/02/2025 14:30:00 - 03/02/2025 14:45:00","BZN|FR","Without Sequence","122.73","",""
"03/02/2025 14:45:00 - 03/02/2025 15:00:00","BZN|FR","Without Sequence","122.73","",""
"03/02/2025 15:00:00 - 03/02/2025 15:15:00","BZN|FR","Without Sequence","135.33","",""
"03/02/2025 15:15:00 - 03/02/2025 15:30:00","BZN|FR","Without Sequence","135.33","",""
"03/02/2025 15:30:00 - 03/02/2025 15:45:00","BZN|FR","Without Sequence","135.33","",""
"03/02/2025 15:45:00 - 03/02/2025 16:00:00","BZN|FR","Without Sequence","135.33","",""
"03/02/2025 16:00:00 - 03/02/2025 16:15:00","BZN|FR","Without Sequence","135.13","",""
"03/02/2025 16:15:00 - 03/02/2025 16:30:00","BZN|FR","Without Sequence","135.13","",""
"03/02/2025 16:30:00 - 03/02/2025 16:45:00","BZN|FR","Without Sequence","135.13","",""
"03/02/2025 16:45:00 - 03/02/2025 17:00:00","BZN|FR","Without Sequence","135.13","",""
"03/02/2025 17:00:00 - 03/02/2025 17:15:00","BZN|FR","Without Sequence","170.64","",""
"03/02/2025 17:15:00 - 03/02/2025 17:30:00","BZN|FR","Without Sequence","170.64","",""
"03/02/2025 17:30:00 - 03/02/2025 17:45:00","BZN|FR","Without Sequence","170.64","",""
"03/02/2025 17:45:00 - 03/02/2025 18:00:00","BZN|FR","Without Sequence","170.64","",""
"03/02/2025 18:00:00 - 03/02/2025 18:15:00","BZN|FR","Without Sequence","200.73","",""
"03/02/2025 18:15:00 - 03/02/2025 18:30:00","BZN|FR","Without Sequence","200.73","",""
"03/02/2025 18:30:00 - 03/02/2025 18:45:00","BZN|FR","Without Sequence","200.73","",""
"03/02/2025 18:45:00 - 03/02/2025 19:00:00","BZN|FR","Without Sequence","200.73","",""
"03/02/2025 19:00:00 - 03/02/2025 19:15:00","BZN|FR","Without Sequence","201.10","",""
"03/02/2025 19:15:00 - 03/02/2025 19:30:00","BZN|FR","Without Sequence","201.10","",""
"03/02/2025 19:30:00 - 03/02/2025 19:45:00","BZN|FR","Without Sequence","201.10","",""
"03/02/2025 19:45:00 - 03/02/2025 20:00:00","BZN|FR","Without Sequence","201.10","",""
"03/02/2025 20:00:00 - 03/02/2025 20:15:00","BZN|FR","Without Sequence","167.74","",""
"03/02/2025 20:15:00 - 03/02/2025 20:30:00","BZN|FR","Without Sequence","167.74","",""
"03/02/2025 20:30:00 - 03/02/2025 20:45:00","BZN|FR","Without Sequence","167.74","",""
"03/02/2025 20:45:00 - 03/02/2025 21:00:00","BZN|FR","Without Sequence","167.74","",""
"03/02/2025 21:00:00 - 03/02/2025 21:15:00","BZN|FR","Without Sequence","153.00","",""
"03/02/2025 21:15:00 - 03/02/2025 21:30:00","BZN|FR","Without Sequence","153.00","",""
"03/02/2025 21:30:00 - 03/02/2025 21:45:00","BZN|FR","Without Sequence","153.00","",""
"03/02/2025 21:45:00 - 03/02/2025 22:00:00","BZN|FR","Without Sequence","153.00","",""
"03/02/2025 22:00:00 - 03/02/2025 22:15:00","BZN|FR","Without Sequence","144.09","",""
"03/02/2025 22:15:00 - 03/02/2025 22:30:00","BZN|FR","Without Sequence","144.09","",""
"03/02/2025 22:30:00 - 03/02/2025 22:45:00","BZN|FR","Without Sequence","144.09","",""
"03/02/2025 22:45:00 - 03/02/2025 23:00:00","BZN|FR","Without Sequence","144.09","",""
"03/02/2025 23:00:00 - 03/02/2025 23:15:00","BZN|FR","Without Sequence","135.81","",""
"03/02/2025 23:15:00 - 03/02/2025 23:30:00","BZN|FR","Without Sequence","135.81","",""
"03/02/2025 23:30:00 - 03/02/2025 23:45:00","BZN|FR","Without Sequence","135.81","",""
"03/02/2025 23:45:00 - 04/02/2025 00:00:00","BZN|FR","Without Sequence","135.81","",""
"04/02/2025 00:00:00 - 04/02/2025 00:15:00","BZN|FR","Without Sequence","132.40","",""
"04/02/2025 00:15:00 - 04/02/2025 00:30:00","BZN|FR","Without Sequence","132.40","",""
"04/02/2025 00:30:00 - 04/02/2025 00:45:00","BZN|FR","Without Sequence","132.40","",""
"04/02/2025 00:45:00 - 04/02/2025 01:00:00","BZN|FR","Without Sequence","132.40","",""
"04/02/2025 01:00:00 - 04/02/2025 01:15:00","BZN|FR","Without Sequence","125.54","",""
"04/02/2025 01:15:00 - 04/02/2025 01:30:00","BZN|FR","Without Sequence","125.54","",""
"04/02/2025 01:30:00 - 04/02/2025 01:45:00","BZN|FR","Without Sequence","125.54","",""
"04/02/2025 01:45:00 - 04/02/2025 02:00:00","BZN|FR","Without Sequence","125.54","",""
"04/02/2025 02:00:00 - 04/02/2025 02:15:00","BZN|FR","Without Sequence","123.18","",""
"04/02/2025 02:15:00 - 04/02/2025 02:30:00","BZN|FR","Without Sequence","123.18","",""
"04/02/2025 02:30:00 - 04/02/2025 02:45:00","BZN|FR","Without Sequence","123.18","",""
"04/02/2025 02:45:00 - 04/02/2025 03:00:00","BZN|FR","Without Sequence","123.18","",""
"04/02/2025 03:00:00 - 04/02/2025 03:15:00","BZN|FR","Without Sequence","123.99","",""
"04/02/2025 03:15:00 - 04/02/2025 03:30:00","BZN|FR","Without Sequence","123.99","",""
"04/02/2025 03:30:00 - 04/02/2025 03:45:00","BZN|FR","Without Sequence","123.99","",""
"04/02/2025 03:45:00 - 04/02/2025 04:00:00","BZN|FR","Without Sequence","123.99","",""
"04/02/2025 04:00:00 - 04/02/2025 04:15:00","BZN|FR","Without Sequence","123.25","",""
"04/02/2025 04:15:00 - 04/02/2025 04:30:00","BZN|FR","Without Sequence","123.25","",""
"04/02/2025 04:30:00 - 04/02/2025 04:45:00","BZN|FR","Without Sequence","123.25","",""
"04/02/2025 04:45:00 - 04/02/2025 05:00:00","BZN|FR","Without Sequence","123.25","",""
"04/02/2025 05:00:00 - 04/02/2025 05:15:00","BZN|FR","Without Sequence","127.63","",""
"04/02/2025 05:15:00 - 04/02/2025 05:30:00","BZN|FR","Without Sequence","127.63","",""
"04/02/2025 05:30:00 - 04/02/2025 05:45:00","BZN|FR","Without Sequence","127.63","",""
"04/02/2025 05:45:00 - 04/02/2025 06:00:00","BZN|FR","Without Sequence","127.63","",""
"04/02/2025 06:00:00 - 04/02/2025 06:15:00","BZN|FR","Without Sequence","151.95","",""
"04/02/2025 06:15:00 - 04/02/2025 06:30:00","BZN|FR","Without Sequence","151.95","",""
"04/02/2025 06:30:00 - 04/02/2025 06:45:00","BZN|FR","Without Sequence","151.95","",""
"04/02/2025 06:45:00 - 04/02/2025 07:00:00","BZN|FR","Without Sequence","151.95","",""
"04/02/2025 07:00:00 - 04/02/2025 07:15:00","BZN|FR","Without Sequence","187.50","",""
"04/02/2025 07:15:00 - 04/02/2025 07:30:00","BZN|FR","Without Sequence","187.50","",""
"04/02/2025 07:30:00 - 04/02/2025 07:45:00","BZN|FR","Without Sequence","187.50","",""
"04/02/2025 07:45:00 - 04/02/2025 08:00:00","BZN|FR","Without Sequence","187.50","",""
"04/02/2025 08:00:00 - 04/02/2025 08:15:00","BZN|FR","Without Sequence","211.99","",""
"04/02/2025 08:15:00 - 04/02/2025 08:30:00","BZN|FR","Without Sequence","211.99","",""
"04/02/2025 08:30:00 - 04/02/2025 08:45:00","BZN|FR","Without Sequence","211.99","",""
"04/02/2025 08:45:00 - 04/02/2025 09:00:00","BZN|FR","Without Sequence","211.99","",""
"04/02/2025 09:00:00 - 04/02/2025 09:15:00","BZN|FR","Without Sequence","163.31","",""
"04/02/2025 09:15:00 - 04/02/2025 09:30:00","BZN|FR","Without Sequence","163.31","",""
"04/02/2025 09:30:00 - 04/02/2025 09:45:00","BZN|FR","Without Sequence","163.31","",""
"04/02/2025 09:45:00 - 04/02/2025 10:00:00","BZN|FR","Without Sequence","163.31","",""
"04/02/2025 10:00:00 - 04/02/2025 10:15:00","BZN|FR","Without Sequence","136.53","",""
"04/02/2025 10:15:00 - 04/02/2025 10:30:00","BZN|FR","Without Sequence","136.53","",""
"04/02/2025 10:30:00 - 04/02/2025 10:45:00","BZN|FR","Without Sequence","136.53","",""
"04/02/2025 10:45:00 - 04/02/2025 11:00:00","BZN|FR","Without Sequence","136.53","",""
"04/02/2025 11:00:00 - 04/02/2025 11:15:00","BZN|FR","Without Sequence","127.80","",""
"04/02/2025 11:15:00 - 04/02/2025 11:30:00","BZN|FR","Without Sequence","127.80","",""
"04/02/2025 11:30:00 - 04/02/2025 11:45:00","BZN|FR","Without Sequence","127.80","",""
"04/02/2025 11:45:00 - 04/02/2025 12:00:00","BZN|FR","Without Sequence","127.80","",""
"04/02/2025 12:00:00 - 04/02/2025 12:15:00","BZN|FR","Without Sequence","122.71","",""
"04/02/2025 12:15:00 - 04/02/2025 12:30:00","BZN|FR","Without Sequence","122.71","",""
"04/02/2025 12:30:00 - 04/02/2025 12:45:00","BZN|FR","Without Sequence","122.71","",""
"04/02/2025 12:45:00 - 04/02/2025 13:00:00","BZN|FR","Without Sequence","122.71","",""
"04/02/2025 13:00:00 - 04/02/2025 13:15:00","BZN|FR","Without Sequence","113.26","",""
"04/02/2025 13:15:00 - 04/02/2025 13:30:00","BZN|FR","Without Sequence","113.26","",""
"04/02/2025 13:30:00 - 04/02/2025 13:45:00","BZN|FR","Without Sequence","113.26","",""
"04/02/2025 13:45:00 - 04/02/2025 14:00:00","BZN|FR","Without Sequence","113.26","",""
"04/02/2025 14:00:00 - 04/02/2025 14:15:00","BZN|FR","Without Sequence","120.09","",""
"04/02/2025 14:15:00 - 04/02/2025 14:30:00","BZN|FR","Without Sequence","120.09","",""
"04/02/2025 14:30:00 - 04/02/2025 14:45:00","BZN|FR","Without Sequence","120.09","",""
"04/02/2025 14:45:00 - 04/02/2025 15:00:00","BZN|FR","Without Sequence","120.09","",""
"04/02/2025 15:00:00 - 04/02/2025 15:15:00","BZN|FR","Without Sequence","124.97","",""
"04/02/2025 15:15:00 - 04/02/2025 15:30:00","BZN|FR","Without Sequence","124.97","",""
"04/02/2025 15:30:00 - 04/02/2025 15:45:00","BZN|FR","Without Sequence","124.97","",""
"04/02/2025 15:45:00 - 04/02/2025 16:00:00","BZN|FR","Without Sequence","124.97","",""
"04/02/2025 16:00:00 - 04/02/2025 16:15:00","BZN|FR","Without Sequence","122.57","",""
"04/02/2025 16:15:00 - 04/02/2025 16:30:00","BZN|FR","Without Sequence","122.57","",""
"04/02/2025 16:30:00 - 04/02/2025 16:45:00","BZN|FR","Without Sequence","122.57","",""
"04/02/2025 16:45:00 - 04/02/2025 17:00:00","BZN|FR","Without Sequence","122.57","",""
"04/02/2025 17:00:00 - 04/02/2025 17:15:00","BZN|FR","Without Sequence","134.32","",""
"04/02/2025 17:15:00 - 04/02/2025 17:30:00","BZN|FR","Without Sequence","134.32","",""
"04/02/2025 17:30:00 - 04/02/2025 17:45:00","BZN|FR","Without Sequence","134.32","",""
"04/02/2025 17:45:00 - 04/02/2025 18:00:00","BZN|FR","Without Sequence","134.32","",""
"04/02/2025 18:00:00 - 04/02/2025 18:15:00","BZN|FR","Without Sequence","175.00","",""
"04/02/2025 18:15:00 - 04/02/2025 18:30:00","BZN|FR","Without Sequence","175.00","",""
"04/02/2025 18:30:00 - 04/02/2025 18:45:00","BZN|FR","Without Sequence","175.00","",""
"04/02/2025 18:45:00 - 04/02/2025 19:00:00","BZN|FR","Without Sequence","175.00","",""
"04/02/2025 19:00:00 - 04/02/2025 19:15:00","BZN|FR","Without Sequence","173.92","",""
"04/02/2025 19:15:00 - 04/02/2025 19:30:00","BZN|FR","Without Sequence","173.92","",""
"04/02/2025 19:30:00 - 04/02/2025 19:45:00","BZN|FR","Without Sequence","173.92","",""
"04/02/2025 19:45:00 - 04/02/2025 20:00:00","BZN|FR","Without Sequence","173.92","",""
"04/02/2025 20:00:00 - 04/02/2025 20:15:00","BZN|FR","Without Sequence","152.47","",""
"04/02/2025 20:15:00 - 04/02/2025 20:30:00","BZN|FR","Without Sequence","152.47","",""
"04/02/2025 20:30:00 - 04/02/2025 20:45:00","BZN|FR","Without Sequence","152.47","",""
"04/02/2025 20:45:00 - 04/02/2025 21:00:00","BZN|FR","Without Sequence","152.47","",""
"04/02/2025 21:00:00 - 04/02/2025 21:15:00","BZN|FR","Without Sequence","132.91","",""
"04/02/2025 21:15:00 - 04/02/2025 21:30:00","BZN|FR","Without Sequence","132.91","",""
"04/02/2025 21:30:00 - 04/02/2025 21:45:00","BZN|FR","Without Sequence","132.91","",""
"04/02/2025 21:45:00 - 04/02/2025 22:00:00","BZN|FR","Without Sequence","132.91","",""
"04/02/2025 22:00:00 - 04/02/2025 22:15:00","BZN|FR","Without Sequence","140.32","",""
"04/02/2025 22:15:00 - 04/02/2025 22:30:00","BZN|FR","Without Sequence","140.32","",""
"04/02/2025 22:30:00 - 04/02/2025 22:45:00","BZN|FR","Without Sequence","140.32","",""
"04/02/2025 22:45:00 - 04/02/2025 23:00:00","BZN|FR","Without Sequence","140.32","",""
"04/02/2025 23:00:00 - 04/02/2025 23:15:00","BZN|FR","Without Sequence","137.95","",""
"04/02/2025 23:15:00 - 04/02/2025 23:30:00","BZN|FR","Without Sequence","137.95","",""
"04/02/2025 23:30:00 - 04/02/2025 23:45:00","BZN|FR","Without Sequence","137.95","",""
"04/02/2025 23:45:00 - 05/02/2025 00:00:00","BZN|FR","Without Sequence","137.95","",""
"05/02/2025 00:00:00 - 05/02/2025 00:15:00","BZN|FR","Without Sequence","128.44","",""
"05/02/2025 00:15:00 - 05/02/2025 00:30:00","BZN|FR","Without Sequence","128.44","",""
"05/02/2025 00:30:00 - 05/02/2025 00:45:00","BZN|FR","Without Sequence","128.44","",""
"05/02/2025 00:45:00 - 05/02/2025 01:00:00","BZN|FR","Without Sequence","128.44","",""
"05/02/2025 01:00:00 - 05/02/2025 01:15:00","BZN|FR","Without Sequence","119.39","",""
"05/02/2025 01:15:00 - 05/02/2025 01:30:00","BZN|FR","Without Sequence","119.39","",""
"05/02/2025 01:30:00 - 05/02/2025 01:45:00","BZN|FR","Without Sequence","119.39","",""
"05/02/2025 01:45:00 - 05/02/2025 02:00:00","BZN|FR","Without Sequence","119.39","",""
"05/02/2025 02:00:00 - 05/02/2025 02:15:00","BZN|FR","Without Sequence","116.59","",""
"05/02/2025 02:15:00 - 05/02/2025 02:30:00","BZN|FR","Without Sequence","116.59","",""
"05/02/2025 02:30:00 - 05/02/2025 02:45:00","BZN|FR","Without Sequence","116.59","",""
"05/02/2025 02:45:00 - 05/02/2025 03:00:00","BZN|FR","Without Sequence","116.59","",""
"05/02/2025 03:00:00 - 05/02/2025 03:15:00","BZN|FR","Without Sequence","115.64","",""
"05/02/2025 03:15:00 - 05/02/2025 03:30:00","BZN|FR","Without Sequence","115.64","",""
"05/02/2025 03:30:00 - 05/02/2025 03:45:00","BZN|FR","Without Sequence","115.64","",""
"05/02/2025 03:45:00 - 05/02/2025 04:00:00","BZN|FR","Without Sequence","115.64","",""
"05/02/2025 04:00:00 - 05/02/2025 04:15:00","BZN|FR","Without Sequence","117.33","",""
"05/02/2025 04:15:00 - 05/02/2025 04:30:00","BZN|FR","Without Sequence","117.33","",""
"05/02/2025 04:30:00 - 05/02/2025 04:45:00","BZN|FR","Without Sequence","117.33","",""
"05/02/2025 04:45:00 - 05/02/2025 05:00:00","BZN|FR","Without Sequence","117.33","",""
"05/02/2025 05:00:00 - 05/02/2025 05:15:00","BZN|FR","Without Sequence","123.05","",""
"05/02/2025 05:15:00 - 05/02/2025 05:30:00","BZN|FR","Without Sequence","123.05","",""
"05/02/2025 05:30:00 - 05/02/2025 05:45:00","BZN|FR","Without Sequence","123.05","",""
"05/02/2025 05:45:00 - 05/02/2025 06:00:00","BZN|FR","Without Sequence","123.05","",""
"05/02/2025 06:00:00 - 05/02/2025 06:15:00","BZN|FR","Without Sequence","140.34","",""
"05/02/2025 06:15:00 - 05/02/2025 06:30:00","BZN|FR","Without Sequence","140.34","",""
"05/02/2025 06:30:00 - 05/02/2025 06:45:00","BZN|FR","Without Sequence","140.34","",""
"05/02/2025 06:45:00 - 05/02/2025 07:00:00","BZN|FR","Without Sequence","140.34","",""
"05/02/2025 07:00:00 - 05/02/2025 07:15:00","BZN|FR","Without Sequence","168.48","",""
"05/02/2025 07:15:00 - 05/02/2025 07:30:00","BZN|FR","Without Sequence","168.48","",""
"05/02/2025 07:30:00 - 05/02/2025 07:45:00","BZN|FR","Without Sequence","168.48","",""
"05/02/2025 07:45:00 - 05/02/2025 08:00:00","BZN|FR","Without Sequence","168.48","",""
"05/02/2025 08:00:00 - 05/02/2025 08:15:00","BZN|FR","Without Sequence","180.81","",""
"05/02/2025 08:15:00 - 05/02/2025 08:30:00","BZN|FR","Without Sequence","180.81","",""
"05/02/2025 08:30:00 - 05/02/2025 08:45:00","BZN|FR","Without Sequence","180.81","",""
"05/02/2025 08:45:00 - 05/02/2025 09:00:00","BZN|FR","Without Sequence","180.81","",""
"05/02/2025 09:00:00 - 05/02/2025 09:15:00","BZN|FR","Without Sequence","159.33","",""
"05/02/2025 09:15:00 - 05/02/2025 09:30:00","BZN|FR","Without Sequence","159.33","",""
"05/02/2025 09:30:00 - 05/02/2025 09:45:00","BZN|FR","Without Sequence","159.33","",""
"05/02/2025 09:45:00 - 05/02/2025 10:00:00","BZN|FR","Without Sequence","159.33","",""
"05/02/2025 10:00:00 - 05/02/2025 10:15:00","BZN|FR","Without Sequence","143.61","",""
"05/02/2025 10:15:00 - 05/02/2025 10:30:00","BZN|FR","Without Sequence","143.61","",""
"05/02/2025 10:30:00 - 05/02/2025 10:45:00","BZN|FR","Without Sequence","143.61","",""
"05/02/2025 10:45:00 - 05/02/2025 11:00:00","BZN|FR","Without Sequence","143.61","",""
"05/02/2025 11:00:00 - 05/02/2025 11:15:00","BZN|FR","Without Sequence","137.61","",""
"05/02/2025 11:15:00 - 05/02/2025 11:30:00","BZN|FR","Without Sequence","137.61","",""
"05/02/2025 11:30:00 - 05/02/2025 11:45:00","BZN|FR","Without Sequence","137.61","",""
"05/02/2025 11:45:00 - 05/02/2025 12:00:00","BZN|FR","Without Sequence","137.61","",""
"05/02/2025 12:00:00 - 05/02/2025 12:15:00","BZN|FR","Without Sequence","129.14","",""
"05/02/2025 12:15:00 - 05/02/2025 12:30:00","BZN|FR","Without Sequence","129.14","",""
"05/02/2025 12:30:00 - 05/02/2025 12:45:00","BZN|FR","Without Sequence","129.14","",""
"05/02/2025 12:45:00 - 05/02/2025 13:00:00","BZN|FR","Without Sequence","129.14","",""
"05/02/2025 13:00:00 - 05/02/2025 13:15:00","BZN|FR","Without Sequence","124.95","",""
"05/02/2025 13:15:00 - 05/02/2025 13:30:00","BZN|FR","Without Sequence","124.95","",""
"05/02/2025 13:30:00 - 05/02/2025 13:45:00","BZN|FR","Without Sequence","124.95","",""
"05/02/2025 13:45:00 - 05/02/2025 14:00:00","BZN|FR","Without Sequence","124.95","",""
"05/02/2025 14:00:00 - 05/02/2025 14:15:00","BZN|FR","Without Sequence","128.85","",""
"05/02/2025 14:15:00 - 05/02/2025 14:30:00","BZN|FR","Without Sequence","128.85","",""
"05/02/2025 14:30:00 - 05/02/2025 14:45:00","BZN|FR","Without Sequence","128.85","",""
"05/02/2025 14:45:00 - 05/02/2025 15:00:00","BZN|FR","Without Sequence","128.85","",""
"05/02/2025 15:00:00 - 05/02/2025 15:15:00","BZN|FR","Without Sequence","144.12","",""
"05/02/2025 15:15:00 - 05/02/2025 15:30:00","BZN|FR","Without Sequence","144.12","",""
"05/02/2025 15:30:00 - 05/02/2025 15:45:00","BZN|FR","Without Sequence","144.12","",""
"05/02/2025 15:45:00 - 05/02/2025 16:00:00","BZN|FR","Without Sequence","144.12","",""
"05/02/2025 16:00:00 - 05/02/2025 16:15:00","BZN|FR","Without Sequence","150.04","",""
"05/02/2025 16:15:00 - 05/02/2025 16:30:00","BZN|FR","Without Sequence","150.04","",""
"05/02/2025 16:30:00 - 05/02/2025 16:45:00","BZN|FR","Without Sequence","150.04","",""
"05/02/2025 16:45:00 - 05/02/2025 17:00:00","BZN|FR","Without Sequence","150.04","",""
"05/02/2025 17:00:00 - 05/02/2025 17:15:00","BZN|FR","Without Sequence","174.07","",""
"05/02/2025 17:15:00 - 05/02/2025 17:30:00","BZN|FR","Without Sequence","174.07","",""
"05/02/2025 17:30:00 - 05/02/2025 17:45:00","BZN|FR","Without Sequence","174.07","",""
"05/02/2025 17:45:00 - 05/02/2025 18:00:00","BZN|FR","Without Sequence","174.07","",""
"05/02/2025 18:00:00 - 05/02/2025 18:15:00","BZN|FR","Without Sequence","189.90","",""
"05/02/2025 18:15:00 - 05/02/2025 18:30:00","BZN|FR","Without Sequence","189.90","",""
"05/02/2025 18:30:00 - 05/02/2025 18:45:00","BZN|FR","Without Sequence","189.90","",""
"05/02/2025 18:45:00 - 05/02/2025 19:00:00","BZN|FR","Without Sequence","189.90","",""
"05/02/2025 19:00:00 - 05/02/2025 19:15:00","BZN|FR","Without Sequence","189.63","",""
"05/02/2025 19:15:00 - 05/02/2025 19:30:00","BZN|FR","Without Sequence","189.63","",""
"05/02/2025 19:30:00 - 05/02/2025 19:45:00","BZN|FR","Without Sequence","189.63","",""
"05/02/2025 19:45:00 - 05/02/2025 20:00:00","BZN|FR","Without Sequence","189.63","",""
"05/02/2025 20:00:00 - 05/02/2025 20:15:00","BZN|FR","Without Sequence","170.00","",""
"05/02/2025 20:15:00 - 05/02/2025 20:30:00","BZN|FR","Without Sequence","170.00","",""
"05/02/2025 20:30:00 - 05/02/2025 20:45:00","BZN|FR","Without Sequence","170.00","",""
"05/02/2025 20:45:00 - 05/02/2025 21:00:00","BZN|FR","Without Sequence","170.00","",""
"05/02/2025 21:00:00 - 05/02/2025 21:15:00","BZN|FR","Without Sequence","155.42","",""
"05/02/2025 21:15:00 - 05/02/2025 21:30:00","BZN|FR","Without Sequence","155.42","",""
"05/02/2025 21:30:00 - 05/02/2025 21:45:00","BZN|FR","Without Sequence","155.42","",""
"05/02/2025 21:45:00 - 05/02/2025 22:00:00","BZN|FR","Without Sequence","155.42","",""
"05/02/2025 22:00:00 - 05/02/2025 22:15:00","BZN|FR","Without Sequence","143.70","",""
"05/02/2025 22:15:00 - 05/02/2025 22:30:00","BZN|FR","Without Sequence","143.70","",""
"05/02/2025 22:30:00 - 05/02/2025 22:45:00","BZN|FR","Without Sequence","143.70","",""
"05/02/2025 22:45:00 - 05/02/2025 23:00:00","BZN|FR","Without Sequence","143.70","",""
"05/02/2025 23:00:00 - 05/02/2025 23:15:00","BZN|FR","Without Sequence","136.95","",""
"05/02/2025 23:15:00 - 05/02/2025 23:30:00","BZN|FR","Without Sequence","136.95","",""
"05/02/2025 23:30:00 - 05/02/2025 23:45:00","BZN|FR","Without Sequence","136.95","",""
"05/02/2025 23:45:00 - 06/02/2025 00:00:00","BZN|FR","Without Sequence","136.95","",""
"06/02/2025 00:00:00 - 06/02/2025 00:15:00","BZN|FR","Without Sequence","133.67","",""
"06/02/2025 00:15:00 - 06/02/2025 00:30:00","BZN|FR","Without Sequence","133.67","",""
"06/02/2025 00:30:00 - 06/02/2025 00:45:00","BZN|FR","Without Sequence","133.67","",""
"06/02/2025 00:45:00 - 06/02/2025 01:00:00","BZN|FR","Without Sequence","133.67","",""
"06/02/2025 01:00:00 - 06/02/2025 01:15:00","BZN|FR","Without Sequence","131.51","",""
"06/02/2025 01:15:00 - 06/02/2025 01:30:00","BZN|FR","Without Sequence","131.51","",""
"06/02/2025 01:30:00 - 06/02/2025 01:45:00","BZN|FR","Without Sequence","131.51","",""
"06/02/2025 01:45:00 - 06/02/2025 02:00:00","BZN|FR","Without Sequence","131.51","",""
"06/02/2025 02:00:00 - 06/02/2025 02:15:00","BZN|FR","Without Sequence","126.48","",""
"06/02/2025 02:15:00 - 06/02/2025 02:30:00","BZN|FR","Without Sequence","126.48","",""
"06/02/2025 02:30:00 - 06/02/2025 02:45:00","BZN|FR","Without Sequence","126.48","",""
"06/02/2025 02:45:00 - 06/02/2025 03:00:00","BZN|FR","Without Sequence","126.48","",""
"06/02/2025 03:00:00 - 06/02/2025 03:15:00","BZN|FR","Without Sequence","125.01","",""
"06/02/2025 03:15:00 - 06/02/2025 03:30:00","BZN|FR","Without Sequence","125.01","",""
"06/02/2025 03:30:00 - 06/02/2025 03:45:00","BZN|FR","Without Sequence","125.01","",""
"06/02/2025 03:45:00 - 06/02/2025 04:00:00","BZN|FR","Without Sequence","125.01","",""
"06/02/2025 04:00:00 - 06/02/2025 04:15:00","BZN|FR","Without Sequence","125.01","",""
"06/02/2025 04:15:00 - 06/02/2025 04:30:00","BZN|FR","Without Sequence","125.01","",""
"06/02/2025 04:30:00 - 06/02/2025 04:45:00","BZN|FR","Without Sequence","125.01","",""
"06/02/2025 04:45:00 - 06/02/2025 05:00:00","BZN|FR","Without Sequence","125.01","",""
"06/02/2025 05:00:00 - 06/02/2025 05:15:00","BZN|FR","Without Sequence","131.33","",""
"06/02/2025 05:15:00 - 06/02/2025 05:30:00","BZN|FR","Without Sequence","131.33","",""
"06/02/2025 05:30:00 - 06/02/2025 05:45:00","BZN|FR","Without Sequence","131.33","",""
"06/02/2025 05:45:00 - 06/02/2025 06:00:00","BZN|FR","Without Sequence","131.33","",""
"06/02/2025 06:00:00 - 06/02/2025 06:15:00","BZN|FR","Without Sequence","144.92","",""
"06/02/2025 06:15:00 - 06/02/2025 06:30:00","BZN|FR","Without Sequence","144.92","",""
"06/02/2025 06:30:00 - 06/02/2025 06:45:00","BZN|FR","Without Sequence","144.92","",""
"06/02/2025 06:45:00 - 06/02/2025 07:00:00","BZN|FR","Without Sequence","144.92","",""
"06/02/2025 07:00:00 - 06/02/2025 07:15:00","BZN|FR","Without Sequence","180.09","",""
"06/02/2025 07:15:00 - 06/02/2025 07:30:00","BZN|FR","Without Sequence","180.09","",""
"06/02/2025 07:30:00 - 06/02/2025 07:45:00","BZN|FR","Without Sequence","180.09","",""
"06/02/2025 07:45:00 - 06/02/2025 08:00:00","BZN|FR","Without Sequence","180.09","",""
"06/02/2025 08:00:00 - 06/02/2025 08:15:00","BZN|FR","Without Sequence","210.56","",""
"06/02/2025 08:15:00 - 06/02/2025 08:30:00","BZN|FR","Without Sequence","210.56","",""
"06/02/2025 08:30:00 - 06/02/2025 08:45:00","BZN|FR","Without Sequence","210.56","",""
"06/02/2025 08:45:00 - 06/02/2025 09:00:00","BZN|FR","Without Sequence","210.56","",""
"06/02/2025 09:00:00 - 06/02/2025 09:15:00","BZN|FR","Without Sequence","177.44","",""
"06/02/2025 09:15:00 - 06/02/2025 09:30:00","BZN|FR","Without Sequence","177.44","",""
"06/02/2025 09:30:00 - 06/02/2025 09:45:00","BZN|FR","Without Sequence","177.44","",""
"06/02/2025 09:45:00 - 06/02/2025 10:00:00","BZN|FR","Without Sequence","177.44","",""
"06/02/2025 10:00:00 - 06/02/2025 10:15:00","BZN|FR","Without Sequence","158.82","",""
"06/02/2025 10:15:00 - 06/02/2025 10:30:00","BZN|FR","Without Sequence","158.82","",""
"06/02/2025 10:30:00 - 06/02/2025 10:45:00","BZN|FR","Without Sequence","158.82","",""
"06/02/2025 10:45:00 - 06/02/2025 11:00:00","BZN|FR","Without Sequence","158.82","",""
"06/02/2025 11:00:00 - 06/02/2025 11:15:00","BZN|FR","Without Sequence","142.89","",""
"06/02/2025 11:15:00 - 06/02/2025 11:30:00","BZN|FR","Without Sequence","142.89","",""
"06/02/2025 11:30:00 - 06/02/2025 11:45:00","BZN|FR","Without Sequence","142.89","",""
"06/02/2025 11:45:00 - 06/02/2025 12:00:00","BZN|FR","Without Sequence","142.89","",""
"06/02/2025 12:00:00 - 06/02/2025 12:15:00","BZN|FR","Without Sequence","136.27","",""
"06/02/2025 12:15:00 - 06/02/2025 12:30:00","BZN|FR","Without Sequence","136.27","",""
"06/02/2025 12:30:00 - 06/02/2025 12:45:00","BZN|FR","Without Sequence","136.27","",""
"06/02/2025 12:45:00 - 06/02/2025 13:00:00","BZN|FR","Without Sequence","136.27","",""
"06/02/2025 13:00:00 - 06/02/2025 13:15:00","BZN|FR","Without Sequence","131.06","",""
"06/02/2025 13:15:00 - 06/02/2025 13:30:00","BZN|FR","Without Sequence","131.06","",""
"06/02/2025 13:30:00 - 06/02/2025 13:45:00","BZN|FR","Without Sequence","131.06","",""
"06/02/2025 13:45:00 - 06/02/2025 14:00:00","BZN|FR","Without Sequence","131.06","",""
"06/02/2025 14:00:00 - 06/02/2025 14:15:00","BZN|FR","Without Sequence","115.25","",""
"06/02/2025 14:15:00 - 06/02/2025 14:30:00","BZN|FR","Without Sequence","115.25","",""
"06/02/2025 14:30:00 - 06/02/2025 14:45:00","BZN|FR","Without Sequence","115.25","",""
"06/02/2025 14:45:00 - 06/02/2025 15:00:00","BZN|FR","Without Sequence","115.25","",""
"06/02/2025 15:00:00 - 06/02/2025 15:15:00","BZN|FR","Without Sequence","119.17","",""
"06/02/2025 15:15:00 - 06/02/2025 15:30:00","BZN|FR","Without Sequence","119.17","",""
"06/02/2025 15:30:00 - 06/02/2025 15:45:00","BZN|FR","Without Sequence","119.17","",""
"06/02/2025 15:45:00 - 06/02/2025 16:00:00","BZN|FR","Without Sequence","119.17","",""
"06/02/2025 16:00:00 - 06/02/2025 16:15:00","BZN|FR","Without Sequence","123.44","",""
"06/02/2025 16:15:00 - 06/02/2025 16:30:00","BZN|FR","Without Sequence","123.44","",""
"06/02/2025 16:30:00 - 06/02/2025 16:45:00","BZN|FR","Without Sequence","123.44","",""
"06/02/2025 16:45:00 - 06/02/2025 17:00:00","BZN|FR","Without Sequence","123.44","",""
"06/02/2025 17:00:00 - 06/02/2025 17:15:00","BZN|FR","Without Sequence","141.02","",""
"06/02/2025 17:15:00 - 06/02/2025 17:30:00","BZN|FR","Without Sequence","141.02","",""
"06/02/2025 17:30:00 - 06/02/2025 17:45:00","BZN|FR","Without Sequence","141.02","",""
"06/02/2025 17:45:00 - 06/02/2025 18:00:00","BZN|FR","Without Sequence","141.02","",""
"06/02/2025 18:00:00 - 06/02/2025 18:15:00","BZN|FR","Without Sequence","170.78","",""
"06/02/2025 18:15:00 - 06/02/2025 18:30:00","BZN|FR","Without Sequence","170.78","",""
"06/02/2025 18:30:00 - 06/02/2025 18:45:00","BZN|FR","Without Sequence","170.78","",""
"06/02/2025 18:45:00 - 06/02/2025 19:00:00","BZN|FR","Without Sequence","170.78","",""
"06/02/2025 19:00:00 - 06/02/2025 19:15:00","BZN|FR","Without Sequence","163.65","",""
"06/02/2025 19:15:00 - 06/02/2025 19:30:00","BZN|FR","Without Sequence","163.65","",""
"06/02/2025 19:30:00 - 06/02/2025 19:45:00","BZN|FR","Without Sequence","163.65","",""
"06/02/2025 19:45:00 - 06/02/2025 20:00:00","BZN|FR","Without Sequence","163.65","",""
"06/02/2025 20:00:00 - 06/02/2025 20:15:00","BZN|FR","Without Sequence","143.52","",""
"06/02/2025 20:15:00 - 06/02/2025 20:30:00","BZN|FR","Without Sequence","143.52","",""
"06/02/2025 20:30:00 - 06/02/2025 20:45:00","BZN|FR","Without Sequence","143.52","",""
"06/02/2025 20:45:00 - 06/02/2025 21:00:00","BZN|FR","Without Sequence","143.52","",""
"06/02/2025 21:00:00 - 06/02/2025 21:15:00","BZN|FR","Without Sequence","133.16","",""
"06/02/2025 21:15:00 - 06/02/2025 21:30:00","BZN|FR","Without Sequence","133.16","",""
"06/02/2025 21:30:00 - 06/02/2025 21:45:00","BZN|FR","Without Sequence","133.16","",""
"06/02/2025 21:45:00 - 06/02/2025 22:00:00","BZN|FR","Without Sequence","133.16","",""
"06/02/2025 22:00:00 - 06/02/2025 22:15:00","BZN|FR","Without Sequence","134.89","",""
"06/02/2025 22:15:00 - 06/02/2025 22:30:00","BZN|FR","Without Sequence","134.89","",""
"06/02/2025 22:30:00 - 06/02/2025 22:45:00","BZN|FR","Without Sequence","134.89","",""
"06/02/2025 22:45:00 - 06/02/2025 23:00:00","BZN|FR","Without Sequence","134.89","",""
"06/02/2025 23:00:00 - 06/02/2025 23:15:00","BZN|FR","Without Sequence","121.95","",""
"06/02/2025 23:15:00 - 06/02/2025 23:30:00","BZN|FR","Without Sequence","121.95","",""
"06/02/2025 23:30:00 - 06/02/2025 23:45:00","BZN|FR","Without Sequence","121.95","",""
"06/02/2025 23:45:00 - 07/02/2025 00:00:00","BZN|FR","Without Sequence","121.95","",""
"07/02/2025 00:00:00 - 07/02/2025 00:15:00","BZN|FR","Without Sequence","126.05","",""
"07/02/2025 00:15:00 - 07/02/2025 00:30:00","BZN|FR","Without Sequence","126.05","",""
"07/02/2025 00:30:00 - 07/02/2025 00:45:00","BZN|FR","Without Sequence","126.05","",""
"07/02/2025 00:45:00 - 07/02/2025 01:00:00","BZN|FR","Without Sequence","126.05","",""
"07/02/2025 01:00:00 - 07/02/2025 01:15:00","BZN|FR","Without Sequence","112.70","",""
"07/02/2025 01:15:00 - 07/02/2025 01:30:00","BZN|FR","Without Sequence","112.70","",""
"07/02/2025 01:30:00 - 07/02/2025 01:45:00","BZN|FR","Without Sequence","112.70","",""
"07/02/2025 01:45:00 - 07/02/2025 02:00:00","BZN|FR","Without Sequence","112.70","",""
"07/02/2025 02:00:00 - 07/02/2025 02:15:00","BZN|FR","Without Sequence","108.82","",""
"07/02/2025 02:15:00 - 07/02/2025 02:30:00","BZN|FR","Without Sequence","108.82","",""
"07/02/2025 02:30:00 - 07/02/2025 02:45:00","BZN|FR","Without Sequence","108.82","",""
"07/02/2025 02:45:00 - 07/02/2025 03:00:00","BZN|FR","Without Sequence","108.82","",""
"07/02/2025 03:00:00 - 07/02/2025 03:15:00","BZN|FR","Without Sequence","105.00","",""
"07/02/2025 03:15:00 - 07/02/2025 03:30:00","BZN|FR","Without Sequence","105.00","",""
"07/02/2025 03:30:00 - 07/02/2025 03:45:00","BZN|FR","Without Sequence","105.00","",""
"07/02/2025 03:45:00 - 07/02/2025 04:00:00","BZN|FR","Without Sequence","105.00","",""
"07/02/2025 04:00:00 - 07/02/2025 04:15:00","BZN|FR","Without Sequence","105.85","",""
"07/02/2025 04:15:00 - 07/02/2025 04:30:00","BZN|FR","Without Sequence","105.85","",""
"07/02/2025 04:30:00 - 07/02/2025 04:45:00","BZN|FR","Without Sequence","105.85","",""
"07/02/2025 04:45:00 - 07/02/2025 05:00:00","BZN|FR","Without Sequence","105.85","",""
"07/02/2025 05:00:00 - 07/02/2025 05:15:00","BZN|FR","Without Sequence","107.23","",""
"07/02/2025 05:15:00 - 07/02/2025 05:30:00","BZN|FR","Without Sequence","107.23","",""
"07/02/2025 05:30:00 - 07/02/2025 05:45:00","BZN|FR","Without Sequence","107.23","",""
"07/02/2025 05:45:00 - 07/02/2025 06:00:00","BZN|FR","Without Sequence","107.23","",""
"07/02/2025 06:00:00 - 07/02/2025 06:15:00","BZN|FR","Without Sequence","119.00","",""
"07/02/2025 06:15:00 - 07/02/2025 06:30:00","BZN|FR","Without Sequence","119.00","",""
"07/02/2025 06:30:00 - 07/02/2025 06:45:00","BZN|FR","Without Sequence","119.00","",""
"07/02/2025 06:45:00 - 07/02/2025 07:00:00","BZN|FR","Without Sequence","119.00","",""
"07/02/2025 07:00:00 - 07/02/2025 07:15:00","BZN|FR","Without Sequence","145.68","",""
"07/02/2025 07:15:00 - 07/02/2025 07:30:00","BZN|FR","Without Sequence","145.68","",""
"07/02/2025 07:30:00 - 07/02/2025 07:45:00","BZN|FR","Without Sequence","145.68","",""
"07/02/2025 07:45:00 - 07/02/2025 08:00:00","BZN|FR","Without Sequence","145.68","",""
"07/02/2025 08:00:00 - 07/02/2025 08:15:00","BZN|FR","Without Sequence","164.30","",""
"07/02/2025 08:15:00 - 07/02/2025 08:30:00","BZN|FR","Without Sequence","164.30","",""
"07/02/2025 08:30:00 - 07/02/2025 08:45:00","BZN|FR","Without Sequence","164.30","",""
"07/02/2025 08:45:00 - 07/02/2025 09:00:00","BZN|FR","Without Sequence","164.30","",""
"07/02/2025 09:00:00 - 07/02/2025 09:15:00","BZN|FR","Without Sequence","150.37","",""
"07/02/2025 09:15:00 - 07/02/2025 09:30:00","BZN|FR","Without Sequence","150.37","",""
"07/02/2025 09:30:00 - 07/02/2025 09:45:00","BZN|FR","Without Sequence","150.37","",""
"07/02/2025 09:45:00 - 07/02/2025 10:00:00","BZN|FR","Without Sequence","150.37","",""
"07/02/2025 10:00:00 - 07/02/2025 10:15:00","BZN|FR","Without Sequence","138.40","",""
"07/02/2025 10:15:00 - 07/02/2025 10:30:00","BZN|FR","Without Sequence","138.40","",""
"07/02/2025 10:30:00 - 07/02/2025 10:45:00","BZN|FR","Without Sequence","138.40","",""
"07/02/2025 10:45:00 - 07/02/2025 11:00:00","BZN|FR","Without Sequence","138.40","",""
"07/02/2025 11:00:00 - 07/02/2025 11:15:00","BZN|FR","Without Sequence","130.63","",""
"07/02/2025 11:15:00 - 07/02/2025 11:30:00","BZN|FR","Without Sequence","130.63","",""
"07/02/2025 11:30:00 - 07/02/2025 11:45:00","BZN|FR","Without Sequence","130.63","",""
"07/02/2025 11:45:00 - 07/02/2025 12:00:00","BZN|FR","Without Sequence","130.63","",""
"07/02/2025 12:00:00 - 07/02/2025 12:15:00","BZN|FR","Without Sequence","128.08","",""
"07/02/2025 12:15:00 - 07/02/2025 12:30:00","BZN|FR","Without Sequence","128.08","",""
"07/02/2025 12:30:00 - 07/02/2025 12:45:00","BZN|FR","Without Sequence","128.08","",""
"07/02/2025 12:45:00 - 07/02/2025 13:00:00","BZN|FR","Without Sequence","128.08","",""
"07/02/2025 13:00:00 - 07/02/2025 13:15:00","BZN|FR","Without Sequence","119.02","",""
"07/02/2025 13:15:00 - 07/02/2025 13:30:00","BZN|FR","Without Sequence","119.02","",""
"07/02/2025 13:30:00 - 07/02/2025 13:45:00","BZN|FR","Without Sequence","119.02","",""
"07/02/2025 13:45:00 - 07/02/2025 14:00:00","BZN|FR","Without Sequence","119.02","",""
"07/02/2025 14:00:00 - 07/02/2025 14:15:00","BZN|FR","Without Sequence","119.98","",""
"07/02/2025 14:15:00 - 07/02/2025 14:30:00","BZN|FR","Without Sequence","119.98","",""
"07/02/2025 14:30:00 - 07/02/2025 14:45:00","BZN|FR","Without Sequence","119.98","",""
"07/02/2025 14:45:00 - 07/02/2025 15:00:00","BZN|FR","Without Sequence","119.98","",""
"07/02/2025 15:00:00 - 07/02/2025 15:15:00","BZN|FR","Without Sequence","122.43","",""
"07/02/2025 15:15:00 - 07/02/2025 15:30:00","BZN|FR","Without Sequence","122.43","",""
"07/02/2025 15:30:00 - 07/02/2025 15:45:00","BZN|FR","Without Sequence","122.43","",""
"07/02/2025 15:45:00 - 07/02/2025 16:00:00","BZN|FR","Without Sequence","122.43","",""
"07/02/2025 16:00:00 - 07/02/2025 16:15:00","BZN|FR","Without Sequence","130.98","",""
"07/02/2025 16:15:00 - 07/02/2025 16:30:00","BZN|FR","Without Sequence","130.98","",""
"07/02/2025 16:30:00 - 07/02/2025 16:45:00","BZN|FR","Without Sequence","130.98","",""
"07/02/2025 16:45:00 - 07/02/2025 17:00:00","BZN|FR","Without Sequence","130.98","",""
"07/02/2025 17:00:00 - 07/02/2025 17:15:00","BZN|FR","Without Sequence","145.45","",""
"07/02/2025 17:15:00 - 07/02/2025 17:30:00","BZN|FR","Without Sequence","145.45","",""
"07/02/2025 17:30:00 - 07/02/2025 17:45:00","BZN|FR","Without Sequence","145.45","",""
"07/02/2025 17:45:00 - 07/02/2025 18:00:00","BZN|FR","Without Sequence","145.45","",""
"07/02/2025 18:00:00 - 07/02/2025 18:15:00","BZN|FR","Without Sequence","151.01","",""
"07/02/2025 18:15:00 - 07/02/2025 18:30:00","BZN|FR","Without Sequence","151.01","",""
"07/02/2025 18:30:00 - 07/02/2025 18:45:00","BZN|FR","Without Sequence","151.01","",""
"07/02/2025 18:45:00 - 07/02/2025 19:00:00","BZN|FR","Without Sequence","151.01","",""
"07/02/2025 19:00:00 - 07/02/2025 19:15:00","BZN|FR","Without Sequence","150.93","",""
"07/02/2025 19:15:00 - 07/02/2025 19:30:00","BZN|FR","Without Sequence","150.93","",""
"07/02/2025 19:30:00 - 07/02/2025 19:45:00","BZN|FR","Without Sequence","150.93","",""
"07/02/2025 19:45:00 - 07/02/2025 20:00:00","BZN|FR","Without Sequence","150.93","",""
"07/02/2025 20:00:00 - 07/02/2025 20:15:00","BZN|FR","Without Sequence","145.36","",""
"07/02/2025 20:15:00 - 07/02/2025 20:30:00","BZN|FR","Without Sequence","145.36","",""
"07/02/2025 20:30:00 - 07/02/2025 20:45:00","BZN|FR","Without Sequence","145.36","",""
"07/02/2025 20:45:00 - 07/02/2025 21:00:00","BZN|FR","Without Sequence","145.36","",""
"07/02/2025 21:00:00 - 07/02/2025 21:15:00","BZN|FR","Without Sequence","133.80","",""
"07/02/2025 21:15:00 - 07/02/2025 21:30:00","BZN|FR","Without Sequence","133.80","",""
"07/02/2025 21:30:00 - 07/02/2025 21:45:00","BZN|FR","Without Sequence","133.80","",""
"07/02/2025 21:45:00 - 07/02/2025 22:00:00","BZN|FR","Without Sequence","133.80","",""
"07/02/2025 22:00:00 - 07/02/2025 22:15:00","BZN|FR","Without Sequence","133.06","",""
"07/02/2025 22:15:00 - 07/02/2025 22:30:00","BZN|FR","Without Sequence","133.06","",""
"07/02/2025 22:30:00 - 07/02/2025 22:45:00","BZN|FR","Without Sequence","133.06","",""
"07/02/2025 22:45:00 - 07/02/2025 23:00:00","BZN|FR","Without Sequence","133.06","",""
"07/02/2025 23:00:00 - 07/02/2025 23:15:00","BZN|FR","Without Sequence","120.55","",""
"07/02/2025 23:15:00 - 07/02/2025 23:30:00","BZN|FR","Without Sequence","120.55","",""
"07/02/2025 23:30:00 - 07/02/2025 23:45:00","BZN|FR","Without Sequence","120.55","",""
"07/02/2025 23:45:00 - 08/02/2025 00:00:00","BZN|FR","Without Sequence","120.55","",""
"08/02/2025 00:00:00 - 08/02/2025 00:15:00","BZN|FR","Without Sequence","106.74","",""
"08/02/2025 00:15:00 - 08/02/2025 00:30:00","BZN|FR","Without Sequence","106.74","",""
"08/02/2025 00:30:00 - 08/02/2025 00:45:00","BZN|FR","Without Sequence","106.74","",""
"08/02/2025 00:45:00 - 08/02/2025 01:00:00","BZN|FR","Without Sequence","106.74","",""
"08/02/2025 01:00:00 - 08/02/2025 01:15:00","BZN|FR","Without Sequence","97.67","",""
"08/02/2025 01:15:00 - 08/02/2025 01:30:00","BZN|FR","Without Sequence","97.67","",""
"08/02/2025 01:30:00 - 08/02/2025 01:45:00","BZN|FR","Without Sequence","97.67","",""
"08/02/2025 01:45:00 - 08/02/2025 02:00:00","BZN|FR","Without Sequence","97.67","",""
"08/02/2025 02:00:00 - 08/02/2025 02:15:00","BZN|FR","Without Sequence","89.50","",""
"08/02/2025 02:15:00 - 08/02/2025 02:30:00","BZN|FR","Without Sequence","89.50","",""
"08/02/2025 02:30:00 - 08/02/2025 02:45:00","BZN|FR","Without Sequence","89.50","",""
"08/02/2025 02:45:00 - 08/02/2025 03:00:00","BZN|FR","Without Sequence","89.50","",""
"08/02/2025 03:00:00 - 08/02/2025 03:15:00","BZN|FR","Without Sequence","94.34","",""
"08/02/2025 03:15:00 - 08/02/2025 03:30:00","BZN|FR","Without Sequence","94.34","",""
"08/02/2025 03:30:00 - 08/02/2025 03:45:00","BZN|FR","Without Sequence","94.34","",""
"08/02/2025 03:45:00 - 08/02/2025 04:00:00","BZN|FR","Without Sequence","94.34","",""
"08/02/2025 04:00:00 - 08/02/2025 04:15:00","BZN|FR","Without Sequence","89.69","",""
"08/02/2025 04:15:00 - 08/02/2025 04:30:00","BZN|FR","Without Sequence","89.69","",""
"08/02/2025 04:30:00 - 08/02/2025 04:45:00","BZN|FR","Without Sequence","89.69","",""
"08/02/2025 04:45:00 - 08/02/2025 05:00:00","BZN|FR","Without Sequence","89.69","",""
"08/02/2025 05:00:00 - 08/02/2025 05:15:00","BZN|FR","Without Sequence","90.99","",""
"08/02/2025 05:15:00 - 08/02/2025 05:30:00","BZN|FR","Without Sequence","90.99","",""
"08/02/2025 05:30:00 - 08/02/2025 05:45:00","BZN|FR","Without Sequence","90.99","",""
"08/02/2025 05:45:00 - 08/02/2025 06:00:00","BZN|FR","Without Sequence","90.99","",""
"08/02/2025 06:00:00 - 08/02/2025 06:15:00","BZN|FR","Without Sequence","97.15","",""
"08/02/2025 06:15:00 - 08/02/2025 06:30:00","BZN|FR","Without Sequence","97.15","",""
"08/02/2025 06:30:00 - 08/02/2025 06:45:00","BZN|FR","Without Sequence","97.15","",""
"08/02/2025 06:45:00 - 08/02/2025 07:00:00","BZN|FR","Without Sequence","97.15","",""
"08/02/2025 07:00:00 - 08/02/2025 07:15:00","BZN|FR","Without Sequence","115.00","",""
"08/02/2025 07:15:00 - 08/02/2025 07:30:00","BZN|FR","Without Sequence","115.00","",""
"08/02/2025 07:30:00 - 08/02/2025 07:45:00","BZN|FR","Without Sequence","115.00","",""
"08/02/2025 07:45:00 - 08/02/2025 08:00:00","BZN|FR","Without Sequence","115.00","",""
"08/02/2025 08:00:00 - 08/02/2025 08:15:00","BZN|FR","Without Sequence","119.08","",""
"08/02/2025 08:15:00 - 08/02/2025 08:30:00","BZN|FR","Without Sequence","119.08","",""
"08/02/2025 08:30:00 - 08/02/2025 08:45:00","BZN|FR","Without Sequence","119.08","",""
"08/02/2025 08:45:00 - 08/02/2025 09:00:00","BZN|FR","Without Sequence","119.08","",""
"08/02/2025 09:00:00 - 08/02/2025 09:15:00","BZN|FR","Without Sequence","125.01","",""
"08/02/2025 09:15:00 - 08/02/2025 09:30:00","BZN|FR","Without Sequence","125.01","",""
"08/02/2025 09:30:00 - 08/02/2025 09:45:00","BZN|FR","Without Sequence","125.01","",""
"08/02/2025 09:45:00 - 08/02/2025 10:00:00","BZN|FR","Without Sequence","125.01","",""
"08/02/2025 10:00:00 - 08/02/2025 10:15:00","BZN|FR","Without Sequence","121.84","",""
"08/02/2025 10:15:00 - 08/02/2025 10:30:00","BZN|FR","Without Sequence","121.84","",""
"08/02/2025 10:30:00 - 08/02/2025 10:45:00","BZN|FR","Without Sequence","121.84","",""
"08/02/2025 10:45:00 - 08/02/2025 11:00:00","BZN|FR","Without Sequence","121.84","",""
"08/02/2025 11:00:00 - 08/02/2025 11:15:00","BZN|FR","Without Sequence","123.13","",""
"08/02/2025 11:15:00 - 08/02/2025 11:30:00","BZN|FR","Without Sequence","123.13","",""
"08/02/2025 11:30:00 - 08/02/2025 11:45:00","BZN|FR","Without Sequence","123.13","",""
"08/02/2025 11:45:00 - 08/02/2025 12:00:00","BZN|FR","Without Sequence","123.13","",""
"08/02/2025 12:00:00 - 08/02/2025 12:15:00","BZN|FR","Without Sequence","125.40","",""
"08/02/2025 12:15:00 - 08/02/2025 12:30:00","BZN|FR","Without Sequence","125.40","",""
"08/02/2025 12:30:00 - 08/02/2025 12:45:00","BZN|FR","Without Sequence","125.40","",""
"08/02/2025 12:45:00 - 08/02/2025 13:00:00","BZN|FR","Without Sequence","125.40","",""
"08/02/2025 13:00:00 - 08/02/2025 13:15:00","BZN|FR","Without Sequence","111.47","",""
"08/02/2025 13:15:00 - 08/02/2025 13:30:00","BZN|FR","Without Sequence","111.47","",""
"08/02/2025 13:30:00 - 08/02/2025 13:45:00","BZN|FR","Without Sequence","111.47","",""
"08/02/2025 13:45:00 - 08/02/2025 14:00:00","BZN|FR","Without Sequence","111.47","",""
"08/02/2025 14:00:00 - 08/02/2025 14:15:00","BZN|FR","Without Sequence","107.28","",""
"08/02/2025 14:15:00 - 08/02/2025 14:30:00","BZN|FR","Without Sequence","107.28","",""
"08/02/2025 14:30:00 - 08/02/2025 14:45:00","BZN|FR","Without Sequence","107.28","",""
"08/02/2025 14:45:00 - 08/02/2025 15:00:00","BZN|FR","Without Sequence","107.28","",""
"08/02/2025 15:00:00 - 08/02/2025 15:15:00","BZN|FR","Without Sequence","118.00","",""
"08/02/2025 15:15:00 - 08/02/2025 15:30:00","BZN|FR","Without Sequence","118.00","",""
"08/02/2025 15:30:00 - 08/02/2025 15:45:00","BZN|FR","Without Sequence","118.00","",""
"08/02/2025 15:45:00 - 08/02/2025 16:00:00","BZN|FR","Without Sequence","118.00","",""
"08/02/2025 16:00:00 - 08/02/2025 16:15:00","BZN|FR","Without Sequence","141.55","",""
"08/02/2025 16:15:00 - 08/02/2025 16:30:00","BZN|FR","Without Sequence","141.55","",""
"08/02/2025 16:30:00 - 08/02/2025 16:45:00","BZN|FR","Without Sequence","141.55","",""
"08/02/2025 16:45:00 - 08/02/2025 17:00:00","BZN|FR","Without Sequence","141.55","",""
"08/02/2025 17:00:00 - 08/02/2025 17:15:00","BZN|FR","Without Sequence","150.96","",""
"08/02/2025 17:15:00 - 08/02/2025 17:30:00","BZN|FR","Without Sequence","150.96","",""
"08/02/2025 17:30:00 - 08/02/2025 17:45:00","BZN|FR","Without Sequence","150.96","",""
"08/02/2025 17:45:00 - 08/02/2025 18:00:00","BZN|FR","Without Sequence","150.96","",""
"08/02/2025 18:00:00 - 08/02/2025 18:15:00","BZN|FR","Without Sequence","160.49","",""
"08/02/2025 18:15:00 - 08/02/2025 18:30:00","BZN|FR","Without Sequence","160.49","",""
"08/02/2025 18:30:00 - 08/02/2025 18:45:00","BZN|FR","Without Sequence","160.49","",""
"08/02/2025 18:45:00 - 08/02/2025 19:00:00","BZN|FR","Without Sequence","160.49","",""
"08/02/2025 19:00:00 - 08/02/2025 19:15:00","BZN|FR","Without Sequence","166.90","",""
"08/02/2025 19:15:00 - 08/02/2025 19:30:00","BZN|FR","Without Sequence","166.90","",""
"08/02/2025 19:30:00 - 08/02/2025 19:45:00","BZN|FR","Without Sequence","166.90","",""
"08/02/2025 19:45:00 - 08/02/2025 20:00:00","BZN|FR","Without Sequence","166.90","",""
"08/02/2025 20:00:00 - 08/02/2025 20:15:00","BZN|FR","Without Sequence","164.04","",""
"08/02/2025 20:15:00 - 08/02/2025 20:30:00","BZN|FR","Without Sequence","164.04","",""
"08/02/2025 20:30:00 - 08/02/2025 20:45:00","BZN|FR","Without Sequence","164.04","",""
"08/02/2025 20:45:00 - 08/02/2025 21:00:00","BZN|FR","Without Sequence","164.04","",""
"08/02/2025 21:00:00 - 08/02/2025 21:15:00","BZN|FR","Without Sequence","149.00","",""
"08/02/2025 21:15:00 - 08/02/2025 21:30:00","BZN|FR","Without Sequence","149.00","",""
"08/02/2025 21:30:00 - 08/02/2025 21:45:00","BZN|FR","Without Sequence","149.00","",""
"08/02/2025 21:45:00 - 08/02/2025 22:00:00","BZN|FR","Without Sequence","149.00","",""
"08/02/2025 22:00:00 - 08/02/2025 22:15:00","BZN|FR","Without Sequence","149.10","",""
"08/02/2025 22:15:00 - 08/02/2025 22:30:00","BZN|FR","Without Sequence","149.10","",""
"08/02/2025 22:30:00 - 08/02/2025 22:45:00","BZN|FR","Without Sequence","149.10","",""
"08/02/2025 22:45:00 - 08/02/2025 23:00:00","BZN|FR","Without Sequence","149.10","",""
"08/02/2025 23:00:00 - 08/02/2025 23:15:00","BZN|FR","Without Sequence","145.31","",""
"08/02/2025 23:15:00 - 08/02/2025 23:30:00","BZN|FR","Without Sequence","145.31","",""
"08/02/2025 23:30:00 - 08/02/2025 23:45:00","BZN|FR","Without Sequence","145.31","",""
"08/02/2025 23:45:00 - 09/02/2025 00:00:00","BZN|FR","Without Sequence","145.31","",""
"09/02/2025 00:00:00 - 09/02/2025 00:15:00","BZN|FR","Without Sequence","135.00","",""
"09/02/2025 00:15:00 - 09/02/2025 00:30:00","BZN|FR","Without Sequence","135.00","",""
"09/02/2025 00:30:00 - 09/02/2025 00:45:00","BZN|FR","Without Sequence","135.00","",""
"09/02/2025 00:45:00 - 09/02/2025 01:00:00","BZN|FR","Without Sequence","135.00","",""
"09/02/2025 01:00:00 - 09/02/2025 01:15:00","BZN|FR","Without Sequence","137.56","",""
"09/02/2025 01:15:00 - 09/02/2025 01:30:00","BZN|FR","Without Sequence","137.56","",""
"09/02/2025 01:30:00 - 09/02/2025 01:45:00","BZN|FR","Without Sequence","137.56","",""
"09/02/2025 01:45:00 - 09/02/2025 02:00:00","BZN|FR","Without Sequence","137.56","",""
"09/02/2025 02:00:00 - 09/02/2025 02:15:00","BZN|FR","Without Sequence","137.56","",""
"09/02/2025 02:15:00 - 09/02/2025 02:30:00","BZN|FR","Without Sequence","137.56","",""
"09/02/2025 02:30:00 - 09/02/2025 02:45:00","BZN|FR","Without Sequence","137.56","",""
"09/02/2025 02:45:00 - 09/02/2025 03:00:00","BZN|FR","Without Sequence","137.56","",""
"09/02/2025 03:00:00 - 09/02/2025 03:15:00","BZN|FR","Without Sequence","119.30","",""
"09/02/2025 03:15:00 - 09/02/2025 03:30:00","BZN|FR","Without Sequence","119.30","",""
"09/02/2025 03:30:00 - 09/02/2025 03:45:00","BZN|FR","Without Sequence","119.30","",""
"09/02/2025 03:45:00 - 09/02/2025 04:00:00","BZN|FR","Without Sequence","119.30","",""
"09/02/2025 04:00:00 - 09/02/2025 04:15:00","BZN|FR","Without Sequence","116.87","",""
"09/02/2025 04:15:00 - 09/02/2025 04:30:00","BZN|FR","Without Sequence","116.87","",""
"09/02/2025 04:30:00 - 09/02/2025 04:45:00","BZN|FR","Without Sequence","116.87","",""
"09/02/2025 04:45:00 - 09/02/2025 05:00:00","BZN|FR","Without Sequence","116.87","",""
"09/02/2025 05:00:00 - 09/02/2025 05:15:00","BZN|FR","Without Sequence","117.00","",""
"09/02/2025 05:15:00 - 09/02/2025 05:30:00","BZN|FR","Without Sequence","117.00","",""
"09/02/2025 05:30:00 - 09/02/2025 05:45:00","BZN|FR","Without Sequence","117.00","",""
"09/02/2025 05:45:00 - 09/02/2025 06:00:00","BZN|FR","Without Sequence","117.00","",""
"09/02/2025 06:00:00 - 09/02/2025 06:15:00","BZN|FR","Without Sequence","117.00","",""
"09/02/2025 06:15:00 - 09/02/2025 06:30:00","BZN|FR","Without Sequence","117.00","",""
"09/02/2025 06:30:00 - 09/02/2025 06:45:00","BZN|FR","Without Sequence","117.00","",""
"09/02/2025 06:45:00 - 09/02/2025 07:00:00","BZN|FR","Without Sequence","117.00","",""
"09/02/2025 07:00:00 - 09/02/2025 07:15:00","BZN|FR","Without Sequence","133.43","",""
"09/02/2025 07:15:00 - 09/02/2025 07:30:00","BZN|FR","Without Sequence","133.43","",""
"09/02/2025 07:30:00 - 09/02/2025 07:45:00","BZN|FR","Without Sequence","133.43","",""
"09/02/2025 07:45:00 - 09/02/2025 08:00:00","BZN|FR","Without Sequence","133.43","",""
"09/02/2025 08:00:00 - 09/02/2025 08:15:00","BZN|FR","Without Sequence","136.77","",""
"09/02/2025 08:15:00 - 09/02/2025 08:30:00","BZN|FR","Without Sequence","136.77","",""
"09/02/2025 08:30:00 - 09/02/2025 08:45:00","BZN|FR","Without Sequence","136.77","",""
"09/02/2025 08:45:00 - 09/02/2025 09:00:00","BZN|FR","Without Sequence","136.77","",""
"09/02/2025 09:00:00 - 09/02/2025 09:15:00","BZN|FR","Without Sequence","125.00","",""
"09/02/2025 09:15:00 - 09/02/2025 09:30:00","BZN|FR","Without Sequence","125.00","",""
"09/02/2025 09:30:00 - 09/02/2025 09:45:00","BZN|FR","Without Sequence","125.00","",""
"09/02/2025 09:45:00 - 09/02/2025 10:00:00","BZN|FR","Without Sequence","125.00","",""
"09/02/2025 10:00:00 - 09/02/2025 10:15:00","BZN|FR","Without Sequence","121.61","",""
"09/02/2025 10:15:00 - 09/02/2025 10:30:00","BZN|FR","Without Sequence","121.61","",""
"09/02/2025 10:30:00 - 09/02/2025 10:45:00","BZN|FR","Without Sequence","121.61","",""
"09/02/2025 10:45:00 - 09/02/2025 11:00:00","BZN|FR","Without Sequence","121.61","",""
"09/02/2025 11:00:00 - 09/02/2025 11:15:00","BZN|FR","Without Sequence","122.01","",""
"09/02/2025 11:15:00 - 09/02/2025 11:30:00","BZN|FR","Without Sequence","122.01","",""
"09/02/2025 11:30:00 - 09/02/2025 11:45:00","BZN|FR","Without Sequence","122.01","",""
"09/02/2025 11:45:00 - 09/02/2025 12:00:00","BZN|FR","Without Sequence","122.01","",""
"09/02/2025 12:00:00 - 09/02/2025 12:15:00","BZN|FR","Without Sequence","140.32","",""
"09/02/2025 12:15:00 - 09/02/2025 12:30:00","BZN|FR","Without Sequence","140.32","",""
"09/02/2025 12:30:00 - 09/02/2025 12:45:00","BZN|FR","Without Sequence","140.32","",""
"09/02/2025 12:45:00 - 09/02/2025 13:00:00","BZN|FR","Without Sequence","140.32","",""
"09/02/2025 13:00:00 - 09/02/2025 13:15:00","BZN|FR","Without Sequence","120.09","",""
"09/02/2025 13:15:00 - 09/02/2025 13:30:00","BZN|FR","Without Sequence","120.09","",""
"09/02/2025 13:30:00 - 09/02/2025 13:45:00","BZN|FR","Without Sequence","120.09","",""
"09/02/2025 13:45:00 - 09/02/2025 14:00:00","BZN|FR","Without Sequence","120.09","",""
"09/02/2025 14:00:00 - 09/02/2025 14:15:00","BZN|FR","Without Sequence","109.90","",""
"09/02/2025 14:15:00 - 09/02/2025 14:30:00","BZN|FR","Without Sequence","109.90","",""
"09/02/2025 14:30:00 - 09/02/2025 14:45:00","BZN|FR","Without Sequence","109.90","",""
"09/02/2025 14:45:00 - 09/02/2025 15:00:00","BZN|FR","Without Sequence","109.90","",""
"09/02/2025 15:00:00 - 09/02/2025 15:15:00","BZN|FR","Without Sequence","120.40","",""
"09/02/2025 15:15:00 - 09/02/2025 15:30:00","BZN|FR","Without Sequence","120.40","",""
"09/02/2025 15:30:00 - 09/02/2025 15:45:00","BZN|FR","Without Sequence","120.40","",""
"09/02/2025 15:45:00 - 09/02/2025 16:00:00","BZN|FR","Without Sequence","120.40","",""
"09/02/2025 16:00:00 - 09/02/2025 16:15:00","BZN|FR","Without Sequence","142.64","",""
"09/02/2025 16:15:00 - 09/02/2025 16:30:00","BZN|FR","Without Sequence","142.64","",""
"09/02/2025 16:30:00 - 09/02/2025 16:45:00","BZN|FR","Without Sequence","142.64","",""
"09/02/2025 16:45:00 - 09/02/2025 17:00:00","BZN|FR","Without Sequence","142.64","",""
"09/02/2025 17:00:00 - 09/02/2025 17:15:00","BZN|FR","Without Sequence","149.54","",""
"09/02/2025 17:15:00 - 09/02/2025 17:30:00","BZN|FR","Without Sequence","149.54","",""
"09/02/2025 17:30:00 - 09/02/2025 17:45:00","BZN|FR","Without Sequence","149.54","",""
"09/02/2025 17:45:00 - 09/02/2025 18:00:00","BZN|FR","Without Sequence","149.54","",""
"09/02/2025 18:00:00 - 09/02/2025 18:15:00","BZN|FR","Without Sequence","162.96","",""
"09/02/2025 18:15:00 - 09/02/2025 18:30:00","BZN|FR","Without Sequence","162.96","",""
"09/02/2025 18:30:00 - 09/02/2025 18:45:00","BZN|FR","Without Sequence","162.96","",""
"09/02/2025 18:45:00 - 09/02/2025 19:00:00","BZN|FR","Without Sequence","162.96","",""
"09/02/2025 19:00:00 - 09/02/2025 19:15:00","BZN|FR","Without Sequence","169.86","",""
"09/02/2025 19:15:00 - 09/02/2025 19:30:00","BZN|FR","Without Sequence","169.86","",""
"09/02/2025 19:30:00 - 09/02/2025 19:45:00","BZN|FR","Without Sequence","169.86","",""
"09/02/2025 19:45:00 - 09/02/2025 20:00:00","BZN|FR","Without Sequence","169.86","",""
"09/02/2025 20:00:00 - 09/02/2025 20:15:00","BZN|FR","Without Sequence","155.01","",""
"09/02/2025 20:15:00 - 09/02/2025 20:30:00","BZN|FR","Without Sequence","155.01","",""
"09/02/2025 20:30:00 - 09/02/2025 20:45:00","BZN|FR","Without Sequence","155.01","",""
"09/02/2025 20:45:00 - 09/02/2025 21:00:00","BZN|FR","Without Sequence","155.01","",""
"09/02/2025 21:00:00 - 09/02/2025 21:15:00","BZN|FR","Without Sequence","143.05","",""
"09/02/2025 21:15:00 - 09/02/2025 21:30:00","BZN|FR","Without Sequence","143.05","",""
"09/02/2025 21:30:00 - 09/02/2025 21:45:00","BZN|FR","Without Sequence","143.05","",""
"09/02/2025 21:45:00 - 09/02/2025 22:00:00","BZN|FR","Without Sequence","143.05","",""
"09/02/2025 22:00:00 - 09/02/2025 22:15:00","BZN|FR","Without Sequence","143.00","",""
"09/02/2025 22:15:00 - 09/02/2025 22:30:00","BZN|FR","Without Sequence","143.00","",""
"09/02/2025 22:30:00 - 09/02/2025 22:45:00","BZN|FR","Without Sequence","143.00","",""
"09/02/2025 22:45:00 - 09/02/2025 23:00:00","BZN|FR","Without Sequence","143.00","",""
"09/02/2025 23:00:00 - 09/02/2025 23:15:00","BZN|FR","Without Sequence","134.04","",""
"09/02/2025 23:15:00 - 09/02/2025 23:30:00","BZN|FR","Without Sequence","134.04","",""
"09/02/2025 23:30:00 - 09/02/2025 23:45:00","BZN|FR","Without Sequence","134.04","",""
"09/02/2025 23:45:00 - 10/02/2025 00:00:00","BZN|FR","Without Sequence","134.04","",""
"10/02/2025 00:00:00 - 10/02/2025 00:15:00","BZN|FR","Without Sequence","124.35","",""
"10/02/2025 00:15:00 - 10/02/2025 00:30:00","BZN|FR","Without Sequence","124.35","",""
"10/02/2025 00:30:00 - 10/02/2025 00:45:00","BZN|FR","Without Sequence","124.35","",""
"10/02/2025 00:45:00 - 10/02/2025 01:00:00","BZN|FR","Without Sequence","124.35","",""
"10/02/2025 01:00:00 - 10/02/2025 01:15:00","BZN|FR","Without Sequence","125.05","",""
"10/02/2025 01:15:00 - 10/02/2025 01:30:00","BZN|FR","Without Sequence","125.05","",""
"10/02/2025 01:30:00 - 10/02/2025 01:45:00","BZN|FR","Without Sequence","125.05","",""
"10/02/2025 01:45:00 - 10/02/2025 02:00:00","BZN|FR","Without Sequence","125.05","",""
"10/02/2025 02:00:00 - 10/02/2025 02:15:00","BZN|FR","Without Sequence","122.01","",""
"10/02/2025 02:15:00 - 10/02/2025 02:30:00","BZN|FR","Without Sequence","122.01","",""
"10/02/2025 02:30:00 - 10/02/2025 02:45:00","BZN|FR","Without Sequence","122.01","",""
"10/02/2025 02:45:00 - 10/02/2025 03:00:00","BZN|FR","Without Sequence","122.01","",""
"10/02/2025 03:00:00 - 10/02/2025 03:15:00","BZN|FR","Without Sequence","114.75","",""
"10/02/2025 03:15:00 - 10/02/2025 03:30:00","BZN|FR","Without Sequence","114.75","",""
"10/02/2025 03:30:00 - 10/02/2025 03:45:00","BZN|FR","Without Sequence","114.75","",""
"10/02/2025 03:45:00 - 10/02/2025 04:00:00","BZN|FR","Without Sequence","114.75","",""
"10/02/2025 04:00:00 - 10/02/2025 04:15:00","BZN|FR","Without Sequence","114.48","",""
"10/02/2025 04:15:00 - 10/02/2025 04:30:00","BZN|FR","Without Sequence","114.48","",""
"10/02/2025 04:30:00 - 10/02/2025 04:45:00","BZN|FR","Without Sequence","114.48","",""
"10/02/2025 04:45:00 - 10/02/2025 05:00:00","BZN|FR","Without Sequence","114.48","",""
"10/02/2025 05:00:00 - 10/02/2025 05:15:00","BZN|FR","Without Sequence","119.98","",""
"10/02/2025 05:15:00 - 10/02/2025 05:30:00","BZN|FR","Without Sequence","119.98","",""
"10/02/2025 05:30:00 - 10/02/2025 05:45:00","BZN|FR","Without Sequence","119.98","",""
"10/02/2025 05:45:00 - 10/02/2025 06:00:00","BZN|FR","Without Sequence","119.98","",""
"10/02/2025 06:00:00 - 10/02/2025 06:15:00","BZN|FR","Without Sequence","145.78","",""
"10/02/2025 06:15:00 - 10/02/2025 06:30:00","BZN|FR","Without Sequence","145.78","",""
"10/02/2025 06:30:00 - 10/02/2025 06:45:00","BZN|FR","Without Sequence","145.78","",""
"10/02/2025 06:45:00 - 10/02/2025 07:00:00","BZN|FR","Without Sequence","145.78","",""
"10/02/2025 07:00:00 - 10/02/2025 07:15:00","BZN|FR","Without Sequence","166.14","",""
"10/02/2025 07:15:00 - 10/02/2025 07:30:00","BZN|FR","Without Sequence","166.14","",""
"10/02/2025 07:30:00 - 10/02/2025 07:45:00","BZN|FR","Without Sequence","166.14","",""
"10/02/2025 07:45:00 - 10/02/2025 08:00:00","BZN|FR","Without Sequence","166.14","",""
"10/02/2025 08:00:00 - 10/02/2025 08:15:00","BZN|FR","Without Sequence","181.36","",""
"10/02/2025 08:15:00 - 10/02/2025 08:30:00","BZN|FR","Without Sequence","181.36","",""
"10/02/2025 08:30:00 - 10/02/2025 08:45:00","BZN|FR","Without Sequence","181.36","",""
"10/02/2025 08:45:00 - 10/02/2025 09:00:00","BZN|FR","Without Sequence","181.36","",""
"10/02/2025 09:00:00 - 10/02/2025 09:15:00","BZN|FR","Without Sequence","163.18","",""
"10/02/2025 09:15:00 - 10/02/2025 09:30:00","BZN|FR","Without Sequence","163.18","",""
"10/02/2025 09:30:00 - 10/02/2025 09:45:00","BZN|FR","Without Sequence","163.18","",""
"10/02/2025 09:45:00 - 10/02/2025 10:00:00","BZN|FR","Without Sequence","163.18","",""
"10/02/2025 10:00:00 - 10/02/2025 10:15:00","BZN|FR","Without Sequence","157.02","",""
"10/02/2025 10:15:00 - 10/02/2025 10:30:00","BZN|FR","Without Sequence","157.02","",""
"10/02/2025 10:30:00 - 10/02/2025 10:45:00","BZN|FR","Without Sequence","157.02","",""
"10/02/2025 10:45:00 - 10/02/2025 11:00:00","BZN|FR","Without Sequence","157.02","",""
"10/02/2025 11:00:00 - 10/02/2025 11:15:00","BZN|FR","Without Sequence","155.00","",""
"10/02/2025 11:15:00 - 10/02/2025 11:30:00","BZN|FR","Without Sequence","155.00","",""
"10/02/2025 11:30:00 - 10/02/2025 11:45:00","BZN|FR","Without Sequence","155.00","",""
"10/02/2025 11:45:00 - 10/02/2025 12:00:00","BZN|FR","Without Sequence","155.00","",""
"10/02/2025 12:00:00 - 10/02/2025 12:15:00","BZN|FR","Without Sequence","147.84","",""
"10/02/2025 12:15:00 - 10/02/2025 12:30:00","BZN|FR","Without Sequence","147.84","",""
"10/02/2025 12:30:00 - 10/02/2025 12:45:00","BZN|FR","Without Sequence","147.84","",""
"10/02/2025 12:45:00 - 10/02/2025 13:00:00","BZN|FR","Without Sequence","147.84","",""
"10/02/2025 13:00:00 - 10/02/2025 13:15:00","BZN|FR","Without Sequence","135.21","",""
"10/02/2025 13:15:00 - 10/02/2025 13:30:00","BZN|FR","Without Sequence","135.21","",""
"10/02/2025 13:30:00 - 10/02/2025 13:45:00","BZN|FR","Without Sequence","135.21","",""
"10/02/2025 13:45:00 - 10/02/2025 14:00:00","BZN|FR","Without Sequence","135.21","",""
"10/02/2025 14:00:00 - 10/02/2025 14:15:00","BZN|FR","Without Sequence","126.71","",""
"10/02/2025 14:15:00 - 10/02/2025 14:30:00","BZN|FR","Without Sequence","126.71","",""
"10/02/2025 14:30:00 - 10/02/2025 14:45:00","BZN|FR","Without Sequence","126.71","",""
"10/02/2025 14:45:00 - 10/02/2025 15:00:00","BZN|FR","Without Sequence","126.71","",""
"10/02/2025 15:00:00 - 10/02/2025 15:15:00","BZN|FR","Without Sequence","132.95","",""
"10/02/2025 15:15:00 - 10/02/2025 15:30:00","BZN|FR","Without Sequence","132.95","",""
"10/02/2025 15:30:00 - 10/02/2025 15:45:00","BZN|FR","Without Sequence","132.95","",""
"10/02/2025 15:45:00 - 10/02/2025 16:00:00","BZN|FR","Without Sequence","132.95","",""
"10/02/2025 16:00:00 - 10/02/2025 16:15:00","BZN|FR","Without Sequence","137.17","",""
"10/02/2025 16:15:00 - 10/02/2025 16:30:00","BZN|FR","Without Sequence","137.17","",""
"10/02/2025 16:30:00 - 10/02/2025 16:45:00","BZN|FR","Without Sequence","137.17","",""
"10/02/2025 16:45:00 - 10/02/2025 17:00:00","BZN|FR","Without Sequence","137.17","",""
"10/02/2025 17:00:00 - 10/02/2025 17:15:00","BZN|FR","Without Sequence","140.83","",""
"10/02/2025 17:15:00 - 10/02/2025 17:30:00","BZN|FR","Without Sequence","140.83","",""
"10/02/2025 17:30:00 - 10/02/2025 17:45:00","BZN|FR","Without Sequence","140.83","",""
"10/02/2025 17:45:00 - 10/02/2025 18:00:00","BZN|FR","Without Sequence","140.83","",""
"10/02/2025 18:00:00 - 10/02/2025 18:15:00","BZN|FR","Without Sequence","166.34","",""
"10/02/2025 18:15:00 - 10/02/2025 18:30:00","BZN|FR","Without Sequence","166.34","",""
"10/02/2025 18:30:00 - 10/02/2025 18:45:00","BZN|FR","Without Sequence","166.34","",""
"10/02/2025 18:45:00 - 10/02/2025 19:00:00","BZN|FR","Without Sequence","166.34","",""
"10/02/2025 19:00:00 - 10/02/2025 19:15:00","BZN|FR","Without Sequence","183.73","",""
"10/02/2025 19:15:00 - 10/02/2025 19:30:00","BZN|FR","Without Sequence","183.73","",""
"10/02/2025 19:30:00 - 10/02/2025 19:45:00","BZN|FR","Without Sequence","183.73","",""
"10/02/2025 19:45:00 - 10/02/2025 20:00:00","BZN|FR","Without Sequence","183.73","",""
"10/02/2025 20:00:00 - 10/02/2025 20:15:00","BZN|FR","Without Sequence","164.57","",""
"10/02/2025 20:15:00 - 10/02/2025 20:30:00","BZN|FR","Without Sequence","164.57","",""
"10/02/2025 20:30:00 - 10/02/2025 20:45:00","BZN|FR","Without Sequence","164.57","",""
"10/02/2025 20:45:00 - 10/02/2025 21:00:00","BZN|FR","Without Sequence","164.57","",""
"10/02/2025 21:00:00 - 10/02/2025 21:15:00","BZN|FR","Without Sequence","153.40","",""
"10/02/2025 21:15:00 - 10/02/2025 21:30:00","BZN|FR","Without Sequence","153.40","",""
"10/02/2025 21:30:00 - 10/02/2025 21:45:00","BZN|FR","Without Sequence","153.40","",""
"10/02/2025 21:45:00 - 10/02/2025 22:00:00","BZN|FR","Without Sequence","153.40","",""
"10/02/2025 22:00:00 - 10/02/2025 22:15:00","BZN|FR","Without Sequence","151.69","",""
"10/02/2025 22:15:00 - 10/02/2025 22:30:00","BZN|FR","Without Sequence","151.69","",""
"10/02/2025 22:30:00 - 10/02/2025 22:45:00","BZN|FR","Without Sequence","151.69","",""
"10/02/2025 22:45:00 - 10/02/2025 23:00:00","BZN|FR","Without Sequence","151.69","",""
"10/02/2025 23:00:00 - 10/02/2025 23:15:00","BZN|FR","Without Sequence","131.51","",""
"10/02/2025 23:15:00 - 10/02/2025 23:30:00","BZN|FR","Without Sequence","131.51","",""
"10/02/2025 23:30:00 - 10/02/2025 23:45:00","BZN|FR","Without Sequence","131.51","",""
"10/02/2025 23:45:00 - 11/02/2025 00:00:00","BZN|FR","Without Sequence","131.51","",""
"11/02/2025 00:00:00 - 11/02/2025 00:15:00","BZN|FR","Without Sequence","120.00","",""
"11/02/2025 00:15:00 - 11/02/2025 00:30:00","BZN|FR","Without Sequence","120.00","",""
"11/02/2025 00:30:00 - 11/02/2025 00:45:00","BZN|FR","Without Sequence","120.00","",""
"11/02/2025 00:45:00 - 11/02/2025 01:00:00","BZN|FR","Without Sequence","120.00","",""
"11/02/2025 01:00:00 - 11/02/2025 01:15:00","BZN|FR","Without Sequence","120.00","",""
"11/02/2025 01:15:00 - 11/02/2025 01:30:00","BZN|FR","Without Sequence","120.00","",""
"11/02/2025 01:30:00 - 11/02/2025 01:45:00","BZN|FR","Without Sequence","120.00","",""
"11/02/2025 01:45:00 - 11/02/2025 02:00:00","BZN|FR","Without Sequence","120.00","",""
"11/02/2025 02:00:00 - 11/02/2025 02:15:00","BZN|FR","Without Sequence","114.65","",""
"11/02/2025 02:15:00 - 11/02/2025 02:30:00","BZN|FR","Without Sequence","114.65","",""
"11/02/2025 02:30:00 - 11/02/2025 02:45:00","BZN|FR","Without Sequence","114.65","",""
"11/02/2025 02:45:00 - 11/02/2025 03:00:00","BZN|FR","Without Sequence","114.65","",""
"11/02/2025 03:00:00 - 11/02/2025 03:15:00","BZN|FR","Without Sequence","109.91","",""
"11/02/2025 03:15:00 - 11/02/2025 03:30:00","BZN|FR","Without Sequence","109.91","",""
"11/02/2025 03:30:00 - 11/02/2025 03:45:00","BZN|FR","Without Sequence","109.91","",""
"11/02/2025 03:45:00 - 11/02/2025 04:00:00","BZN|FR","Without Sequence","109.91","",""
"11/02/2025 04:00:00 - 11/02/2025 04:15:00","BZN|FR","Without Sequence","106.01","",""
"11/02/2025 04:15:00 - 11/02/2025 04:30:00","BZN|FR","Without Sequence","106.01","",""
"11/02/2025 04:30:00 - 11/02/2025 04:45:00","BZN|FR","Without Sequence","106.01","",""
"11/02/2025 04:45:00 - 11/02/2025 05:00:00","BZN|FR","Without Sequence","106.01","",""
"11/02/2025 05:00:00 - 11/02/2025 05:15:00","BZN|FR","Without Sequence","114.53","",""
"11/02/2025 05:15:00 - 11/02/2025 05:30:00","BZN|FR","Without Sequence","114.53","",""
"11/02/2025 05:30:00 - 11/02/2025 05:45:00","BZN|FR","Without Sequence","114.53","",""
"11/02/2025 05:45:00 - 11/02/2025 06:00:00","BZN|FR","Without Sequence","114.53","",""
"11/02/2025 06:00:00 - 11/02/2025 06:15:00","BZN|FR","Without Sequence","120.13","",""
"11/02/2025 06:15:00 - 11/02/2025 06:30:00","BZN|FR","Without Sequence","120.13","",""
"11/02/2025 06:30:00 - 11/02/2025 06:45:00","BZN|FR","Without Sequence","120.13","",""
"11/02/2025 06:45:00 - 11/02/2025 07:00:00","BZN|FR","Without Sequence","120.13","",""
"11/02/2025 07:00:00 - 11/02/2025 07:15:00","BZN|FR","Without Sequence","150.79","",""
"11/02/2025 07:15:00 - 11/02/2025 07:30:00","BZN|FR","Without Sequence","150.79","",""
"11/02/2025 07:30:00 - 11/02/2025 07:45:00","BZN|FR","Without Sequence","150.79","",""
"11/02/2025 07:45:00 - 11/02/2025 08:00:00","BZN|FR","Without Sequence","150.79","",""
"11/02/2025 08:00:00 - 11/02/2025 08:15:00","BZN|FR","Without Sequence","159.06","",""
"11/02/2025 08:15:00 - 11/02/2025 08:30:00","BZN|FR","Without Sequence","159.06","",""
"11/02/2025 08:30:00 - 11/02/2025 08:45:00","BZN|FR","Without Sequence","159.06","",""
"11/02/2025 08:45:00 - 11/02/2025 09:00:00","BZN|FR","Without Sequence","159.06","",""
"11/02/2025 09:00:00 - 11/02/2025 09:15:00","BZN|FR","Without Sequence","153.74","",""
"11/02/2025 09:15:00 - 11/02/2025 09:30:00","BZN|FR","Without Sequence","153.74","",""
"11/02/2025 09:30:00 - 11/02/2025 09:45:00","BZN|FR","Without Sequence","153.74","",""
"11/02/2025 09:45:00 - 11/02/2025 10:00:00","BZN|FR","Without Sequence","153.74","",""
"11/02/2025 10:00:00 - 11/02/2025 10:15:00","BZN|FR","Without Sequence","154.01","",""
"11/02/2025 10:15:00 - 11/02/2025 10:30:00","BZN|FR","Without Sequence","154.01","",""
"11/02/2025 10:30:00 - 11/02/2025 10:45:00","BZN|FR","Without Sequence","154.01","",""
"11/02/2025 10:45:00 - 11/02/2025 11:00:00","BZN|FR","Without Sequence","154.01","",""
"11/02/2025 11:00:00 - 11/02/2025 11:15:00","BZN|FR","Without Sequence","147.09","",""
"11/02/2025 11:15:00 - 11/02/2025 11:30:00","BZN|FR","Without Sequence","147.09","",""
"11/02/2025 11:30:00 - 11/02/2025 11:45:00","BZN|FR","Without Sequence","147.09","",""
"11/02/2025 11:45:00 - 11/02/2025 12:00:00","BZN|FR","Without Sequence","147.09","",""
"11/02/2025 12:00:00 - 11/02/2025 12:15:00","BZN|FR","Without Sequence","139.97","",""
"11/02/2025 12:15:00 - 11/02/2025 12:30:00","BZN|FR","Without Sequence","139.97","",""
"11/02/2025 12:30:00 - 11/02/2025 12:45:00","BZN|FR","Without Sequence","139.97","",""
"11/02/2025 12:45:00 - 11/02/2025 13:00:00","BZN|FR","Without Sequence","139.97","",""
"11/02/2025 13:00:00 - 11/02/2025 13:15:00","BZN|FR","Without Sequence","134.89","",""
"11/02/2025 13:15:00 - 11/02/2025 13:30:00","BZN|FR","Without Sequence","134.89","",""
"11/02/2025 13:30:00 - 11/02/2025 13:45:00","BZN|FR","Without Sequence","134.89","",""
"11/02/2025 13:45:00 - 11/02/2025 14:00:00","BZN|FR","Without Sequence","134.89","",""
"11/02/2025 14:00:00 - 11/02/2025 14:15:00","BZN|FR","Without Sequence","131.96","",""
"11/02/2025 14:15:00 - 11/02/2025 14:30:00","BZN|FR","Without Sequence","131.96","",""
"11/02/2025 14:30:00 - 11/02/2025 14:45:00","BZN|FR","Without Sequence","131.96","",""
"11/02/2025 14:45:00 - 11/02/2025 15:00:00","BZN|FR","Without Sequence","131.96","",""
"11/02/2025 15:00:00 - 11/02/2025 15:15:00","BZN|FR","Without Sequence","144.96","",""
"11/02/2025 15:15:00 - 11/02/2025 15:30:00","BZN|FR","Without Sequence","144.96","",""
"11/02/2025 15:30:00 - 11/02/2025 15:45:00","BZN|FR","Without Sequence","144.96","",""
"11/02/2025 15:45:00 - 11/02/2025 16:00:00","BZN|FR","Without Sequence","144.96","",""
"11/02/2025 16:00:00 - 11/02/2025 16:15:00","BZN|FR","Without Sequence","146.82","",""
"11/02/2025 16:15:00 - 11/02/2025 16:30:00","BZN|FR","Without Sequence","146.82","",""
"11/02/2025 16:30:00 - 11/02/2025 16:45:00","BZN|FR","Without Sequence","146.82","",""
"11/02/2025 16:45:00 - 11/02/2025 17:00:00","BZN|FR","Without Sequence","146.82","",""
"11/02/2025 17:00:00 - 11/02/2025 17:15:00","BZN|FR","Without Sequence","162.43","",""
"11/02/2025 17:15:00 - 11/02/2025 17:30:00","BZN|FR","Without Sequence","162.43","",""
"11/02/2025 17:30:00 - 11/02/2025 17:45:00","BZN|FR","Without Sequence","162.43","",""
"11/02/2025 17:45:00 - 11/02/2025 18:00:00","BZN|FR","Without Sequence","162.43","",""
"11/02/2025 18:00:00 - 11/02/2025 18:15:00","BZN|FR","Without Sequence","174.57","",""
"11/02/2025 18:15:00 - 11/02/2025 18:30:00","BZN|FR","Without Sequence","174.57","",""
"11/02/2025 18:30:00 - 11/02/2025 18:45:00","BZN|FR","Without Sequence","174.57","",""
"11/02/2025 18:45:00 - 11/02/2025 19:00:00","BZN|FR","Without Sequence","174.57","",""
"11/02/2025 19:00:00 - 11/02/2025 19:15:00","BZN|FR","Without Sequence","190.00","",""
"11/02/2025 19:15:00 - 11/02/2025 19:30:00","BZN|FR","Without Sequence","190.00","",""
"11/02/2025 19:30:00 - 11/02/2025 19:45:00","BZN|FR","Without Sequence","190.00","",""
"11/02/2025 19:45:00 - 11/02/2025 20:00:00","BZN|FR","Without Sequence","190.00","",""
"11/02/2025 20:00:00 - 11/02/2025 20:15:00","BZN|FR","Without Sequence","171.45","",""
"11/02/2025 20:15:00 - 11/02/2025 20:30:00","BZN|FR","Without Sequence","171.45","",""
"11/02/2025 20:30:00 - 11/02/2025 20:45:00","BZN|FR","Without Sequence","171.45","",""
"11/02/2025 20:45:00 - 11/02/2025 21:00:00","BZN|FR","Without Sequence","171.45","",""
"11/02/2025 21:00:00 - 11/02/2025 21:15:00","BZN|FR","Without Sequence","153.77","",""
"11/02/2025 21:15:00 - 11/02/2025 21:30:00","BZN|FR","Without Sequence","153.77","",""
"11/02/2025 21:30:00 - 11/02/2025 21:45:00","BZN|FR","Without Sequence","153.77","",""
"11/02/2025 21:45:00 - 11/02/2025 22:00:00","BZN|FR","Without Sequence","153.77","",""
"11/02/2025 22:00:00 - 11/02/2025 22:15:00","BZN|FR","Without Sequence","146.38","",""
"11/02/2025 22:15:00 - 11/02/2025 22:30:00","BZN|FR","Without Sequence","146.38","",""
"11/02/2025 22:30:00 - 11/02/2025 22:45:00","BZN|FR","Without Sequence","146.38","",""
"11/02/2025 22:45:00 - 11/02/2025 23:00:00","BZN|FR","Without Sequence","146.38","",""
"11/02/2025 23:00:00 - 11/02/2025 23:15:00","BZN|FR","Without Sequence","130.58","",""
"11/02/2025 23:15:00 - 11/02/2025 23:30:00","BZN|FR","Without Sequence","130.58","",""
"11/02/2025 23:30:00 - 11/02/2025 23:45:00","BZN|FR","Without Sequence","130.58","",""
"11/02/2025 23:45:00 - 12/02/2025 00:00:00","BZN|FR","Without Sequence","130.58","",""
"12/02/2025 00:00:00 - 12/02/2025 00:15:00","BZN|FR","Without Sequence","130.00","",""
"12/02/2025 00:15:00 - 12/02/2025 00:30:00","BZN|FR","Without Sequence","130.00","",""
"12/02/2025 00:30:00 - 12/02/2025 00:45:00","BZN|FR","Without Sequence","130.00","",""
"12/02/2025 00:45:00 - 12/02/2025 01:00:00","BZN|FR","Without Sequence","130.00","",""
"12/02/2025 01:00:00 - 12/02/2025 01:15:00","BZN|FR","Without Sequence","127.87","",""
"12/02/2025 01:15:00 - 12/02/2025 01:30:00","BZN|FR","Without Sequence","127.87","",""
"12/02/2025 01:30:00 - 12/02/2025 01:45:00","BZN|FR","Without Sequence","127.87","",""
"12/02/2025 01:45:00 - 12/02/2025 02:00:00","BZN|FR","Without Sequence","127.87","",""
"12/02/2025 02:00:00 - 12/02/2025 02:15:00","BZN|FR","Without Sequence","126.82","",""
"12/02/2025 02:15:00 - 12/02/2025 02:30:00","BZN|FR","Without Sequence","126.82","",""
"12/02/2025 02:30:00 - 12/02/2025 02:45:00","BZN|FR","Without Sequence","126.82","",""
"12/02/2025 02:45:00 - 12/02/2025 03:00:00","BZN|FR","Without Sequence","126.82","",""
"12/02/2025 03:00:00 - 12/02/2025 03:15:00","BZN|FR","Without Sequence","126.59","",""
"12/02/2025 03:15:00 - 12/02/2025 03:30:00","BZN|FR","Without Sequence","126.59","",""
"12/02/2025 03:30:00 - 12/02/2025 03:45:00","BZN|FR","Without Sequence","126.59","",""
"12/02/2025 03:45:00 - 12/02/2025 04:00:00","BZN|FR","Without Sequence","126.59","",""
"12/02/2025 04:00:00 - 12/02/2025 04:15:00","BZN|FR","Without Sequence","128.74","",""
"12/02/2025 04:15:00 - 12/02/2025 04:30:00","BZN|FR","Without Sequence","128.74","",""
"12/02/2025 04:30:00 - 12/02/2025 04:45:00","BZN|FR","Without Sequence","128.74","",""
"12/02/2025 04:45:00 - 12/02/2025 05:00:00","BZN|FR","Without Sequence","128.74","",""
"12/02/2025 05:00:00 - 12/02/2025 05:15:00","BZN|FR","Without Sequence","131.62","",""
"12/02/2025 05:15:00 - 12/02/2025 05:30:00","BZN|FR","Without Sequence","131.62","",""
"12/02/2025 05:30:00 - 12/02/2025 05:45:00","BZN|FR","Without Sequence","131.62","",""
"12/02/2025 05:45:00 - 12/02/2025 06:00:00","BZN|FR","Without Sequence","131.62","",""
"12/02/2025 06:00:00 - 12/02/2025 06:15:00","BZN|FR","Without Sequence","146.24","",""
"12/02/2025 06:15:00 - 12/02/2025 06:30:00","BZN|FR","Without Sequence","146.24","",""
"12/02/2025 06:30:00 - 12/02/2025 06:45:00","BZN|FR","Without Sequence","146.24","",""
"12/02/2025 06:45:00 - 12/02/2025 07:00:00","BZN|FR","Without Sequence","146.24","",""
"12/02/2025 07:00:00 - 12/02/2025 07:15:00","BZN|FR","Without Sequence","163.65","",""
"12/02/2025 07:15:00 - 12/02/2025 07:30:00","BZN|FR","Without Sequence","163.65","",""
"12/02/2025 07:30:00 - 12/02/2025 07:45:00","BZN|FR","Without Sequence","163.65","",""
"12/02/2025 07:45:00 - 12/02/2025 08:00:00","BZN|FR","Without Sequence","163.65","",""
"12/02/2025 08:00:00 - 12/02/2025 08:15:00","BZN|FR","Without Sequence","180.00","",""
"12/02/2025 08:15:00 - 12/02/2025 08:30:00","BZN|FR","Without Sequence","180.00","",""
"12/02/2025 08:30:00 - 12/02/2025 08:45:00","BZN|FR","Without Sequence","180.00","",""
"12/02/2025 08:45:00 - 12/02/2025 09:00:00","BZN|FR","Without Sequence","180.00","",""
"12/02/2025 09:00:00 - 12/02/2025 09:15:00","BZN|FR","Without Sequence","174.92","",""
"12/02/2025 09:15:00 - 12/02/2025 09:30:00","BZN|FR","Without Sequence","174.92","",""
"12/02/2025 09:30:00 - 12/02/2025 09:45:00","BZN|FR","Without Sequence","174.92","",""
"12/02/2025 09:45:00 - 12/02/2025 10:00:00","BZN|FR","Without Sequence","174.92","",""
"12/02/2025 10:00:00 - 12/02/2025 10:15:00","BZN|FR","Without Sequence","163.22","",""
"12/02/2025 10:15:00 - 12/02/2025 10:30:00","BZN|FR","Without Sequence","163.22","",""
"12/02/2025 10:30:00 - 12/02/2025 10:45:00","BZN|FR","Without Sequence","163.22","",""
"12/02/2025 10:45:00 - 12/02/2025 11:00:00","BZN|FR","Without Sequence","163.22","",""
"12/02/2025 11:00:00 - 12/02/2025 11:15:00","BZN|FR","Without Sequence","150.56","",""
"12/02/2025 11:15:00 - 12/02/2025 11:30:00","BZN|FR","Without Sequence","150.56","",""
"12/02/2025 11:30:00 - 12/02/2025 11:45:00","BZN|FR","Without Sequence","150.56","",""
"12/02/2025 11:45:00 - 12/02/2025 12:00:00","BZN|FR","Without Sequence","150.56","",""
"12/02/2025 12:00:00 - 12/02/2025 12:15:00","BZN|FR","Without Sequence","141.19","",""
"12/02/2025 12:15:00 - 12/02/2025 12:30:00","BZN|FR","Without Sequence","141.19","",""
"12/02/2025 12:30:00 - 12/02/2025 12:45:00","BZN|FR","Without Sequence","141.19","",""
"12/02/2025 12:45:00 - 12/02/2025 13:00:00","BZN|FR","Without Sequence","141.19","",""
"12/02/2025 13:00:00 - 12/02/2025 13:15:00","BZN|FR","Without Sequence","143.65","",""
"12/02/2025 13:15:00 - 12/02/2025 13:30:00","BZN|FR","Without Sequence","143.65","",""
"12/02/2025 13:30:00 - 12/02/2025 13:45:00","BZN|FR","Without Sequence","143.65","",""
"12/02/2025 13:45:00 - 12/02/2025 14:00:00","BZN|FR","Without Sequence","143.65","",""
"12/02/2025 14:00:00 - 12/02/2025 14:15:00","BZN|FR","Without Sequence","150.79","",""
"12/02/2025 14:15:00 - 12/02/2025 14:30:00","BZN|FR","Without Sequence","150.79","",""
"12/02/2025 14:30:00 - 12/02/2025 14:45:00","BZN|FR","Without Sequence","150.79","",""
"12/02/2025 14:45:00 - 12/02/2025 15:00:00","BZN|FR","Without Sequence","150.79","",""
"12/02/2025 15:00:00 - 12/02/2025 15:15:00","BZN|FR","Without Sequence","161.38","",""
"12/02/2025 15:15:00 - 12/02/2025 15:30:00","BZN|FR","Without Sequence","161.38","",""
"12/02/2025 15:30:00 - 12/02/2025 15:45:00","BZN|FR","Without Sequence","161.38","",""
"12/02/2025 15:45:00 - 12/02/2025 16:00:00","BZN|FR","Without Sequence","161.38","",""
"12/02/2025 16:00:00 - 12/02/2025 16:15:00","BZN|FR","Without Sequence","167.33","",""
"12/02/2025 16:15:00 - 12/02/2025 16:30:00","BZN|FR","Without Sequence","167.33","",""
"12/02/2025 16:30:00 - 12/02/2025 16:45:00","BZN|FR","Without Sequence","167.33","",""
"12/02/2025 16:45:00 - 12/02/2025 17:00:00","BZN|FR","Without Sequence","167.33","",""
"12/02/2025 17:00:00 - 12/02/2025 17:15:00","BZN|FR","Without Sequence","165.38","",""
"12/02/2025 17:15:00 - 12/02/2025 17:30:00","BZN|FR","Without Sequence","165.38","",""
"12/02/2025 17:30:00 - 12/02/2025 17:45:00","BZN|FR","Without Sequence","165.38","",""
"12/02/2025 17:45:00 - 12/02/2025 18:00:00","BZN|FR","Without Sequence","165.38","",""
"12/02/2025 18:00:00 - 12/02/2025 18:15:00","BZN|FR","Without Sequence","200.01","",""
"12/02/2025 18:15:00 - 12/02/2025 18:30:00","BZN|FR","Without Sequence","200.01","",""
"12/02/2025 18:30:00 - 12/02/2025 18:45:00","BZN|FR","Without Sequence","200.01","",""
"12/02/2025 18:45:00 - 12/02/2025 19:00:00","BZN|FR","Without Sequence","200.01","",""
"12/02/2025 19:00:00 - 12/02/2025 19:15:00","BZN|FR","Without Sequence","194.44","",""
"12/02/2025 19:15:00 - 12/02/2025 19:30:00","BZN|FR","Without Sequence","194.44","",""
"12/02/2025 19:30:00 - 12/02/2025 19:45:00","BZN|FR","Without Sequence","194.44","",""
"12/02/2025 19:45:00 - 12/02/2025 20:00:00","BZN|FR","Without Sequence","194.44","",""
"12/02/2025 20:00:00 - 12/02/2025 20:15:00","BZN|FR","Without Sequence","177.52","",""
"12/02/2025 20:15:00 - 12/02/2025 20:30:00","BZN|FR","Without Sequence","177.52","",""
"12/02/2025 20:30:00 - 12/02/2025 20:45:00","BZN|FR","Without Sequence","177.52","",""
"12/02/2025 20:45:00 - 12/02/2025 21:00:00","BZN|FR","Without Sequence","177.52","",""
"12/02/2025 21:00:00 - 12/02/2025 21:15:00","BZN|FR","Without Sequence","157.55","",""
"12/02/2025 21:15:00 - 12/02/2025 21:30:00","BZN|FR","Without Sequence","157.55","",""
"12/02/2025 21:30:00 - 12/02/2025 21:45:00","BZN|FR","Without Sequence","157.55","",""
"12/02/2025 21:45:00 - 12/02/2025 22:00:00","BZN|FR","Without Sequence","157.55","",""
"12/02/2025 22:00:00 - 12/02/2025 22:15:00","BZN|FR","Without Sequence","152.08","",""
"12/02/2025 22:15:00 - 12/02/2025 22:30:00","BZN|FR","Without Sequence","152.08","",""
"12/02/2025 22:30:00 - 12/02/2025 22:45:00","BZN|FR","Without Sequence","152.08","",""
"12/02/2025 22:45:00 - 12/02/2025 23:00:00","BZN|FR","Without Sequence","152.08","",""
"12/02/2025 23:00:00 - 12/02/2025 23:15:00","BZN|FR","Without Sequence","143.24","",""
"12/02/2025 23:15:00 - 12/02/2025 23:30:00","BZN|FR","Without Sequence","143.24","",""
"12/02/2025 23:30:00 - 12/02/2025 23:45:00","BZN|FR","Without Sequence","143.24","",""
"12/02/2025 23:45:00 - 13/02/2025 00:00:00","BZN|FR","Without Sequence","143.24","",""
"13/02/2025 00:00:00 - 13/02/2025 00:15:00","BZN|FR","Without Sequence","129.00","",""
"13/02/2025 00:15:00 - 13/02/2025 00:30:00","BZN|FR","Without Sequence","129.00","",""
"13/02/2025 00:30:00 - 13/02/2025 00:45:00","BZN|FR","Without Sequence","129.00","",""
"13/02/2025 00:45:00 - 13/02/2025 01:00:00","BZN|FR","Without Sequence","129.00","",""
"13/02/2025 01:00:00 - 13/02/2025 01:15:00","BZN|FR","Without Sequence","121.06","",""
"13/02/2025 01:15:00 - 13/02/2025 01:30:00","BZN|FR","Without Sequence","121.06","",""
"13/02/2025 01:30:00 - 13/02/2025 01:45:00","BZN|FR","Without Sequence","121.06","",""
"13/02/2025 01:45:00 - 13/02/2025 02:00:00","BZN|FR","Without Sequence","121.06","",""
"13/02/2025 02:00:00 - 13/02/2025 02:15:00","BZN|FR","Without Sequence","131.77","",""
"13/02/2025 02:15:00 - 13/02/2025 02:30:00","BZN|FR","Without Sequence","131.77","",""
"13/02/2025 02:30:00 - 13/02/2025 02:45:00","BZN|FR","Without Sequence","131.77","",""
"13/02/2025 02:45:00 - 13/02/2025 03:00:00","BZN|FR","Without Sequence","131.77","",""
"13/02/2025 03:00:00 - 13/02/2025 03:15:00","BZN|FR","Without Sequence","118.59","",""
"13/02/2025 03:15:00 - 13/02/2025 03:30:00","BZN|FR","Without Sequence","118.59","",""
"13/02/2025 03:30:00 - 13/02/2025 03:45:00","BZN|FR","Without Sequence","118.59","",""
"13/02/2025 03:45:00 - 13/02/2025 04:00:00","BZN|FR","Without Sequence","118.59","",""
"13/02/2025 04:00:00 - 13/02/2025 04:15:00","BZN|FR","Without Sequence","114.30","",""
"13/02/2025 04:15:00 - 13/02/2025 04:30:00","BZN|FR","Without Sequence","114.30","",""
"13/02/2025 04:30:00 - 13/02/2025 04:45:00","BZN|FR","Without Sequence","114.30","",""
"13/02/2025 04:45:00 - 13/02/2025 05:00:00","BZN|FR","Without Sequence","114.30","",""
"13/02/2025 05:00:00 - 13/02/2025 05:15:00","BZN|FR","Without Sequence","123.81","",""
"13/02/2025 05:15:00 - 13/02/2025 05:30:00","BZN|FR","Without Sequence","123.81","",""
"13/02/2025 05:30:00 - 13/02/2025 05:45:00","BZN|FR","Without Sequence","123.81","",""
"13/02/2025 05:45:00 - 13/02/2025 06:00:00","BZN|FR","Without Sequence","123.81","",""
"13/02/2025 06:00:00 - 13/02/2025 06:15:00","BZN|FR","Without Sequence","135.90","",""
"13/02/2025 06:15:00 - 13/02/2025 06:30:00","BZN|FR","Without Sequence","135.90","",""
"13/02/2025 06:30:00 - 13/02/2025 06:45:00","BZN|FR","Without Sequence","135.90","",""
"13/02/2025 06:45:00 - 13/02/2025 07:00:00","BZN|FR","Without Sequence","135.90","",""
"13/02/2025 07:00:00 - 13/02/2025 07:15:00","BZN|FR","Without Sequence","160.05","",""
"13/02/2025 07:15:00 - 13/02/2025 07:30:00","BZN|FR","Without Sequence","160.05","",""
"13/02/2025 07:30:00 - 13/02/2025 07:45:00","BZN|FR","Without Sequence","160.05","",""
"13/02/2025 07:45:00 - 13/02/2025 08:00:00","BZN|FR","Without Sequence","160.05","",""
"13/02/2025 08:00:00 - 13/02/2025 08:15:00","BZN|FR","Without Sequence","195.20","",""
"13/02/2025 08:15:00 - 13/02/2025 08:30:00","BZN|FR","Without Sequence","195.20","",""
"13/02/2025 08:30:00 - 13/02/2025 08:45:00","BZN|FR","Without Sequence","195.20","",""
"13/02/2025 08:45:00 - 13/02/2025 09:00:00","BZN|FR","Without Sequence","195.20","",""
"13/02/2025 09:00:00 - 13/02/2025 09:15:00","BZN|FR","Without Sequence","169.36","",""
"13/02/2025 09:15:00 - 13/02/2025 09:30:00","BZN|FR","Without Sequence","169.36","",""
"13/02/2025 09:30:00 - 13/02/2025 09:45:00","BZN|FR","Without Sequence","169.36","",""
"13/02/2025 09:45:00 - 13/02/2025 10:00:00","BZN|FR","Without Sequence","169.36","",""
"13/02/2025 10:00:00 - 13/02/2025 10:15:00","BZN|FR","Without Sequence","163.94","",""
"13/02/2025 10:15:00 - 13/02/2025 10:30:00","BZN|FR","Without Sequence","163.94","",""
"13/02/2025 10:30:00 - 13/02/2025 10:45:00","BZN|FR","Without Sequence","163.94","",""
"13/02/2025 10:45:00 - 13/02/2025 11:00:00","BZN|FR","Without Sequence","163.94","",""
"13/02/2025 11:00:00 - 13/02/2025 11:15:00","BZN|FR","Without Sequence","156.06","",""
"13/02/2025 11:15:00 - 13/02/2025 11:30:00","BZN|FR","Without Sequence","156.06","",""
"13/02/2025 11:30:00 - 13/02/2025 11:45:00","BZN|FR","Without Sequence","156.06","",""
"13/02/2025 11:45:00 - 13/02/2025 12:00:00","BZN|FR","Without Sequence","156.06","",""
"13/02/2025 12:00:00 - 13/02/2025 12:15:00","BZN|FR","Without Sequence","149.06","",""
"13/02/2025 12:15:00 - 13/02/2025 12:30:00","BZN|FR","Without Sequence","149.06","",""
"13/02/2025 12:30:00 - 13/02/2025 12:45:00","BZN|FR","Without Sequence","149.06","",""
"13/02/2025 12:45:00 - 13/02/2025 13:00:00","BZN|FR","Without Sequence","149.06","",""
"13/02/2025 13:00:00 - 13/02/2025 13:15:00","BZN|FR","Without Sequence","141.94","",""
"13/02/2025 13:15:00 - 13/02/2025 13:30:00","BZN|FR","Without Sequence","141.94","",""
"13/02/2025 13:30:00 - 13/02/2025 13:45:00","BZN|FR","Without Sequence","141.94","",""
"13/02/2025 13:45:00 - 13/02/2025 14:00:00","BZN|FR","Without Sequence","141.94","",""
"13/02/2025 14:00:00 - 13/02/2025 14:15:00","BZN|FR","Without Sequence","144.80","",""
"13/02/2025 14:15:00 - 13/02/2025 14:30:00","BZN|FR","Without Sequence","144.80","",""
"13/02/2025 14:30:00 - 13/02/2025 14:45:00","BZN|FR","Without Sequence","144.80","",""
"13/02/2025 14:45:00 - 13/02/2025 15:00:00","BZN|FR","Without Sequence","144.80","",""
"13/02/2025 15:00:00 - 13/02/2025 15:15:00","BZN|FR","Without Sequence","143.35","",""
"13/02/2025 15:15:00 - 13/02/2025 15:30:00","BZN|FR","Without Sequence","143.35","",""
"13/02/2025 15:30:00 - 13/02/2025 15:45:00","BZN|FR","Without Sequence","143.35","",""
"13/02/2025 15:45:00 - 13/02/2025 16:00:00","BZN|FR","Without Sequence","143.35","",""
"13/02/2025 16:00:00 - 13/02/2025 16:15:00","BZN|FR","Without Sequence","144.42","",""
"13/02/2025 16:15:00 - 13/02/2025 16:30:00","BZN|FR","Without Sequence","144.42","",""
"13/02/2025 16:30:00 - 13/02/2025 16:45:00","BZN|FR","Without Sequence","144.42","",""
"13/02/2025 16:45:00 - 13/02/2025 17:00:00","BZN|FR","Without Sequence","144.42","",""
"13/02/2025 17:00:00 - 13/02/2025 17:15:00","BZN|FR","Without Sequence","156.80","",""
"13/02/2025 17:15:00 - 13/02/2025 17:30:00","BZN|FR","Without Sequence","156.80","",""
"13/02/2025 17:30:00 - 13/02/2025 17:45:00","BZN|FR","Without Sequence","156.80","",""
"13/02/2025 17:45:00 - 13/02/2025 18:00:00","BZN|FR","Without Sequence","156.80","",""
"13/02/2025 18:00:00 - 13/02/2025 18:15:00","BZN|FR","Without Sequence","186.96","",""
"13/02/2025 18:15:00 - 13/02/2025 18:30:00","BZN|FR","Without Sequence","186.96","",""
"13/02/2025 18:30:00 - 13/02/2025 18:45:00","BZN|FR","Without Sequence","186.96","",""
"13/02/2025 18:45:00 - 13/02/2025 19:00:00","BZN|FR","Without Sequence","186.96","",""
"13/02/2025 19:00:00 - 13/02/2025 19:15:00","BZN|FR","Without Sequence","196.52","",""
"13/02/2025 19:15:00 - 13/02/2025 19:30:00","BZN|FR","Without Sequence","196.52","",""
"13/02/2025 19:30:00 - 13/02/2025 19:45:00","BZN|FR","Without Sequence","196.52","",""
"13/02/2025 19:45:00 - 13/02/2025 20:00:00","BZN|FR","Without Sequence","196.52","",""
"13/02/2025 20:00:00 - 13/02/2025 20:15:00","BZN|FR","Without Sequence","177.12","",""
"13/02/2025 20:15:00 - 13/02/2025 20:30:00","BZN|FR","Without Sequence","177.12","",""
"13/02/2025 20:30:00 - 13/02/2025 20:45:00","BZN|FR","Without Sequence","177.12","",""
"13/02/2025 20:45:00 - 13/02/2025 21:00:00","BZN|FR","Without Sequence","177.12","",""
"13/02/2025 21:00:00 - 13/02/2025 21:15:00","BZN|FR","Without Sequence","162.92","",""
"13/02/2025 21:15:00 - 13/02/2025 21:30:00","BZN|FR","Without Sequence","162.92","",""
"13/02/2025 21:30:00 - 13/02/2025 21:45:00","BZN|FR","Without Sequence","162.92","",""
"13/02/2025 21:45:00 - 13/02/2025 22:00:00","BZN|FR","Without Sequence","162.92","",""
"13/02/2025 22:00:00 - 13/02/2025 22:15:00","BZN|FR","Without Sequence","153.12","",""
"13/02/2025 22:15:00 - 13/02/2025 22:30:00","BZN|FR","Without Sequence","153.12","",""
"13/02/2025 22:30:00 - 13/02/2025 22:45:00","BZN|FR","Without Sequence","153.12","",""
"13/02/2025 22:45:00 - 13/02/2025 23:00:00","BZN|FR","Without Sequence","153.12","",""
"13/02/2025 23:00:00 - 13/02/2025 23:15:00","BZN|FR","Without Sequence","139.00","",""
"13/02/2025 23:15:00 - 13/02/2025 23:30:00","BZN|FR","Without Sequence","139.00","",""
"13/02/2025 23:30:00 - 13/02/2025 23:45:00","BZN|FR","Without Sequence","139.00","",""
"13/02/2025 23:45:00 - 14/02/2025 00:00:00","BZN|FR","Without Sequence","139.00","",""
"14/02/2025 00:00:00 - 14/02/2025 00:15:00","BZN|FR","Without Sequence","128.76","",""
"14/02/2025 00:15:00 - 14/02/2025 00:30:00","BZN|FR","Without Sequence","128.76","",""
"14/02/2025 00:30:00 - 14/02/2025 00:45:00","BZN|FR","Without Sequence","128.76","",""
"14/02/2025 00:45:00 - 14/02/2025 01:00:00","BZN|FR","Without Sequence","128.76","",""
"14/02/2025 01:00:00 - 14/02/2025 01:15:00","BZN|FR","Without Sequence","132.45","",""
"14/02/2025 01:15:00 - 14/02/2025 01:30:00","BZN|FR","Without Sequence","132.45","",""
"14/02/2025 01:30:00 - 14/02/2025 01:45:00","BZN|FR","Without Sequence","132.45","",""
"14/02/2025 01:45:00 - 14/02/2025 02:00:00","BZN|FR","Without Sequence","132.45","",""
"14/02/2025 02:00:00 - 14/02/2025 02:15:00","BZN|FR","Without Sequence","124.57","",""
"14/02/2025 02:15:00 - 14/02/2025 02:30:00","BZN|FR","Without Sequence","124.57","",""
"14/02/2025 02:30:00 - 14/02/2025 02:45:00","BZN|FR","Without Sequence","124.57","",""
"14/02/2025 02:45:00 - 14/02/2025 03:00:00","BZN|FR","Without Sequence","124.57","",""
"14/02/2025 03:00:00 - 14/02/2025 03:15:00","BZN|FR","Without Sequence","113.86","",""
"14/02/2025 03:15:00 - 14/02/2025 03:30:00","BZN|FR","Without Sequence","113.86","",""
"14/02/2025 03:30:00 - 14/02/2025 03:45:00","BZN|FR","Without Sequence","113.86","",""
"14/02/2025 03:45:00 - 14/02/2025 04:00:00","BZN|FR","Without Sequence","113.86","",""
"14/02/2025 04:00:00 - 14/02/2025 04:15:00","BZN|FR","Without Sequence","114.45","",""
"14/02/2025 04:15:00 - 14/02/2025 04:30:00","BZN|FR","Without Sequence","114.45","",""
"14/02/2025 04:30:00 - 14/02/2025 04:45:00","BZN|FR","Without Sequence","114.45","",""
"14/02/2025 04:45:00 - 14/02/2025 05:00:00","BZN|FR","Without Sequence","114.45","",""
"14/02/2025 05:00:00 - 14/02/2025 05:15:00","BZN|FR","Without Sequence","127.38","",""
"14/02/2025 05:15:00 - 14/02/2025 05:30:00","BZN|FR","Without Sequence","127.38","",""
"14/02/2025 05:30:00 - 14/02/2025 05:45:00","BZN|FR","Without Sequence","127.38","",""
"14/02/2025 05:45:00 - 14/02/2025 06:00:00","BZN|FR","Without Sequence","127.38","",""
"14/02/2025 06:00:00 - 14/02/2025 06:15:00","BZN|FR","Without Sequence","131.21","",""
"14/02/2025 06:15:00 - 14/02/2025 06:30:00","BZN|FR","Without Sequence","131.21","",""
"14/02/2025 06:30:00 - 14/02/2025 06:45:00","BZN|FR","Without Sequence","131.21","",""
"14/02/2025 06:45:00 - 14/02/2025 07:00:00","BZN|FR","Without Sequence","131.21","",""
"14/02/2025 07:00:00 - 14/02/2025 07:15:00","BZN|FR","Without Sequence","158.73","",""
"14/02/2025 07:15:00 - 14/02/2025 07:30:00","BZN|FR","Without Sequence","158.73","",""
"14/02/2025 07:30:00 - 14/02/2025 07:45:00","BZN|FR","Without Sequence","158.73","",""
"14/02/2025 07:45:00 - 14/02/2025 08:00:00","BZN|FR","Without Sequence","158.73","",""
"14/02/2025 08:00:00 - 14/02/2025 08:15:00","BZN|FR","Without Sequence","189.79","",""
"14/02/2025 08:15:00 - 14/02/2025 08:30:00","BZN|FR","Without Sequence","189.79","",""
"14/02/2025 08:30:00 - 14/02/2025 08:45:00","BZN|FR","Without Sequence","189.79","",""
"14/02/2025 08:45:00 - 14/02/2025 09:00:00","BZN|FR","Without Sequence","189.79","",""
"14/02/2025 09:00:00 - 14/02/2025 09:15:00","BZN|FR","Without Sequence","179.27","",""
"14/02/2025 09:15:00 - 14/02/2025 09:30:00","BZN|FR","Without Sequence","179.27","",""
"14/02/2025 09:30:00 - 14/02/2025 09:45:00","BZN|FR","Without Sequence","179.27","",""
"14/02/2025 09:45:00 - 14/02/2025 10:00:00","BZN|FR","Without Sequence","179.27","",""
"14/02/2025 10:00:00 - 14/02/2025 10:15:00","BZN|FR","Without Sequence","167.01","",""
"14/02/2025 10:15:00 - 14/02/2025 10:30:00","BZN|FR","Without Sequence","167.01","",""
"14/02/2025 10:30:00 - 14/02/2025 10:45:00","BZN|FR","Without Sequence","167.01","",""
"14/02/2025 10:45:00 - 14/02/2025 11:00:00","BZN|FR","Without Sequence","167.01","",""
"14/02/2025 11:00:00 - 14/02/2025 11:15:00","BZN|FR","Without Sequence","145.23","",""
"14/02/2025 11:15:00 - 14/02/2025 11:30:00","BZN|FR","Without Sequence","145.23","",""
"14/02/2025 11:30:00 - 14/02/2025 11:45:00","BZN|FR","Without Sequence","145.23","",""
"14/02/2025 11:45:00 - 14/02/2025 12:00:00","BZN|FR","Without Sequence","145.23","",""
"14/02/2025 12:00:00 - 14/02/2025 12:15:00","BZN|FR","Without Sequence","145.01","",""
"14/02/2025 12:15:00 - 14/02/2025 12:30:00","BZN|FR","Without Sequence","145.01","",""
"14/02/2025 12:30:00 - 14/02/2025 12:45:00","BZN|FR","Without Sequence","145.01","",""
"14/02/2025 12:45:00 - 14/02/2025 13:00:00","BZN|FR","Without Sequence","145.01","",""
"14/02/2025 13:00:00 - 14/02/2025 13:15:00","BZN|FR","Without Sequence","129.07","",""
"14/02/2025 13:15:00 - 14/02/2025 13:30:00","BZN|FR","Without Sequence","129.07","",""
"14/02/2025 13:30:00 - 14/02/2025 13:45:00","BZN|FR","Without Sequence","129.07","",""
"14/02/2025 13:45:00 - 14/02/2025 14:00:00","BZN|FR","Without Sequence","129.07","",""
"14/02/2025 14:00:00 - 14/02/2025 14:15:00","BZN|FR","Without Sequence","125.16","",""
"14/02/2025 14:15:00 - 14/02/2025 14:30:00","BZN|FR","Without Sequence","125.16","",""
"14/02/2025 14:30:00 - 14/02/2025 14:45:00","BZN|FR","Without Sequence","125.16","",""
"14/02/2025 14:45:00 - 14/02/2025 15:00:00","BZN|FR","Without Sequence","125.16","",""
"14/02/2025 15:00:00 - 14/02/2025 15:15:00","BZN|FR","Without Sequence","124.86","",""
"14/02/2025 15:15:00 - 14/02/2025 15:30:00","BZN|FR","Without Sequence","124.86","",""
"14/02/2025 15:30:00 - 14/02/2025 15:45:00","BZN|FR","Without Sequence","124.86","",""
"14/02/2025 15:45:00 - 14/02/2025 16:00:00","BZN|FR","Without Sequence","124.86","",""
"14/02/2025 16:00:00 - 14/02/2025 16:15:00","BZN|FR","Without Sequence","140.10","",""
"14/02/2025 16:15:00 - 14/02/2025 16:30:00","BZN|FR","Without Sequence","140.10","",""
"14/02/2025 16:30:00 - 14/02/2025 16:45:00","BZN|FR","Without Sequence","140.10","",""
"14/02/2025 16:45:00 - 14/02/2025 17:00:00","BZN|FR","Without Sequence","140.10","",""
"14/02/2025 17:00:00 - 14/02/2025 17:15:00","BZN|FR","Without Sequence","150.62","",""
"14/02/2025 17:15:00 - 14/02/2025 17:30:00","BZN|FR","Without Sequence","150.62","",""
"14/02/2025 17:30:00 - 14/02/2025 17:45:00","BZN|FR","Without Sequence","150.62","",""
"14/02/2025 17:45:00 - 14/02/2025 18:00:00","BZN|FR","Without Sequence","150.62","",""
"14/02/2025 18:00:00 - 14/02/2025 18:15:00","BZN|FR","Without Sequence","185.00","",""
"14/02/2025 18:15:00 - 14/02/2025 18:30:00","BZN|FR","Without Sequence","185.00","",""
"14/02/2025 18:30:00 - 14/02/2025 18:45:00","BZN|FR","Without Sequence","185.00","",""
"14/02/2025 18:45:00 - 14/02/2025 19:00:00","BZN|FR","Without Sequence","185.00","",""
"14/02/2025 19:00:00 - 14/02/2025 19:15:00","BZN|FR","Without Sequence","201.66","",""
"14/02/2025 19:15:00 - 14/02/2025 19:30:00","BZN|FR","Without Sequence","201.66","",""
"14/02/2025 19:30:00 - 14/02/2025 19:45:00","BZN|FR","Without Sequence","201.66","",""
"14/02/2025 19:45:00 - 14/02/2025 20:00:00","BZN|FR","Without Sequence","201.66","",""
"14/02/2025 20:00:00 - 14/02/2025 20:15:00","BZN|FR","Without Sequence","183.55","",""
"14/02/2025 20:15:00 - 14/02/2025 20:30:00","BZN|FR","Without Sequence","183.55","",""
"14/02/2025 20:30:00 - 14/02/2025 20:45:00","BZN|FR","Without Sequence","183.55","",""
"14/02/2025 20:45:00 - 14/02/2025 21:00:00","BZN|FR","Without Sequence","183.55","",""
"14/02/2025 21:00:00 - 14/02/2025 21:15:00","BZN|FR","Without Sequence","160.06","",""
"14/02/2025 21:15:00 - 14/02/2025 21:30:00","BZN|FR","Without Sequence","160.06","",""
"14/02/2025 21:30:00 - 14/02/2025 21:45:00","BZN|FR","Without Sequence","160.06","",""
"14/02/2025 21:45:00 - 14/02/2025 22:00:00","BZN|FR","Without Sequence","160.06","",""
"14/02/2025 22:00:00 - 14/02/2025 22:15:00","BZN|FR","Without Sequence","153.00","",""
"14/02/2025 22:15:00 - 14/02/2025 22:30:00","BZN|FR","Without Sequence","153.00","",""
"14/02/2025 22:30:00 - 14/02/2025 22:45:00","BZN|FR","Without Sequence","153.00","",""
"14/02/2025 22:45:00 - 14/02/2025 23:00:00","BZN|FR","Without Sequence","153.00","",""
"14/02/2025 23:00:00 - 14/02/2025 23:15:00","BZN|FR","Without Sequence","140.03","",""
"14/02/2025 23:15:00 - 14/02/2025 23:30:00","BZN|FR","Without Sequence","140.03","",""
"14/02/2025 23:30:00 - 14/02/2025 23:45:00","BZN|FR","Without Sequence","140.03","",""
"14/02/2025 23:45:00 - 15/02/2025 00:00:00","BZN|FR","Without Sequence","140.03","",""
"15/02/2025 00:00:00 - 15/02/2025 00:15:00","BZN|FR","Without Sequence","122.58","",""
"15/02/2025 00:15:00 - 15/02/2025 00:30:00","BZN|FR","Without Sequence","122.58","",""
"15/02/2025 00:30:00 - 15/02/2025 00:45:00","BZN|FR","Without Sequence","122.58","",""
"15/02/2025 00:45:00 - 15/02/2025 01:00:00","BZN|FR","Without Sequence","122.58","",""
"15/02/2025 01:00:00 - 15/02/2025 01:15:00","BZN|FR","Without Sequence","117.99","",""
"15/02/2025 01:15:00 - 15/02/2025 01:30:00","BZN|FR","Without Sequence","117.99","",""
"15/02/2025 01:30:00 - 15/02/2025 01:45:00","BZN|FR","Without Sequence","117.99","",""
"15/02/2025 01:45:00 - 15/02/2025 02:00:00","BZN|FR","Without Sequence","117.99","",""
"15/02/2025 02:00:00 - 15/02/2025 02:15:00","BZN|FR","Without Sequence","111.31","",""
"15/02/2025 02:15:00 - 15/02/2025 02:30:00","BZN|FR","Without Sequence","111.31","",""
"15/02/2025 02:30:00 - 15/02/2025 02:45:00","BZN|FR","Without Sequence","111.31","",""
"15/02/2025 02:45:00 - 15/02/2025 03:00:00","BZN|FR","Without Sequence","111.31","",""
"15/02/2025 03:00:00 - 15/02/2025 03:15:00","BZN|FR","Without Sequence","102.34","",""
"15/02/2025 03:15:00 - 15/02/2025 03:30:00","BZN|FR","Without Sequence","102.34","",""
"15/02/2025 03:30:00 - 15/02/2025 03:45:00","BZN|FR","Without Sequence","102.34","",""
"15/02/2025 03:45:00 - 15/02/2025 04:00:00","BZN|FR","Without Sequence","102.34","",""
"15/02/2025 04:00:00 - 15/02/2025 04:15:00","BZN|FR","Without Sequence","100.11","",""
"15/02/2025 04:15:00 - 15/02/2025 04:30:00","BZN|FR","Without Sequence","100.11","",""
"15/02/2025 04:30:00 - 15/02/2025 04:45:00","BZN|FR","Without Sequence","100.11","",""
"15/02/2025 04:45:00 - 15/02/2025 05:00:00","BZN|FR","Without Sequence","100.11","",""
"15/02/2025 05:00:00 - 15/02/2025 05:15:00","BZN|FR","Without Sequence","102.64","",""
"15/02/2025 05:15:00 - 15/02/2025 05:30:00","BZN|FR","Without Sequence","102.64","",""
"15/02/2025 05:30:00 - 15/02/2025 05:45:00","BZN|FR","Without Sequence","102.64","",""
"15/02/2025 05:45:00 - 15/02/2025 06:00:00","BZN|FR","Without Sequence","102.64","",""
"15/02/2025 06:00:00 - 15/02/2025 06:15:00","BZN|FR","Without Sequence","110.62","",""
"15/02/2025 06:15:00 - 15/02/2025 06:30:00","BZN|FR","Without Sequence","110.62","",""
"15/02/2025 06:30:00 - 15/02/2025 06:45:00","BZN|FR","Without Sequence","110.62","",""
"15/02/2025 06:45:00 - 15/02/2025 07:00:00","BZN|FR","Without Sequence","110.62","",""
"15/02/2025 07:00:00 - 15/02/2025 07:15:00","BZN|FR","Without Sequence","129.22","",""
"15/02/2025 07:15:00 - 15/02/2025 07:30:00","BZN|FR","Without Sequence","129.22","",""
"15/02/2025 07:30:00 - 15/02/2025 07:45:00","BZN|FR","Without Sequence","129.22","",""
"15/02/2025 07:45:00 - 15/02/2025 08:00:00","BZN|FR","Without Sequence","129.22","",""
"15/02/2025 08:00:00 - 15/02/2025 08:15:00","BZN|FR","Without Sequence","136.06","",""
"15/02/2025 08:15:00 - 15/02/2025 08:30:00","BZN|FR","Without Sequence","136.06","",""
"15/02/2025 08:30:00 - 15/02/2025 08:45:00","BZN|FR","Without Sequence","136.06","",""
"15/02/2025 08:45:00 - 15/02/2025 09:00:00","BZN|FR","Without Sequence","136.06","",""
"15/02/2025 09:00:00 - 15/02/2025 09:15:00","BZN|FR","Without Sequence","136.05","",""
"15/02/2025 09:15:00 - 15/02/2025 09:30:00","BZN|FR","Without Sequence","136.05","",""
"15/02/2025 09:30:00 - 15/02/2025 09:45:00","BZN|FR","Without Sequence","136.05","",""
"15/02/2025 09:45:00 - 15/02/2025 10:00:00","BZN|FR","Without Sequence","136.05","",""
"15/02/2025 10:00:00 - 15/02/2025 10:15:00","BZN|FR","Without Sequence","124.59","",""
"15/02/2025 10:15:00 - 15/02/2025 10:30:00","BZN|FR","Without Sequence","124.59","",""
"15/02/2025 10:30:00 - 15/02/2025 10:45:00","BZN|FR","Without Sequence","124.59","",""
"15/02/2025 10:45:00 - 15/02/2025 11:00:00","BZN|FR","Without Sequence","124.59","",""
"15/02/2025 11:00:00 - 15/02/2025 11:15:00","BZN|FR","Without Sequence","118.36","",""
"15/02/2025 11:15:00 - 15/02/2025 11:30:00","BZN|FR","Without Sequence","118.36","",""
"15/02/2025 11:30:00 - 15/02/2025 11:45:00","BZN|FR","Without Sequence","118.36","",""
"15/02/2025 11:45:00 - 15/02/2025 12:00:00","BZN|FR","Without Sequence","118.36","",""
"15/02/2025 12:00:00 - 15/02/2025 12:15:00","BZN|FR","Without Sequence","112.39","",""
"15/02/2025 12:15:00 - 15/02/2025 12:30:00","BZN|FR","Without Sequence","112.39","",""
"15/02/2025 12:30:00 - 15/02/2025 12:45:00","BZN|FR","Without Sequence","112.39","",""
"15/02/2025 12:45:00 - 15/02/2025 13:00:00","BZN|FR","Without Sequence","112.39","",""
"15/02/2025 13:00:00 - 15/02/2025 13:15:00","BZN|FR","Without Sequence","110.01","",""
"15/02/2025 13:15:00 - 15/02/2025 13:30:00","BZN|FR","Without Sequence","110.01","",""
"15/02/2025 13:30:00 - 15/02/2025 13:45:00","BZN|FR","Without Sequence","110.01","",""
"15/02/2025 13:45:00 - 15/02/2025 14:00:00","BZN|FR","Without Sequence","110.01","",""
"15/02/2025 14:00:00 - 15/02/2025 14:15:00","BZN|FR","Without Sequence","107.92","",""
"15/02/2025 14:15:00 - 15/02/2025 14:30:00","BZN|FR","Without Sequence","107.92","",""
"15/02/2025 14:30:00 - 15/02/2025 14:45:00","BZN|FR","Without Sequence","107.92","",""
"15/02/2025 14:45:00 - 15/02/2025 15:00:00","BZN|FR","Without Sequence","107.92","",""
"15/02/2025 15:00:00 - 15/02/2025 15:15:00","BZN|FR","Without Sequence","105.47","",""
"15/02/2025 15:15:00 - 15/02/2025 15:30:00","BZN|FR","Without Sequence","105.47","",""
"15/02/2025 15:30:00 - 15/02/2025 15:45:00","BZN|FR","Without Sequence","105.47","",""
"15/02/2025 15:45:00 - 15/02/2025 16:00:00","BZN|FR","Without Sequence","105.47","",""
"15/02/2025 16:00:00 - 15/02/2025 16:15:00","BZN|FR","Without Sequence","111.83","",""
"15/02/2025 16:15:00 - 15/02/2025 16:30:00","BZN|FR","Without Sequence","111.83","",""
"15/02/2025 16:30:00 - 15/02/2025 16:45:00","BZN|FR","Without Sequence","111.83","",""
"15/02/2025 16:45:00 - 15/02/2025 17:00:00","BZN|FR","Without Sequence","111.83","",""
"15/02/2025 17:00:00 - 15/02/2025 17:15:00","BZN|FR","Without Sequence","128.68","",""
"15/02/2025 17:15:00 - 15/02/2025 17:30:00","BZN|FR","Without Sequence","128.68","",""
"15/02/2025 17:30:00 - 15/02/2025 17:45:00","BZN|FR","Without Sequence","128.68","",""
"15/02/2025 17:45:00 - 15/02/2025 18:00:00","BZN|FR","Without Sequence","128.68","",""
"15/02/2025 18:00:00 - 15/02/2025 18:15:00","BZN|FR","Without Sequence","149.91","",""
"15/02/2025 18:15:00 - 15/02/2025 18:30:00","BZN|FR","Without Sequence","149.91","",""
"15/02/2025 18:30:00 - 15/02/2025 18:45:00","BZN|FR","Without Sequence","149.91","",""
"15/02/2025 18:45:00 - 15/02/2025 19:00:00","BZN|FR","Without Sequence","149.91","",""
"15/02/2025 19:00:00 - 15/02/2025 19:15:00","BZN|FR","Without Sequence","158.09","",""
"15/02/2025 19:15:00 - 15/02/2025 19:30:00","BZN|FR","Without Sequence","158.09","",""
"15/02/2025 19:30:00 - 15/02/2025 19:45:00","BZN|FR","Without Sequence","158.09","",""
"15/02/2025 19:45:00 - 15/02/2025 20:00:00","BZN|FR","Without Sequence","158.09","",""
"15/02/2025 20:00:00 - 15/02/2025 20:15:00","BZN|FR","Without Sequence","131.51","",""
"15/02/2025 20:15:00 - 15/02/2025 20:30:00","BZN|FR","Without Sequence","131.51","",""
"15/02/2025 20:30:00 - 15/02/2025 20:45:00","BZN|FR","Without Sequence","131.51","",""
"15/02/2025 20:45:00 - 15/02/2025 21:00:00","BZN|FR","Without Sequence","131.51","",""
"15/02/2025 21:00:00 - 15/02/2025 21:15:00","BZN|FR","Without Sequence","125.00","",""
"15/02/2025 21:15:00 - 15/02/2025 21:30:00","BZN|FR","Without Sequence","125.00","",""
"15/02/2025 21:30:00 - 15/02/2025 21:45:00","BZN|FR","Without Sequence","125.00","",""
"15/02/2025 21:45:00 - 15/02/2025 22:00:00","BZN|FR","Without Sequence","125.00","",""
"15/02/2025 22:00:00 - 15/02/2025 22:15:00","BZN|FR","Without Sequence","127.91","",""
"15/02/2025 22:15:00 - 15/02/2025 22:30:00","BZN|FR","Without Sequence","127.91","",""
"15/02/2025 22:30:00 - 15/02/2025 22:45:00","BZN|FR","Without Sequence","127.91","",""
"15/02/2025 22:45:00 - 15/02/2025 23:00:00","BZN|FR","Without Sequence","127.91","",""
"15/02/2025 23:00:00 - 15/02/2025 23:15:00","BZN|FR","Without Sequence","125.30","",""
"15/02/2025 23:15:00 - 15/02/2025 23:30:00","BZN|FR","Without Sequence","125.30","",""
"15/02/2025 23:30:00 - 15/02/2025 23:45:00","BZN|FR","Without Sequence","125.30","",""
"15/02/2025 23:45:00 - 16/02/2025 00:00:00","BZN|FR","Without Sequence","125.30","",""
"16/02/2025 00:00:00 - 16/02/2025 00:15:00","BZN|FR","Without Sequence","134.11","",""
"16/02/2025 00:15:00 - 16/02/2025 00:30:00","BZN|FR","Without Sequence","134.11","",""
"16/02/2025 00:30:00 - 16/02/2025 00:45:00","BZN|FR","Without Sequence","134.11","",""
"16/02/2025 00:45:00 - 16/02/2025 01:00:00","BZN|FR","Without Sequence","134.11","",""
"16/02/2025 01:00:00 - 16/02/2025 01:15:00","BZN|FR","Without Sequence","128.90","",""
"16/02/2025 01:15:00 - 16/02/2025 01:30:00","BZN|FR","Without Sequence","128.90","",""
"16/02/2025 01:30:00 - 16/02/2025 01:45:00","BZN|FR","Without Sequence","128.90","",""
"16/02/2025 01:45:00 - 16/02/2025 02:00:00","BZN|FR","Without Sequence","128.90","",""
"16/02/2025 02:00:00 - 16/02/2025 02:15:00","BZN|FR","Without Sequence","123.57","",""
"16/02/2025 02:15:00 - 16/02/2025 02:30:00","BZN|FR","Without Sequence","123.57","",""
"16/02/2025 02:30:00 - 16/02/2025 02:45:00","BZN|FR","Without Sequence","123.57","",""
"16/02/2025 02:45:00 - 16/02/2025 03:00:00","BZN|FR","Without Sequence","123.57","",""
"16/02/2025 03:00:00 - 16/02/2025 03:15:00","BZN|FR","Without Sequence","119.90","",""
"16/02/2025 03:15:00 - 16/02/2025 03:30:00","BZN|FR","Without Sequence","119.90","",""
"16/02/2025 03:30:00 - 16/02/2025 03:45:00","BZN|FR","Without Sequence","119.90","",""
"16/02/2025 03:45:00 - 16/02/2025 04:00:00","BZN|FR","Without Sequence","119.90","",""
"16/02/2025 04:00:00 - 16/02/2025 04:15:00","BZN|FR","Without Sequence","119.57","",""
"16/02/2025 04:15:00 - 16/02/2025 04:30:00","BZN|FR","Without Sequence","119.57","",""
"16/02/2025 04:30:00 - 16/02/2025 04:45:00","BZN|FR","Without Sequence","119.57","",""
"16/02/2025 04:45:00 - 16/02/2025 05:00:00","BZN|FR","Without Sequence","119.57","",""
"16/02/2025 05:00:00 - 16/02/2025 05:15:00","BZN|FR","Without Sequence","120.24","",""
"16/02/2025 05:15:00 - 16/02/2025 05:30:00","BZN|FR","Without Sequence","120.24","",""
"16/02/2025 05:30:00 - 16/02/2025 05:45:00","BZN|FR","Without Sequence","120.24","",""
"16/02/2025 05:45:00 - 16/02/2025 06:00:00","BZN|FR","Without Sequence","120.24","",""
"16/02/2025 06:00:00 - 16/02/2025 06:15:00","BZN|FR","Without Sequence","120.25","",""
"16/02/2025 06:15:00 - 16/02/2025 06:30:00","BZN|FR","Without Sequence","120.25","",""
"16/02/2025 06:30:00 - 16/02/2025 06:45:00","BZN|FR","Without Sequence","120.25","",""
"16/02/2025 06:45:00 - 16/02/2025 07:00:00","BZN|FR","Without Sequence","120.25","",""
"16/02/2025 07:00:00 - 16/02/2025 07:15:00","BZN|FR","Without Sequence","128.06","",""
"16/02/2025 07:15:00 - 16/02/2025 07:30:00","BZN|FR","Without Sequence","128.06","",""
"16/02/2025 07:30:00 - 16/02/2025 07:45:00","BZN|FR","Without Sequence","128.06","",""
"16/02/2025 07:45:00 - 16/02/2025 08:00:00","BZN|FR","Without Sequence","128.06","",""
"16/02/2025 08:00:00 - 16/02/2025 08:15:00","BZN|FR","Without Sequence","129.14","",""
"16/02/2025 08:15:00 - 16/02/2025 08:30:00","BZN|FR","Without Sequence","129.14","",""
"16/02/2025 08:30:00 - 16/02/2025 08:45:00","BZN|FR","Without Sequence","129.14","",""
"16/02/2025 08:45:00 - 16/02/2025 09:00:00","BZN|FR","Without Sequence","129.14","",""
"16/02/2025 09:00:00 - 16/02/2025 09:15:00","BZN|FR","Without Sequence","129.59","",""
"16/02/2025 09:15:00 - 16/02/2025 09:30:00","BZN|FR","Without Sequence","129.59","",""
"16/02/2025 09:30:00 - 16/02/2025 09:45:00","BZN|FR","Without Sequence","129.59","",""
"16/02/2025 09:45:00 - 16/02/2025 10:00:00","BZN|FR","Without Sequence","129.59","",""
"16/02/2025 10:00:00 - 16/02/2025 10:15:00","BZN|FR","Without Sequence","123.39","",""
"16/02/2025 10:15:00 - 16/02/2025 10:30:00","BZN|FR","Without Sequence","123.39","",""
"16/02/2025 10:30:00 - 16/02/2025 10:45:00","BZN|FR","Without Sequence","123.39","",""
"16/02/2025 10:45:00 - 16/02/2025 11:00:00","BZN|FR","Without Sequence","123.39","",""
"16/02/2025 11:00:00 - 16/02/2025 11:15:00","BZN|FR","Without Sequence","115.79","",""
"16/02/2025 11:15:00 - 16/02/2025 11:30:00","BZN|FR","Without Sequence","115.79","",""
"16/02/2025 11:30:00 - 16/02/2025 11:45:00","BZN|FR","Without Sequence","115.79","",""
"16/02/2025 11:45:00 - 16/02/2025 12:00:00","BZN|FR","Without Sequence","115.79","",""
"16/02/2025 12:00:00 - 16/02/2025 12:15:00","BZN|FR","Without Sequence","120.62","",""
"16/02/2025 12:15:00 - 16/02/2025 12:30:00","BZN|FR","Without Sequence","120.62","",""
"16/02/2025 12:30:00 - 16/02/2025 12:45:00","BZN|FR","Without Sequence","120.62","",""
"16/02/2025 12:45:00 - 16/02/2025 13:00:00","BZN|FR","Without Sequence","120.62","",""
"16/02/2025 13:00:00 - 16/02/2025 13:15:00","BZN|FR","Without Sequence","105.48","",""
"16/02/2025 13:15:00 - 16/02/2025 13:30:00","BZN|FR","Without Sequence","105.48","",""
"16/02/2025 13:30:00 - 16/02/2025 13:45:00","BZN|FR","Without Sequence","105.48","",""
"16/02/2025 13:45:00 - 16/02/2025 14:00:00","BZN|FR","Without Sequence","105.48","",""
"16/02/2025 14:00:00 - 16/02/2025 14:15:00","BZN|FR","Without Sequence","100.88","",""
"16/02/2025 14:15:00 - 16/02/2025 14:30:00","BZN|FR","Without Sequence","100.88","",""
"16/02/2025 14:30:00 - 16/02/2025 14:45:00","BZN|FR","Without Sequence","100.88","",""
"16/02/2025 14:45:00 - 16/02/2025 15:00:00","BZN|FR","Without Sequence","100.88","",""
"16/02/2025 15:00:00 - 16/02/2025 15:15:00","BZN|FR","Without Sequence","97.51","",""
"16/02/2025 15:15:00 - 16/02/2025 15:30:00","BZN|FR","Without Sequence","97.51","",""
"16/02/2025 15:30:00 - 16/02/2025 15:45:00","BZN|FR","Without Sequence","97.51","",""
"16/02/2025 15:45:00 - 16/02/2025 16:00:00","BZN|FR","Without Sequence","97.51","",""
"16/02/2025 16:00:00 - 16/02/2025 16:15:00","BZN|FR","Without Sequence","107.21","",""
"16/02/2025 16:15:00 - 16/02/2025 16:30:00","BZN|FR","Without Sequence","107.21","",""
"16/02/2025 16:30:00 - 16/02/2025 16:45:00","BZN|FR","Without Sequence","107.21","",""
"16/02/2025 16:45:00 - 16/02/2025 17:00:00","BZN|FR","Without Sequence","107.21","",""
"16/02/2025 17:00:00 - 16/02/2025 17:15:00","BZN|FR","Without Sequence","120.08","",""
"16/02/2025 17:15:00 - 16/02/2025 17:30:00","BZN|FR","Without Sequence","120.08","",""
"16/02/2025 17:30:00 - 16/02/2025 17:45:00","BZN|FR","Without Sequence","120.08","",""
"16/02/2025 17:45:00 - 16/02/2025 18:00:00","BZN|FR","Without Sequence","120.08","",""
"16/02/2025 18:00:00 - 16/02/2025 18:15:00","BZN|FR","Without Sequence","139.08","",""
"16/02/2025 18:15:00 - 16/02/2025 18:30:00","BZN|FR","Without Sequence","139.08","",""
"16/02/2025 18:30:00 - 16/02/2025 18:45:00","BZN|FR","Without Sequence","139.08","",""
"16/02/2025 18:45:00 - 16/02/2025 19:00:00","BZN|FR","Without Sequence","139.08","",""
"16/02/2025 19:00:00 - 16/02/2025 19:15:00","BZN|FR","Without Sequence","161.56","",""
"16/02/2025 19:15:00 - 16/02/2025 19:30:00","BZN|FR","Without Sequence","161.56","",""
"16/02/2025 19:30:00 - 16/02/2025 19:45:00","BZN|FR","Without Sequence","161.56","",""
"16/02/2025 19:45:00 - 16/02/2025 20:00:00","BZN|FR","Without Sequence","161.56","",""
"16/02/2025 20:00:00 - 16/02/2025 20:15:00","BZN|FR","Without Sequence","154.95","",""
"16/02/2025 20:15:00 - 16/02/2025 20:30:00","BZN|FR","Without Sequence","154.95","",""
"16/02/2025 20:30:00 - 16/02/2025 20:45:00","BZN|FR","Without Sequence","154.95","",""
"16/02/2025 20:45:00 - 16/02/2025 21:00:00","BZN|FR","Without Sequence","154.95","",""
"16/02/2025 21:00:00 - 16/02/2025 21:15:00","BZN|FR","Without Sequence","138.77","",""
"16/02/2025 21:15:00 - 16/02/2025 21:30:00","BZN|FR","Without Sequence","138.77","",""
"16/02/2025 21:30:00 - 16/02/2025 21:45:00","BZN|FR","Without Sequence","138.77","",""
"16/02/2025 21:45:00 - 16/02/2025 22:00:00","BZN|FR","Without Sequence","138.77","",""
"16/02/2025 22:00:00 - 16/02/2025 22:15:00","BZN|FR","Without Sequence","137.12","",""
"16/02/2025 22:15:00 - 16/02/2025 22:30:00","BZN|FR","Without Sequence","137.12","",""
"16/02/2025 22:30:00 - 16/02/2025 22:45:00","BZN|FR","Without Sequence","137.12","",""
"16/02/2025 22:45:00 - 16/02/2025 23:00:00","BZN|FR","Without Sequence","137.12","",""
"16/02/2025 23:00:00 - 16/02/2025 23:15:00","BZN|FR","Without Sequence","131.51","",""
"16/02/2025 23:15:00 - 16/02/2025 23:30:00","BZN|FR","Without Sequence","131.51","",""
"16/02/2025 23:30:00 - 16/02/2025 23:45:00","BZN|FR","Without Sequence","131.51","",""
"16/02/2025 23:45:00 - 17/02/2025 00:00:00","BZN|FR","Without Sequence","131.51","",""
"17/02/2025 00:00:00 - 17/02/2025 00:15:00","BZN|FR","Without Sequence","127.87","",""
"17/02/2025 00:15:00 - 17/02/2025 00:30:00","BZN|FR","Without Sequence","127.87","",""
"17/02/2025 00:30:00 - 17/02/2025 00:45:00","BZN|FR","Without Sequence","127.87","",""
"17/02/2025 00:45:00 - 17/02/2025 01:00:00","BZN|FR","Without Sequence","127.87","",""
"17/02/2025 01:00:00 - 17/02/2025 01:15:00","BZN|FR","Without Sequence","121.06","",""
"17/02/2025 01:15:00 - 17/02/2025 01:30:00","BZN|FR","Without Sequence","121.06","",""
"17/02/2025 01:30:00 - 17/02/2025 01:45:00","BZN|FR","Without Sequence","121.06","",""
"17/02/2025 01:45:00 - 17/02/2025 02:00:00","BZN|FR","Without Sequence","121.06","",""
"17/02/2025 02:00:00 - 17/02/2025 02:15:00","BZN|FR","Without Sequence","120.34","",""
"17/02/2025 02:15:00 - 17/02/2025 02:30:00","BZN|FR","Without Sequence","120.34","",""
"17/02/2025 02:30:00 - 17/02/2025 02:45:00","BZN|FR","Without Sequence","120.34","",""
"17/02/2025 02:45:00 - 17/02/2025 03:00:00","BZN|FR","Without Sequence","120.34","",""
"17/02/2025 03:00:00 - 17/02/2025 03:15:00","BZN|FR","Without Sequence","115.97","",""
"17/02/2025 03:15:00 - 17/02/2025 03:30:00","BZN|FR","Without Sequence","115.97","",""
"17/02/2025 03:30:00 - 17/02/2025 03:45:00","BZN|FR","Without Sequence","115.97","",""
"17/02/2025 03:45:00 - 17/02/2025 04:00:00","BZN|FR","Without Sequence","115.97","",""
"17/02/2025 04:00:00 - 17/02/2025 04:15:00","BZN|FR","Without Sequence","116.23","",""
"17/02/2025 04:15:00 - 17/02/2025 04:30:00","BZN|FR","Without Sequence","116.23","",""
"17/02/2025 04:30:00 - 17/02/2025 04:45:00","BZN|FR","Without Sequence","116.23","",""
"17/02/2025 04:45:00 - 17/02/2025 05:00:00","BZN|FR","Without Sequence","116.23","",""
"17/02/2025 05:00:00 - 17/02/2025 05:15:00","BZN|FR","Without Sequence","121.21","",""
"17/02/2025 05:15:00 - 17/02/2025 05:30:00","BZN|FR","Without Sequence","121.21","",""
"17/02/2025 05:30:00 - 17/02/2025 05:45:00","BZN|FR","Without Sequence","121.21","",""
"17/02/2025 05:45:00 - 17/02/2025 06:00:00","BZN|FR","Without Sequence","121.21","",""
"17/02/2025 06:00:00 - 17/02/2025 06:15:00","BZN|FR","Without Sequence","141.19","",""
"17/02/2025 06:15:00 - 17/02/2025 06:30:00","BZN|FR","Without Sequence","141.19","",""
"17/02/2025 06:30:00 - 17/02/2025 06:45:00","BZN|FR","Without Sequence","141.19","",""
"17/02/2025 06:45:00 - 17/02/2025 07:00:00","BZN|FR","Without Sequence","141.19","",""
"17/02/2025 07:00:00 - 17/02/2025 07:15:00","BZN|FR","Without Sequence","204.74","",""
"17/02/2025 07:15:00 - 17/02/2025 07:30:00","BZN|FR","Without Sequence","204.74","",""
"17/02/2025 07:30:00 - 17/02/2025 07:45:00","BZN|FR","Without Sequence","204.74","",""
"17/02/2025 07:45:00 - 17/02/2025 08:00:00","BZN|FR","Without Sequence","204.74","",""
"17/02/2025 08:00:00 - 17/02/2025 08:15:00","BZN|FR","Without Sequence","209.79","",""
"17/02/2025 08:15:00 - 17/02/2025 08:30:00","BZN|FR","Without Sequence","209.79","",""
"17/02/2025 08:30:00 - 17/02/2025 08:45:00","BZN|FR","Without Sequence","209.79","",""
"17/02/2025 08:45:00 - 17/02/2025 09:00:00","BZN|FR","Without Sequence","209.79","",""
"17/02/2025 09:00:00 - 17/02/2025 09:15:00","BZN|FR","Without Sequence","171.30","",""
"17/02/2025 09:15:00 - 17/02/2025 09:30:00","BZN|FR","Without Sequence","171.30","",""
"17/02/2025 09:30:00 - 17/02/2025 09:45:00","BZN|FR","Without Sequence","171.30","",""
"17/02/2025 09:45:00 - 17/02/2025 10:00:00","BZN|FR","Without Sequence","171.30","",""
"17/02/2025 10:00:00 - 17/02/2025 10:15:00","BZN|FR","Without Sequence","139.67","",""
"17/02/2025 10:15:00 - 17/02/2025 10:30:00","BZN|FR","Without Sequence","139.67","",""
"17/02/2025 10:30:00 - 17/02/2025 10:45:00","BZN|FR","Without Sequence","139.67","",""
"17/02/2025 10:45:00 - 17/02/2025 11:00:00","BZN|FR","Without Sequence","139.67","",""
"17/02/2025 11:00:00 - 17/02/2025 11:15:00","BZN|FR","Without Sequence","117.26","",""
"17/02/2025 11:15:00 - 17/02/2025 11:30:00","BZN|FR","Without Sequence","117.26","",""
"17/02/2025 11:30:00 - 17/02/2025 11:45:00","BZN|FR","Without Sequence","117.26","",""
"17/02/2025 11:45:00 - 17/02/2025 12:00:00","BZN|FR","Without Sequence","117.26","",""
"17/02/2025 12:00:00 - 17/02/2025 12:15:00","BZN|FR","Without Sequence","109.90","",""
"17/02/2025 12:15:00 - 17/02/2025 12:30:00","BZN|FR","Without Sequence","109.90","",""
"17/02/2025 12:30:00 - 17/02/2025 12:45:00","BZN|FR","Without Sequence","109.90","",""
"17/02/2025 12:45:00 - 17/02/2025 13:00:00","BZN|FR","Without Sequence","109.90","",""
"17/02/2025 13:00:00 - 17/02/2025 13:15:00","BZN|FR","Without Sequence","106.84","",""
"17/02/2025 13:15:00 - 17/02/2025 13:30:00","BZN|FR","Without Sequence","106.84","",""
"17/02/2025 13:30:00 - 17/02/2025 13:45:00","BZN|FR","Without Sequence","106.84","",""
"17/02/2025 13:45:00 - 17/02/2025 14:00:00","BZN|FR","Without Sequence","106.84","",""
"17/02/2025 14:00:00 - 17/02/2025 14:15:00","BZN|FR","Without Sequence","112.31","",""
"17/02/2025 14:15:00 - 17/02/2025 14:30:00","BZN|FR","Without Sequence","112.31","",""
"17/02/2025 14:30:00 - 17/02/2025 14:45:00","BZN|FR","Without Sequence","112.31","",""
"17/02/2025 14:45:00 - 17/02/2025 15:00:00","BZN|FR","Without Sequence","112.31","",""
"17/02/2025 15:00:00 - 17/02/2025 15:15:00","BZN|FR","Without Sequence","119.28","",""
"17/02/2025 15:15:00 - 17/02/2025 15:30:00","BZN|FR","Without Sequence","119.28","",""
"17/02/2025 15:30:00 - 17/02/2025 15:45:00","BZN|FR","Without Sequence","119.28","",""
"17/02/2025 15:45:00 - 17/02/2025 16:00:00","BZN|FR","Without Sequence","119.28","",""
"17/02/2025 16:00:00 - 17/02/2025 16:15:00","BZN|FR","Without Sequence","133.15","",""
"17/02/2025 16:15:00 - 17/02/2025 16:30:00","BZN|FR","Without Sequence","133.15","",""
"17/02/2025 16:30:00 - 17/02/2025 16:45:00","BZN|FR","Without Sequence","133.15","",""
"17/02/2025 16:45:00 - 17/02/2025 17:00:00","BZN|FR","Without Sequence","133.15","",""
"17/02/2025 17:00:00 - 17/02/2025 17:15:00","BZN|FR","Without Sequence","155.85","",""
"17/02/2025 17:15:00 - 17/02/2025 17:30:00","BZN|FR","Without Sequence","155.85","",""
"17/02/2025 17:30:00 - 17/02/2025 17:45:00","BZN|FR","Without Sequence","155.85","",""
"17/02/2025 17:45:00 - 17/02/2025 18:00:00","BZN|FR","Without Sequence","155.85","",""
"17/02/2025 18:00:00 - 17/02/2025 18:15:00","BZN|FR","Without Sequence","213.34","",""
"17/02/2025 18:15:00 - 17/02/2025 18:30:00","BZN|FR","Without Sequence","213.34","",""
"17/02/2025 18:30:00 - 17/02/2025 18:45:00","BZN|FR","Without Sequence","213.34","",""
"17/02/2025 18:45:00 - 17/02/2025 19:00:00","BZN|FR","Without Sequence","213.34","",""
"17/02/2025 19:00:00 - 17/02/2025 19:15:00","BZN|FR","Without Sequence","215.52","",""
"17/02/2025 19:15:00 - 17/02/2025 19:30:00","BZN|FR","Without Sequence","215.52","",""
"17/02/2025 19:30:00 - 17/02/2025 19:45:00","BZN|FR","Without Sequence","215.52","",""
"17/02/2025 19:45:00 - 17/02/2025 20:00:00","BZN|FR","Without Sequence","215.52","",""
"17/02/2025 20:00:00 - 17/02/2025 20:15:00","BZN|FR","Without Sequence","178.00","",""
"17/02/2025 20:15:00 - 17/02/2025 20:30:00","BZN|FR","Without Sequence","178.00","",""
"17/02/2025 20:30:00 - 17/02/2025 20:45:00","BZN|FR","Without Sequence","178.00","",""
"17/02/2025 20:45:00 - 17/02/2025 21:00:00","BZN|FR","Without Sequence","178.00","",""
"17/02/2025 21:00:00 - 17/02/2025 21:15:00","BZN|FR","Without Sequence","155.62","",""
"17/02/2025 21:15:00 - 17/02/2025 21:30:00","BZN|FR","Without Sequence","155.62","",""
"17/02/2025 21:30:00 - 17/02/2025 21:45:00","BZN|FR","Without Sequence","155.62","",""
"17/02/2025 21:45:00 - 17/02/2025 22:00:00","BZN|FR","Without Sequence","155.62","",""
"17/02/2025 22:00:00 - 17/02/2025 22:15:00","BZN|FR","Without Sequence","140.00","",""
"17/02/2025 22:15:00 - 17/02/2025 22:30:00","BZN|FR","Without Sequence","140.00","",""
"17/02/2025 22:30:00 - 17/02/2025 22:45:00","BZN|FR","Without Sequence","140.00","",""
"17/02/2025 22:45:00 - 17/02/2025 23:00:00","BZN|FR","Without Sequence","140.00","",""
"17/02/2025 23:00:00 - 17/02/2025 23:15:00","BZN|FR","Without Sequence","130.60","",""
"17/02/2025 23:15:00 - 17/02/2025 23:30:00","BZN|FR","Without Sequence","130.60","",""
"17/02/2025 23:30:00 - 17/02/2025 23:45:00","BZN|FR","Without Sequence","130.60","",""
"17/02/2025 23:45:00 - 18/02/2025 00:00:00","BZN|FR","Without Sequence","130.60","",""
"18/02/2025 00:00:00 - 18/02/2025 00:15:00","BZN|FR","Without Sequence","133.29","",""
"18/02/2025 00:15:00 - 18/02/2025 00:30:00","BZN|FR","Without Sequence","133.29","",""
"18/02/2025 00:30:00 - 18/02/2025 00:45:00","BZN|FR","Without Sequence","133.29","",""
"18/02/2025 00:45:00 - 18/02/2025 01:00:00","BZN|FR","Without Sequence","133.29","",""
"18/02/2025 01:00:00 - 18/02/2025 01:15:00","BZN|FR","Without Sequence","125.18","",""
"18/02/2025 01:15:00 - 18/02/2025 01:30:00","BZN|FR","Without Sequence","125.18","",""
"18/02/2025 01:30:00 - 18/02/2025 01:45:00","BZN|FR","Without Sequence","125.18","",""
"18/02/2025 01:45:00 - 18/02/2025 02:00:00","BZN|FR","Without Sequence","125.18","",""
"18/02/2025 02:00:00 - 18/02/2025 02:15:00","BZN|FR","Without Sequence","123.92","",""
"18/02/2025 02:15:00 - 18/02/2025 02:30:00","BZN|FR","Without Sequence","123.92","",""
"18/02/2025 02:30:00 - 18/02/2025 02:45:00","BZN|FR","Without Sequence","123.92","",""
"18/02/2025 02:45:00 - 18/02/2025 03:00:00","BZN|FR","Without Sequence","123.92","",""
"18/02/2025 03:00:00 - 18/02/2025 03:15:00","BZN|FR","Without Sequence","114.03","",""
"18/02/2025 03:15:00 - 18/02/2025 03:30:00","BZN|FR","Without Sequence","114.03","",""
"18/02/2025 03:30:00 - 18/02/2025 03:45:00","BZN|FR","Without Sequence","114.03","",""
"18/02/2025 03:45:00 - 18/02/2025 04:00:00","BZN|FR","Without Sequence","114.03","",""
"18/02/2025 04:00:00 - 18/02/2025 04:15:00","BZN|FR","Without Sequence","111.81","",""
"18/02/2025 04:15:00 - 18/02/2025 04:30:00","BZN|FR","Without Sequence","111.81","",""
"18/02/2025 04:30:00 - 18/02/2025 04:45:00","BZN|FR","Without Sequence","111.81","",""
"18/02/2025 04:45:00 - 18/02/2025 05:00:00","BZN|FR","Without Sequence","111.81","",""
"18/02/2025 05:00:00 - 18/02/2025 05:15:00","BZN|FR","Without Sequence","118.50","",""
"18/02/2025 05:15:00 - 18/02/2025 05:30:00","BZN|FR","Without Sequence","118.50","",""
"18/02/2025 05:30:00 - 18/02/2025 05:45:00","BZN|FR","Without Sequence","118.50","",""
"18/02/2025 05:45:00 - 18/02/2025 06:00:00","BZN|FR","Without Sequence","118.50","",""
"18/02/2025 06:00:00 - 18/02/2025 06:15:00","BZN|FR","Without Sequence","129.60","",""
"18/02/2025 06:15:00 - 18/02/2025 06:30:00","BZN|FR","Without Sequence","129.60","",""
"18/02/2025 06:30:00 - 18/02/2025 06:45:00","BZN|FR","Without Sequence","129.60","",""
"18/02/2025 06:45:00 - 18/02/2025 07:00:00","BZN|FR","Without Sequence","129.60","",""
"18/02/2025 07:00:00 - 18/02/2025 07:15:00","BZN|FR","Without Sequence","170.80","",""
"18/02/2025 07:15:00 - 18/02/2025 07:30:00","BZN|FR","Without Sequence","170.80","",""
"18/02/2025 07:30:00 - 18/02/2025 07:45:00","BZN|FR","Without Sequence","170.80","",""
"18/02/2025 07:45:00 - 18/02/2025 08:00:00","BZN|FR","Without Sequence","170.80","",""
"18/02/2025 08:00:00 - 18/02/2025 08:15:00","BZN|FR","Without Sequence","193.80","",""
"18/02/2025 08:15:00 - 18/02/2025 08:30:00","BZN|FR","Without Sequence","193.80","",""
"18/02/2025 08:30:00 - 18/02/2025 08:45:00","BZN|FR","Without Sequence","193.80","",""
"18/02/2025 08:45:00 - 18/02/2025 09:00:00","BZN|FR","Without Sequence","193.80","",""
"18/02/2025 09:00:00 - 18/02/2025 09:15:00","BZN|FR","Without Sequence","144.73","",""
"18/02/2025 09:15:00 - 18/02/2025 09:30:00","BZN|FR","Without Sequence","144.73","",""
"18/02/2025 09:30:00 - 18/02/2025 09:45:00","BZN|FR","Without Sequence","144.73","",""
"18/02/2025 09:45:00 - 18/02/2025 10:00:00","BZN|FR","Without Sequence","144.73","",""
"18/02/2025 10:00:00 - 18/02/2025 10:15:00","BZN|FR","Without Sequence","125.87","",""
"18/02/2025 10:15:00 - 18/02/2025 10:30:00","BZN|FR","Without Sequence","125.87","",""
"18/02/2025 10:30:00 - 18/02/2025 10:45:00","BZN|FR","Without Sequence","125.87","",""
"18/02/2025 10:45:00 - 18/02/2025 11:00:00","BZN|FR","Without Sequence","125.87","",""
"18/02/2025 11:00:00 - 18/02/2025 11:15:00","BZN|FR","Without Sequence","111.75","",""
"18/02/2025 11:15:00 - 18/02/2025 11:30:00","BZN|FR","Without Sequence","111.75","",""
"18/02/2025 11:30:00 - 18/02/2025 11:45:00","BZN|FR","Without Sequence","111.75","",""
"18/02/2025 11:45:00 - 18/02/2025 12:00:00","BZN|FR","Without Sequence","111.75","",""
"18/02/2025 12:00:00 - 18/02/2025 12:15:00","BZN|FR","Without Sequence","100.69","",""
"18/02/2025 12:15:00 - 18/02/2025 12:30:00","BZN|FR","Without Sequence","100.69","",""
"18/02/2025 12:30:00 - 18/02/2025 12:45:00","BZN|FR","Without Sequence","100.69","",""
"18/02/2025 12:45:00 - 18/02/2025 13:00:00","BZN|FR","Without Sequence","100.69","",""
"18/02/2025 13:00:00 - 18/02/2025 13:15:00","BZN|FR","Without Sequence","94.11","",""
"18/02/2025 13:15:00 - 18/02/2025 13:30:00","BZN|FR","Without Sequence","94.11","",""
"18/02/2025 13:30:00 - 18/02/2025 13:45:00","BZN|FR","Without Sequence","94.11","",""
"18/02/2025 13:45:00 - 18/02/2025 14:00:00","BZN|FR","Without Sequence","94.11","",""
"18/02/2025 14:00:00 - 18/02/2025 14:15:00","BZN|FR","Without Sequence","102.96","",""
"18/02/2025 14:15:00 - 18/02/2025 14:30:00","BZN|FR","Without Sequence","102.96","",""
"18/02/2025 14:30:00 - 18/02/2025 14:45:00","BZN|FR","Without Sequence","102.96","",""
"18/02/2025 14:45:00 - 18/02/2025 15:00:00","BZN|FR","Without Sequence","102.96","",""
"18/02/2025 15:00:00 - 18/02/2025 15:15:00","BZN|FR","Without Sequence","113.76","",""
"18/02/2025 15:15:00 - 18/02/2025 15:30:00","BZN|FR","Without Sequence","113.76","",""
"18/02/2025 15:30:00 - 18/02/2025 15:45:00","BZN|FR","Without Sequence","113.76","",""
"18/02/2025 15:45:00 - 18/02/2025 16:00:00","BZN|FR","Without Sequence","113.76","",""
"18/02/2025 16:00:00 - 18/02/2025 16:15:00","BZN|FR","Without Sequence","124.68","",""
"18/02/2025 16:15:00 - 18/02/2025 16:30:00","BZN|FR","Without Sequence","124.68","",""
"18/02/2025 16:30:00 - 18/02/2025 16:45:00","BZN|FR","Without Sequence","124.68","",""
"18/02/2025 16:45:00 - 18/02/2025 17:00:00","BZN|FR","Without Sequence","124.68","",""
"18/02/2025 17:00:00 - 18/02/2025 17:15:00","BZN|FR","Without Sequence","138.32","",""
"18/02/2025 17:15:00 - 18/02/2025 17:30:00","BZN|FR","Without Sequence","138.32","",""
"18/02/2025 17:30:00 - 18/02/2025 17:45:00","BZN|FR","Without Sequence","138.32","",""
"18/02/2025 17:45:00 - 18/02/2025 18:00:00","BZN|FR","Without Sequence","138.32","",""
"18/02/2025 18:00:00 - 18/02/2025 18:15:00","BZN|FR","Without Sequence","168.49","",""
"18/02/2025 18:15:00 - 18/02/2025 18:30:00","BZN|FR","Without Sequence","168.49","",""
"18/02/2025 18:30:00 - 18/02/2025 18:45:00","BZN|FR","Without Sequence","168.49","",""
"18/02/2025 18:45:00 - 18/02/2025 19:00:00","BZN|FR","Without Sequence","168.49","",""
"18/02/2025 19:00:00 - 18/02/2025 19:15:00","BZN|FR","Without Sequence","159.88","",""
"18/02/2025 19:15:00 - 18/02/2025 19:30:00","BZN|FR","Without Sequence","159.88","",""
"18/02/2025 19:30:00 - 18/02/2025 19:45:00","BZN|FR","Without Sequence","159.88","",""
"18/02/2025 19:45:00 - 18/02/2025 20:00:00","BZN|FR","Without Sequence","159.88","",""
"18/02/2025 20:00:00 - 18/02/2025 20:15:00","BZN|FR","Without Sequence","144.40","",""
"18/02/2025 20:15:00 - 18/02/2025 20:30:00","BZN|FR","Without Sequence","144.40","",""
"18/02/2025 20:30:00 - 18/02/2025 20:45:00","BZN|FR","Without Sequence","144.40","",""
"18/02/2025 20:45:00 - 18/02/2025 21:00:00","BZN|FR","Without Sequence","144.40","",""
"18/02/2025 21:00:00 - 18/02/2025 21:15:00","BZN|FR","Without Sequence","133.54","",""
"18/02/2025 21:15:00 - 18/02/2025 21:30:00","BZN|FR","Without Sequence","133.54","",""
"18/02/2025 21:30:00 - 18/02/2025 21:45:00","BZN|FR","Without Sequence","133.54","",""
"18/02/2025 21:45:00 - 18/02/2025 22:00:00","BZN|FR","Without Sequence","133.54","",""
"18/02/2025 22:00:00 - 18/02/2025 22:15:00","BZN|FR","Without Sequence","124.02","",""
"18/02/2025 22:15:00 - 18/02/2025 22:30:00","BZN|FR","Without Sequence","124.02","",""
"18/02/2025 22:30:00 - 18/02/2025 22:45:00","BZN|FR","Without Sequence","124.02","",""
"18/02/2025 22:45:00 - 18/02/2025 23:00:00","BZN|FR","Without Sequence","124.02","",""
"18/02/2025 23:00:00 - 18/02/2025 23:15:00","BZN|FR","Without Sequence","116.23","",""
"18/02/2025 23:15:00 - 18/02/2025 23:30:00","BZN|FR","Without Sequence","116.23","",""
"18/02/2025 23:30:00 - 18/02/2025 23:45:00","BZN|FR","Without Sequence","116.23","",""
"18/02/2025 23:45:00 - 19/02/2025 00:00:00","BZN|FR","Without Sequence","116.23","",""
"19/02/2025 00:00:00 - 19/02/2025 00:15:00","BZN|FR","Without Sequence","106.48","",""
"19/02/2025 00:15:00 - 19/02/2025 00:30:00","BZN|FR","Without Sequence","106.48","",""
"19/02/2025 00:30:00 - 19/02/2025 00:45:00","BZN|FR","Without Sequence","106.48","",""
"19/02/2025 00:45:00 - 19/02/2025 01:00:00","BZN|FR","Without Sequence","106.48","",""
"19/02/2025 01:00:00 - 19/02/2025 01:15:00","BZN|FR","Without Sequence","101.18","",""
"19/02/2025 01:15:00 - 19/02/2025 01:30:00","BZN|FR","Without Sequence","101.18","",""
"19/02/2025 01:30:00 - 19/02/2025 01:45:00","BZN|FR","Without Sequence","101.18","",""
"19/02/2025 01:45:00 - 19/02/2025 02:00:00","BZN|FR","Without Sequence","101.18","",""
"19/02/2025 02:00:00 - 19/02/2025 02:15:00","BZN|FR","Without Sequence","101.30","",""
"19/02/2025 02:15:00 - 19/02/2025 02:30:00","BZN|FR","Without Sequence","101.30","",""
"19/02/2025 02:30:00 - 19/02/2025 02:45:00","BZN|FR","Without Sequence","101.30","",""
"19/02/2025 02:45:00 - 19/02/2025 03:00:00","BZN|FR","Without Sequence","101.30","",""
"19/02/2025 03:00:00 - 19/02/2025 03:15:00","BZN|FR","Without Sequence","99.00","",""
"19/02/2025 03:15:00 - 19/02/2025 03:30:00","BZN|FR","Without Sequence","99.00","",""
"19/02/2025 03:30:00 - 19/02/2025 03:45:00","BZN|FR","Without Sequence","99.00","",""
"19/02/2025 03:45:00 - 19/02/2025 04:00:00","BZN|FR","Without Sequence","99.00","",""
"19/02/2025 04:00:00 - 19/02/2025 04:15:00","BZN|FR","Without Sequence","96.06","",""
"19/02/2025 04:15:00 - 19/02/2025 04:30:00","BZN|FR","Without Sequence","96.06","",""
"19/02/2025 04:30:00 - 19/02/2025 04:45:00","BZN|FR","Without Sequence","96.06","",""
"19/02/2025 04:45:00 - 19/02/2025 05:00:00","BZN|FR","Without Sequence","96.06","",""
"19/02/2025 05:00:00 - 19/02/2025 05:15:00","BZN|FR","Without Sequence","101.83","",""
"19/02/2025 05:15:00 - 19/02/2025 05:30:00","BZN|FR","Without Sequence","101.83","",""
"19/02/2025 05:30:00 - 19/02/2025 05:45:00","BZN|FR","Without Sequence","101.83","",""
"19/02/2025 05:45:00 - 19/02/2025 06:00:00","BZN|FR","Without Sequence","101.83","",""
"19/02/2025 06:00:00 - 19/02/2025 06:15:00","BZN|FR","Without Sequence","120.18","",""
"19/02/2025 06:15:00 - 19/02/2025 06:30:00","BZN|FR","Without Sequence","120.18","",""
"19/02/2025 06:30:00 - 19/02/2025 06:45:00","BZN|FR","Without Sequence","120.18","",""
"19/02/2025 06:45:00 - 19/02/2025 07:00:00","BZN|FR","Without Sequence","120.18","",""
"19/02/2025 07:00:00 - 19/02/2025 07:15:00","BZN|FR","Without Sequence","149.50","",""
"19/02/2025 07:15:00 - 19/02/2025 07:30:00","BZN|FR","Without Sequence","149.50","",""
"19/02/2025 07:30:00 - 19/02/2025 07:45:00","BZN|FR","Without Sequence","149.50","",""
"19/02/2025 07:45:00 - 19/02/2025 08:00:00","BZN|FR","Without Sequence","149.50","",""
"19/02/2025 08:00:00 - 19/02/2025 08:15:00","BZN|FR","Without Sequence","167.39","",""
"19/02/2025 08:15:00 - 19/02/2025 08:30:00","BZN|FR","Without Sequence","167.39","",""
"19/02/2025 08:30:00 - 19/02/2025 08:45:00","BZN|FR","Without Sequence","167.39","",""
"19/02/2025 08:45:00 - 19/02/2025 09:00:00","BZN|FR","Without Sequence","167.39","",""
"19/02/2025 09:00:00 - 19/02/2025 09:15:00","BZN|FR","Without Sequence","133.73","",""
"19/02/2025 09:15:00 - 19/02/2025 09:30:00","BZN|FR","Without Sequence","133.73","",""
"19/02/2025 09:30:00 - 19/02/2025 09:45:00","BZN|FR","Without Sequence","133.73","",""
"19/02/2025 09:45:00 - 19/02/2025 10:00:00","BZN|FR","Without Sequence","133.73","",""
"19/02/2025 10:00:00 - 19/02/2025 10:15:00","BZN|FR","Without Sequence","114.37","",""
"19/02/2025 10:15:00 - 19/02/2025 10:30:00","BZN|FR","Without Sequence","114.37","",""
"19/02/2025 10:30:00 - 19/02/2025 10:45:00","BZN|FR","Without Sequence","114.37","",""
"19/02/2025 10:45:00 - 19/02/2025 11:00:00","BZN|FR","Without Sequence","114.37","",""
"19/02/2025 11:00:00 - 19/02/2025 11:15:00","BZN|FR","Without Sequence","105.57","",""
"19/02/2025 11:15:00 - 19/02/2025 11:30:00","BZN|FR","Without Sequence","105.57","",""
"19/02/2025 11:30:00 - 19/02/2025 11:45:00","BZN|FR","Without Sequence","105.57","",""
"19/02/2025 11:45:00 - 19/02/2025 12:00:00","BZN|FR","Without Sequence","105.57","",""
"19/02/2025 12:00:00 - 19/02/2025 12:15:00","BZN|FR","Without Sequence","104.24","",""
"19/02/2025 12:15:00 - 19/02/2025 12:30:00","BZN|FR","Without Sequence","104.24","",""
"19/02/2025 12:30:00 - 19/02/2025 12:45:00","BZN|FR","Without Sequence","104.24","",""
"19/02/2025 12:45:00 - 19/02/2025 13:00:00","BZN|FR","Without Sequence","104.24","",""
"19/02/2025 13:00:00 - 19/02/2025 13:15:00","BZN|FR","Without Sequence","97.23","",""
"19/02/2025 13:15:00 - 19/02/2025 13:30:00","BZN|FR","Without Sequence","97.23","",""
"19/02/2025 13:30:00 - 19/02/2025 13:45:00","BZN|FR","Without Sequence","97.23","",""
"19/02/2025 13:45:00 - 19/02/2025 14:00:00","BZN|FR","Without Sequence","97.23","",""
"19/02/2025 14:00:00 - 19/02/2025 14:15:00","BZN|FR","Without Sequence","97.30","",""
"19/02/2025 14:15:00 - 19/02/2025 14:30:00","BZN|FR","Without Sequence","97.30","",""
"19/02/2025 14:30:00 - 19/02/2025 14:45:00","BZN|FR","Without Sequence","97.30","",""
"19/02/2025 14:45:00 - 19/02/2025 15:00:00","BZN|FR","Without Sequence","97.30","",""
"19/02/2025 15:00:00 - 19/02/2025 15:15:00","BZN|FR","Without Sequence","109.70","",""
"19/02/2025 15:15:00 - 19/02/2025 15:30:00","BZN|FR","Without Sequence","109.70","",""
"19/02/2025 15:30:00 - 19/02/2025 15:45:00","BZN|FR","Without Sequence","109.70","",""
"19/02/2025 15:45:00 - 19/02/2025 16:00:00","BZN|FR","Without Sequence","109.70","",""
"19/02/2025 16:00:00 - 19/02/2025 16:15:00","BZN|FR","Without Sequence","118.06","",""
"19/02/2025 16:15:00 - 19/02/2025 16:30:00","BZN|FR","Without Sequence","118.06","",""
"19/02/2025 16:30:00 - 19/02/2025 16:45:00","BZN|FR","Without Sequence","118.06","",""
"19/02/2025 16:45:00 - 19/02/2025 17:00:00","BZN|FR","Without Sequence","118.06","",""
"19/02/2025 17:00:00 - 19/02/2025 17:15:00","BZN|FR","Without Sequence","123.29","",""
"19/02/2025 17:15:00 - 19/02/2025 17:30:00","BZN|FR","Without Sequence","123.29","",""
"19/02/2025 17:30:00 - 19/02/2025 17:45:00","BZN|FR","Without Sequence","123.29","",""
"19/02/2025 17:45:00 - 19/02/2025 18:00:00","BZN|FR","Without Sequence","123.29","",""
"19/02/2025 18:00:00 - 19/02/2025 18:15:00","BZN|FR","Without Sequence","151.30","",""
"19/02/2025 18:15:00 - 19/02/2025 18:30:00","BZN|FR","Without Sequence","151.30","",""
"19/02/2025 18:30:00 - 19/02/2025 18:45:00","BZN|FR","Without Sequence","151.30","",""
"19/02/2025 18:45:00 - 19/02/2025 19:00:00","BZN|FR","Without Sequence","151.30","",""
"19/02/2025 19:00:00 - 19/02/2025 19:15:00","BZN|FR","Without Sequence","150.04","",""
"19/02/2025 19:15:00 - 19/02/2025 19:30:00","BZN|FR","Without Sequence","150.04","",""
"19/02/2025 19:30:00 - 19/02/2025 19:45:00","BZN|FR","Without Sequence","150.04","",""
"19/02/2025 19:45:00 - 19/02/2025 20:00:00","BZN|FR","Without Sequence","150.04","",""
"19/02/2025 20:00:00 - 19/02/2025 20:15:00","BZN|FR","Without Sequence","126.79","",""
"19/02/2025 20:15:00 - 19/02/2025 20:30:00","BZN|FR","Without Sequence","126.79","",""
"19/02/2025 20:30:00 - 19/02/2025 20:45:00","BZN|FR","Without Sequence","126.79","",""
"19/02/2025 20:45:00 - 19/02/2025 21:00:00","BZN|FR","Without Sequence","126.79","",""
"19/02/2025 21:00:00 - 19/02/2025 21:15:00","BZN|FR","Without Sequence","118.69","",""
"19/02/2025 21:15:00 - 19/02/2025 21:30:00","BZN|FR","Without Sequence","118.69","",""
"19/02/2025 21:30:00 - 19/02/2025 21:45:00","BZN|FR","Without Sequence","118.69","",""
"19/02/2025 21:45:00 - 19/02/2025 22:00:00","BZN|FR","Without Sequence","118.69","",""
"19/02/2025 22:00:00 - 19/02/2025 22:15:00","BZN|FR","Without Sequence","116.80","",""
"19/02/2025 22:15:00 - 19/02/2025 22:30:00","BZN|FR","Without Sequence","116.80","",""
"19/02/2025 22:30:00 - 19/02/2025 22:45:00","BZN|FR","Without Sequence","116.80","",""
"19/02/2025 22:45:00 - 19/02/2025 23:00:00","BZN|FR","Without Sequence","116.80","",""
"19/02/2025 23:00:00 - 19/02/2025 23:15:00","BZN|FR","Without Sequence","105.34","",""
"19/02/2025 23:15:00 - 19/02/2025 23:30:00","BZN|FR","Without Sequence","105.34","",""
"19/02/2025 23:30:00 - 19/02/2025 23:45:00","BZN|FR","Without Sequence","105.34","",""
"19/02/2025 23:45:00 - 20/02/2025 00:00:00","BZN|FR","Without Sequence","105.34","",""
"20/02/2025 00:00:00 - 20/02/2025 00:15:00","BZN|FR","Without Sequence","90.89","",""
"20/02/2025 00:15:00 - 20/02/2025 00:30:00","BZN|FR","Without Sequence","90.89","",""
"20/02/2025 00:30:00 - 20/02/2025 00:45:00","BZN|FR","Without Sequence","90.89","",""
"20/02/2025 00:45:00 - 20/02/2025 01:00:00","BZN|FR","Without Sequence","90.89","",""
"20/02/2025 01:00:00 - 20/02/2025 01:15:00","BZN|FR","Without Sequence","89.97","",""
"20/02/2025 01:15:00 - 20/02/2025 01:30:00","BZN|FR","Without Sequence","89.97","",""
"20/02/2025 01:30:00 - 20/02/2025 01:45:00","BZN|FR","Without Sequence","89.97","",""
"20/02/2025 01:45:00 - 20/02/2025 02:00:00","BZN|FR","Without Sequence","89.97","",""
"20/02/2025 02:00:00 - 20/02/2025 02:15:00","BZN|FR","Without Sequence","89.41","",""
"20/02/2025 02:15:00 - 20/02/2025 02:30:00","BZN|FR","Without Sequence","89.41","",""
"20/02/2025 02:30:00 - 20/02/2025 02:45:00","BZN|FR","Without Sequence","89.41","",""
"20/02/2025 02:45:00 - 20/02/2025 03:00:00","BZN|FR","Without Sequence","89.41","",""
"20/02/2025 03:00:00 - 20/02/2025 03:15:00","BZN|FR","Without Sequence","87.03","",""
"20/02/2025 03:15:00 - 20/02/2025 03:30:00","BZN|FR","Without Sequence","87.03","",""
"20/02/2025 03:30:00 - 20/02/2025 03:45:00","BZN|FR","Without Sequence","87.03","",""
"20/02/2025 03:45:00 - 20/02/2025 04:00:00","BZN|FR","Without Sequence","87.03","",""
"20/02/2025 04:00:00 - 20/02/2025 04:15:00","BZN|FR","Without Sequence","85.89","",""
"20/02/2025 04:15:00 - 20/02/2025 04:30:00","BZN|FR","Without Sequence","85.89","",""
"20/02/2025 04:30:00 - 20/02/2025 04:45:00","BZN|FR","Without Sequence","85.89","",""
"20/02/2025 04:45:00 - 20/02/2025 05:00:00","BZN|FR","Without Sequence","85.89","",""
"20/02/2025 05:00:00 - 20/02/2025 05:15:00","BZN|FR","Without Sequence","87.98","",""
"20/02/2025 05:15:00 - 20/02/2025 05:30:00","BZN|FR","Without Sequence","87.98","",""
"20/02/2025 05:30:00 - 20/02/2025 05:45:00","BZN|FR","Without Sequence","87.98","",""
"20/02/2025 05:45:00 - 20/02/2025 06:00:00","BZN|FR","Without Sequence","87.98","",""
"20/02/2025 06:00:00 - 20/02/2025 06:15:00","BZN|FR","Without Sequence","98.19","",""
"20/02/2025 06:15:00 - 20/02/2025 06:30:00","BZN|FR","Without Sequence","98.19","",""
"20/02/2025 06:30:00 - 20/02/2025 06:45:00","BZN|FR","Without Sequence","98.19","",""
"20/02/2025 06:45:00 - 20/02/2025 07:00:00","BZN|FR","Without Sequence","98.19","",""
"20/02/2025 07:00:00 - 20/02/2025 07:15:00","BZN|FR","Without Sequence","113.87","",""
"20/02/2025 07:15:00 - 20/02/2025 07:30:00","BZN|FR","Without Sequence","113.87","",""
"20/02/2025 07:30:00 - 20/02/2025 07:45:00","BZN|FR","Without Sequence","113.87","",""
"20/02/2025 07:45:00 - 20/02/2025 08:00:00","BZN|FR","Without Sequence","113.87","",""
"20/02/2025 08:00:00 - 20/02/2025 08:15:00","BZN|FR","Without Sequence","131.10","",""
"20/02/2025 08:15:00 - 20/02/2025 08:30:00","BZN|FR","Without Sequence","131.10","",""
"20/02/2025 08:30:00 - 20/02/2025 08:45:00","BZN|FR","Without Sequence","131.10","",""
"20/02/2025 08:45:00 - 20/02/2025 09:00:00","BZN|FR","Without Sequence","131.10","",""
"20/02/2025 09:00:00 - 20/02/2025 09:15:00","BZN|FR","Without Sequence","114.26","",""
"20/02/2025 09:15:00 - 20/02/2025 09:30:00","BZN|FR","Without Sequence","114.26","",""
"20/02/2025 09:30:00 - 20/02/2025 09:45:00","BZN|FR","Without Sequence","114.26","",""
"20/02/2025 09:45:00 - 20/02/2025 10:00:00","BZN|FR","Without Sequence","114.26","",""
"20/02/2025 10:00:00 - 20/02/2025 10:15:00","BZN|FR","Without Sequence","98.01","",""
"20/02/2025 10:15:00 - 20/02/2025 10:30:00","BZN|FR","Without Sequence","98.01","",""
"20/02/2025 10:30:00 - 20/02/2025 10:45:00","BZN|FR","Without Sequence","98.01","",""
"20/02/2025 10:45:00 - 20/02/2025 11:00:00","BZN|FR","Without Sequence","98.01","",""
"20/02/2025 11:00:00 - 20/02/2025 11:15:00","BZN|FR","Without Sequence","87.90","",""
"20/02/2025 11:15:00 - 20/02/2025 11:30:00","BZN|FR","Without Sequence","87.90","",""
"20/02/2025 11:30:00 - 20/02/2025 11:45:00","BZN|FR","Without Sequence","87.90","",""
"20/02/2025 11:45:00 - 20/02/2025 12:00:00","BZN|FR","Without Sequence","87.90","",""
"20/02/2025 12:00:00 - 20/02/2025 12:15:00","BZN|FR","Without Sequence","87.87","",""
"20/02/2025 12:15:00 - 20/02/2025 12:30:00","BZN|FR","Without Sequence","87.87","",""
"20/02/2025 12:30:00 - 20/02/2025 12:45:00","BZN|FR","Without Sequence","87.87","",""
"20/02/2025 12:45:00 - 20/02/2025 13:00:00","BZN|FR","Without Sequence","87.87","",""
"20/02/2025 13:00:00 - 20/02/2025 13:15:00","BZN|FR","Without Sequence","85.05","",""
"20/02/2025 13:15:00 - 20/02/2025 13:30:00","BZN|FR","Without Sequence","85.05","",""
"20/02/2025 13:30:00 - 20/02/2025 13:45:00","BZN|FR","Without Sequence","85.05","",""
"20/02/2025 13:45:00 - 20/02/2025 14:00:00","BZN|FR","Without Sequence","85.05","",""
"20/02/2025 14:00:00 - 20/02/2025 14:15:00","BZN|FR","Without Sequence","85.53","",""
"20/02/2025 14:15:00 - 20/02/2025 14:30:00","BZN|FR","Without Sequence","85.53","",""
"20/02/2025 14:30:00 - 20/02/2025 14:45:00","BZN|FR","Without Sequence","85.53","",""
"20/02/2025 14:45:00 - 20/02/2025 15:00:00","BZN|FR","Without Sequence","85.53","",""
"20/02/2025 15:00:00 - 20/02/2025 15:15:00","BZN|FR","Without Sequence","88.29","",""
"20/02/2025 15:15:00 - 20/02/2025 15:30:00","BZN|FR","Without Sequence","88.29","",""
"20/02/2025 15:30:00 - 20/02/2025 15:45:00","BZN|FR","Without Sequence","88.29","",""
"20/02/2025 15:45:00 - 20/02/2025 16:00:00","BZN|FR","Without Sequence","88.29","",""
"20/02/2025 16:00:00 - 20/02/2025 16:15:00","BZN|FR","Without Sequence","91.10","",""
"20/02/2025 16:15:00 - 20/02/2025 16:30:00","BZN|FR","Without Sequence","91.10","",""
"20/02/2025 16:30:00 - 20/02/2025 16:45:00","BZN|FR","Without Sequence","91.10","",""
"20/02/2025 16:45:00 - 20/02/2025 17:00:00","BZN|FR","Without Sequence","91.10","",""
"20/02/2025 17:00:00 - 20/02/2025 17:15:00","BZN|FR","Without Sequence","109.56","",""
"20/02/2025 17:15:00 - 20/02/2025 17:30:00","BZN|FR","Without Sequence","109.56","",""
"20/02/2025 17:30:00 - 20/02/2025 17:45:00","BZN|FR","Without Sequence","109.56","",""
"20/02/2025 17:45:00 - 20/02/2025 18:00:00","BZN|FR","Without Sequence","109.56","",""
"20/02/2025 18:00:00 - 20/02/2025 18:15:00","BZN|FR","Without Sequence","127.42","",""
"20/02/2025 18:15:00 - 20/02/2025 18:30:00","BZN|FR","Without Sequence","127.42","",""
"20/02/2025 18:30:00 - 20/02/2025 18:45:00","BZN|FR","Without Sequence","127.42","",""
"20/02/2025 18:45:00 - 20/02/2025 19:00:00","BZN|FR","Without Sequence","127.42","",""
"20/02/2025 19:00:00 - 20/02/2025 19:15:00","BZN|FR","Without Sequence","133.98","",""
"20/02/2025 19:15:00 - 20/02/2025 19:30:00","BZN|FR","Without Sequence","133.98","",""
"20/02/2025 19:30:00 - 20/02/2025 19:45:00","BZN|FR","Without Sequence","133.98","",""
"20/02/2025 19:45:00 - 20/02/2025 20:00:00","BZN|FR","Without Sequence","133.98","",""
"20/02/2025 20:00:00 - 20/02/2025 20:15:00","BZN|FR","Without Sequence","116.63","",""
"20/02/2025 20:15:00 - 20/02/2025 20:30:00","BZN|FR","Without Sequence","116.63","",""
"20/02/2025 20:30:00 - 20/02/2025 20:45:00","BZN|FR","Without Sequence","116.63","",""
"20/02/2025 20:45:00 - 20/02/2025 21:00:00","BZN|FR","Without Sequence","116.63","",""
"20/02/2025 21:00:00 - 20/02/2025 21:15:00","BZN|FR","Without Sequence","101.28","",""
"20/02/2025 21:15:00 - 20/02/2025 21:30:00","BZN|FR","Without Sequence","101.28","",""
"20/02/2025 21:30:00 - 20/02/2025 21:45:00","BZN|FR","Without Sequence","101.28","",""
"20/02/2025 21:45:00 - 20/02/2025 22:00:00","BZN|FR","Without Sequence","101.28","",""
"20/02/2025 22:00:00 - 20/02/2025 22:15:00","BZN|FR","Without Sequence","98.51","",""
"20/02/2025 22:15:00 - 20/02/2025 22:30:00","BZN|FR","Without Sequence","98.51","",""
"20/02/2025 22:30:00 - 20/02/2025 22:45:00","BZN|FR","Without Sequence","98.51","",""
"20/02/2025 22:45:00 - 20/02/2025 23:00:00","BZN|FR","Without Sequence","98.51","",""
"20/02/2025 23:00:00 - 20/02/2025 23:15:00","BZN|FR","Without Sequence","88.00","",""
"20/02/2025 23:15:00 - 20/02/2025 23:30:00","BZN|FR","Without Sequence","88.00","",""
"20/02/2025 23:30:00 - 20/02/2025 23:45:00","BZN|FR","Without Sequence","88.00","",""
"20/02/2025 23:45:00 - 21/02/2025 00:00:00","BZN|FR","Without Sequence","88.00","",""
"21/02/2025 00:00:00 - 21/02/2025 00:15:00","BZN|FR","Without Sequence","76.16","",""
"21/02/2025 00:15:00 - 21/02/2025 00:30:00","BZN|FR","Without Sequence","76.16","",""
"21/02/2025 00:30:00 - 21/02/2025 00:45:00","BZN|FR","Without Sequence","76.16","",""
"21/02/2025 00:45:00 - 21/02/2025 01:00:00","BZN|FR","Without Sequence","76.16","",""
"21/02/2025 01:00:00 - 21/02/2025 01:15:00","BZN|FR","Without Sequence","70.00","",""
"21/02/2025 01:15:00 - 21/02/2025 01:30:00","BZN|FR","Without Sequence","70.00","",""
"21/02/2025 01:30:00 - 21/02/2025 01:45:00","BZN|FR","Without Sequence","70.00","",""
"21/02/2025 01:45:00 - 21/02/2025 02:00:00","BZN|FR","Without Sequence","70.00","",""
"21/02/2025 02:00:00 - 21/02/2025 02:15:00","BZN|FR","Without Sequence","62.07","",""
"21/02/2025 02:15:00 - 21/02/2025 02:30:00","BZN|FR","Without Sequence","62.07","",""
"21/02/2025 02:30:00 - 21/02/2025 02:45:00","BZN|FR","Without Sequence","62.07","",""
"21/02/2025 02:45:00 - 21/02/2025 03:00:00","BZN|FR","Without Sequence","62.07","",""
"21/02/2025 03:00:00 - 21/02/2025 03:15:00","BZN|FR","Without Sequence","51.98","",""
"21/02/2025 03:15:00 - 21/02/2025 03:30:00","BZN|FR","Without Sequence","51.98","",""
"21/02/2025 03:30:00 - 21/02/2025 03:45:00","BZN|FR","Without Sequence","51.98","",""
"21/02/2025 03:45:00 - 21/02/2025 04:00:00","BZN|FR","Without Sequence","51.98","",""
"21/02/2025 04:00:00 - 21/02/2025 04:15:00","BZN|FR","Without Sequence","40.70","",""
"21/02/2025 04:15:00 - 21/02/2025 04:30:00","BZN|FR","Without Sequence","40.70","",""
"21/02/2025 04:30:00 - 21/02/2025 04:45:00","BZN|FR","Without Sequence","40.70","",""
"21/02/2025 04:45:00 - 21/02/2025 05:00:00","BZN|FR","Without Sequence","40.70","",""
"21/02/2025 05:00:00 - 21/02/2025 05:15:00","BZN|FR","Without Sequence","38.71","",""
"21/02/2025 05:15:00 - 21/02/2025 05:30:00","BZN|FR","Without Sequence","38.71","",""
"21/02/2025 05:30:00 - 21/02/2025 05:45:00","BZN|FR","Without Sequence","38.71","",""
"21/02/2025 05:45:00 - 21/02/2025 06:00:00","BZN|FR","Without Sequence","38.71","",""
"21/02/2025 06:00:00 - 21/02/2025 06:15:00","BZN|FR","Without Sequence","52.50","",""
"21/02/2025 06:15:00 - 21/02/2025 06:30:00","BZN|FR","Without Sequence","52.50","",""
"21/02/2025 06:30:00 - 21/02/2025 06:45:00","BZN|FR","Without Sequence","52.50","",""
"21/02/2025 06:45:00 - 21/02/2025 07:00:00","BZN|FR","Without Sequence","52.50","",""
"21/02/2025 07:00:00 - 21/02/2025 07:15:00","BZN|FR","Without Sequence","69.96","",""
"21/02/2025 07:15:00 - 21/02/2025 07:30:00","BZN|FR","Without Sequence","69.96","",""
"21/02/2025 07:30:00 - 21/02/2025 07:45:00","BZN|FR","Without Sequence","69.96","",""
"21/02/2025 07:45:00 - 21/02/2025 08:00:00","BZN|FR","Without Sequence","69.96","",""
"21/02/2025 08:00:00 - 21/02/2025 08:15:00","BZN|FR","Without Sequence","78.92","",""
"21/02/2025 08:15:00 - 21/02/2025 08:30:00","BZN|FR","Without Sequence","78.92","",""
"21/02/2025 08:30:00 - 21/02/2025 08:45:00","BZN|FR","Without Sequence","78.92","",""
"21/02/2025 08:45:00 - 21/02/2025 09:00:00","BZN|FR","Without Sequence","78.92","",""
"21/02/2025 09:00:00 - 21/02/2025 09:15:00","BZN|FR","Without Sequence","80.11","",""
"21/02/2025 09:15:00 - 21/02/2025 09:30:00","BZN|FR","Without Sequence","80.11","",""
"21/02/2025 09:30:00 - 21/02/2025 09:45:00","BZN|FR","Without Sequence","80.11","",""
"21/02/2025 09:45:00 - 21/02/2025 10:00:00","BZN|FR","Without Sequence","80.11","",""
"21/02/2025 10:00:00 - 21/02/2025 10:15:00","BZN|FR","Without Sequence","67.46","",""
"21/02/2025 10:15:00 - 21/02/2025 10:30:00","BZN|FR","Without Sequence","67.46","",""
"21/02/2025 10:30:00 - 21/02/2025 10:45:00","BZN|FR","Without Sequence","67.46","",""
"21/02/2025 10:45:00 - 21/02/2025 11:00:00","BZN|FR","Without Sequence","67.46","",""
"21/02/2025 11:00:00 - 21/02/2025 11:15:00","BZN|FR","Without Sequence","50.69","",""
"21/02/2025 11:15:00 - 21/02/2025 11:30:00","BZN|FR","Without Sequence","50.69","",""
"21/02/2025 11:30:00 - 21/02/2025 11:45:00","BZN|FR","Without Sequence","50.69","",""
"21/02/2025 11:45:00 - 21/02/2025 12:00:00","BZN|FR","Without Sequence","50.69","",""
"21/02/2025 12:00:00 - 21/02/2025 12:15:00","BZN|FR","Without Sequence","52.95","",""
"21/02/2025 12:15:00 - 21/02/2025 12:30:00","BZN|FR","Without Sequence","52.95","",""
"21/02/2025 12:30:00 - 21/02/2025 12:45:00","BZN|FR","Without Sequence","52.95","",""
"21/02/2025 12:45:00 - 21/02/2025 13:00:00","BZN|FR","Without Sequence","52.95","",""
"21/02/2025 13:00:00 - 21/02/2025 13:15:00","BZN|FR","Without Sequence","43.87","",""
"21/02/2025 13:15:00 - 21/02/2025 13:30:00","BZN|FR","Without Sequence","43.87","",""
"21/02/2025 13:30:00 - 21/02/2025 13:45:00","BZN|FR","Without Sequence","43.87","",""
"21/02/2025 13:45:00 - 21/02/2025 14:00:00","BZN|FR","Without Sequence","43.87","",""
"21/02/2025 14:00:00 - 21/02/2025 14:15:00","BZN|FR","Without Sequence","32.74","",""
"21/02/2025 14:15:00 - 21/02/2025 14:30:00","BZN|FR","Without Sequence","32.74","",""
"21/02/2025 14:30:00 - 21/02/2025 14:45:00","BZN|FR","Without Sequence","32.74","",""
"21/02/2025 14:45:00 - 21/02/2025 15:00:00","BZN|FR","Without Sequence","32.74","",""
"21/02/2025 15:00:00 - 21/02/2025 15:15:00","BZN|FR","Without Sequence","50.16","",""
"21/02/2025 15:15:00 - 21/02/2025 15:30:00","BZN|FR","Without Sequence","50.16","",""
"21/02/2025 15:30:00 - 21/02/2025 15:45:00","BZN|FR","Without Sequence","50.16","",""
"21/02/2025 15:45:00 - 21/02/2025 16:00:00","BZN|FR","Without Sequence","50.16","",""
"21/02/2025 16:00:00 - 21/02/2025 16:15:00","BZN|FR","Without Sequence","53.90","",""
"21/02/2025 16:15:00 - 21/02/2025 16:30:00","BZN|FR","Without Sequence","53.90","",""
"21/02/2025 16:30:00 - 21/02/2025 16:45:00","BZN|FR","Without Sequence","53.90","",""
"21/02/2025 16:45:00 - 21/02/2025 17:00:00","BZN|FR","Without Sequence","53.90","",""
"21/02/2025 17:00:00 - 21/02/2025 17:15:00","BZN|FR","Without Sequence","76.34","",""
"21/02/2025 17:15:00 - 21/02/2025 17:30:00","BZN|FR","Without Sequence","76.34","",""
"21/02/2025 17:30:00 - 21/02/2025 17:45:00","BZN|FR","Without Sequence","76.34","",""
"21/02/2025 17:45:00 - 21/02/2025 18:00:00","BZN|FR","Without Sequence","76.34","",""
"21/02/2025 18:00:00 - 21/02/2025 18:15:00","BZN|FR","Without Sequence","94.58","",""
"21/02/2025 18:15:00 - 21/02/2025 18:30:00","BZN|FR","Without Sequence","94.58","",""
"21/02/2025 18:30:00 - 21/02/2025 18:45:00","BZN|FR","Without Sequence","94.58","",""
"21/02/2025 18:45:00 - 21/02/2025 19:00:00","BZN|FR","Without Sequence","94.58","",""
"21/02/2025 19:00:00 - 21/02/2025 19:15:00","BZN|FR","Without Sequence","93.83","",""
"21/02/2025 19:15:00 - 21/02/2025 19:30:00","BZN|FR","Without Sequence","93.83","",""
"21/02/2025 19:30:00 - 21/02/2025 19:45:00","BZN|FR","Without Sequence","93.83","",""
"21/02/2025 19:45:00 - 21/02/2025 20:00:00","BZN|FR","Without Sequence","93.83","",""
"21/02/2025 20:00:00 - 21/02/2025 20:15:00","BZN|FR","Without Sequence","84.97","",""
"21/02/2025 20:15:00 - 21/02/2025 20:30:00","BZN|FR","Without Sequence","84.97","",""
"21/02/2025 20:30:00 - 21/02/2025 20:45:00","BZN|FR","Without Sequence","84.97","",""
"21/02/2025 20:45:00 - 21/02/2025 21:00:00","BZN|FR","Without Sequence","84.97","",""
"21/02/2025 21:00:00 - 21/02/2025 21:15:00","BZN|FR","Without Sequence","70.94","",""
"21/02/2025 21:15:00 - 21/02/2025 21:30:00","BZN|FR","Without Sequence","70.94","",""
"21/02/2025 21:30:00 - 21/02/2025 21:45:00","BZN|FR","Without Sequence","70.94","",""
"21/02/2025 21:45:00 - 21/02/2025 22:00:00","BZN|FR","Without Sequence","70.94","",""
"21/02/2025 22:00:00 - 21/02/2025 22:15:00","BZN|FR","Without Sequence","69.96","",""
"21/02/2025 22:15:00 - 21/02/2025 22:30:00","BZN|FR","Without Sequence","69.96","",""
"21/02/2025 22:30:00 - 21/02/2025 22:45:00","BZN|FR","Without Sequence","69.96","",""
"21/02/2025 22:45:00 - 21/02/2025 23:00:00","BZN|FR","Without Sequence","69.96","",""
"21/02/2025 23:00:00 - 21/02/2025 23:15:00","BZN|FR","Without Sequence","70.17","",""
"21/02/2025 23:15:00 - 21/02/2025 23:30:00","BZN|FR","Without Sequence","70.17","",""
"21/02/2025 23:30:00 - 21/02/2025 23:45:00","BZN|FR","Without Sequence","70.17","",""
"21/02/2025 23:45:00 - 22/02/2025 00:00:00","BZN|FR","Without Sequence","70.17","",""
"22/02/2025 00:00:00 - 22/02/2025 00:15:00","BZN|FR","Without Sequence","59.05","",""
"22/02/2025 00:15:00 - 22/02/2025 00:30:00","BZN|FR","Without Sequence","59.05","",""
"22/02/2025 00:30:00 - 22/02/2025 00:45:00","BZN|FR","Without Sequence","59.05","",""
"22/02/2025 00:45:00 - 22/02/2025 01:00:00","BZN|FR","Without Sequence","59.05","",""
"22/02/2025 01:00:00 - 22/02/2025 01:15:00","BZN|FR","Without Sequence","53.92","",""
"22/02/2025 01:15:00 - 22/02/2025 01:30:00","BZN|FR","Without Sequence","53.92","",""
"22/02/2025 01:30:00 - 22/02/2025 01:45:00","BZN|FR","Without Sequence","53.92","",""
"22/02/2025 01:45:00 - 22/02/2025 02:00:00","BZN|FR","Without Sequence","53.92","",""
"22/02/2025 02:00:00 - 22/02/2025 02:15:00","BZN|FR","Without Sequence","52.12","",""
"22/02/2025 02:15:00 - 22/02/2025 02:30:00","BZN|FR","Without Sequence","52.12","",""
"22/02/2025 02:30:00 - 22/02/2025 02:45:00","BZN|FR","Without Sequence","52.12","",""
"22/02/2025 02:45:00 - 22/02/2025 03:00:00","BZN|FR","Without Sequence","52.12","",""
"22/02/2025 03:00:00 - 22/02/2025 03:15:00","BZN|FR","Without Sequence","45.50","",""
"22/02/2025 03:15:00 - 22/02/2025 03:30:00","BZN|FR","Without Sequence","45.50","",""
"22/02/2025 03:30:00 - 22/02/2025 03:45:00","BZN|FR","Without Sequence","45.50","",""
"22/02/2025 03:45:00 - 22/02/2025 04:00:00","BZN|FR","Without Sequence","45.50","",""
"22/02/2025 04:00:00 - 22/02/2025 04:15:00","BZN|FR","Without Sequence","44.72","",""
"22/02/2025 04:15:00 - 22/02/2025 04:30:00","BZN|FR","Without Sequence","44.72","",""
"22/02/2025 04:30:00 - 22/02/2025 04:45:00","BZN|FR","Without Sequence","44.72","",""
"22/02/2025 04:45:00 - 22/02/2025 05:00:00","BZN|FR","Without Sequence","44.72","",""
"22/02/2025 05:00:00 - 22/02/2025 05:15:00","BZN|FR","Without Sequence","55.54","",""
"22/02/2025 05:15:00 - 22/02/2025 05:30:00","BZN|FR","Without Sequence","55.54","",""
"22/02/2025 05:30:00 - 22/02/2025 05:45:00","BZN|FR","Without Sequence","55.54","",""
"22/02/2025 05:45:00 - 22/02/2025 06:00:00","BZN|FR","Without Sequence","55.54","",""
"22/02/2025 06:00:00 - 22/02/2025 06:15:00","BZN|FR","Without Sequence","61.03","",""
"22/02/2025 06:15:00 - 22/02/2025 06:30:00","BZN|FR","Without Sequence","61.03","",""
"22/02/2025 06:30:00 - 22/02/2025 06:45:00","BZN|FR","Without Sequence","61.03","",""
"22/02/2025 06:45:00 - 22/02/2025 07:00:00","BZN|FR","Without Sequence","61.03","",""
"22/02/2025 07:00:00 - 22/02/2025 07:15:00","BZN|FR","Without Sequence","70.83","",""
"22/02/2025 07:15:00 - 22/02/2025 07:30:00","BZN|FR","Without Sequence","70.83","",""
"22/02/2025 07:30:00 - 22/02/2025 07:45:00","BZN|FR","Without Sequence","70.83","",""
"22/02/2025 07:45:00 - 22/02/2025 08:00:00","BZN|FR","Without Sequence","70.83","",""
"22/02/2025 08:00:00 - 22/02/2025 08:15:00","BZN|FR","Without Sequence","73.33","",""
"22/02/2025 08:15:00 - 22/02/2025 08:30:00","BZN|FR","Without Sequence","73.33","",""
"22/02/2025 08:30:00 - 22/02/2025 08:45:00","BZN|FR","Without Sequence","73.33","",""
"22/02/2025 08:45:00 - 22/02/2025 09:00:00","BZN|FR","Without Sequence","73.33","",""
"22/02/2025 09:00:00 - 22/02/2025 09:15:00","BZN|FR","Without Sequence","72.86","",""
"22/02/2025 09:15:00 - 22/02/2025 09:30:00","BZN|FR","Without Sequence","72.86","",""
"22/02/2025 09:30:00 - 22/02/2025 09:45:00","BZN|FR","Without Sequence","72.86","",""
"22/02/2025 09:45:00 - 22/02/2025 10:00:00","BZN|FR","Without Sequence","72.86","",""
"22/02/2025 10:00:00 - 22/02/2025 10:15:00","BZN|FR","Without Sequence","64.48","",""
"22/02/2025 10:15:00 - 22/02/2025 10:30:00","BZN|FR","Without Sequence","64.48","",""
"22/02/2025 10:30:00 - 22/02/2025 10:45:00","BZN|FR","Without Sequence","64.48","",""
"22/02/2025 10:45:00 - 22/02/2025 11:00:00","BZN|FR","Without Sequence","64.48","",""
"22/02/2025 11:00:00 - 22/02/2025 11:15:00","BZN|FR","Without Sequence","63.00","",""
"22/02/2025 11:15:00 - 22/02/2025 11:30:00","BZN|FR","Without Sequence","63.00","",""
"22/02/2025 11:30:00 - 22/02/2025 11:45:00","BZN|FR","Without Sequence","63.00","",""
"22/02/2025 11:45:00 - 22/02/2025 12:00:00","BZN|FR","Without Sequence","63.00","",""
"22/02/2025 12:00:00 - 22/02/2025 12:15:00","BZN|FR","Without Sequence","60.07","",""
"22/02/2025 12:15:00 - 22/02/2025 12:30:00","BZN|FR","Without Sequence","60.07","",""
"22/02/2025 12:30:00 - 22/02/2025 12:45:00","BZN|FR","Without Sequence","60.07","",""
"22/02/2025 12:45:00 - 22/02/2025 13:00:00","BZN|FR","Without Sequence","60.07","",""
"22/02/2025 13:00:00 - 22/02/2025 13:15:00","BZN|FR","Without Sequence","58.15","",""
"22/02/2025 13:15:00 - 22/02/2025 13:30:00","BZN|FR","Without Sequence","58.15","",""
"22/02/2025 13:30:00 - 22/02/2025 13:45:00","BZN|FR","Without Sequence","58.15","",""
"22/02/2025 13:45:00 - 22/02/2025 14:00:00","BZN|FR","Without Sequence","58.15","",""
"22/02/2025 14:00:00 - 22/02/2025 14:15:00","BZN|FR","Without Sequence","65.05","",""
"22/02/2025 14:15:00 - 22/02/2025 14:30:00","BZN|FR","Without Sequence","65.05","",""
"22/02/2025 14:30:00 - 22/02/2025 14:45:00","BZN|FR","Without Sequence","65.05","",""
"22/02/2025 14:45:00 - 22/02/2025 15:00:00","BZN|FR","Without Sequence","65.05","",""
"22/02/2025 15:00:00 - 22/02/2025 15:15:00","BZN|FR","Without Sequence","62.77","",""
"22/02/2025 15:15:00 - 22/02/2025 15:30:00","BZN|FR","Without Sequence","62.77","",""
"22/02/2025 15:30:00 - 22/02/2025 15:45:00","BZN|FR","Without Sequence","62.77","",""
"22/02/2025 15:45:00 - 22/02/2025 16:00:00","BZN|FR","Without Sequence","62.77","",""
"22/02/2025 16:00:00 - 22/02/2025 16:15:00","BZN|FR","Without Sequence","63.72","",""
"22/02/2025 16:15:00 - 22/02/2025 16:30:00","BZN|FR","Without Sequence","63.72","",""
"22/02/2025 16:30:00 - 22/02/2025 16:45:00","BZN|FR","Without Sequence","63.72","",""
"22/02/2025 16:45:00 - 22/02/2025 17:00:00","BZN|FR","Without Sequence","63.72","",""
"22/02/2025 17:00:00 - 22/02/2025 17:15:00","BZN|FR","Without Sequence","82.22","",""
"22/02/2025 17:15:00 - 22/02/2025 17:30:00","BZN|FR","Without Sequence","82.22","",""
"22/02/2025 17:30:00 - 22/02/2025 17:45:00","BZN|FR","Without Sequence","82.22","",""
"22/02/2025 17:45:00 - 22/02/2025 18:00:00","BZN|FR","Without Sequence","82.22","",""
"22/02/2025 18:00:00 - 22/02/2025 18:15:00","BZN|FR","Without Sequence","122.94","",""
"22/02/2025 18:15:00 - 22/02/2025 18:30:00","BZN|FR","Without Sequence","122.94","",""
"22/02/2025 18:30:00 - 22/02/2025 18:45:00","BZN|FR","Without Sequence","122.94","",""
"22/02/2025 18:45:00 - 22/02/2025 19:00:00","BZN|FR","Without Sequence","122.94","",""
"22/02/2025 19:00:00 - 22/02/2025 19:15:00","BZN|FR","Without Sequence","130.72","",""
"22/02/2025 19:15:00 - 22/02/2025 19:30:00","BZN|FR","Without Sequence","130.72","",""
"22/02/2025 19:30:00 - 22/02/2025 19:45:00","BZN|FR","Without Sequence","130.72","",""
"22/02/2025 19:45:00 - 22/02/2025 20:00:00","BZN|FR","Without Sequence","130.72","",""
"22/02/2025 20:00:00 - 22/02/2025 20:15:00","BZN|FR","Without Sequence","121.47","",""
"22/02/2025 20:15:00 - 22/02/2025 20:30:00","BZN|FR","Without Sequence","121.47","",""
"22/02/2025 20:30:00 - 22/02/2025 20:45:00","BZN|FR","Without Sequence","121.47","",""
"22/02/2025 20:45:00 - 22/02/2025 21:00:00","BZN|FR","Without Sequence","121.47","",""
"22/02/2025 21:00:00 - 22/02/2025 21:15:00","BZN|FR","Without Sequence","110.79","",""
"22/02/2025 21:15:00 - 22/02/2025 21:30:00","BZN|FR","Without Sequence","110.79","",""
"22/02/2025 21:30:00 - 22/02/2025 21:45:00","BZN|FR","Without Sequence","110.79","",""
"22/02/2025 21:45:00 - 22/02/2025 22:00:00","BZN|FR","Without Sequence","110.79","",""
"22/02/2025 22:00:00 - 22/02/2025 22:15:00","BZN|FR","Without Sequence","107.11","",""
"22/02/2025 22:15:00 - 22/02/2025 22:30:00","BZN|FR","Without Sequence","107.11","",""
"22/02/2025 22:30:00 - 22/02/2025 22:45:00","BZN|FR","Without Sequence","107.11","",""
"22/02/2025 22:45:00 - 22/02/2025 23:00:00","BZN|FR","Without Sequence","107.11","",""
"22/02/2025 23:00:00 - 22/02/2025 23:15:00","BZN|FR","Without Sequence","102.20","",""
"22/02/2025 23:15:00 - 22/02/2025 23:30:00","BZN|FR","Without Sequence","102.20","",""
"22/02/2025 23:30:00 - 22/02/2025 23:45:00","BZN|FR","Without Sequence","102.20","",""
"22/02/2025 23:45:00 - 23/02/2025 00:00:00","BZN|FR","Without Sequence","102.20","",""
"23/02/2025 00:00:00 - 23/02/2025 00:15:00","BZN|FR","Without Sequence","99.25","",""
"23/02/2025 00:15:00 - 23/02/2025 00:30:00","BZN|FR","Without Sequence","99.25","",""
"23/02/2025 00:30:00 - 23/02/2025 00:45:00","BZN|FR","Without Sequence","99.25","",""
"23/02/2025 00:45:00 - 23/02/2025 01:00:00","BZN|FR","Without Sequence","99.25","",""
"23/02/2025 01:00:00 - 23/02/2025 01:15:00","BZN|FR","Without Sequence","90.94","",""
"23/02/2025 01:15:00 - 23/02/2025 01:30:00","BZN|FR","Without Sequence","90.94","",""
"23/02/2025 01:30:00 - 23/02/2025 01:45:00","BZN|FR","Without Sequence","90.94","",""
"23/02/2025 01:45:00 - 23/02/2025 02:00:00","BZN|FR","Without Sequence","90.94","",""
"23/02/2025 02:00:00 - 23/02/2025 02:15:00","BZN|FR","Without Sequence","88.92","",""
"23/02/2025 02:15:00 - 23/02/2025 02:30:00","BZN|FR","Without Sequence","88.92","",""
"23/02/2025 02:30:00 - 23/02/2025 02:45:00","BZN|FR","Without Sequence","88.92","",""
"23/02/2025 02:45:00 - 23/02/2025 03:00:00","BZN|FR","Without Sequence","88.92","",""
"23/02/2025 03:00:00 - 23/02/2025 03:15:00","BZN|FR","Without Sequence","77.83","",""
"23/02/2025 03:15:00 - 23/02/2025 03:30:00","BZN|FR","Without Sequence","77.83","",""
"23/02/2025 03:30:00 - 23/02/2025 03:45:00","BZN|FR","Without Sequence","77.83","",""
"23/02/2025 03:45:00 - 23/02/2025 04:00:00","BZN|FR","Without Sequence","77.83","",""
"23/02/2025 04:00:00 - 23/02/2025 04:15:00","BZN|FR","Without Sequence","75.54","",""
"23/02/2025 04:15:00 - 23/02/2025 04:30:00","BZN|FR","Without Sequence","75.54","",""
"23/02/2025 04:30:00 - 23/02/2025 04:45:00","BZN|FR","Without Sequence","75.54","",""
"23/02/2025 04:45:00 - 23/02/2025 05:00:00","BZN|FR","Without Sequence","75.54","",""
"23/02/2025 05:00:00 - 23/02/2025 05:15:00","BZN|FR","Without Sequence","76.45","",""
"23/02/2025 05:15:00 - 23/02/2025 05:30:00","BZN|FR","Without Sequence","76.45","",""
"23/02/2025 05:30:00 - 23/02/2025 05:45:00","BZN|FR","Without Sequence","76.45","",""
"23/02/2025 05:45:00 - 23/02/2025 06:00:00","BZN|FR","Without Sequence","76.45","",""
"23/02/2025 06:00:00 - 23/02/2025 06:15:00","BZN|FR","Without Sequence","79.98","",""
"23/02/2025 06:15:00 - 23/02/2025 06:30:00","BZN|FR","Without Sequence","79.98","",""
"23/02/2025 06:30:00 - 23/02/2025 06:45:00","BZN|FR","Without Sequence","79.98","",""
"23/02/2025 06:45:00 - 23/02/2025 07:00:00","BZN|FR","Without Sequence","79.98","",""
"23/02/2025 07:00:00 - 23/02/2025 07:15:00","BZN|FR","Without Sequence","80.10","",""
"23/02/2025 07:15:00 - 23/02/2025 07:30:00","BZN|FR","Without Sequence","80.10","",""
"23/02/2025 07:30:00 - 23/02/2025 07:45:00","BZN|FR","Without Sequence","80.10","",""
"23/02/2025 07:45:00 - 23/02/2025 08:00:00","BZN|FR","Without Sequence","80.10","",""
"23/02/2025 08:00:00 - 23/02/2025 08:15:00","BZN|FR","Without Sequence","76.74","",""
"23/02/2025 08:15:00 - 23/02/2025 08:30:00","BZN|FR","Without Sequence","76.74","",""
"23/02/2025 08:30:00 - 23/02/2025 08:45:00","BZN|FR","Without Sequence","76.74","",""
"23/02/2025 08:45:00 - 23/02/2025 09:00:00","BZN|FR","Without Sequence","76.74","",""
"23/02/2025 09:00:00 - 23/02/2025 09:15:00","BZN|FR","Without Sequence","61.58","",""
"23/02/2025 09:15:00 - 23/02/2025 09:30:00","BZN|FR","Without Sequence","61.58","",""
"23/02/2025 09:30:00 - 23/02/2025 09:45:00","BZN|FR","Without Sequence","61.58","",""
"23/02/2025 09:45:00 - 23/02/2025 10:00:00","BZN|FR","Without Sequence","61.58","",""
"23/02/2025 10:00:00 - 23/02/2025 10:15:00","BZN|FR","Without Sequence","53.00","",""
"23/02/2025 10:15:00 - 23/02/2025 10:30:00","BZN|FR","Without Sequence","53.00","",""
"23/02/2025 10:30:00 - 23/02/2025 10:45:00","BZN|FR","Without Sequence","53.00","",""
"23/02/2025 10:45:00 - 23/02/2025 11:00:00","BZN|FR","Without Sequence","53.00","",""
"23/02/2025 11:00:00 - 23/02/2025 11:15:00","BZN|FR","Without Sequence","43.42","",""
"23/02/2025 11:15:00 - 23/02/2025 11:30:00","BZN|FR","Without Sequence","43.42","",""
"23/02/2025 11:30:00 - 23/02/2025 11:45:00","BZN|FR","Without Sequence","43.42","",""
"23/02/2025 11:45:00 - 23/02/2025 12:00:00","BZN|FR","Without Sequence","43.42","",""
"23/02/2025 12:00:00 - 23/02/2025 12:15:00","BZN|FR","Without Sequence","53.89","",""
"23/02/2025 12:15:00 - 23/02/2025 12:30:00","BZN|FR","Without Sequence","53.89","",""
"23/02/2025 12:30:00 - 23/02/2025 12:45:00","BZN|FR","Without Sequence","53.89","",""
"23/02/2025 12:45:00 - 23/02/2025 13:00:00","BZN|FR","Without Sequence","53.89","",""
"23/02/2025 13:00:00 - 23/02/2025 13:15:00","BZN|FR","Without Sequence","43.91","",""
"23/02/2025 13:15:00 - 23/02/2025 13:30:00","BZN|FR","Without Sequence","43.91","",""
"23/02/2025 13:30:00 - 23/02/2025 13:45:00","BZN|FR","Without Sequence","43.91","",""
"23/02/2025 13:45:00 - 23/02/2025 14:00:00","BZN|FR","Without Sequence","43.91","",""
"23/02/2025 14:00:00 - 23/02/2025 14:15:00","BZN|FR","Without Sequence","22.18","",""
"23/02/2025 14:15:00 - 23/02/2025 14:30:00","BZN|FR","Without Sequence","22.18","",""
"23/02/2025 14:30:00 - 23/02/2025 14:45:00","BZN|FR","Without Sequence","22.18","",""
"23/02/2025 14:45:00 - 23/02/2025 15:00:00","BZN|FR","Without Sequence","22.18","",""
"23/02/2025 15:00:00 - 23/02/2025 15:15:00","BZN|FR","Without Sequence","28.53","",""
"23/02/2025 15:15:00 - 23/02/2025 15:30:00","BZN|FR","Without Sequence","28.53","",""
"23/02/2025 15:30:00 - 23/02/2025 15:45:00","BZN|FR","Without Sequence","28.53","",""
"23/02/2025 15:45:00 - 23/02/2025 16:00:00","BZN|FR","Without Sequence","28.53","",""
"23/02/2025 16:00:00 - 23/02/2025 16:15:00","BZN|FR","Without Sequence","30.10","",""
"23/02/2025 16:15:00 - 23/02/2025 16:30:00","BZN|FR","Without Sequence","30.10","",""
"23/02/2025 16:30:00 - 23/02/2025 16:45:00","BZN|FR","Without Sequence","30.10","",""
"23/02/2025 16:45:00 - 23/02/2025 17:00:00","BZN|FR","Without Sequence","30.10","",""
"23/02/2025 17:00:00 - 23/02/2025 17:15:00","BZN|FR","Without Sequence","50.00","",""
"23/02/2025 17:15:00 - 23/02/2025 17:30:00","BZN|FR","Without Sequence","50.00","",""
"23/02/2025 17:30:00 - 23/02/2025 17:45:00","BZN|FR","Without Sequence","50.00","",""
"23/02/2025 17:45:00 - 23/02/2025 18:00:00","BZN|FR","Without Sequence","50.00","",""
"23/02/2025 18:00:00 - 23/02/2025 18:15:00","BZN|FR","Without Sequence","100.90","",""
"23/02/2025 18:15:00 - 23/02/2025 18:30:00","BZN|FR","Without Sequence","100.90","",""
"23/02/2025 18:30:00 - 23/02/2025 18:45:00","BZN|FR","Without Sequence","100.90","",""
"23/02/2025 18:45:00 - 23/02/2025 19:00:00","BZN|FR","Without Sequence","100.90","",""
"23/02/2025 19:00:00 - 23/02/2025 19:15:00","BZN|FR","Without Sequence","122.94","",""
"23/02/2025 19:15:00 - 23/02/2025 19:30:00","BZN|FR","Without Sequence","122.94","",""
"23/02/2025 19:30:00 - 23/02/2025 19:45:00","BZN|FR","Without Sequence","122.94","",""
"23/02/2025 19:45:00 - 23/02/2025 20:00:00","BZN|FR","Without Sequence","122.94","",""
"23/02/2025 20:00:00 - 23/02/2025 20:15:00","BZN|FR","Without Sequence","100.52","",""
"23/02/2025 20:15:00 - 23/02/2025 20:30:00","BZN|FR","Without Sequence","100.52","",""
"23/02/2025 20:30:00 - 23/02/2025 20:45:00","BZN|FR","Without Sequence","100.52","",""
"23/02/2025 20:45:00 - 23/02/2025 21:00:00","BZN|FR","Without Sequence","100.52","",""
"23/02/2025 21:00:00 - 23/02/2025 21:15:00","BZN|FR","Without Sequence","81.42","",""
"23/02/2025 21:15:00 - 23/02/2025 21:30:00","BZN|FR","Without Sequence","81.42","",""
"23/02/2025 21:30:00 - 23/02/2025 21:45:00","BZN|FR","Without Sequence","81.42","",""
"23/02/2025 21:45:00 - 23/02/2025 22:00:00","BZN|FR","Without Sequence","81.42","",""
"23/02/2025 22:00:00 - 23/02/2025 22:15:00","BZN|FR","Without Sequence","81.77","",""
"23/02/2025 22:15:00 - 23/02/2025 22:30:00","BZN|FR","Without Sequence","81.77","",""
"23/02/2025 22:30:00 - 23/02/2025 22:45:00","BZN|FR","Without Sequence","81.77","",""
"23/02/2025 22:45:00 - 23/02/2025 23:00:00","BZN|FR","Without Sequence","81.77","",""
"23/02/2025 23:00:00 - 23/02/2025 23:15:00","BZN|FR","Without Sequence","67.30","",""
"23/02/2025 23:15:00 - 23/02/2025 23:30:00","BZN|FR","Without Sequence","67.30","",""
"23/02/2025 23:30:00 - 23/02/2025 23:45:00","BZN|FR","Without Sequence","67.30","",""
"23/02/2025 23:45:00 - 24/02/2025 00:00:00","BZN|FR","Without Sequence","67.30","",""
"24/02/2025 00:00:00 - 24/02/2025 00:15:00","BZN|FR","Without Sequence","35.01","",""
"24/02/2025 00:15:00 - 24/02/2025 00:30:00","BZN|FR","Without Sequence","35.01","",""
"24/02/2025 00:30:00 - 24/02/2025 00:45:00","BZN|FR","Without Sequence","35.01","",""
"24/02/2025 00:45:00 - 24/02/2025 01:00:00","BZN|FR","Without Sequence","35.01","",""
"24/02/2025 01:00:00 - 24/02/2025 01:15:00","BZN|FR","Without Sequence","30.19","",""
"24/02/2025 01:15:00 - 24/02/2025 01:30:00","BZN|FR","Without Sequence","30.19","",""
"24/02/2025 01:30:00 - 24/02/2025 01:45:00","BZN|FR","Without Sequence","30.19","",""
"24/02/2025 01:45:00 - 24/02/2025 02:00:00","BZN|FR","Without Sequence","30.19","",""
"24/02/2025 02:00:00 - 24/02/2025 02:15:00","BZN|FR","Without Sequence","27.44","",""
"24/02/2025 02:15:00 - 24/02/2025 02:30:00","BZN|FR","Without Sequence","27.44","",""
"24/02/2025 02:30:00 - 24/02/2025 02:45:00","BZN|FR","Without Sequence","27.44","",""
"24/02/2025 02:45:00 - 24/02/2025 03:00:00","BZN|FR","Without Sequence","27.44","",""
"24/02/2025 03:00:00 - 24/02/2025 03:15:00","BZN|FR","Without Sequence","24.56","",""
"24/02/2025 03:15:00 - 24/02/2025 03:30:00","BZN|FR","Without Sequence","24.56","",""
"24/02/2025 03:30:00 - 24/02/2025 03:45:00","BZN|FR","Without Sequence","24.56","",""
"24/02/2025 03:45:00 - 24/02/2025 04:00:00","BZN|FR","Without Sequence","24.56","",""
"24/02/2025 04:00:00 - 24/02/2025 04:15:00","BZN|FR","Without Sequence","17.98","",""
"24/02/2025 04:15:00 - 24/02/2025 04:30:00","BZN|FR","Without Sequence","17.98","",""
"24/02/2025 04:30:00 - 24/02/2025 04:45:00","BZN|FR","Without Sequence","17.98","",""
"24/02/2025 04:45:00 - 24/02/2025 05:00:00","BZN|FR","Without Sequence","17.98","",""
"24/02/2025 05:00:00 - 24/02/2025 05:15:00","BZN|FR","Without Sequence","28.30","",""
"24/02/2025 05:15:00 - 24/02/2025 05:30:00","BZN|FR","Without Sequence","28.30","",""
"24/02/2025 05:30:00 - 24/02/2025 05:45:00","BZN|FR","Without Sequence","28.30","",""
"24/02/2025 05:45:00 - 24/02/2025 06:00:00","BZN|FR","Without Sequence","28.30","",""
"24/02/2025 06:00:00 - 24/02/2025 06:15:00","BZN|FR","Without Sequence","72.07","",""
"24/02/2025 06:15:00 - 24/02/2025 06:30:00","BZN|FR","Without Sequence","72.07","",""
"24/02/2025 06:30:00 - 24/02/2025 06:45:00","BZN|FR","Without Sequence","72.07","",""
"24/02/2025 06:45:00 - 24/02/2025 07:00:00","BZN|FR","Without Sequence","72.07","",""
"24/02/2025 07:00:00 - 24/02/2025 07:15:00","BZN|FR","Without Sequence","103.33","",""
"24/02/2025 07:15:00 - 24/02/2025 07:30:00","BZN|FR","Without Sequence","103.33","",""
"24/02/2025 07:30:00 - 24/02/2025 07:45:00","BZN|FR","Without Sequence","103.33","",""
"24/02/2025 07:45:00 - 24/02/2025 08:00:00","BZN|FR","Without Sequence","103.33","",""
"24/02/2025 08:00:00 - 24/02/2025 08:15:00","BZN|FR","Without Sequence","116.86","",""
"24/02/2025 08:15:00 - 24/02/2025 08:30:00","BZN|FR","Without Sequence","116.86","",""
"24/02/2025 08:30:00 - 24/02/2025 08:45:00","BZN|FR","Without Sequence","116.86","",""
"24/02/2025 08:45:00 - 24/02/2025 09:00:00","BZN|FR","Without Sequence","116.86","",""
"24/02/2025 09:00:00 - 24/02/2025 09:15:00","BZN|FR","Without Sequence","100.00","",""
"24/02/2025 09:15:00 - 24/02/2025 09:30:00","BZN|FR","Without Sequence","100.00","",""
"24/02/2025 09:30:00 - 24/02/2025 09:45:00","BZN|FR","Without Sequence","100.00","",""
"24/02/2025 09:45:00 - 24/02/2025 10:00:00","BZN|FR","Without Sequence","100.00","",""
"24/02/2025 10:00:00 - 24/02/2025 10:15:00","BZN|FR","Without Sequence","88.64","",""
"24/02/2025 10:15:00 - 24/02/2025 10:30:00","BZN|FR","Without Sequence","88.64","",""
"24/02/2025 10:30:00 - 24/02/2025 10:45:00","BZN|FR","Without Sequence","88.64","",""
"24/02/2025 10:45:00 - 24/02/2025 11:00:00","BZN|FR","Without Sequence","88.64","",""
"24/02/2025 11:00:00 - 24/02/2025 11:15:00","BZN|FR","Without Sequence","88.95","",""
"24/02/2025 11:15:00 - 24/02/2025 11:30:00","BZN|FR","Without Sequence","88.95","",""
"24/02/2025 11:30:00 - 24/02/2025 11:45:00","BZN|FR","Without Sequence","88.95","",""
"24/02/2025 11:45:00 - 24/02/2025 12:00:00","BZN|FR","Without Sequence","88.95","",""
"24/02/2025 12:00:00 - 24/02/2025 12:15:00","BZN|FR","Without Sequence","86.65","",""
"24/02/2025 12:15:00 - 24/02/2025 12:30:00","BZN|FR","Without Sequence","86.65","",""
"24/02/2025 12:30:00 - 24/02/2025 12:45:00","BZN|FR","Without Sequence","86.65","",""
"24/02/2025 12:45:00 - 24/02/2025 13:00:00","BZN|FR","Without Sequence","86.65","",""
"24/02/2025 13:00:00 - 24/02/2025 13:15:00","BZN|FR","Without Sequence","87.03","",""
"24/02/2025 13:15:00 - 24/02/2025 13:30:00","BZN|FR","Without Sequence","87.03","",""
"24/02/2025 13:30:00 - 24/02/2025 13:45:00","BZN|FR","Without Sequence","87.03","",""
"24/02/2025 13:45:00 - 24/02/2025 14:00:00","BZN|FR","Without Sequence","87.03","",""
"24/02/2025 14:00:00 - 24/02/2025 14:15:00","BZN|FR","Without Sequence","89.45","",""
"24/02/2025 14:15:00 - 24/02/2025 14:30:00","BZN|FR","Without Sequence","89.45","",""
"24/02/2025 14:30:00 - 24/02/2025 14:45:00","BZN|FR","Without Sequence","89.45","",""
"24/02/2025 14:45:00 - 24/02/2025 15:00:00","BZN|FR","Without Sequence","89.45","",""
"24/02/2025 15:00:00 - 24/02/2025 15:15:00","BZN|FR","Without Sequence","91.20","",""
"24/02/2025 15:15:00 - 24/02/2025 15:30:00","BZN|FR","Without Sequence","91.20","",""
"24/02/2025 15:30:00 - 24/02/2025 15:45:00","BZN|FR","Without Sequence","91.20","",""
"24/02/2025 15:45:00 - 24/02/2025 16:00:00","BZN|FR","Without Sequence","91.20","",""
"24/02/2025 16:00:00 - 24/02/2025 16:15:00","BZN|FR","Without Sequence","109.17","",""
"24/02/2025 16:15:00 - 24/02/2025 16:30:00","BZN|FR","Without Sequence","109.17","",""
"24/02/2025 16:30:00 - 24/02/2025 16:45:00","BZN|FR","Without Sequence","109.17","",""
"24/02/2025 16:45:00 - 24/02/2025 17:00:00","BZN|FR","Without Sequence","109.17","",""
"24/02/2025 17:00:00 - 24/02/2025 17:15:00","BZN|FR","Without Sequence","112.99","",""
"24/02/2025 17:15:00 - 24/02/2025 17:30:00","BZN|FR","Without Sequence","112.99","",""
"24/02/2025 17:30:00 - 24/02/2025 17:45:00","BZN|FR","Without Sequence","112.99","",""
"24/02/2025 17:45:00 - 24/02/2025 18:00:00","BZN|FR","Without Sequence","112.99","",""
"24/02/2025 18:00:00 - 24/02/2025 18:15:00","BZN|FR","Without Sequence","147.92","",""
"24/02/2025 18:15:00 - 24/02/2025 18:30:00","BZN|FR","Without Sequence","147.92","",""
"24/02/2025 18:30:00 - 24/02/2025 18:45:00","BZN|FR","Without Sequence","147.92","",""
"24/02/2025 18:45:00 - 24/02/2025 19:00:00","BZN|FR","Without Sequence","147.92","",""
"24/02/2025 19:00:00 - 24/02/2025 19:15:00","BZN|FR","Without Sequence","159.17","",""
"24/02/2025 19:15:00 - 24/02/2025 19:30:00","BZN|FR","Without Sequence","159.17","",""
"24/02/2025 19:30:00 - 24/02/2025 19:45:00","BZN|FR","Without Sequence","159.17","",""
"24/02/2025 19:45:00 - 24/02/2025 20:00:00","BZN|FR","Without Sequence","159.17","",""
"24/02/2025 20:00:00 - 24/02/2025 20:15:00","BZN|FR","Without Sequence","134.91","",""
"24/02/2025 20:15:00 - 24/02/2025 20:30:00","BZN|FR","Without Sequence","134.91","",""
"24/02/2025 20:30:00 - 24/02/2025 20:45:00","BZN|FR","Without Sequence","134.91","",""
"24/02/2025 20:45:00 - 24/02/2025 21:00:00","BZN|FR","Without Sequence","134.91","",""
"24/02/2025 21:00:00 - 24/02/2025 21:15:00","BZN|FR","Without Sequence","115.28","",""
"24/02/2025 21:15:00 - 24/02/2025 21:30:00","BZN|FR","Without Sequence","115.28","",""
"24/02/2025 21:30:00 - 24/02/2025 21:45:00","BZN|FR","Without Sequence","115.28","",""
"24/02/2025 21:45:00 - 24/02/2025 22:00:00","BZN|FR","Without Sequence","115.28","",""
"24/02/2025 22:00:00 - 24/02/2025 22:15:00","BZN|FR","Without Sequence","106.88","",""
"24/02/2025 22:15:00 - 24/02/2025 22:30:00","BZN|FR","Without Sequence","106.88","",""
"24/02/2025 22:30:00 - 24/02/2025 22:45:00","BZN|FR","Without Sequence","106.88","",""
"24/02/2025 22:45:00 - 24/02/2025 23:00:00","BZN|FR","Without Sequence","106.88","",""
"24/02/2025 23:00:00 - 24/02/2025 23:15:00","BZN|FR","Without Sequence","108.03","",""
"24/02/2025 23:15:00 - 24/02/2025 23:30:00","BZN|FR","Without Sequence","108.03","",""
"24/02/2025 23:30:00 - 24/02/2025 23:45:00","BZN|FR","Without Sequence","108.03","",""
"24/02/2025 23:45:00 - 25/02/2025 00:00:00","BZN|FR","Without Sequence","108.03","",""
"25/02/2025 00:00:00 - 25/02/2025 00:15:00","BZN|FR","Without Sequence","89.72","",""
"25/02/2025 00:15:00 - 25/02/2025 00:30:00","BZN|FR","Without Sequence","89.72","",""
"25/02/2025 00:30:00 - 25/02/2025 00:45:00","BZN|FR","Without Sequence","89.72","",""
"25/02/2025 00:45:00 - 25/02/2025 01:00:00","BZN|FR","Without Sequence","89.72","",""
"25/02/2025 01:00:00 - 25/02/2025 01:15:00","BZN|FR","Without Sequence","89.33","",""
"25/02/2025 01:15:00 - 25/02/2025 01:30:00","BZN|FR","Without Sequence","89.33","",""
"25/02/2025 01:30:00 - 25/02/2025 01:45:00","BZN|FR","Without Sequence","89.33","",""
"25/02/2025 01:45:00 - 25/02/2025 02:00:00","BZN|FR","Without Sequence","89.33","",""
"25/02/2025 02:00:00 - 25/02/2025 02:15:00","BZN|FR","Without Sequence","87.75","",""
"25/02/2025 02:15:00 - 25/02/2025 02:30:00","BZN|FR","Without Sequence","87.75","",""
"25/02/2025 02:30:00 - 25/02/2025 02:45:00","BZN|FR","Without Sequence","87.75","",""
"25/02/2025 02:45:00 - 25/02/2025 03:00:00","BZN|FR","Without Sequence","87.75","",""
"25/02/2025 03:00:00 - 25/02/2025 03:15:00","BZN|FR","Without Sequence","85.96","",""
"25/02/2025 03:15:00 - 25/02/2025 03:30:00","BZN|FR","Without Sequence","85.96","",""
"25/02/2025 03:30:00 - 25/02/2025 03:45:00","BZN|FR","Without Sequence","85.96","",""
"25/02/2025 03:45:00 - 25/02/2025 04:00:00","BZN|FR","Without Sequence","85.96","",""
"25/02/2025 04:00:00 - 25/02/2025 04:15:00","BZN|FR","Without Sequence","80.49","",""
"25/02/2025 04:15:00 - 25/02/2025 04:30:00","BZN|FR","Without Sequence","80.49","",""
"25/02/2025 04:30:00 - 25/02/2025 04:45:00","BZN|FR","Without Sequence","80.49","",""
"25/02/2025 04:45:00 - 25/02/2025 05:00:00","BZN|FR","Without Sequence","80.49","",""
"25/02/2025 05:00:00 - 25/02/2025 05:15:00","BZN|FR","Without Sequence","92.92","",""
"25/02/2025 05:15:00 - 25/02/2025 05:30:00","BZN|FR","Without Sequence","92.92","",""
"25/02/2025 05:30:00 - 25/02/2025 05:45:00","BZN|FR","Without Sequence","92.92","",""
"25/02/2025 05:45:00 - 25/02/2025 06:00:00","BZN|FR","Without Sequence","92.92","",""
"25/02/2025 06:00:00 - 25/02/2025 06:15:00","BZN|FR","Without Sequence","110.98","",""
"25/02/2025 06:15:00 - 25/02/2025 06:30:00","BZN|FR","Without Sequence","110.98","",""
"25/02/2025 06:30:00 - 25/02/2025 06:45:00","BZN|FR","Without Sequence","110.98","",""
"25/02/2025 06:45:00 - 25/02/2025 07:00:00","BZN|FR","Without Sequence","110.98","",""
"25/02/2025 07:00:00 - 25/02/2025 07:15:00","BZN|FR","Without Sequence","123.75","",""
"25/02/2025 07:15:00 - 25/02/2025 07:30:00","BZN|FR","Without Sequence","123.75","",""
"25/02/2025 07:30:00 - 25/02/2025 07:45:00","BZN|FR","Without Sequence","123.75","",""
"25/02/2025 07:45:00 - 25/02/2025 08:00:00","BZN|FR","Without Sequence","123.75","",""
"25/02/2025 08:00:00 - 25/02/2025 08:15:00","BZN|FR","Without Sequence","136.97","",""
"25/02/2025 08:15:00 - 25/02/2025 08:30:00","BZN|FR","Without Sequence","136.97","",""
"25/02/2025 08:30:00 - 25/02/2025 08:45:00","BZN|FR","Without Sequence","136.97","",""
"25/02/2025 08:45:00 - 25/02/2025 09:00:00","BZN|FR","Without Sequence","136.97","",""
"25/02/2025 09:00:00 - 25/02/2025 09:15:00","BZN|FR","Without Sequence","131.04","",""
"25/02/2025 09:15:00 - 25/02/2025 09:30:00","BZN|FR","Without Sequence","131.04","",""
"25/02/2025 09:30:00 - 25/02/2025 09:45:00","BZN|FR","Without Sequence","131.04","",""
"25/02/2025 09:45:00 - 25/02/2025 10:00:00","BZN|FR","Without Sequence","131.04","",""
"25/02/2025 10:00:00 - 25/02/2025 10:15:00","BZN|FR","Without Sequence","113.10","",""
"25/02/2025 10:15:00 - 25/02/2025 10:30:00","BZN|FR","Without Sequence","113.10","",""
"25/02/2025 10:30:00 - 25/02/2025 10:45:00","BZN|FR","Without Sequence","113.10","",""
"25/02/2025 10:45:00 - 25/02/2025 11:00:00","BZN|FR","Without Sequence","113.10","",""
"25/02/2025 11:00:00 - 25/02/2025 11:15:00","BZN|FR","Without Sequence","102.90","",""
"25/02/2025 11:15:00 - 25/02/2025 11:30:00","BZN|FR","Without Sequence","102.90","",""
"25/02/2025 11:30:00 - 25/02/2025 11:45:00","BZN|FR","Without Sequence","102.90","",""
"25/02/2025 11:45:00 - 25/02/2025 12:00:00","BZN|FR","Without Sequence","102.90","",""
"25/02/2025 12:00:00 - 25/02/2025 12:15:00","BZN|FR","Without Sequence","93.00","",""
"25/02/2025 12:15:00 - 25/02/2025 12:30:00","BZN|FR","Without Sequence","93.00","",""
"25/02/2025 12:30:00 - 25/02/2025 12:45:00","BZN|FR","Without Sequence","93.00","",""
"25/02/2025 12:45:00 - 25/02/2025 13:00:00","BZN|FR","Without Sequence","93.00","",""
"25/02/2025 13:00:00 - 25/02/2025 13:15:00","BZN|FR","Without Sequence","83.28","",""
"25/02/2025 13:15:00 - 25/02/2025 13:30:00","BZN|FR","Without Sequence","83.28","",""
"25/02/2025 13:30:00 - 25/02/2025 13:45:00","BZN|FR","Without Sequence","83.28","",""
"25/02/2025 13:45:00 - 25/02/2025 14:00:00","BZN|FR","Without Sequence","83.28","",""
"25/02/2025 14:00:00 - 25/02/2025 14:15:00","BZN|FR","Without Sequence","81.78","",""
"25/02/2025 14:15:00 - 25/02/2025 14:30:00","BZN|FR","Without Sequence","81.78","",""
"25/02/2025 14:30:00 - 25/02/2025 14:45:00","BZN|FR","Without Sequence","81.78","",""
"25/02/2025 14:45:00 - 25/02/2025 15:00:00","BZN|FR","Without Sequence","81.78","",""
"25/02/2025 15:00:00 - 25/02/2025 15:15:00","BZN|FR","Without Sequence","83.02","",""
"25/02/2025 15:15:00 - 25/02/2025 15:30:00","BZN|FR","Without Sequence","83.02","",""
"25/02/2025 15:30:00 - 25/02/2025 15:45:00","BZN|FR","Without Sequence","83.02","",""
"25/02/2025 15:45:00 - 25/02/2025 16:00:00","BZN|FR","Without Sequence","83.02","",""
"25/02/2025 16:00:00 - 25/02/2025 16:15:00","BZN|FR","Without Sequence","84.27","",""
"25/02/2025 16:15:00 - 25/02/2025 16:30:00","BZN|FR","Without Sequence","84.27","",""
"25/02/2025 16:30:00 - 25/02/2025 16:45:00","BZN|FR","Without Sequence","84.27","",""
"25/02/2025 16:45:00 - 25/02/2025 17:00:00","BZN|FR","Without Sequence","84.27","",""
"25/02/2025 17:00:00 - 25/02/2025 17:15:00","BZN|FR","Without Sequence","92.86","",""
"25/02/2025 17:15:00 - 25/02/2025 17:30:00","BZN|FR","Without Sequence","92.86","",""
"25/02/2025 17:30:00 - 25/02/2025 17:45:00","BZN|FR","Without Sequence","92.86","",""
"25/02/2025 17:45:00 - 25/02/2025 18:00:00","BZN|FR","Without Sequence","92.86","",""
"25/02/2025 18:00:00 - 25/02/2025 18:15:00","BZN|FR","Without Sequence","115.84","",""
"25/02/2025 18:15:00 - 25/02/2025 18:30:00","BZN|FR","Without Sequence","115.84","",""
"25/02/2025 18:30:00 - 25/02/2025 18:45:00","BZN|FR","Without Sequence","115.84","",""
"25/02/2025 18:45:00 - 25/02/2025 19:00:00","BZN|FR","Without Sequence","115.84","",""
"25/02/2025 19:00:00 - 25/02/2025 19:15:00","BZN|FR","Without Sequence","140.99","",""
"25/02/2025 19:15:00 - 25/02/2025 19:30:00","BZN|FR","Without Sequence","140.99","",""
"25/02/2025 19:30:00 - 25/02/2025 19:45:00","BZN|FR","Without Sequence","140.99","",""
"25/02/2025 19:45:00 - 25/02/2025 20:00:00","BZN|FR","Without Sequence","140.99","",""
"25/02/2025 20:00:00 - 25/02/2025 20:15:00","BZN|FR","Without Sequence","135.55","",""
"25/02/2025 20:15:00 - 25/02/2025 20:30:00","BZN|FR","Without Sequence","135.55","",""
"25/02/2025 20:30:00 - 25/02/2025 20:45:00","BZN|FR","Without Sequence","135.55","",""
"25/02/2025 20:45:00 - 25/02/2025 21:00:00","BZN|FR","Without Sequence","135.55","",""
"25/02/2025 21:00:00 - 25/02/2025 21:15:00","BZN|FR","Without Sequence","118.45","",""
"25/02/2025 21:15:00 - 25/02/2025 21:30:00","BZN|FR","Without Sequence","118.45","",""
"25/02/2025 21:30:00 - 25/02/2025 21:45:00","BZN|FR","Without Sequence","118.45","",""
"25/02/2025 21:45:00 - 25/02/2025 22:00:00","BZN|FR","Without Sequence","118.45","",""
"25/02/2025 22:00:00 - 25/02/2025 22:15:00","BZN|FR","Without Sequence","114.28","",""
"25/02/2025 22:15:00 - 25/02/2025 22:30:00","BZN|FR","Without Sequence","114.28","",""
"25/02/2025 22:30:00 - 25/02/2025 22:45:00","BZN|FR","Without Sequence","114.28","",""
"25/02/2025 22:45:00 - 25/02/2025 23:00:00","BZN|FR","Without Sequence","114.28","",""
"25/02/2025 23:00:00 - 25/02/2025 23:15:00","BZN|FR","Without Sequence","100.41","",""
"25/02/2025 23:15:00 - 25/02/2025 23:30:00","BZN|FR","Without Sequence","100.41","",""
"25/02/2025 23:30:00 - 25/02/2025 23:45:00","BZN|FR","Without Sequence","100.41","",""
"25/02/2025 23:45:00 - 26/02/2025 00:00:00","BZN|FR","Without Sequence","100.41","",""
"26/02/2025 00:00:00 - 26/02/2025 00:15:00","BZN|FR","Without Sequence","102.48","",""
"26/02/2025 00:15:00 - 26/02/2025 00:30:00","BZN|FR","Without Sequence","102.48","",""
"26/02/2025 00:30:00 - 26/02/2025 00:45:00","BZN|FR","Without Sequence","102.48","",""
"26/02/2025 00:45:00 - 26/02/2025 01:00:00","BZN|FR","Without Sequence","102.48","",""
"26/02/2025 01:00:00 - 26/02/2025 01:15:00","BZN|FR","Without Sequence","86.87","",""
"26/02/2025 01:15:00 - 26/02/2025 01:30:00","BZN|FR","Without Sequence","86.87","",""
"26/02/2025 01:30:00 - 26/02/2025 01:45:00","BZN|FR","Without Sequence","86.87","",""
"26/02/2025 01:45:00 - 26/02/2025 02:00:00","BZN|FR","Without Sequence","86.87","",""
"26/02/2025 02:00:00 - 26/02/2025 02:15:00","BZN|FR","Without Sequence","92.98","",""
"26/02/2025 02:15:00 - 26/02/2025 02:30:00","BZN|FR","Without Sequence","92.98","",""
"26/02/2025 02:30:00 - 26/02/2025 02:45:00","BZN|FR","Without Sequence","92.98","",""
"26/02/2025 02:45:00 - 26/02/2025 03:00:00","BZN|FR","Without Sequence","92.98","",""
"26/02/2025 03:00:00 - 26/02/2025 03:15:00","BZN|FR","Without Sequence","86.38","",""
"26/02/2025 03:15:00 - 26/02/2025 03:30:00","BZN|FR","Without Sequence","86.38","",""
"26/02/2025 03:30:00 - 26/02/2025 03:45:00","BZN|FR","Without Sequence","86.38","",""
"26/02/2025 03:45:00 - 26/02/2025 04:00:00","BZN|FR","Without Sequence","86.38","",""
"26/02/2025 04:00:00 - 26/02/2025 04:15:00","BZN|FR","Without Sequence","88.59","",""
"26/02/2025 04:15:00 - 26/02/2025 04:30:00","BZN|FR","Without Sequence","88.59","",""
"26/02/2025 04:30:00 - 26/02/2025 04:45:00","BZN|FR","Without Sequence","88.59","",""
"26/02/2025 04:45:00 - 26/02/2025 05:00:00","BZN|FR","Without Sequence","88.59","",""
"26/02/2025 05:00:00 - 26/02/2025 05:15:00","BZN|FR","Without Sequence","97.82","",""
"26/02/2025 05:15:00 - 26/02/2025 05:30:00","BZN|FR","Without Sequence","97.82","",""
"26/02/2025 05:30:00 - 26/02/2025 05:45:00","BZN|FR","Without Sequence","97.82","",""
"26/02/2025 05:45:00 - 26/02/2025 06:00:00","BZN|FR","Without Sequence","97.82","",""
"26/02/2025 06:00:00 - 26/02/2025 06:15:00","BZN|FR","Without Sequence","111.76","",""
"26/02/2025 06:15:00 - 26/02/2025 06:30:00","BZN|FR","Without Sequence","111.76","",""
"26/02/2025 06:30:00 - 26/02/2025 06:45:00","BZN|FR","Without Sequence","111.76","",""
"26/02/2025 06:45:00 - 26/02/2025 07:00:00","BZN|FR","Without Sequence","111.76","",""
"26/02/2025 07:00:00 - 26/02/2025 07:15:00","BZN|FR","Without Sequence","136.20","",""
"26/02/2025 07:15:00 - 26/02/2025 07:30:00","BZN|FR","Without Sequence","136.20","",""
"26/02/2025 07:30:00 - 26/02/2025 07:45:00","BZN|FR","Without Sequence","136.20","",""
"26/02/2025 07:45:00 - 26/02/2025 08:00:00","BZN|FR","Without Sequence","136.20","",""
"26/02/2025 08:00:00 - 26/02/2025 08:15:00","BZN|FR","Without Sequence","139.08","",""
"26/02/2025 08:15:00 - 26/02/2025 08:30:00","BZN|FR","Without Sequence","139.08","",""
"26/02/2025 08:30:00 - 26/02/2025 08:45:00","BZN|FR","Without Sequence","139.08","",""
"26/02/2025 08:45:00 - 26/02/2025 09:00:00","BZN|FR","Without Sequence","139.08","",""
"26/02/2025 09:00:00 - 26/02/2025 09:15:00","BZN|FR","Without Sequence","121.43","",""
"26/02/2025 09:15:00 - 26/02/2025 09:30:00","BZN|FR","Without Sequence","121.43","",""
"26/02/2025 09:30:00 - 26/02/2025 09:45:00","BZN|FR","Without Sequence","121.43","",""
"26/02/2025 09:45:00 - 26/02/2025 10:00:00","BZN|FR","Without Sequence","121.43","",""
"26/02/2025 10:00:00 - 26/02/2025 10:15:00","BZN|FR","Without Sequence","94.73","",""
"26/02/2025 10:15:00 - 26/02/2025 10:30:00","BZN|FR","Without Sequence","94.73","",""
"26/02/2025 10:30:00 - 26/02/2025 10:45:00","BZN|FR","Without Sequence","94.73","",""
"26/02/2025 10:45:00 - 26/02/2025 11:00:00","BZN|FR","Without Sequence","94.73","",""
"26/02/2025 11:00:00 - 26/02/2025 11:15:00","BZN|FR","Without Sequence","83.07","",""
"26/02/2025 11:15:00 - 26/02/2025 11:30:00","BZN|FR","Without Sequence","83.07","",""
"26/02/2025 11:30:00 - 26/02/2025 11:45:00","BZN|FR","Without Sequence","83.07","",""
"26/02/2025 11:45:00 - 26/02/2025 12:00:00","BZN|FR","Without Sequence","83.07","",""
"26/02/2025 12:00:00 - 26/02/2025 12:15:00","BZN|FR","Without Sequence","84.26","",""
"26/02/2025 12:15:00 - 26/02/2025 12:30:00","BZN|FR","Without Sequence","84.26","",""
"26/02/2025 12:30:00 - 26/02/2025 12:45:00","BZN|FR","Without Sequence","84.26","",""
"26/02/2025 12:45:00 - 26/02/2025 13:00:00","BZN|FR","Without Sequence","84.26","",""
"26/02/2025 13:00:00 - 26/02/2025 13:15:00","BZN|FR","Without Sequence","65.18","",""
"26/02/2025 13:15:00 - 26/02/2025 13:30:00","BZN|FR","Without Sequence","65.18","",""
"26/02/2025 13:30:00 - 26/02/2025 13:45:00","BZN|FR","Without Sequence","65.18","",""
"26/02/2025 13:45:00 - 26/02/2025 14:00:00","BZN|FR","Without Sequence","65.18","",""
"26/02/2025 14:00:00 - 26/02/2025 14:15:00","BZN|FR","Without Sequence","54.59","",""
"26/02/2025 14:15:00 - 26/02/2025 14:30:00","BZN|FR","Without Sequence","54.59","",""
"26/02/2025 14:30:00 - 26/02/2025 14:45:00","BZN|FR","Without Sequence","54.59","",""
"26/02/2025 14:45:00 - 26/02/2025 15:00:00","BZN|FR","Without Sequence","54.59","",""
"26/02/2025 15:00:00 - 26/02/2025 15:15:00","BZN|FR","Without Sequence","58.28","",""
"26/02/2025 15:15:00 - 26/02/2025 15:30:00","BZN|FR","Without Sequence","58.28","",""
"26/02/2025 15:30:00 - 26/02/2025 15:45:00","BZN|FR","Without Sequence","58.28","",""
"26/02/2025 15:45:00 - 26/02/2025 16:00:00","BZN|FR","Without Sequence","58.28","",""
"26/02/2025 16:00:00 - 26/02/2025 16:15:00","BZN|FR","Without Sequence","71.98","",""
"26/02/2025 16:15:00 - 26/02/2025 16:30:00","BZN|FR","Without Sequence","71.98","",""
"26/02/2025 16:30:00 - 26/02/2025 16:45:00","BZN|FR","Without Sequence","71.98","",""
"26/02/2025 16:45:00 - 26/02/2025 17:00:00","BZN|FR","Without Sequence","71.98","",""
"26/02/2025 17:00:00 - 26/02/2025 17:15:00","BZN|FR","Without Sequence","97.00","",""
"26/02/2025 17:15:00 - 26/02/2025 17:30:00","BZN|FR","Without Sequence","97.00","",""
"26/02/2025 17:30:00 - 26/02/2025 17:45:00","BZN|FR","Without Sequence","97.00","",""
"26/02/2025 17:45:00 - 26/02/2025 18:00:00","BZN|FR","Without Sequence","97.00","",""
"26/02/2025 18:00:00 - 26/02/2025 18:15:00","BZN|FR","Without Sequence","126.37","",""
"26/02/2025 18:15:00 - 26/02/2025 18:30:00","BZN|FR","Without Sequence","126.37","",""
"26/02/2025 18:30:00 - 26/02/2025 18:45:00","BZN|FR","Without Sequence","126.37","",""
"26/02/2025 18:45:00 - 26/02/2025 19:00:00","BZN|FR","Without Sequence","126.37","",""
"26/02/2025 19:00:00 - 26/02/2025 19:15:00","BZN|FR","Without Sequence","161.95","",""
"26/02/2025 19:15:00 - 26/02/2025 19:30:00","BZN|FR","Without Sequence","161.95","",""
"26/02/2025 19:30:00 - 26/02/2025 19:45:00","BZN|FR","Without Sequence","161.95","",""
"26/02/2025 19:45:00 - 26/02/2025 20:00:00","BZN|FR","Without Sequence","161.95","",""
"26/02/2025 20:00:00 - 26/02/2025 20:15:00","BZN|FR","Without Sequence","131.05","",""
"26/02/2025 20:15:00 - 26/02/2025 20:30:00","BZN|FR","Without Sequence","131.05","",""
"26/02/2025 20:30:00 - 26/02/2025 20:45:00","BZN|FR","Without Sequence","131.05","",""
"26/02/2025 20:45:00 - 26/02/2025 21:00:00","BZN|FR","Without Sequence","131.05","",""
"26/02/2025 21:00:00 - 26/02/2025 21:15:00","BZN|FR","Without Sequence","117.43","",""
"26/02/2025 21:15:00 - 26/02/2025 21:30:00","BZN|FR","Without Sequence","117.43","",""
"26/02/2025 21:30:00 - 26/02/2025 21:45:00","BZN|FR","Without Sequence","117.43","",""
"26/02/2025 21:45:00 - 26/02/2025 22:00:00","BZN|FR","Without Sequence","117.43","",""
"26/02/2025 22:00:00 - 26/02/2025 22:15:00","BZN|FR","Without Sequence","121.84","",""
"26/02/2025 22:15:00 - 26/02/2025 22:30:00","BZN|FR","Without Sequence","121.84","",""
"26/02/2025 22:30:00 - 26/02/2025 22:45:00","BZN|FR","Without Sequence","121.84","",""
"26/02/2025 22:45:00 - 26/02/2025 23:00:00","BZN|FR","Without Sequence","121.84","",""
"26/02/2025 23:00:00 - 26/02/2025 23:15:00","BZN|FR","Without Sequence","113.02","",""
"26/02/2025 23:15:00 - 26/02/2025 23:30:00","BZN|FR","Without Sequence","113.02","",""
"26/02/2025 23:30:00 - 26/02/2025 23:45:00","BZN|FR","Without Sequence","113.02","",""
"26/02/2025 23:45:00 - 27/02/2025 00:00:00","BZN|FR","Without Sequence","113.02","",""
"27/02/2025 00:00:00 - 27/02/2025 00:15:00","BZN|FR","Without Sequence","102.25","",""
"27/02/2025 00:15:00 - 27/02/2025 00:30:00","BZN|FR","Without Sequence","102.25","",""
"27/02/2025 00:30:00 - 27/02/2025 00:45:00","BZN|FR","Without Sequence","102.25","",""
"27/02/2025 00:45:00 - 27/02/2025 01:00:00","BZN|FR","Without Sequence","102.25","",""
"27/02/2025 01:00:00 - 27/02/2025 01:15:00","BZN|FR","Without Sequence","103.81","",""
"27/02/2025 01:15:00 - 27/02/2025 01:30:00","BZN|FR","Without Sequence","103.81","",""
"27/02/2025 01:30:00 - 27/02/2025 01:45:00","BZN|FR","Without Sequence","103.81","",""
"27/02/2025 01:45:00 - 27/02/2025 02:00:00","BZN|FR","Without Sequence","103.81","",""
"27/02/2025 02:00:00 - 27/02/2025 02:15:00","BZN|FR","Without Sequence","101.30","",""
"27/02/2025 02:15:00 - 27/02/2025 02:30:00","BZN|FR","Without Sequence","101.30","",""
"27/02/2025 02:30:00 - 27/02/2025 02:45:00","BZN|FR","Without Sequence","101.30","",""
"27/02/2025 02:45:00 - 27/02/2025 03:00:00","BZN|FR","Without Sequence","101.30","",""
"27/02/2025 03:00:00 - 27/02/2025 03:15:00","BZN|FR","Without Sequence","99.68","",""
"27/02/2025 03:15:00 - 27/02/2025 03:30:00","BZN|FR","Without Sequence","99.68","",""
"27/02/2025 03:30:00 - 27/02/2025 03:45:00","BZN|FR","Without Sequence","99.68","",""
"27/02/2025 03:45:00 - 27/02/2025 04:00:00","BZN|FR","Without Sequence","99.68","",""
"27/02/2025 04:00:00 - 27/02/2025 04:15:00","BZN|FR","Without Sequence","100.39","",""
"27/02/2025 04:15:00 - 27/02/2025 04:30:00","BZN|FR","Without Sequence","100.39","",""
"27/02/2025 04:30:00 - 27/02/2025 04:45:00","BZN|FR","Without Sequence","100.39","",""
"27/02/2025 04:45:00 - 27/02/2025 05:00:00","BZN|FR","Without Sequence","100.39","",""
"27/02/2025 05:00:00 - 27/02/2025 05:15:00","BZN|FR","Without Sequence","104.35","",""
"27/02/2025 05:15:00 - 27/02/2025 05:30:00","BZN|FR","Without Sequence","104.35","",""
"27/02/2025 05:30:00 - 27/02/2025 05:45:00","BZN|FR","Without Sequence","104.35","",""
"27/02/2025 05:45:00 - 27/02/2025 06:00:00","BZN|FR","Without Sequence","104.35","",""
"27/02/2025 06:00:00 - 27/02/2025 06:15:00","BZN|FR","Without Sequence","117.14","",""
"27/02/2025 06:15:00 - 27/02/2025 06:30:00","BZN|FR","Without Sequence","117.14","",""
"27/02/2025 06:30:00 - 27/02/2025 06:45:00","BZN|FR","Without Sequence","117.14","",""
"27/02/2025 06:45:00 - 27/02/2025 07:00:00","BZN|FR","Without Sequence","117.14","",""
"27/02/2025 07:00:00 - 27/02/2025 07:15:00","BZN|FR","Without Sequence","145.00","",""
"27/02/2025 07:15:00 - 27/02/2025 07:30:00","BZN|FR","Without Sequence","145.00","",""
"27/02/2025 07:30:00 - 27/02/2025 07:45:00","BZN|FR","Without Sequence","145.00","",""
"27/02/2025 07:45:00 - 27/02/2025 08:00:00","BZN|FR","Without Sequence","145.00","",""
"27/02/2025 08:00:00 - 27/02/2025 08:15:00","BZN|FR","Without Sequence","159.47","",""
"27/02/2025 08:15:00 - 27/02/2025 08:30:00","BZN|FR","Without Sequence","159.47","",""
"27/02/2025 08:30:00 - 27/02/2025 08:45:00","BZN|FR","Without Sequence","159.47","",""
"27/02/2025 08:45:00 - 27/02/2025 09:00:00","BZN|FR","Without Sequence","159.47","",""
"27/02/2025 09:00:00 - 27/02/2025 09:15:00","BZN|FR","Without Sequence","129.18","",""
"27/02/2025 09:15:00 - 27/02/2025 09:30:00","BZN|FR","Without Sequence","129.18","",""
"27/02/2025 09:30:00 - 27/02/2025 09:45:00","BZN|FR","Without Sequence","129.18","",""
"27/02/2025 09:45:00 - 27/02/2025 10:00:00","BZN|FR","Without Sequence","129.18","",""
"27/02/2025 10:00:00 - 27/02/2025 10:15:00","BZN|FR","Without Sequence","109.49","",""
"27/02/2025 10:15:00 - 27/02/2025 10:30:00","BZN|FR","Without Sequence","109.49","",""
"27/02/2025 10:30:00 - 27/02/2025 10:45:00","BZN|FR","Without Sequence","109.49","",""
"27/02/2025 10:45:00 - 27/02/2025 11:00:00","BZN|FR","Without Sequence","109.49","",""
"27/02/2025 11:00:00 - 27/02/2025 11:15:00","BZN|FR","Without Sequence","100.19","",""
"27/02/2025 11:15:00 - 27/02/2025 11:30:00","BZN|FR","Without Sequence","100.19","",""
"27/02/2025 11:30:00 - 27/02/2025 11:45:00","BZN|FR","Without Sequence","100.19","",""
"27/02/2025 11:45:00 - 27/02/2025 12:00:00","BZN|FR","Without Sequence","100.19","",""
"27/02/2025 12:00:00 - 27/02/2025 12:15:00","BZN|FR","Without Sequence","93.00","",""
"27/02/2025 12:15:00 - 27/02/2025 12:30:00","BZN|FR","Without Sequence","93.00","",""
"27/02/2025 12:30:00 - 27/02/2025 12:45:00","BZN|FR","Without Sequence","93.00","",""
"27/02/2025 12:45:00 - 27/02/2025 13:00:00","BZN|FR","Without Sequence","93.00","",""
"27/02/2025 13:00:00 - 27/02/2025 13:15:00","BZN|FR","Without Sequence","89.00","",""
"27/02/2025 13:15:00 - 27/02/2025 13:30:00","BZN|FR","Without Sequence","89.00","",""
"27/02/2025 13:30:00 - 27/02/2025 13:45:00","BZN|FR","Without Sequence","89.00","",""
"27/02/2025 13:45:00 - 27/02/2025 14:00:00","BZN|FR","Without Sequence","89.00","",""
"27/02/2025 14:00:00 - 27/02/2025 14:15:00","BZN|FR","Without Sequence","86.80","",""
"27/02/2025 14:15:00 - 27/02/2025 14:30:00","BZN|FR","Without Sequence","86.80","",""
"27/02/2025 14:30:00 - 27/02/2025 14:45:00","BZN|FR","Without Sequence","86.80","",""
"27/02/2025 14:45:00 - 27/02/2025 15:00:00","BZN|FR","Without Sequence","86.80","",""
"27/02/2025 15:00:00 - 27/02/2025 15:15:00","BZN|FR","Without Sequence","89.00","",""
"27/02/2025 15:15:00 - 27/02/2025 15:30:00","BZN|FR","Without Sequence","89.00","",""
"27/02/2025 15:30:00 - 27/02/2025 15:45:00","BZN|FR","Without Sequence","89.00","",""
"27/02/2025 15:45:00 - 27/02/2025 16:00:00","BZN|FR","Without Sequence","89.00","",""
"27/02/2025 16:00:00 - 27/02/2025 16:15:00","BZN|FR","Without Sequence","100.00","",""
"27/02/2025 16:15:00 - 27/02/2025 16:30:00","BZN|FR","Without Sequence","100.00","",""
"27/02/2025 16:30:00 - 27/02/2025 16:45:00","BZN|FR","Without Sequence","100.00","",""
"27/02/2025 16:45:00 - 27/02/2025 17:00:00","BZN|FR","Without Sequence","100.00","",""
"27/02/2025 17:00:00 - 27/02/2025 17:15:00","BZN|FR","Without Sequence","113.95","",""
"27/02/2025 17:15:00 - 27/02/2025 17:30:00","BZN|FR","Without Sequence","113.95","",""
"27/02/2025 17:30:00 - 27/02/2025 17:45:00","BZN|FR","Without Sequence","113.95","",""
"27/02/2025 17:45:00 - 27/02/2025 18:00:00","BZN|FR","Without Sequence","113.95","",""
"27/02/2025 18:00:00 - 27/02/2025 18:15:00","BZN|FR","Without Sequence","136.13","",""
"27/02/2025 18:15:00 - 27/02/2025 18:30:00","BZN|FR","Without Sequence","136.13","",""
"27/02/2025 18:30:00 - 27/02/2025 18:45:00","BZN|FR","Without Sequence","136.13","",""
"27/02/2025 18:45:00 - 27/02/2025 19:00:00","BZN|FR","Without Sequence","136.13","",""
"27/02/2025 19:00:00 - 27/02/2025 19:15:00","BZN|FR","Without Sequence","161.31","",""
"27/02/2025 19:15:00 - 27/02/2025 19:30:00","BZN|FR","Without Sequence","161.31","",""
"27/02/2025 19:30:00 - 27/02/2025 19:45:00","BZN|FR","Without Sequence","161.31","",""
"27/02/2025 19:45:00 - 27/02/2025 20:00:00","BZN|FR","Without Sequence","161.31","",""
"27/02/2025 20:00:00 - 27/02/2025 20:15:00","BZN|FR","Without Sequence","143.75","",""
"27/02/2025 20:15:00 - 27/02/2025 20:30:00","BZN|FR","Without Sequence","143.75","",""
"27/02/2025 20:30:00 - 27/02/2025 20:45:00","BZN|FR","Without Sequence","143.75","",""
"27/02/2025 20:45:00 - 27/02/2025 21:00:00","BZN|FR","Without Sequence","143.75","",""
"27/02/2025 21:00:00 - 27/02/2025 21:15:00","BZN|FR","Without Sequence","132.88","",""
"27/02/2025 21:15:00 - 27/02/2025 21:30:00","BZN|FR","Without Sequence","132.88","",""
"27/02/2025 21:30:00 - 27/02/2025 21:45:00","BZN|FR","Without Sequence","132.88","",""
"27/02/2025 21:45:00 - 27/02/2025 22:00:00","BZN|FR","Without Sequence","132.88","",""
"27/02/2025 22:00:00 - 27/02/2025 22:15:00","BZN|FR","Without Sequence","122.31","",""
"27/02/2025 22:15:00 - 27/02/2025 22:30:00","BZN|FR","Without Sequence","122.31","",""
"27/02/2025 22:30:00 - 27/02/2025 22:45:00","BZN|FR","Without Sequence","122.31","",""
"27/02/2025 22:45:00 - 27/02/2025 23:00:00","BZN|FR","Without Sequence","122.31","",""
"27/02/2025 23:00:00 - 27/02/2025 23:15:00","BZN|FR","Without Sequence","113.50","",""
"27/02/2025 23:15:00 - 27/02/2025 23:30:00","BZN|FR","Without Sequence","113.50","",""
"27/02/2025 23:30:00 - 27/02/2025 23:45:00","BZN|FR","Without Sequence","113.50","",""
"27/02/2025 23:45:00 - 28/02/2025 00:00:00","BZN|FR","Without Sequence","113.50","",""
"28/02/2025 00:00:00 - 28/02/2025 00:15:00","BZN|FR","Without Sequence","115.59","",""
"28/02/2025 00:15:00 - 28/02/2025 00:30:00","BZN|FR","Without Sequence","115.59","",""
"28/02/2025 00:30:00 - 28/02/2025 00:45:00","BZN|FR","Without Sequence","115.59","",""
"28/02/2025 00:45:00 - 28/02/2025 01:00:00","BZN|FR","Without Sequence","115.59","",""
"28/02/2025 01:00:00 - 28/02/2025 01:15:00","BZN|FR","Without Sequence","110.54","",""
"28/02/2025 01:15:00 - 28/02/2025 01:30:00","BZN|FR","Without Sequence","110.54","",""
"28/02/2025 01:30:00 - 28/02/2025 01:45:00","BZN|FR","Without Sequence","110.54","",""
"28/02/2025 01:45:00 - 28/02/2025 02:00:00","BZN|FR","Without Sequence","110.54","",""
"28/02/2025 02:00:00 - 28/02/2025 02:15:00","BZN|FR","Without Sequence","109.38","",""
"28/02/2025 02:15:00 - 28/02/2025 02:30:00","BZN|FR","Without Sequence","109.38","",""
"28/02/2025 02:30:00 - 28/02/2025 02:45:00","BZN|FR","Without Sequence","109.38","",""
"28/02/2025 02:45:00 - 28/02/2025 03:00:00","BZN|FR","Without Sequence","109.38","",""
"28/02/2025 03:00:00 - 28/02/2025 03:15:00","BZN|FR","Without Sequence","105.20","",""
"28/02/2025 03:15:00 - 28/02/2025 03:30:00","BZN|FR","Without Sequence","105.20","",""
"28/02/2025 03:30:00 - 28/02/2025 03:45:00","BZN|FR","Without Sequence","105.20","",""
"28/02/2025 03:45:00 - 28/02/2025 04:00:00","BZN|FR","Without Sequence","105.20","",""
"28/02/2025 04:00:00 - 28/02/2025 04:15:00","BZN|FR","Without Sequence","104.49","",""
"28/02/2025 04:15:00 - 28/02/2025 04:30:00","BZN|FR","Without Sequence","104.49","",""
"28/02/2025 04:30:00 - 28/02/2025 04:45:00","BZN|FR","Without Sequence","104.49","",""
"28/02/2025 04:45:00 - 28/02/2025 05:00:00","BZN|FR","Without Sequence","104.49","",""
"28/02/2025 05:00:00 - 28/02/2025 05:15:00","BZN|FR","Without Sequence","104.49","",""
"28/02/2025 05:15:00 - 28/02/2025 05:30:00","BZN|FR","Without Sequence","104.49","",""
"28/02/2025 05:30:00 - 28/02/2025 05:45:00","BZN|FR","Without Sequence","104.49","",""
"28/02/2025 05:45:00 - 28/02/2025 06:00:00","BZN|FR","Without Sequence","104.49","",""
"28/02/2025 06:00:00 - 28/02/2025 06:15:00","BZN|FR","Without Sequence","116.93","",""
"28/02/2025 06:15:00 - 28/02/2025 06:30:00","BZN|FR","Without Sequence","116.93","",""
"28/02/2025 06:30:00 - 28/02/2025 06:45:00","BZN|FR","Without Sequence","116.93","",""
"28/02/2025 06:45:00 - 28/02/2025 07:00:00","BZN|FR","Without Sequence","116.93","",""
"28/02/2025 07:00:00 - 28/02/2025 07:15:00","BZN|FR","Without Sequence","138.39","",""
"28/02/2025 07:15:00 - 28/02/2025 07:30:00","BZN|FR","Without Sequence","138.39","",""
"28/02/2025 07:30:00 - 28/02/2025 07:45:00","BZN|FR","Without Sequence","138.39","",""
"28/02/2025 07:45:00 - 28/02/2025 08:00:00","BZN|FR","Without Sequence","138.39","",""
"28/02/2025 08:00:00 - 28/02/2025 08:15:00","BZN|FR","Without Sequence","152.94","",""
"28/02/2025 08:15:00 - 28/02/2025 08:30:00","BZN|FR","Without Sequence","152.94","",""
"28/02/2025 08:30:00 - 28/02/2025 08:45:00","BZN|FR","Without Sequence","152.94","",""
"28/02/2025 08:45:00 - 28/02/2025 09:00:00","BZN|FR","Without Sequence","152.94","",""
"28/02/2025 09:00:00 - 28/02/2025 09:15:00","BZN|FR","Without Sequence","120.81","",""
"28/02/2025 09:15:00 - 28/02/2025 09:30:00","BZN|FR","Without Sequence","120.81","",""
"28/02/2025 09:30:00 - 28/02/2025 09:45:00","BZN|FR","Without Sequence","120.81","",""
"28/02/2025 09:45:00 - 28/02/2025 10:00:00","BZN|FR","Without Sequence","120.81","",""
"28/02/2025 10:00:00 - 28/02/2025 10:15:00","BZN|FR","Without Sequence","105.34","",""
"28/02/2025 10:15:00 - 28/02/2025 10:30:00","BZN|FR","Without Sequence","105.34","",""
"28/02/2025 10:30:00 - 28/02/2025 10:45:00","BZN|FR","Without Sequence","105.34","",""
"28/02/2025 10:45:00 - 28/02/2025 11:00:00","BZN|FR","Without Sequence","105.34","",""
"28/02/2025 11:00:00 - 28/02/2025 11:15:00","BZN|FR","Without Sequence","93.00","",""
"28/02/2025 11:15:00 - 28/02/2025 11:30:00","BZN|FR","Without Sequence","93.00","",""
"28/02/2025 11:30:00 - 28/02/2025 11:45:00","BZN|FR","Without Sequence","93.00","",""
"28/02/2025 11:45:00 - 28/02/2025 12:00:00","BZN|FR","Without Sequence","93.00","",""
"28/02/2025 12:00:00 - 28/02/2025 12:15:00","BZN|FR","Without Sequence","91.08","",""
"28/02/2025 12:15:00 - 28/02/2025 12:30:00","BZN|FR","Without Sequence","91.08","",""
"28/02/2025 12:30:00 - 28/02/2025 12:45:00","BZN|FR","Without Sequence","91.08","",""
"28/02/2025 12:45:00 - 28/02/2025 13:00:00","BZN|FR","Without Sequence","91.08","",""
"28/02/2025 13:00:00 - 28/02/2025 13:15:00","BZN|FR","Without Sequence","80.13","",""
"28/02/2025 13:15:00 - 28/02/2025 13:30:00","BZN|FR","Without Sequence","80.13","",""
"28/02/2025 13:30:00 - 28/02/2025 13:45:00","BZN|FR","Without Sequence","80.13","",""
"28/02/2025 13:45:00 - 28/02/2025 14:00:00","BZN|FR","Without Sequence","80.13","",""
"28/02/2025 14:00:00 - 28/02/2025 14:15:00","BZN|FR","Without Sequence","85.20","",""
"28/02/2025 14:15:00 - 28/02/2025 14:30:00","BZN|FR","Without Sequence","85.20","",""
"28/02/2025 14:30:00 - 28/02/2025 14:45:00","BZN|FR","Without Sequence","85.20","",""
"28/02/2025 14:45:00 - 28/02/2025 15:00:00","BZN|FR","Without Sequence","85.20","",""
"28/02/2025 15:00:00 - 28/02/2025 15:15:00","BZN|FR","Without Sequence","93.29","",""
"28/02/2025 15:15:00 - 28/02/2025 15:30:00","BZN|FR","Without Sequence","93.29","",""
"28/02/2025 15:30:00 - 28/02/2025 15:45:00","BZN|FR","Without Sequence","93.29","",""
"28/02/2025 15:45:00 - 28/02/2025 16:00:00","BZN|FR","Without Sequence","93.29","",""
"28/02/2025 16:00:00 - 28/02/2025 16:15:00","BZN|FR","Without Sequence","96.74","",""
"28/02/2025 16:15:00 - 28/02/2025 16:30:00","BZN|FR","Without Sequence","96.74","",""
"28/02/2025 16:30:00 - 28/02/2025 16:45:00","BZN|FR","Without Sequence","96.74","",""
"28/02/2025 16:45:00 - 28/02/2025 17:00:00","BZN|FR","Without Sequence","96.74","",""
"28/02/2025 17:00:00 - 28/02/2025 17:15:00","BZN|FR","Without Sequence","115.51","",""
"28/02/2025 17:15:00 - 28/02/2025 17:30:00","BZN|FR","Without Sequence","115.51","",""
"28/02/2025 17:30:00 - 28/02/2025 17:45:00","BZN|FR","Without Sequence","115.51","",""
"28/02/2025 17:45:00 - 28/02/2025 18:00:00","BZN|FR","Without Sequence","115.51","",""
"28/02/2025 18:00:00 - 28/02/2025 18:15:00","BZN|FR","Without Sequence","124.74","",""
"28/02/2025 18:15:00 - 28/02/2025 18:30:00","BZN|FR","Without Sequence","124.74","",""
"28/02/2025 18:30:00 - 28/02/2025 18:45:00","BZN|FR","Without Sequence","124.74","",""
"28/02/2025 18:45:00 - 28/02/2025 19:00:00","BZN|FR","Without Sequence","124.74","",""
"28/02/2025 19:00:00 - 28/02/2025 19:15:00","BZN|FR","Without Sequence","151.96","",""
"28/02/2025 19:15:00 - 28/02/2025 19:30:00","BZN|FR","Without Sequence","151.96","",""
"28/02/2025 19:30:00 - 28/02/2025 19:45:00","BZN|FR","Without Sequence","151.96","",""
"28/02/2025 19:45:00 - 28/02/2025 20:00:00","BZN|FR","Without Sequence","151.96","",""
"28/02/2025 20:00:00 - 28/02/2025 20:15:00","BZN|FR","Without Sequence","134.27","",""
"28/02/2025 20:15:00 - 28/02/2025 20:30:00","BZN|FR","Without Sequence","134.27","",""
"28/02/2025 20:30:00 - 28/02/2025 20:45:00","BZN|FR","Without Sequence","134.27","",""
"28/02/2025 20:45:00 - 28/02/2025 21:00:00","BZN|FR","Without Sequence","134.27","",""
"28/02/2025 21:00:00 - 28/02/2025 21:15:00","BZN|FR","Without Sequence","121.73","",""
"28/02/2025 21:15:00 - 28/02/2025 21:30:00","BZN|FR","Without Sequence","121.73","",""
"28/02/2025 21:30:00 - 28/02/2025 21:45:00","BZN|FR","Without Sequence","121.73","",""
"28/02/2025 21:45:00 - 28/02/2025 22:00:00","BZN|FR","Without Sequence","121.73","",""
"28/02/2025 22:00:00 - 28/02/2025 22:15:00","BZN|FR","Without Sequence","114.72","",""
"28/02/2025 22:15:00 - 28/02/2025 22:30:00","BZN|FR","Without Sequence","114.72","",""
"28/02/2025 22:30:00 - 28/02/2025 22:45:00","BZN|FR","Without Sequence","114.72","",""
"28/02/2025 22:45:00 - 28/02/2025 23:00:00","BZN|FR","Without Sequence","114.72","",""
"28/02/2025 23:00:00 - 28/02/2025 23:15:00","BZN|FR","Without Sequence","106.75","",""
"28/02/2025 23:15:00 - 28/02/2025 23:30:00","BZN|FR","Without Sequence","106.75","",""
"28/02/2025 23:30:00 - 28/02/2025 23:45:00","BZN|FR","Without Sequence","106.75","",""
"28/02/2025 23:45:00 - 01/03/2025 00:00:00","BZN|FR","Without Sequence","106.75","",""
"01/03/2025 00:00:00 - 01/03/2025 00:15:00","BZN|FR","Without Sequence","118.24","",""
"01/03/2025 00:15:00 - 01/03/2025 00:30:00","BZN|FR","Without Sequence","118.24","",""
"01/03/2025 00:30:00 - 01/03/2025 00:45:00","BZN|FR","Without Sequence","118.24","",""
"01/03/2025 00:45:00 - 01/03/2025 01:00:00","BZN|FR","Without Sequence","118.24","",""
"01/03/2025 01:00:00 - 01/03/2025 01:15:00","BZN|FR","Without Sequence","114.86","",""
"01/03/2025 01:15:00 - 01/03/2025 01:30:00","BZN|FR","Without Sequence","114.86","",""
"01/03/2025 01:30:00 - 01/03/2025 01:45:00","BZN|FR","Without Sequence","114.86","",""
"01/03/2025 01:45:00 - 01/03/2025 02:00:00","BZN|FR","Without Sequence","114.86","",""
"01/03/2025 02:00:00 - 01/03/2025 02:15:00","BZN|FR","Without Sequence","114.23","",""
"01/03/2025 02:15:00 - 01/03/2025 02:30:00","BZN|FR","Without Sequence","114.23","",""
"01/03/2025 02:30:00 - 01/03/2025 02:45:00","BZN|FR","Without Sequence","114.23","",""
"01/03/2025 02:45:00 - 01/03/2025 03:00:00","BZN|FR","Without Sequence","114.23","",""
"01/03/2025 03:00:00 - 01/03/2025 03:15:00","BZN|FR","Without Sequence","98.07","",""
"01/03/2025 03:15:00 - 01/03/2025 03:30:00","BZN|FR","Without Sequence","98.07","",""
"01/03/2025 03:30:00 - 01/03/2025 03:45:00","BZN|FR","Without Sequence","98.07","",""
"01/03/2025 03:45:00 - 01/03/2025 04:00:00","BZN|FR","Without Sequence","98.07","",""
"01/03/2025 04:00:00 - 01/03/2025 04:15:00","BZN|FR","Without Sequence","99.60","",""
"01/03/2025 04:15:00 - 01/03/2025 04:30:00","BZN|FR","Without Sequence","99.60","",""
"01/03/2025 04:30:00 - 01/03/2025 04:45:00","BZN|FR","Without Sequence","99.60","",""
"01/03/2025 04:45:00 - 01/03/2025 05:00:00","BZN|FR","Without Sequence","99.60","",""
"01/03/2025 05:00:00 - 01/03/2025 05:15:00","BZN|FR","Without Sequence","98.93","",""
"01/03/2025 05:15:00 - 01/03/2025 05:30:00","BZN|FR","Without Sequence","98.93","",""
"01/03/2025 05:30:00 - 01/03/2025 05:45:00","BZN|FR","Without Sequence","98.93","",""
"01/03/2025 05:45:00 - 01/03/2025 06:00:00","BZN|FR","Without Sequence","98.93","",""
"01/03/2025 06:00:00 - 01/03/2025 06:15:00","BZN|FR","Without Sequence","108.15","",""
"01/03/2025 06:15:00 - 01/03/2025 06:30:00","BZN|FR","Without Sequence","108.15","",""
"01/03/2025 06:30:00 - 01/03/2025 06:45:00","BZN|FR","Without Sequence","108.15","",""
"01/03/2025 06:45:00 - 01/03/2025 07:00:00","BZN|FR","Without Sequence","108.15","",""
"01/03/2025 07:00:00 - 01/03/2025 07:15:00","BZN|FR","Without Sequence","124.48","",""
"01/03/2025 07:15:00 - 01/03/2025 07:30:00","BZN|FR","Without Sequence","124.48","",""
"01/03/2025 07:30:00 - 01/03/2025 07:45:00","BZN|FR","Without Sequence","124.48","",""
"01/03/2025 07:45:00 - 01/03/2025 08:00:00","BZN|FR","Without Sequence","124.48","",""
"01/03/2025 08:00:00 - 01/03/2025 08:15:00","BZN|FR","Without Sequence","123.85","",""
"01/03/2025 08:15:00 - 01/03/2025 08:30:00","BZN|FR","Without Sequence","123.85","",""
"01/03/2025 08:30:00 - 01/03/2025 08:45:00","BZN|FR","Without Sequence","123.85","",""
"01/03/2025 08:45:00 - 01/03/2025 09:00:00","BZN|FR","Without Sequence","123.85","",""
"01/03/2025 09:00:00 - 01/03/2025 09:15:00","BZN|FR","Without Sequence","113.39","",""
"01/03/2025 09:15:00 - 01/03/2025 09:30:00","BZN|FR","Without Sequence","113.39","",""
"01/03/2025 09:30:00 - 01/03/2025 09:45:00","BZN|FR","Without Sequence","113.39","",""
"01/03/2025 09:45:00 - 01/03/2025 10:00:00","BZN|FR","Without Sequence","113.39","",""
"01/03/2025 10:00:00 - 01/03/2025 10:15:00","BZN|FR","Without Sequence","91.10","",""
"01/03/2025 10:15:00 - 01/03/2025 10:30:00","BZN|FR","Without Sequence","91.10","",""
"01/03/2025 10:30:00 - 01/03/2025 10:45:00","BZN|FR","Without Sequence","91.10","",""
"01/03/2025 10:45:00 - 01/03/2025 11:00:00","BZN|FR","Without Sequence","91.10","",""
"01/03/2025 11:00:00 - 01/03/2025 11:15:00","BZN|FR","Without Sequence","78.71","",""
"01/03/2025 11:15:00 - 01/03/2025 11:30:00","BZN|FR","Without Sequence","78.71","",""
"01/03/2025 11:30:00 - 01/03/2025 11:45:00","BZN|FR","Without Sequence","78.71","",""
"01/03/2025 11:45:00 - 01/03/2025 12:00:00","BZN|FR","Without Sequence","78.71","",""
"01/03/2025 12:00:00 - 01/03/2025 12:15:00","BZN|FR","Without Sequence","80.88","",""
"01/03/2025 12:15:00 - 01/03/2025 12:30:00","BZN|FR","Without Sequence","80.88","",""
"01/03/2025 12:30:00 - 01/03/2025 12:45:00","BZN|FR","Without Sequence","80.88","",""
"01/03/2025 12:45:00 - 01/03/2025 13:00:00","BZN|FR","Without Sequence","80.88","",""
"01/03/2025 13:00:00 - 01/03/2025 13:15:00","BZN|FR","Without Sequence","61.79","",""
"01/03/2025 13:15:00 - 01/03/2025 13:30:00","BZN|FR","Without Sequence","61.79","",""
"01/03/2025 13:30:00 - 01/03/2025 13:45:00","BZN|FR","Without Sequence","61.79","",""
"01/03/2025 13:45:00 - 01/03/2025 14:00:00","BZN|FR","Without Sequence","61.79","",""
"01/03/2025 14:00:00 - 01/03/2025 14:15:00","BZN|FR","Without Sequence","38.14","",""
"01/03/2025 14:15:00 - 01/03/2025 14:30:00","BZN|FR","Without Sequence","38.14","",""
"01/03/2025 14:30:00 - 01/03/2025 14:45:00","BZN|FR","Without Sequence","38.14","",""
"01/03/2025 14:45:00 - 01/03/2025 15:00:00","BZN|FR","Without Sequence","38.14","",""
"01/03/2025 15:00:00 - 01/03/2025 15:15:00","BZN|FR","Without Sequence","31.73","",""
"01/03/2025 15:15:00 - 01/03/2025 15:30:00","BZN|FR","Without Sequence","31.73","",""
"01/03/2025 15:30:00 - 01/03/2025 15:45:00","BZN|FR","Without Sequence","31.73","",""
"01/03/2025 15:45:00 - 01/03/2025 16:00:00","BZN|FR","Without Sequence","31.73","",""
"01/03/2025 16:00:00 - 01/03/2025 16:15:00","BZN|FR","Without Sequence","52.04","",""
"01/03/2025 16:15:00 - 01/03/2025 16:30:00","BZN|FR","Without Sequence","52.04","",""
"01/03/2025 16:30:00 - 01/03/2025 16:45:00","BZN|FR","Without Sequence","52.04","",""
"01/03/2025 16:45:00 - 01/03/2025 17:00:00","BZN|FR","Without Sequence","52.04","",""
"01/03/2025 17:00:00 - 01/03/2025 17:15:00","BZN|FR","Without Sequence","80.77","",""
"01/03/2025 17:15:00 - 01/03/2025 17:30:00","BZN|FR","Without Sequence","80.77","",""
"01/03/2025 17:30:00 - 01/03/2025 17:45:00","BZN|FR","Without Sequence","80.77","",""
"01/03/2025 17:45:00 - 01/03/2025 18:00:00","BZN|FR","Without Sequence","80.77","",""
"01/03/2025 18:00:00 - 01/03/2025 18:15:00","BZN|FR","Without Sequence","119.02","",""
"01/03/2025 18:15:00 - 01/03/2025 18:30:00","BZN|FR","Without Sequence","119.02","",""
"01/03/2025 18:30:00 - 01/03/2025 18:45:00","BZN|FR","Without Sequence","119.02","",""
"01/03/2025 18:45:00 - 01/03/2025 19:00:00","BZN|FR","Without Sequence","119.02","",""
"01/03/2025 19:00:00 - 01/03/2025 19:15:00","BZN|FR","Without Sequence","128.40","",""
"01/03/2025 19:15:00 - 01/03/2025 19:30:00","BZN|FR","Without Sequence","128.40","",""
"01/03/2025 19:30:00 - 01/03/2025 19:45:00","BZN|FR","Without Sequence","128.40","",""
"01/03/2025 19:45:00 - 01/03/2025 20:00:00","BZN|FR","Without Sequence","128.40","",""
"01/03/2025 20:00:00 - 01/03/2025 20:15:00","BZN|FR","Without Sequence","115.05","",""
"01/03/2025 20:15:00 - 01/03/2025 20:30:00","BZN|FR","Without Sequence","115.05","",""
"01/03/2025 20:30:00 - 01/03/2025 20:45:00","BZN|FR","Without Sequence","115.05","",""
"01/03/2025 20:45:00 - 01/03/2025 21:00:00","BZN|FR","Without Sequence","115.05","",""
"01/03/2025 21:00:00 - 01/03/2025 21:15:00","BZN|FR","Without Sequence","110.27","",""
"01/03/2025 21:15:00 - 01/03/2025 21:30:00","BZN|FR","Without Sequence","110.27","",""
"01/03/2025 21:30:00 - 01/03/2025 21:45:00","BZN|FR","Without Sequence","110.27","",""
"01/03/2025 21:45:00 - 01/03/2025 22:00:00","BZN|FR","Without Sequence","110.27","",""
"01/03/2025 22:00:00 - 01/03/2025 22:15:00","BZN|FR","Without Sequence","114.44","",""
"01/03/2025 22:15:00 - 01/03/2025 22:30:00","BZN|FR","Without Sequence","114.44","",""
"01/03/2025 22:30:00 - 01/03/2025 22:45:00","BZN|FR","Without Sequence","114.44","",""
"01/03/2025 22:45:00 - 01/03/2025 23:00:00","BZN|FR","Without Sequence","114.44","",""
"01/03/2025 23:00:00 - 01/03/2025 23:15:00","BZN|FR","Without Sequence","119.92","",""
"01/03/2025 23:15:00 - 01/03/2025 23:30:00","BZN|FR","Without Sequence","119.92","",""
"01/03/2025 23:30:00 - 01/03/2025 23:45:00","BZN|FR","Without Sequence","119.92","",""
"01/03/2025 23:45:00 - 02/03/2025 00:00:00","BZN|FR","Without Sequence","119.92","",""
"02/03/2025 00:00:00 - 02/03/2025 00:15:00","BZN|FR","Without Sequence","124.07","",""
"02/03/2025 00:15:00 - 02/03/2025 00:30:00","BZN|FR","Without Sequence","124.07","",""
"02/03/2025 00:30:00 - 02/03/2025 00:45:00","BZN|FR","Without Sequence","124.07","",""
"02/03/2025 00:45:00 - 02/03/2025 01:00:00","BZN|FR","Without Sequence","124.07","",""
"02/03/2025 01:00:00 - 02/03/2025 01:15:00","BZN|FR","Without Sequence","108.23","",""
"02/03/2025 01:15:00 - 02/03/2025 01:30:00","BZN|FR","Without Sequence","108.23","",""
"02/03/2025 01:30:00 - 02/03/2025 01:45:00","BZN|FR","Without Sequence","108.23","",""
"02/03/2025 01:45:00 - 02/03/2025 02:00:00","BZN|FR","Without Sequence","108.23","",""
"02/03/2025 02:00:00 - 02/03/2025 02:15:00","BZN|FR","Without Sequence","99.66","",""
"02/03/2025 02:15:00 - 02/03/2025 02:30:00","BZN|FR","Without Sequence","99.66","",""
"02/03/2025 02:30:00 - 02/03/2025 02:45:00","BZN|FR","Without Sequence","99.66","",""
"02/03/2025 02:45:00 - 02/03/2025 03:00:00","BZN|FR","Without Sequence","99.66","",""
"02/03/2025 03:00:00 - 02/03/2025 03:15:00","BZN|FR","Without Sequence","93.68","",""
"02/03/2025 03:15:00 - 02/03/2025 03:30:00","BZN|FR","Without Sequence","93.68","",""
"02/03/2025 03:30:00 - 02/03/2025 03:45:00","BZN|FR","Without Sequence","93.68","",""
"02/03/2025 03:45:00 - 02/03/2025 04:00:00","BZN|FR","Without Sequence","93.68","",""
"02/03/2025 04:00:00 - 02/03/2025 04:15:00","BZN|FR","Without Sequence","95.24","",""
"02/03/2025 04:15:00 - 02/03/2025 04:30:00","BZN|FR","Without Sequence","95.24","",""
"02/03/2025 04:30:00 - 02/03/2025 04:45:00","BZN|FR","Without Sequence","95.24","",""
"02/03/2025 04:45:00 - 02/03/2025 05:00:00","BZN|FR","Without Sequence","95.24","",""
"02/03/2025 05:00:00 - 02/03/2025 05:15:00","BZN|FR","Without Sequence","95.17","",""
"02/03/2025 05:15:00 - 02/03/2025 05:30:00","BZN|FR","Without Sequence","95.17","",""
"02/03/2025 05:30:00 - 02/03/2025 05:45:00","BZN|FR","Without Sequence","95.17","",""
"02/03/2025 05:45:00 - 02/03/2025 06:00:00","BZN|FR","Without Sequence","95.17","",""
"02/03/2025 06:00:00 - 02/03/2025 06:15:00","BZN|FR","Without Sequence","97.92","",""
"02/03/2025 06:15:00 - 02/03/2025 06:30:00","BZN|FR","Without Sequence","97.92","",""
"02/03/2025 06:30:00 - 02/03/2025 06:45:00","BZN|FR","Without Sequence","97.92","",""
"02/03/2025 06:45:00 - 02/03/2025 07:00:00","BZN|FR","Without Sequence","97.92","",""
"02/03/2025 07:00:00 - 02/03/2025 07:15:00","BZN|FR","Without Sequence","104.14","",""
"02/03/2025 07:15:00 - 02/03/2025 07:30:00","BZN|FR","Without Sequence","104.14","",""
"02/03/2025 07:30:00 - 02/03/2025 07:45:00","BZN|FR","Without Sequence","104.14","",""
"02/03/2025 07:45:00 - 02/03/2025 08:00:00","BZN|FR","Without Sequence","104.14","",""
"02/03/2025 08:00:00 - 02/03/2025 08:15:00","BZN|FR","Without Sequence","103.58","",""
"02/03/2025 08:15:00 - 02/03/2025 08:30:00","BZN|FR","Without Sequence","103.58","",""
"02/03/2025 08:30:00 - 02/03/2025 08:45:00","BZN|FR","Without Sequence","103.58","",""
"02/03/2025 08:45:00 - 02/03/2025 09:00:00","BZN|FR","Without Sequence","103.58","",""
"02/03/2025 09:00:00 - 02/03/2025 09:15:00","BZN|FR","Without Sequence","89.00","",""
"02/03/2025 09:15:00 - 02/03/2025 09:30:00","BZN|FR","Without Sequence","89.00","",""
"02/03/2025 09:30:00 - 02/03/2025 09:45:00","BZN|FR","Without Sequence","89.00","",""
"02/03/2025 09:45:00 - 02/03/2025 10:00:00","BZN|FR","Without Sequence","89.00","",""
"02/03/2025 10:00:00 - 02/03/2025 10:15:00","BZN|FR","Without Sequence","68.30","",""
"02/03/2025 10:15:00 - 02/03/2025 10:30:00","BZN|FR","Without Sequence","68.30","",""
"02/03/2025 10:30:00 - 02/03/2025 10:45:00","BZN|FR","Without Sequence","68.30","",""
"02/03/2025 10:45:00 - 02/03/2025 11:00:00","BZN|FR","Without Sequence","68.30","",""
"02/03/2025 11:00:00 - 02/03/2025 11:15:00","BZN|FR","Without Sequence","49.00","",""
"02/03/2025 11:15:00 - 02/03/2025 11:30:00","BZN|FR","Without Sequence","49.00","",""
"02/03/2025 11:30:00 - 02/03/2025 11:45:00","BZN|FR","Without Sequence","49.00","",""
"02/03/2025 11:45:00 - 02/03/2025 12:00:00","BZN|FR","Without Sequence","49.00","",""
"02/03/2025 12:00:00 - 02/03/2025 12:15:00","BZN|FR","Without Sequence","27.50","",""
"02/03/2025 12:15:00 - 02/03/2025 12:30:00","BZN|FR","Without Sequence","27.50","",""
"02/03/2025 12:30:00 - 02/03/2025 12:45:00","BZN|FR","Without Sequence","27.50","",""
"02/03/2025 12:45:00 - 02/03/2025 13:00:00","BZN|FR","Without Sequence","27.50","",""
"02/03/2025 13:00:00 - 02/03/2025 13:15:00","BZN|FR","Without Sequence","20.10","",""
"02/03/2025 13:15:00 - 02/03/2025 13:30:00","BZN|FR","Without Sequence","20.10","",""
"02/03/2025 13:30:00 - 02/03/2025 13:45:00","BZN|FR","Without Sequence","20.10","",""
"02/03/2025 13:45:00 - 02/03/2025 14:00:00","BZN|FR","Without Sequence","20.10","",""
"02/03/2025 14:00:00 - 02/03/2025 14:15:00","BZN|FR","Without Sequence","22.37","",""
"02/03/2025 14:15:00 - 02/03/2025 14:30:00","BZN|FR","Without Sequence","22.37","",""
"02/03/2025 14:30:00 - 02/03/2025 14:45:00","BZN|FR","Without Sequence","22.37","",""
"02/03/2025 14:45:00 - 02/03/2025 15:00:00","BZN|FR","Without Sequence","22.37","",""
"02/03/2025 15:00:00 - 02/03/2025 15:15:00","BZN|FR","Without Sequence","51.90","",""
"02/03/2025 15:15:00 - 02/03/2025 15:30:00","BZN|FR","Without Sequence","51.90","",""
"02/03/2025 15:30:00 - 02/03/2025 15:45:00","BZN|FR","Without Sequence","51.90","",""
"02/03/2025 15:45:00 - 02/03/2025 16:00:00","BZN|FR","Without Sequence","51.90","",""
"02/03/2025 16:00:00 - 02/03/2025 16:15:00","BZN|FR","Without Sequence","76.04","",""
"02/03/2025 16:15:00 - 02/03/2025 16:30:00","BZN|FR","Without Sequence","76.04","",""
"02/03/2025 16:30:00 - 02/03/2025 16:45:00","BZN|FR","Without Sequence","76.04","",""
"02/03/2025 16:45:00 - 02/03/2025 17:00:00","BZN|FR","Without Sequence","76.04","",""
"02/03/2025 17:00:00 - 02/03/2025 17:15:00","BZN|FR","Without Sequence","97.29","",""
"02/03/2025 17:15:00 - 02/03/2025 17:30:00","BZN|FR","Without Sequence","97.29","",""
"02/03/2025 17:30:00 - 02/03/2025 17:45:00","BZN|FR","Without Sequence","97.29","",""
"02/03/2025 17:45:00 - 02/03/2025 18:00:00","BZN|FR","Without Sequence","97.29","",""
"02/03/2025 18:00:00 - 02/03/2025 18:15:00","BZN|FR","Without Sequence","129.43","",""
"02/03/2025 18:15:00 - 02/03/2025 18:30:00","BZN|FR","Without Sequence","129.43","",""
"02/03/2025 18:30:00 - 02/03/2025 18:45:00","BZN|FR","Without Sequence","129.43","",""
"02/03/2025 18:45:00 - 02/03/2025 19:00:00","BZN|FR","Without Sequence","129.43","",""
"02/03/2025 19:00:00 - 02/03/2025 19:15:00","BZN|FR","Without Sequence","147.09","",""
"02/03/2025 19:15:00 - 02/03/2025 19:30:00","BZN|FR","Without Sequence","147.09","",""
"02/03/2025 19:30:00 - 02/03/2025 19:45:00","BZN|FR","Without Sequence","147.09","",""
"02/03/2025 19:45:00 - 02/03/2025 20:00:00","BZN|FR","Without Sequence","147.09","",""
"02/03/2025 20:00:00 - 02/03/2025 20:15:00","BZN|FR","Without Sequence","134.36","",""
"02/03/2025 20:15:00 - 02/03/2025 20:30:00","BZN|FR","Without Sequence","134.36","",""
"02/03/2025 20:30:00 - 02/03/2025 20:45:00","BZN|FR","Without Sequence","134.36","",""
"02/03/2025 20:45:00 - 02/03/2025 21:00:00","BZN|FR","Without Sequence","134.36","",""
"02/03/2025 21:00:00 - 02/03/2025 21:15:00","BZN|FR","Without Sequence","121.69","",""
"02/03/2025 21:15:00 - 02/03/2025 21:30:00","BZN|FR","Without Sequence","121.69","",""
"02/03/2025 21:30:00 - 02/03/2025 21:45:00","BZN|FR","Without Sequence","121.69","",""
"02/03/2025 21:45:00 - 02/03/2025 22:00:00","BZN|FR","Without Sequence","121.69","",""
"02/03/2025 22:00:00 - 02/03/2025 22:15:00","BZN|FR","Without Sequence","121.07","",""
"02/03/2025 22:15:00 - 02/03/2025 22:30:00","BZN|FR","Without Sequence","121.07","",""
"02/03/2025 22:30:00 - 02/03/2025 22:45:00","BZN|FR","Without Sequence","121.07","",""
"02/03/2025 22:45:00 - 02/03/2025 23:00:00","BZN|FR","Without Sequence","121.07","",""
"02/03/2025 23:00:00 - 02/03/2025 23:15:00","BZN|FR","Without Sequence","112.94","",""
"02/03/2025 23:15:00 - 02/03/2025 23:30:00","BZN|FR","Without Sequence","112.94","",""
"02/03/2025 23:30:00 - 02/03/2025 23:45:00","BZN|FR","Without Sequence","112.94","",""
"02/03/2025 23:45:00 - 03/03/2025 00:00:00","BZN|FR","Without Sequence","112.94","",""
"03/03/2025 00:00:00 - 03/03/2025 00:15:00","BZN|FR","Without Sequence","109.20","",""
"03/03/2025 00:15:00 - 03/03/2025 00:30:00","BZN|FR","Without Sequence","109.20","",""
"03/03/2025 00:30:00 - 03/03/2025 00:45:00","BZN|FR","Without Sequence","109.20","",""
"03/03/2025 00:45:00 - 03/03/2025 01:00:00","BZN|FR","Without Sequence","109.20","",""
"03/03/2025 01:00:00 - 03/03/2025 01:15:00","BZN|FR","Without Sequence","104.56","",""
"03/03/2025 01:15:00 - 03/03/2025 01:30:00","BZN|FR","Without Sequence","104.56","",""
"03/03/2025 01:30:00 - 03/03/2025 01:45:00","BZN|FR","Without Sequence","104.56","",""
"03/03/2025 01:45:00 - 03/03/2025 02:00:00","BZN|FR","Without Sequence","104.56","",""
"03/03/2025 02:00:00 - 03/03/2025 02:15:00","BZN|FR","Without Sequence","103.56","",""
"03/03/2025 02:15:00 - 03/03/2025 02:30:00","BZN|FR","Without Sequence","103.56","",""
"03/03/2025 02:30:00 - 03/03/2025 02:45:00","BZN|FR","Without Sequence","103.56","",""
"03/03/2025 02:45:00 - 03/03/2025 03:00:00","BZN|FR","Without Sequence","103.56","",""
"03/03/2025 03:00:00 - 03/03/2025 03:15:00","BZN|FR","Without Sequence","100.31","",""
"03/03/2025 03:15:00 - 03/03/2025 03:30:00","BZN|FR","Without Sequence","100.31","",""
"03/03/2025 03:30:00 - 03/03/2025 03:45:00","BZN|FR","Without Sequence","100.31","",""
"03/03/2025 03:45:00 - 03/03/2025 04:00:00","BZN|FR","Without Sequence","100.31","",""
"03/03/2025 04:00:00 - 03/03/2025 04:15:00","BZN|FR","Without Sequence","103.95","",""
"03/03/2025 04:15:00 - 03/03/2025 04:30:00","BZN|FR","Without Sequence","103.95","",""
"03/03/2025 04:30:00 - 03/03/2025 04:45:00","BZN|FR","Without Sequence","103.95","",""
"03/03/2025 04:45:00 - 03/03/2025 05:00:00","BZN|FR","Without Sequence","103.95","",""
"03/03/2025 05:00:00 - 03/03/2025 05:15:00","BZN|FR","Without Sequence","117.16","",""
"03/03/2025 05:15:00 - 03/03/2025 05:30:00","BZN|FR","Without Sequence","117.16","",""
"03/03/2025 05:30:00 - 03/03/2025 05:45:00","BZN|FR","Without Sequence","117.16","",""
"03/03/2025 05:45:00 - 03/03/2025 06:00:00","BZN|FR","Without Sequence","117.16","",""
"03/03/2025 06:00:00 - 03/03/2025 06:15:00","BZN|FR","Without Sequence","137.77","",""
"03/03/2025 06:15:00 - 03/03/2025 06:30:00","BZN|FR","Without Sequence","137.77","",""
"03/03/2025 06:30:00 - 03/03/2025 06:45:00","BZN|FR","Without Sequence","137.77","",""
"03/03/2025 06:45:00 - 03/03/2025 07:00:00","BZN|FR","Without Sequence","137.77","",""
"03/03/2025 07:00:00 - 03/03/2025 07:15:00","BZN|FR","Without Sequence","163.00","",""
"03/03/2025 07:15:00 - 03/03/2025 07:30:00","BZN|FR","Without Sequence","163.00","",""
"03/03/2025 07:30:00 - 03/03/2025 07:45:00","BZN|FR","Without Sequence","163.00","",""
"03/03/2025 07:45:00 - 03/03/2025 08:00:00","BZN|FR","Without Sequence","163.00","",""
"03/03/2025 08:00:00 - 03/03/2025 08:15:00","BZN|FR","Without Sequence","148.46","",""
"03/03/2025 08:15:00 - 03/03/2025 08:30:00","BZN|FR","Without Sequence","148.46","",""
"03/03/2025 08:30:00 - 03/03/2025 08:45:00","BZN|FR","Without Sequence","148.46","",""
"03/03/2025 08:45:00 - 03/03/2025 09:00:00","BZN|FR","Without Sequence","148.46","",""
"03/03/2025 09:00:00 - 03/03/2025 09:15:00","BZN|FR","Without Sequence","116.95","",""
"03/03/2025 09:15:00 - 03/03/2025 09:30:00","BZN|FR","Without Sequence","116.95","",""
"03/03/2025 09:30:00 - 03/03/2025 09:45:00","BZN|FR","Without Sequence","116.95","",""
"03/03/2025 09:45:00 - 03/03/2025 10:00:00","BZN|FR","Without Sequence","116.95","",""
"03/03/2025 10:00:00 - 03/03/2025 10:15:00","BZN|FR","Without Sequence","109.79","",""
"03/03/2025 10:15:00 - 03/03/2025 10:30:00","BZN|FR","Without Sequence","109.79","",""
"03/03/2025 10:30:00 - 03/03/2025 10:45:00","BZN|FR","Without Sequence","109.79","",""
"03/03/2025 10:45:00 - 03/03/2025 11:00:00","BZN|FR","Without Sequence","109.79","",""
"03/03/2025 11:00:00 - 03/03/2025 11:15:00","BZN|FR","Without Sequence","103.96","",""
"03/03/2025 11:15:00 - 03/03/2025 11:30:00","BZN|FR","Without Sequence","103.96","",""
"03/03/2025 11:30:00 - 03/03/2025 11:45:00","BZN|FR","Without Sequence","103.96","",""
"03/03/2025 11:45:00 - 03/03/2025 12:00:00","BZN|FR","Without Sequence","103.96","",""
"03/03/2025 12:00:00 - 03/03/2025 12:15:00","BZN|FR","Without Sequence","90.48","",""
"03/03/2025 12:15:00 - 03/03/2025 12:30:00","BZN|FR","Without Sequence","90.48","",""
"03/03/2025 12:30:00 - 03/03/2025 12:45:00","BZN|FR","Without Sequence","90.48","",""
"03/03/2025 12:45:00 - 03/03/2025 13:00:00","BZN|FR","Without Sequence","90.48","",""
"03/03/2025 13:00:00 - 03/03/2025 13:15:00","BZN|FR","Without Sequence","90.24","",""
"03/03/2025 13:15:00 - 03/03/2025 13:30:00","BZN|FR","Without Sequence","90.24","",""
"03/03/2025 13:30:00 - 03/03/2025 13:45:00","BZN|FR","Without Sequence","90.24","",""
"03/03/2025 13:45:00 - 03/03/2025 14:00:00","BZN|FR","Without Sequence","90.24","",""
"03/03/2025 14:00:00 - 03/03/2025 14:15:00","BZN|FR","Without Sequence","66.91","",""
"03/03/2025 14:15:00 - 03/03/2025 14:30:00","BZN|FR","Without Sequence","66.91","",""
"03/03/2025 14:30:00 - 03/03/2025 14:45:00","BZN|FR","Without Sequence","66.91","",""
"03/03/2025 14:45:00 - 03/03/2025 15:00:00","BZN|FR","Without Sequence","66.91","",""
"03/03/2025 15:00:00 - 03/03/2025 15:15:00","BZN|FR","Without Sequence","86.44","",""
"03/03/2025 15:15:00 - 03/03/2025 15:30:00","BZN|FR","Without Sequence","86.44","",""
"03/03/2025 15:30:00 - 03/03/2025 15:45:00","BZN|FR","Without Sequence","86.44","",""
"03/03/2025 15:45:00 - 03/03/2025 16:00:00","BZN|FR","Without Sequence","86.44","",""
"03/03/2025 16:00:00 - 03/03/2025 16:15:00","BZN|FR","Without Sequence","107.08","",""
"03/03/2025 16:15:00 - 03/03/2025 16:30:00","BZN|FR","Without Sequence","107.08","",""
"03/03/2025 16:30:00 - 03/03/2025 16:45:00","BZN|FR","Without Sequence","107.08","",""
"03/03/2025 16:45:00 - 03/03/2025 17:00:00","BZN|FR","Without Sequence","107.08","",""
"03/03/2025 17:00:00 - 03/03/2025 17:15:00","BZN|FR","Without Sequence","111.91","",""
"03/03/2025 17:15:00 - 03/03/2025 17:30:00","BZN|FR","Without Sequence","111.91","",""
"03/03/2025 17:30:00 - 03/03/2025 17:45:00","BZN|FR","Without Sequence","111.91","",""
"03/03/2025 17:45:00 - 03/03/2025 18:00:00","BZN|FR","Without Sequence","111.91","",""
"03/03/2025 18:00:00 - 03/03/2025 18:15:00","BZN|FR","Without Sequence","157.00","",""
"03/03/2025 18:15:00 - 03/03/2025 18:30:00","BZN|FR","Without Sequence","157.00","",""
"03/03/2025 18:30:00 - 03/03/2025 18:45:00","BZN|FR","Without Sequence","157.00","",""
"03/03/2025 18:45:00 - 03/03/2025 19:00:00","BZN|FR","Without Sequence","157.00","",""
"03/03/2025 19:00:00 - 03/03/2025 19:15:00","BZN|FR","Without Sequence","175.10","",""
"03/03/2025 19:15:00 - 03/03/2025 19:30:00","BZN|FR","Without Sequence","175.10","",""
"03/03/2025 19:30:00 - 03/03/2025 19:45:00","BZN|FR","Without Sequence","175.10","",""
"03/03/2025 19:45:00 - 03/03/2025 20:00:00","BZN|FR","Without Sequence","175.10","",""
"03/03/2025 20:00:00 - 03/03/2025 20:15:00","BZN|FR","Without Sequence","149.00","",""
"03/03/2025 20:15:00 - 03/03/2025 20:30:00","BZN|FR","Without Sequence","149.00","",""
"03/03/2025 20:30:00 - 03/03/2025 20:45:00","BZN|FR","Without Sequence","149.00","",""
"03/03/2025 20:45:00 - 03/03/2025 21:00:00","BZN|FR","Without Sequence","149.00","",""
"03/03/2025 21:00:00 - 03/03/2025 21:15:00","BZN|FR","Without Sequence","122.91","",""
"03/03/2025 21:15:00 - 03/03/2025 21:30:00","BZN|FR","Without Sequence","122.91","",""
"03/03/2025 21:30:00 - 03/03/2025 21:45:00","BZN|FR","Without Sequence","122.91","",""
"03/03/2025 21:45:00 - 03/03/2025 22:00:00","BZN|FR","Without Sequence","122.91","",""
"03/03/2025 22:00:00 - 03/03/2025 22:15:00","BZN|FR","Without Sequence","125.43","",""
"03/03/2025 22:15:00 - 03/03/2025 22:30:00","BZN|FR","Without Sequence","125.43","",""
"03/03/2025 22:30:00 - 03/03/2025 22:45:00","BZN|FR","Without Sequence","125.43","",""
"03/03/2025 22:45:00 - 03/03/2025 23:00:00","BZN|FR","Without Sequence","125.43","",""
"03/03/2025 23:00:00 - 03/03/2025 23:15:00","BZN|FR","Without Sequence","124.38","",""
"03/03/2025 23:15:00 - 03/03/2025 23:30:00","BZN|FR","Without Sequence","124.38","",""
"03/03/2025 23:30:00 - 03/03/2025 23:45:00","BZN|FR","Without Sequence","124.38","",""
"03/03/2025 23:45:00 - 04/03/2025 00:00:00","BZN|FR","Without Sequence","124.38","",""
"04/03/2025 00:00:00 - 04/03/2025 00:15:00","BZN|FR","Without Sequence","122.15","",""
"04/03/2025 00:15:00 - 04/03/2025 00:30:00","BZN|FR","Without Sequence","122.15","",""
"04/03/2025 00:30:00 - 04/03/2025 00:45:00","BZN|FR","Without Sequence","122.15","",""
"04/03/2025 00:45:00 - 04/03/2025 01:00:00","BZN|FR","Without Sequence","122.15","",""
"04/03/2025 01:00:00 - 04/03/2025 01:15:00","BZN|FR","Without Sequence","110.77","",""
"04/03/2025 01:15:00 - 04/03/2025 01:30:00","BZN|FR","Without Sequence","110.77","",""
"04/03/2025 01:30:00 - 04/03/2025 01:45:00","BZN|FR","Without Sequence","110.77","",""
"04/03/2025 01:45:00 - 04/03/2025 02:00:00","BZN|FR","Without Sequence","110.77","",""
"04/03/2025 02:00:00 - 04/03/2025 02:15:00","BZN|FR","Without Sequence","104.62","",""
"04/03/2025 02:15:00 - 04/03/2025 02:30:00","BZN|FR","Without Sequence","104.62","",""
"04/03/2025 02:30:00 - 04/03/2025 02:45:00","BZN|FR","Without Sequence","104.62","",""
"04/03/2025 02:45:00 - 04/03/2025 03:00:00","BZN|FR","Without Sequence","104.62","",""
"04/03/2025 03:00:00 - 04/03/2025 03:15:00","BZN|FR","Without Sequence","105.34","",""
"04/03/2025 03:15:00 - 04/03/2025 03:30:00","BZN|FR","Without Sequence","105.34","",""
"04/03/2025 03:30:00 - 04/03/2025 03:45:00","BZN|FR","Without Sequence","105.34","",""
"04/03/2025 03:45:00 - 04/03/2025 04:00:00","BZN|FR","Without Sequence","105.34","",""
"04/03/2025 04:00:00 - 04/03/2025 04:15:00","BZN|FR","Without Sequence","101.79","",""
"04/03/2025 04:15:00 - 04/03/2025 04:30:00","BZN|FR","Without Sequence","101.79","",""
"04/03/2025 04:30:00 - 04/03/2025 04:45:00","BZN|FR","Without Sequence","101.79","",""
"04/03/2025 04:45:00 - 04/03/2025 05:00:00","BZN|FR","Without Sequence","101.79","",""
"04/03/2025 05:00:00 - 04/03/2025 05:15:00","BZN|FR","Without Sequence","104.00","",""
"04/03/2025 05:15:00 - 04/03/2025 05:30:00","BZN|FR","Without Sequence","104.00","",""
"04/03/2025 05:30:00 - 04/03/2025 05:45:00","BZN|FR","Without Sequence","104.00","",""
"04/03/2025 05:45:00 - 04/03/2025 06:00:00","BZN|FR","Without Sequence","104.00","",""
"04/03/2025 06:00:00 - 04/03/2025 06:15:00","BZN|FR","Without Sequence","119.85","",""
"04/03/2025 06:15:00 - 04/03/2025 06:30:00","BZN|FR","Without Sequence","119.85","",""
"04/03/2025 06:30:00 - 04/03/2025 06:45:00","BZN|FR","Without Sequence","119.85","",""
"04/03/2025 06:45:00 - 04/03/2025 07:00:00","BZN|FR","Without Sequence","119.85","",""
"04/03/2025 07:00:00 - 04/03/2025 07:15:00","BZN|FR","Without Sequence","169.51","",""
"04/03/2025 07:15:00 - 04/03/2025 07:30:00","BZN|FR","Without Sequence","169.51","",""
"04/03/2025 07:30:00 - 04/03/2025 07:45:00","BZN|FR","Without Sequence","169.51","",""
"04/03/2025 07:45:00 - 04/03/2025 08:00:00","BZN|FR","Without Sequence","169.51","",""
"04/03/2025 08:00:00 - 04/03/2025 08:15:00","BZN|FR","Without Sequence","141.95","",""
"04/03/2025 08:15:00 - 04/03/2025 08:30:00","BZN|FR","Without Sequence","141.95","",""
"04/03/2025 08:30:00 - 04/03/2025 08:45:00","BZN|FR","Without Sequence","141.95","",""
"04/03/2025 08:45:00 - 04/03/2025 09:00:00","BZN|FR","Without Sequence","141.95","",""
"04/03/2025 09:00:00 - 04/03/2025 09:15:00","BZN|FR","Without Sequence","116.71","",""
"04/03/2025 09:15:00 - 04/03/2025 09:30:00","BZN|FR","Without Sequence","116.71","",""
"04/03/2025 09:30:00 - 04/03/2025 09:45:00","BZN|FR","Without Sequence","116.71","",""
"04/03/2025 09:45:00 - 04/03/2025 10:00:00","BZN|FR","Without Sequence","116.71","",""
"04/03/2025 10:00:00 - 04/03/2025 10:15:00","BZN|FR","Without Sequence","98.99","",""
"04/03/2025 10:15:00 - 04/03/2025 10:30:00","BZN|FR","Without Sequence","98.99","",""
"04/03/2025 10:30:00 - 04/03/2025 10:45:00","BZN|FR","Without Sequence","98.99","",""
"04/03/2025 10:45:00 - 04/03/2025 11:00:00","BZN|FR","Without Sequence","98.99","",""
"04/03/2025 11:00:00 - 04/03/2025 11:15:00","BZN|FR","Without Sequence","82.08","",""
"04/03/2025 11:15:00 - 04/03/2025 11:30:00","BZN|FR","Without Sequence","82.08","",""
"04/03/2025 11:30:00 - 04/03/2025 11:45:00","BZN|FR","Without Sequence","82.08","",""
"04/03/2025 11:45:00 - 04/03/2025 12:00:00","BZN|FR","Without Sequence","82.08","",""
"04/03/2025 12:00:00 - 04/03/2025 12:15:00","BZN|FR","Without Sequence","63.84","",""
"04/03/2025 12:15:00 - 04/03/2025 12:30:00","BZN|FR","Without Sequence","63.84","",""
"04/03/2025 12:30:00 - 04/03/2025 12:45:00","BZN|FR","Without Sequence","63.84","",""
"04/03/2025 12:45:00 - 04/03/2025 13:00:00","BZN|FR","Without Sequence","63.84","",""
"04/03/2025 13:00:00 - 04/03/2025 13:15:00","BZN|FR","Without Sequence","50.24","",""
"04/03/2025 13:15:00 - 04/03/2025 13:30:00","BZN|FR","Without Sequence","50.24","",""
"04/03/2025 13:30:00 - 04/03/2025 13:45:00","BZN|FR","Without Sequence","50.24","",""
"04/03/2025 13:45:00 - 04/03/2025 14:00:00","BZN|FR","Without Sequence","50.24","",""
"04/03/2025 14:00:00 - 04/03/2025 14:15:00","BZN|FR","Without Sequence","55.10","",""
"04/03/2025 14:15:00 - 04/03/2025 14:30:00","BZN|FR","Without Sequence","55.10","",""
"04/03/2025 14:30:00 - 04/03/2025 14:45:00","BZN|FR","Without Sequence","55.10","",""
"04/03/2025 14:45:00 - 04/03/2025 15:00:00","BZN|FR","Without Sequence","55.10","",""
"04/03/2025 15:00:00 - 04/03/2025 15:15:00","BZN|FR","Without Sequence","82.88","",""
"04/03/2025 15:15:00 - 04/03/2025 15:30:00","BZN|FR","Without Sequence","82.88","",""
"04/03/2025 15:30:00 - 04/03/2025 15:45:00","BZN|FR","Without Sequence","82.88","",""
"04/03/2025 15:45:00 - 04/03/2025 16:00:00","BZN|FR","Without Sequence","82.88","",""
"04/03/2025 16:00:00 - 04/03/2025 16:15:00","BZN|FR","Without Sequence","97.91","",""
"04/03/2025 16:15:00 - 04/03/2025 16:30:00","BZN|FR","Without Sequence","97.91","",""
"04/03/2025 16:30:00 - 04/03/2025 16:45:00","BZN|FR","Without Sequence","97.91","",""
"04/03/2025 16:45:00 - 04/03/2025 17:00:00","BZN|FR","Without Sequence","97.91","",""
"04/03/2025 17:00:00 - 04/03/2025 17:15:00","BZN|FR","Without Sequence","114.05","",""
"04/03/2025 17:15:00 - 04/03/2025 17:30:00","BZN|FR","Without Sequence","114.05","",""
"04/03/2025 17:30:00 - 04/03/2025 17:45:00","BZN|FR","Without Sequence","114.05","",""
"04/03/2025 17:45:00 - 04/03/2025 18:00:00","BZN|FR","Without Sequence","114.05","",""
"04/03/2025 18:00:00 - 04/03/2025 18:15:00","BZN|FR","Without Sequence","140.78","",""
"04/03/2025 18:15:00 - 04/03/2025 18:30:00","BZN|FR","Without Sequence","140.78","",""
"04/03/2025 18:30:00 - 04/03/2025 18:45:00","BZN|FR","Without Sequence","140.78","",""
"04/03/2025 18:45:00 - 04/03/2025 19:00:00","BZN|FR","Without Sequence","140.78","",""
"04/03/2025 19:00:00 - 04/03/2025 19:15:00","BZN|FR","Without Sequence","164.93","",""
"04/03/2025 19:15:00 - 04/03/2025 19:30:00","BZN|FR","Without Sequence","164.93","",""
"04/03/2025 19:30:00 - 04/03/2025 19:45:00","BZN|FR","Without Sequence","164.93","",""
"04/03/2025 19:45:00 - 04/03/2025 20:00:00","BZN|FR","Without Sequence","164.93","",""
"04/03/2025 20:00:00 - 04/03/2025 20:15:00","BZN|FR","Without Sequence","132.00","",""
"04/03/2025 20:15:00 - 04/03/2025 20:30:00","BZN|FR","Without Sequence","132.00","",""
"04/03/2025 20:30:00 - 04/03/2025 20:45:00","BZN|FR","Without Sequence","132.00","",""
"04/03/2025 20:45:00 - 04/03/2025 21:00:00","BZN|FR","Without Sequence","132.00","",""
"04/03/2025 21:00:00 - 04/03/2025 21:15:00","BZN|FR","Without Sequence","117.62","",""
"04/03/2025 21:15:00 - 04/03/2025 21:30:00","BZN|FR","Without Sequence","117.62","",""
"04/03/2025 21:30:00 - 04/03/2025 21:45:00","BZN|FR","Without Sequence","117.62","",""
"04/03/2025 21:45:00 - 04/03/2025 22:00:00","BZN|FR","Without Sequence","117.62","",""
"04/03/2025 22:00:00 - 04/03/2025 22:15:00","BZN|FR","Without Sequence","113.45","",""
"04/03/2025 22:15:00 - 04/03/2025 22:30:00","BZN|FR","Without Sequence","113.45","",""
"04/03/2025 22:30:00 - 04/03/2025 22:45:00","BZN|FR","Without Sequence","113.45","",""
"04/03/2025 22:45:00 - 04/03/2025 23:00:00","BZN|FR","Without Sequence","113.45","",""
"04/03/2025 23:00:00 - 04/03/2025 23:15:00","BZN|FR","Without Sequence","109.04","",""
"04/03/2025 23:15:00 - 04/03/2025 23:30:00","BZN|FR","Without Sequence","109.04","",""
"04/03/2025 23:30:00 - 04/03/2025 23:45:00","BZN|FR","Without Sequence","109.04","",""
"04/03/2025 23:45:00 - 05/03/2025 00:00:00","BZN|FR","Without Sequence","109.04","",""
"05/03/2025 00:00:00 - 05/03/2025 00:15:00","BZN|FR","Without Sequence","94.15","",""
"05/03/2025 00:15:00 - 05/03/2025 00:30:00","BZN|FR","Without Sequence","94.15","",""
"05/03/2025 00:30:00 - 05/03/2025 00:45:00","BZN|FR","Without Sequence","94.15","",""
"05/03/2025 00:45:00 - 05/03/2025 01:00:00","BZN|FR","Without Sequence","94.15","",""
"05/03/2025 01:00:00 - 05/03/2025 01:15:00","BZN|FR","Without Sequence","89.59","",""
"05/03/2025 01:15:00 - 05/03/2025 01:30:00","BZN|FR","Without Sequence","89.59","",""
"05/03/2025 01:30:00 - 05/03/2025 01:45:00","BZN|FR","Without Sequence","89.59","",""
"05/03/2025 01:45:00 - 05/03/2025 02:00:00","BZN|FR","Without Sequence","89.59","",""
"05/03/2025 02:00:00 - 05/03/2025 02:15:00","BZN|FR","Without Sequence","86.69","",""
"05/03/2025 02:15:00 - 05/03/2025 02:30:00","BZN|FR","Without Sequence","86.69","",""
"05/03/2025 02:30:00 - 05/03/2025 02:45:00","BZN|FR","Without Sequence","86.69","",""
"05/03/2025 02:45:00 - 05/03/2025 03:00:00","BZN|FR","Without Sequence","86.69","",""
"05/03/2025 03:00:00 - 05/03/2025 03:15:00","BZN|FR","Without Sequence","82.85","",""
"05/03/2025 03:15:00 - 05/03/2025 03:30:00","BZN|FR","Without Sequence","82.85","",""
"05/03/2025 03:30:00 - 05/03/2025 03:45:00","BZN|FR","Without Sequence","82.85","",""
"05/03/2025 03:45:00 - 05/03/2025 04:00:00","BZN|FR","Without Sequence","82.85","",""
"05/03/2025 04:00:00 - 05/03/2025 04:15:00","BZN|FR","Without Sequence","85.04","",""
"05/03/2025 04:15:00 - 05/03/2025 04:30:00","BZN|FR","Without Sequence","85.04","",""
"05/03/2025 04:30:00 - 05/03/2025 04:45:00","BZN|FR","Without Sequence","85.04","",""
"05/03/2025 04:45:00 - 05/03/2025 05:00:00","BZN|FR","Without Sequence","85.04","",""
"05/03/2025 05:00:00 - 05/03/2025 05:15:00","BZN|FR","Without Sequence","94.33","",""
"05/03/2025 05:15:00 - 05/03/2025 05:30:00","BZN|FR","Without Sequence","94.33","",""
"05/03/2025 05:30:00 - 05/03/2025 05:45:00","BZN|FR","Without Sequence","94.33","",""
"05/03/2025 05:45:00 - 05/03/2025 06:00:00","BZN|FR","Without Sequence","94.33","",""
"05/03/2025 06:00:00 - 05/03/2025 06:15:00","BZN|FR","Without Sequence","119.46","",""
"05/03/2025 06:15:00 - 05/03/2025 06:30:00","BZN|FR","Without Sequence","119.46","",""
"05/03/2025 06:30:00 - 05/03/2025 06:45:00","BZN|FR","Without Sequence","119.46","",""
"05/03/2025 06:45:00 - 05/03/2025 07:00:00","BZN|FR","Without Sequence","119.46","",""
"05/03/2025 07:00:00 - 05/03/2025 07:15:00","BZN|FR","Without Sequence","141.90","",""
"05/03/2025 07:15:00 - 05/03/2025 07:30:00","BZN|FR","Without Sequence","141.90","",""
"05/03/2025 07:30:00 - 05/03/2025 07:45:00","BZN|FR","Without Sequence","141.90","",""
"05/03/2025 07:45:00 - 05/03/2025 08:00:00","BZN|FR","Without Sequence","141.90","",""
"05/03/2025 08:00:00 - 05/03/2025 08:15:00","BZN|FR","Without Sequence","125.18","",""
"05/03/2025 08:15:00 - 05/03/2025 08:30:00","BZN|FR","Without Sequence","125.18","",""
"05/03/2025 08:30:00 - 05/03/2025 08:45:00","BZN|FR","Without Sequence","125.18","",""
"05/03/2025 08:45:00 - 05/03/2025 09:00:00","BZN|FR","Without Sequence","125.18","",""
"05/03/2025 09:00:00 - 05/03/2025 09:15:00","BZN|FR","Without Sequence","101.12","",""
"05/03/2025 09:15:00 - 05/03/2025 09:30:00","BZN|FR","Without Sequence","101.12","",""
"05/03/2025 09:30:00 - 05/03/2025 09:45:00","BZN|FR","Without Sequence","101.12","",""
"05/03/2025 09:45:00 - 05/03/2025 10:00:00","BZN|FR","Without Sequence","101.12","",""
"05/03/2025 10:00:00 - 05/03/2025 10:15:00","BZN|FR","Without Sequence","70.20","",""
"05/03/2025 10:15:00 - 05/03/2025 10:30:00","BZN|FR","Without Sequence","70.20","",""
"05/03/2025 10:30:00 - 05/03/2025 10:45:00","BZN|FR","Without Sequence","70.20","",""
"05/03/2025 10:45:00 - 05/03/2025 11:00:00","BZN|FR","Without Sequence","70.20","",""
"05/03/2025 11:00:00 - 05/03/2025 11:15:00","BZN|FR","Without Sequence","36.68","",""
"05/03/2025 11:15:00 - 05/03/2025 11:30:00","BZN|FR","Without Sequence","36.68","",""
"05/03/2025 11:30:00 - 05/03/2025 11:45:00","BZN|FR","Without Sequence","36.68","",""
"05/03/2025 11:45:00 - 05/03/2025 12:00:00","BZN|FR","Without Sequence","36.68","",""
"05/03/2025 12:00:00 - 05/03/2025 12:15:00","BZN|FR","Without Sequence","41.89","",""
"05/03/2025 12:15:00 - 05/03/2025 12:30:00","BZN|FR","Without Sequence","41.89","",""
"05/03/2025 12:30:00 - 05/03/2025 12:45:00","BZN|FR","Without Sequence","41.89","",""
"05/03/2025 12:45:00 - 05/03/2025 13:00:00","BZN|FR","Without Sequence","41.89","",""
"05/03/2025 13:00:00 - 05/03/2025 13:15:00","BZN|FR","Without Sequence","12.04","",""
"05/03/2025 13:15:00 - 05/03/2025 13:30:00","BZN|FR","Without Sequence","12.04","",""
"05/03/2025 13:30:00 - 05/03/2025 13:45:00","BZN|FR","Without Sequence","12.04","",""
"05/03/2025 13:45:00 - 05/03/2025 14:00:00","BZN|FR","Without Sequence","12.04","",""
"05/03/2025 14:00:00 - 05/03/2025 14:15:00","BZN|FR","Without Sequence","0.84","",""
"05/03/2025 14:15:00 - 05/03/2025 14:30:00","BZN|FR","Without Sequence","0.84","",""
"05/03/2025 14:30:00 - 05/03/2025 14:45:00","BZN|FR","Without Sequence","0.84","",""
"05/03/2025 14:45:00 - 05/03/2025 15:00:00","BZN|FR","Without Sequence","0.84","",""
"05/03/2025 15:00:00 - 05/03/2025 15:15:00","BZN|FR","Without Sequence","50.53","",""
"05/03/2025 15:15:00 - 05/03/2025 15:30:00","BZN|FR","Without Sequence","50.53","",""
"05/03/2025 15:30:00 - 05/03/2025 15:45:00","BZN|FR","Without Sequence","50.53","",""
"05/03/2025 15:45:00 - 05/03/2025 16:00:00","BZN|FR","Without Sequence","50.53","",""
"05/03/2025 16:00:00 - 05/03/2025 16:15:00","BZN|FR","Without Sequence","69.37","",""
"05/03/2025 16:15:00 - 05/03/2025 16:30:00","BZN|FR","Without Sequence","69.37","",""
"05/03/2025 16:30:00 - 05/03/2025 16:45:00","BZN|FR","Without Sequence","69.37","",""
"05/03/2025 16:45:00 - 05/03/2025 17:00:00","BZN|FR","Without Sequence","69.37","",""
"05/03/2025 17:00:00 - 05/03/2025 17:15:00","BZN|FR","Without Sequence","100.05","",""
"05/03/2025 17:15:00 - 05/03/2025 17:30:00","BZN|FR","Without Sequence","100.05","",""
"05/03/2025 17:30:00 - 05/03/2025 17:45:00","BZN|FR","Without Sequence","100.05","",""
"05/03/2025 17:45:00 - 05/03/2025 18:00:00","BZN|FR","Without Sequence","100.05","",""
"05/03/2025 18:00:00 - 05/03/2025 18:15:00","BZN|FR","Without Sequence","132.72","",""
"05/03/2025 18:15:00 - 05/03/2025 18:30:00","BZN|FR","Without Sequence","132.72","",""
"05/03/2025 18:30:00 - 05/03/2025 18:45:00","BZN|FR","Without Sequence","132.72","",""
"05/03/2025 18:45:00 - 05/03/2025 19:00:00","BZN|FR","Without Sequence","132.72","",""
"05/03/2025 19:00:00 - 05/03/2025 19:15:00","BZN|FR","Without Sequence","147.01","",""
"05/03/2025 19:15:00 - 05/03/2025 19:30:00","BZN|FR","Without Sequence","147.01","",""
"05/03/2025 19:30:00 - 05/03/2025 19:45:00","BZN|FR","Without Sequence","147.01","",""
"05/03/2025 19:45:00 - 05/03/2025 20:00:00","BZN|FR","Without Sequence","147.01","",""
"05/03/2025 20:00:00 - 05/03/2025 20:15:00","BZN|FR","Without Sequence","119.02","",""
"05/03/2025 20:15:00 - 05/03/2025 20:30:00","BZN|FR","Without Sequence","119.02","",""
"05/03/2025 20:30:00 - 05/03/2025 20:45:00","BZN|FR","Without Sequence","119.02","",""
"05/03/2025 20:45:00 - 05/03/2025 21:00:00","BZN|FR","Without Sequence","119.02","",""
"05/03/2025 21:00:00 - 05/03/2025 21:15:00","BZN|FR","Without Sequence","106.71","",""
"05/03/2025 21:15:00 - 05/03/2025 21:30:00","BZN|FR","Without Sequence","106.71","",""
"05/03/2025 21:30:00 - 05/03/2025 21:45:00","BZN|FR","Without Sequence","106.71","",""
"05/03/2025 21:45:00 - 05/03/2025 22:00:00","BZN|FR","Without Sequence","106.71","",""
"05/03/2025 22:00:00 - 05/03/2025 22:15:00","BZN|FR","Without Sequence","107.06","",""
"05/03/2025 22:15:00 - 05/03/2025 22:30:00","BZN|FR","Without Sequence","107.06","",""
"05/03/2025 22:30:00 - 05/03/2025 22:45:00","BZN|FR","Without Sequence","107.06","",""
"05/03/2025 22:45:00 - 05/03/2025 23:00:00","BZN|FR","Without Sequence","107.06","",""
"05/03/2025 23:00:00 - 05/03/2025 23:15:00","BZN|FR","Without Sequence","99.02","",""
"05/03/2025 23:15:00 - 05/03/2025 23:30:00","BZN|FR","Without Sequence","99.02","",""
"05/03/2025 23:30:00 - 05/03/2025 23:45:00","BZN|FR","Without Sequence","99.02","",""
"05/03/2025 23:45:00 - 06/03/2025 00:00:00","BZN|FR","Without Sequence","99.02","",""
"06/03/2025 00:00:00 - 06/03/2025 00:15:00","BZN|FR","Without Sequence","85.58","",""
"06/03/2025 00:15:00 - 06/03/2025 00:30:00","BZN|FR","Without Sequence","85.58","",""
"06/03/2025 00:30:00 - 06/03/2025 00:45:00","BZN|FR","Without Sequence","85.58","",""
"06/03/2025 00:45:00 - 06/03/2025 01:00:00","BZN|FR","Without Sequence","85.58","",""
"06/03/2025 01:00:00 - 06/03/2025 01:15:00","BZN|FR","Without Sequence","80.58","",""
"06/03/2025 01:15:00 - 06/03/2025 01:30:00","BZN|FR","Without Sequence","80.58","",""
"06/03/2025 01:30:00 - 06/03/2025 01:45:00","BZN|FR","Without Sequence","80.58","",""
"06/03/2025 01:45:00 - 06/03/2025 02:00:00","BZN|FR","Without Sequence","80.58","",""
"06/03/2025 02:00:00 - 06/03/2025 02:15:00","BZN|FR","Without Sequence","74.44","",""
"06/03/2025 02:15:00 - 06/03/2025 02:30:00","BZN|FR","Without Sequence","74.44","",""
"06/03/2025 02:30:00 - 06/03/2025 02:45:00","BZN|FR","Without Sequence","74.44","",""
"06/03/2025 02:45:00 - 06/03/2025 03:00:00","BZN|FR","Without Sequence","74.44","",""
"06/03/2025 03:00:00 - 06/03/2025 03:15:00","BZN|FR","Without Sequence","67.75","",""
"06/03/2025 03:15:00 - 06/03/2025 03:30:00","BZN|FR","Without Sequence","67.75","",""
"06/03/2025 03:30:00 - 06/03/2025 03:45:00","BZN|FR","Without Sequence","67.75","",""
"06/03/2025 03:45:00 - 06/03/2025 04:00:00","BZN|FR","Without Sequence","67.75","",""
"06/03/2025 04:00:00 - 06/03/2025 04:15:00","BZN|FR","Without Sequence","68.90","",""
"06/03/2025 04:15:00 - 06/03/2025 04:30:00","BZN|FR","Without Sequence","68.90","",""
"06/03/2025 04:30:00 - 06/03/2025 04:45:00","BZN|FR","Without Sequence","68.90","",""
"06/03/2025 04:45:00 - 06/03/2025 05:00:00","BZN|FR","Without Sequence","68.90","",""
"06/03/2025 05:00:00 - 06/03/2025 05:15:00","BZN|FR","Without Sequence","81.53","",""
"06/03/2025 05:15:00 - 06/03/2025 05:30:00","BZN|FR","Without Sequence","81.53","",""
"06/03/2025 05:30:00 - 06/03/2025 05:45:00","BZN|FR","Without Sequence","81.53","",""
"06/03/2025 05:45:00 - 06/03/2025 06:00:00","BZN|FR","Without Sequence","81.53","",""
"06/03/2025 06:00:00 - 06/03/2025 06:15:00","BZN|FR","Without Sequence","100.08","",""
"06/03/2025 06:15:00 - 06/03/2025 06:30:00","BZN|FR","Without Sequence","100.08","",""
"06/03/2025 06:30:00 - 06/03/2025 06:45:00","BZN|FR","Without Sequence","100.08","",""
"06/03/2025 06:45:00 - 06/03/2025 07:00:00","BZN|FR","Without Sequence","100.08","",""
"06/03/2025 07:00:00 - 06/03/2025 07:15:00","BZN|FR","Without Sequence","127.32","",""
"06/03/2025 07:15:00 - 06/03/2025 07:30:00","BZN|FR","Without Sequence","127.32","",""
"06/03/2025 07:30:00 - 06/03/2025 07:45:00","BZN|FR","Without Sequence","127.32","",""
"06/03/2025 07:45:00 - 06/03/2025 08:00:00","BZN|FR","Without Sequence","127.32","",""
"06/03/2025 08:00:00 - 06/03/2025 08:15:00","BZN|FR","Without Sequence","108.50","",""
"06/03/2025 08:15:00 - 06/03/2025 08:30:00","BZN|FR","Without Sequence","108.50","",""
"06/03/2025 08:30:00 - 06/03/2025 08:45:00","BZN|FR","Without Sequence","108.50","",""
"06/03/2025 08:45:00 - 06/03/2025 09:00:00","BZN|FR","Without Sequence","108.50","",""
"06/03/2025 09:00:00 - 06/03/2025 09:15:00","BZN|FR","Without Sequence","78.85","",""
"06/03/2025 09:15:00 - 06/03/2025 09:30:00","BZN|FR","Without Sequence","78.85","",""
"06/03/2025 09:30:00 - 06/03/2025 09:45:00","BZN|FR","Without Sequence","78.85","",""
"06/03/2025 09:45:00 - 06/03/2025 10:00:00","BZN|FR","Without Sequence","78.85","",""
"06/03/2025 10:00:00 - 06/03/2025 10:15:00","BZN|FR","Without Sequence","51.53","",""
"06/03/2025 10:15:00 - 06/03/2025 10:30:00","BZN|FR","Without Sequence","51.53","",""
"06/03/2025 10:30:00 - 06/03/2025 10:45:00","BZN|FR","Without Sequence","51.53","",""
"06/03/2025 10:45:00 - 06/03/2025 11:00:00","BZN|FR","Without Sequence","51.53","",""
"06/03/2025 11:00:00 - 06/03/2025 11:15:00","BZN|FR","Without Sequence","10.95","",""
"06/03/2025 11:15:00 - 06/03/2025 11:30:00","BZN|FR","Without Sequence","10.95","",""
"06/03/2025 11:30:00 - 06/03/2025 11:45:00","BZN|FR","Without Sequence","10.95","",""
"06/03/2025 11:45:00 - 06/03/2025 12:00:00","BZN|FR","Without Sequence","10.95","",""
"06/03/2025 12:00:00 - 06/03/2025 12:15:00","BZN|FR","Without Sequence","12.19","",""
"06/03/2025 12:15:00 - 06/03/2025 12:30:00","BZN|FR","Without Sequence","12.19","",""
"06/03/2025 12:30:00 - 06/03/2025 12:45:00","BZN|FR","Without Sequence","12.19","",""
"06/03/2025 12:45:00 - 06/03/2025 13:00:00","BZN|FR","Without Sequence","12.19","",""
"06/03/2025 13:00:00 - 06/03/2025 13:15:00","BZN|FR","Without Sequence","5.82","",""
"06/03/2025 13:15:00 - 06/03/2025 13:30:00","BZN|FR","Without Sequence","5.82","",""
"06/03/2025 13:30:00 - 06/03/2025 13:45:00","BZN|FR","Without Sequence","5.82","",""
"06/03/2025 13:45:00 - 06/03/2025 14:00:00","BZN|FR","Without Sequence","5.82","",""
"06/03/2025 14:00:00 - 06/03/2025 14:15:00","BZN|FR","Without Sequence","13.16","",""
"06/03/2025 14:15:00 - 06/03/2025 14:30:00","BZN|FR","Without Sequence","13.16","",""
"06/03/2025 14:30:00 - 06/03/2025 14:45:00","BZN|FR","Without Sequence","13.16","",""
"06/03/2025 14:45:00 - 06/03/2025 15:00:00","BZN|FR","Without Sequence","13.16","",""
"06/03/2025 15:00:00 - 06/03/2025 15:15:00","BZN|FR","Without Sequence","44.90","",""
"06/03/2025 15:15:00 - 06/03/2025 15:30:00","BZN|FR","Without Sequence","44.90","",""
"06/03/2025 15:30:00 - 06/03/2025 15:45:00","BZN|FR","Without Sequence","44.90","",""
"06/03/2025 15:45:00 - 06/03/2025 16:00:00","BZN|FR","Without Sequence","44.90","",""
"06/03/2025 16:00:00 - 06/03/2025 16:15:00","BZN|FR","Without Sequence","56.08","",""
"06/03/2025 16:15:00 - 06/03/2025 16:30:00","BZN|FR","Without Sequence","56.08","",""
"06/03/2025 16:30:00 - 06/03/2025 16:45:00","BZN|FR","Without Sequence","56.08","",""
"06/03/2025 16:45:00 - 06/03/2025 17:00:00","BZN|FR","Without Sequence","56.08","",""
"06/03/2025 17:00:00 - 06/03/2025 17:15:00","BZN|FR","Without Sequence","76.99","",""
"06/03/2025 17:15:00 - 06/03/2025 17:30:00","BZN|FR","Without Sequence","76.99","",""
"06/03/2025 17:30:00 - 06/03/2025 17:45:00","BZN|FR","Without Sequence","76.99","",""
"06/03/2025 17:45:00 - 06/03/2025 18:00:00","BZN|FR","Without Sequence","76.99","",""
"06/03/2025 18:00:00 - 06/03/2025 18:15:00","BZN|FR","Without Sequence","101.00","",""
"06/03/2025 18:15:00 - 06/03/2025 18:30:00","BZN|FR","Without Sequence","101.00","",""
"06/03/2025 18:30:00 - 06/03/2025 18:45:00","BZN|FR","Without Sequence","101.00","",""
"06/03/2025 18:45:00 - 06/03/2025 19:00:00","BZN|FR","Without Sequence","101.00","",""
"06/03/2025 19:00:00 - 06/03/2025 19:15:00","BZN|FR","Without Sequence","126.02","",""
"06/03/2025 19:15:00 - 06/03/2025 19:30:00","BZN|FR","Without Sequence","126.02","",""
"06/03/2025 19:30:00 - 06/03/2025 19:45:00","BZN|FR","Without Sequence","126.02","",""
"06/03/2025 19:45:00 - 06/03/2025 20:00:00","BZN|FR","Without Sequence","126.02","",""
"06/03/2025 20:00:00 - 06/03/2025 20:15:00","BZN|FR","Without Sequence","108.54","",""
"06/03/2025 20:15:00 - 06/03/2025 20:30:00","BZN|FR","Without Sequence","108.54","",""
"06/03/2025 20:30:00 - 06/03/2025 20:45:00","BZN|FR","Without Sequence","108.54","",""
"06/03/2025 20:45:00 - 06/03/2025 21:00:00","BZN|FR","Without Sequence","108.54","",""
"06/03/2025 21:00:00 - 06/03/2025 21:15:00","BZN|FR","Without Sequence","88.44","",""
"06/03/2025 21:15:00 - 06/03/2025 21:30:00","BZN|FR","Without Sequence","88.44","",""
"06/03/2025 21:30:00 - 06/03/2025 21:45:00","BZN|FR","Without Sequence","88.44","",""
"06/03/2025 21:45:00 - 06/03/2025 22:00:00","BZN|FR","Without Sequence","88.44","",""
"06/03/2025 22:00:00 - 06/03/2025 22:15:00","BZN|FR","Without Sequence","86.73","",""
"06/03/2025 22:15:00 - 06/03/2025 22:30:00","BZN|FR","Without Sequence","86.73","",""
"06/03/2025 22:30:00 - 06/03/2025 22:45:00","BZN|FR","Without Sequence","86.73","",""
"06/03/2025 22:45:00 - 06/03/2025 23:00:00","BZN|FR","Without Sequence","86.73","",""
"06/03/2025 23:00:00 - 06/03/2025 23:15:00","BZN|FR","Without Sequence","76.60","",""
"06/03/2025 23:15:00 - 06/03/2025 23:30:00","BZN|FR","Without Sequence","76.60","",""
"06/03/2025 23:30:00 - 06/03/2025 23:45:00","BZN|FR","Without Sequence","76.60","",""
"06/03/2025 23:45:00 - 07/03/2025 00:00:00","BZN|FR","Without Sequence","76.60","",""
"07/03/2025 00:00:00 - 07/03/2025 00:15:00","BZN|FR","Without Sequence","77.33","",""
"07/03/2025 00:15:00 - 07/03/2025 00:30:00","BZN|FR","Without Sequence","77.33","",""
"07/03/2025 00:30:00 - 07/03/2025 00:45:00","BZN|FR","Without Sequence","77.33","",""
"07/03/2025 00:45:00 - 07/03/2025 01:00:00","BZN|FR","Without Sequence","77.33","",""
"07/03/2025 01:00:00 - 07/03/2025 01:15:00","BZN|FR","Without Sequence","63.12","",""
"07/03/2025 01:15:00 - 07/03/2025 01:30:00","BZN|FR","Without Sequence","63.12","",""
"07/03/2025 01:30:00 - 07/03/2025 01:45:00","BZN|FR","Without Sequence","63.12","",""
"07/03/2025 01:45:00 - 07/03/2025 02:00:00","BZN|FR","Without Sequence","63.12","",""
"07/03/2025 02:00:00 - 07/03/2025 02:15:00","BZN|FR","Without Sequence","63.93","",""
"07/03/2025 02:15:00 - 07/03/2025 02:30:00","BZN|FR","Without Sequence","63.93","",""
"07/03/2025 02:30:00 - 07/03/2025 02:45:00","BZN|FR","Without Sequence","63.93","",""
"07/03/2025 02:45:00 - 07/03/2025 03:00:00","BZN|FR","Without Sequence","63.93","",""
"07/03/2025 03:00:00 - 07/03/2025 03:15:00","BZN|FR","Without Sequence","56.17","",""
"07/03/2025 03:15:00 - 07/03/2025 03:30:00","BZN|FR","Without Sequence","56.17","",""
"07/03/2025 03:30:00 - 07/03/2025 03:45:00","BZN|FR","Without Sequence","56.17","",""
"07/03/2025 03:45:00 - 07/03/2025 04:00:00","BZN|FR","Without Sequence","56.17","",""
"07/03/2025 04:00:00 - 07/03/2025 04:15:00","BZN|FR","Without Sequence","60.20","",""
"07/03/2025 04:15:00 - 07/03/2025 04:30:00","BZN|FR","Without Sequence","60.20","",""
"07/03/2025 04:30:00 - 07/03/2025 04:45:00","BZN|FR","Without Sequence","60.20","",""
"07/03/2025 04:45:00 - 07/03/2025 05:00:00","BZN|FR","Without Sequence","60.20","",""
"07/03/2025 05:00:00 - 07/03/2025 05:15:00","BZN|FR","Without Sequence","64.01","",""
"07/03/2025 05:15:00 - 07/03/2025 05:30:00","BZN|FR","Without Sequence","64.01","",""
"07/03/2025 05:30:00 - 07/03/2025 05:45:00","BZN|FR","Without Sequence","64.01","",""
"07/03/2025 05:45:00 - 07/03/2025 06:00:00","BZN|FR","Without Sequence","64.01","",""
"07/03/2025 06:00:00 - 07/03/2025 06:15:00","BZN|FR","Without Sequence","80.87","",""
"07/03/2025 06:15:00 - 07/03/2025 06:30:00","BZN|FR","Without Sequence","80.87","",""
"07/03/2025 06:30:00 - 07/03/2025 06:45:00","BZN|FR","Without Sequence","80.87","",""
"07/03/2025 06:45:00 - 07/03/2025 07:00:00","BZN|FR","Without Sequence","80.87","",""
"07/03/2025 07:00:00 - 07/03/2025 07:15:00","BZN|FR","Without Sequence","106.74","",""
"07/03/2025 07:15:00 - 07/03/2025 07:30:00","BZN|FR","Without Sequence","106.74","",""
"07/03/2025 07:30:00 - 07/03/2025 07:45:00","BZN|FR","Without Sequence","106.74","",""
"07/03/2025 07:45:00 - 07/03/2025 08:00:00","BZN|FR","Without Sequence","106.74","",""
"07/03/2025 08:00:00 - 07/03/2025 08:15:00","BZN|FR","Without Sequence","100.49","",""
"07/03/2025 08:15:00 - 07/03/2025 08:30:00","BZN|FR","Without Sequence","100.49","",""
"07/03/2025 08:30:00 - 07/03/2025 08:45:00","BZN|FR","Without Sequence","100.49","",""
"07/03/2025 08:45:00 - 07/03/2025 09:00:00","BZN|FR","Without Sequence","100.49","",""
"07/03/2025 09:00:00 - 07/03/2025 09:15:00","BZN|FR","Without Sequence","79.76","",""
"07/03/2025 09:15:00 - 07/03/2025 09:30:00","BZN|FR","Without Sequence","79.76","",""
"07/03/2025 09:30:00 - 07/03/2025 09:45:00","BZN|FR","Without Sequence","79.76","",""
"07/03/2025 09:45:00 - 07/03/2025 10:00:00","BZN|FR","Without Sequence","79.76","",""
"07/03/2025 10:00:00 - 07/03/2025 10:15:00","BZN|FR","Without Sequence","60.32","",""
"07/03/2025 10:15:00 - 07/03/2025 10:30:00","BZN|FR","Without Sequence","60.32","",""
"07/03/2025 10:30:00 - 07/03/2025 10:45:00","BZN|FR","Without Sequence","60.32","",""
"07/03/2025 10:45:00 - 07/03/2025 11:00:00","BZN|FR","Without Sequence","60.32","",""
"07/03/2025 11:00:00 - 07/03/2025 11:15:00","BZN|FR","Without Sequence","31.81","",""
"07/03/2025 11:15:00 - 07/03/2025 11:30:00","BZN|FR","Without Sequence","31.81","",""
"07/03/2025 11:30:00 - 07/03/2025 11:45:00","BZN|FR","Without Sequence","31.81","",""
"07/03/2025 11:45:00 - 07/03/2025 12:00:00","BZN|FR","Without Sequence","31.81","",""
"07/03/2025 12:00:00 - 07/03/2025 12:15:00","BZN|FR","Without Sequence","12.79","",""
"07/03/2025 12:15:00 - 07/03/2025 12:30:00","BZN|FR","Without Sequence","12.79","",""
"07/03/2025 12:30:00 - 07/03/2025 12:45:00","BZN|FR","Without Sequence","12.79","",""
"07/03/2025 12:45:00 - 07/03/2025 13:00:00","BZN|FR","Without Sequence","12.79","",""
"07/03/2025 13:00:00 - 07/03/2025 13:15:00","BZN|FR","Without Sequence","7.82","",""
"07/03/2025 13:15:00 - 07/03/2025 13:30:00","BZN|FR","Without Sequence","7.82","",""
"07/03/2025 13:30:00 - 07/03/2025 13:45:00","BZN|FR","Without Sequence","7.82","",""
"07/03/2025 13:45:00 - 07/03/2025 14:00:00","BZN|FR","Without Sequence","7.82","",""
"07/03/2025 14:00:00 - 07/03/2025 14:15:00","BZN|FR","Without Sequence","23.90","",""
"07/03/2025 14:15:00 - 07/03/2025 14:30:00","BZN|FR","Without Sequence","23.90","",""
"07/03/2025 14:30:00 - 07/03/2025 14:45:00","BZN|FR","Without Sequence","23.90","",""
"07/03/2025 14:45:00 - 07/03/2025 15:00:00","BZN|FR","Without Sequence","23.90","",""
"07/03/2025 15:00:00 - 07/03/2025 15:15:00","BZN|FR","Without Sequence","21.92","",""
"07/03/2025 15:15:00 - 07/03/2025 15:30:00","BZN|FR","Without Sequence","21.92","",""
"07/03/2025 15:30:00 - 07/03/2025 15:45:00","BZN|FR","Without Sequence","21.92","",""
"07/03/2025 15:45:00 - 07/03/2025 16:00:00","BZN|FR","Without Sequence","21.92","",""
"07/03/2025 16:00:00 - 07/03/2025 16:15:00","BZN|FR","Without Sequence","38.71","",""
"07/03/2025 16:15:00 - 07/03/2025 16:30:00","BZN|FR","Without Sequence","38.71","",""
"07/03/2025 16:30:00 - 07/03/2025 16:45:00","BZN|FR","Without Sequence","38.71","",""
"07/03/2025 16:45:00 - 07/03/2025 17:00:00","BZN|FR","Without Sequence","38.71","",""
"07/03/2025 17:00:00 - 07/03/2025 17:15:00","BZN|FR","Without Sequence","61.28","",""
"07/03/2025 17:15:00 - 07/03/2025 17:30:00","BZN|FR","Without Sequence","61.28","",""
"07/03/2025 17:30:00 - 07/03/2025 17:45:00","BZN|FR","Without Sequence","61.28","",""
"07/03/2025 17:45:00 - 07/03/2025 18:00:00","BZN|FR","Without Sequence","61.28","",""
"07/03/2025 18:00:00 - 07/03/2025 18:15:00","BZN|FR","Without Sequence","83.08","",""
"07/03/2025 18:15:00 - 07/03/2025 18:30:00","BZN|FR","Without Sequence","83.08","",""
"07/03/2025 18:30:00 - 07/03/2025 18:45:00","BZN|FR","Without Sequence","83.08","",""
"07/03/2025 18:45:00 - 07/03/2025 19:00:00","BZN|FR","Without Sequence","83.08","",""
"07/03/2025 19:00:00 - 07/03/2025 19:15:00","BZN|FR","Without Sequence","99.65","",""
"07/03/2025 19:15:00 - 07/03/2025 19:30:00","BZN|FR","Without Sequence","99.65","",""
"07/03/2025 19:30:00 - 07/03/2025 19:45:00","BZN|FR","Without Sequence","99.65","",""
"07/03/2025 19:45:00 - 07/03/2025 20:00:00","BZN|FR","Without Sequence","99.65","",""
"07/03/2025 20:00:00 - 07/03/2025 20:15:00","BZN|FR","Without Sequence","74.89","",""
"07/03/2025 20:15:00 - 07/03/2025 20:30:00","BZN|FR","Without Sequence","74.89","",""
"07/03/2025 20:30:00 - 07/03/2025 20:45:00","BZN|FR","Without Sequence","74.89","",""
"07/03/2025 20:45:00 - 07/03/2025 21:00:00","BZN|FR","Without Sequence","74.89","",""
"07/03/2025 21:00:00 - 07/03/2025 21:15:00","BZN|FR","Without Sequence","50.00","",""
"07/03/2025 21:15:00 - 07/03/2025 21:30:00","BZN|FR","Without Sequence","50.00","",""
"07/03/2025 21:30:00 - 07/03/2025 21:45:00","BZN|FR","Without Sequence","50.00","",""
"07/03/2025 21:45:00 - 07/03/2025 22:00:00","BZN|FR","Without Sequence","50.00","",""
"07/03/2025 22:00:00 - 07/03/2025 22:15:00","BZN|FR","Without Sequence","59.20","",""
"07/03/2025 22:15:00 - 07/03/2025 22:30:00","BZN|FR","Without Sequence","59.20","",""
"07/03/2025 22:30:00 - 07/03/2025 22:45:00","BZN|FR","Without Sequence","59.20","",""
"07/03/2025 22:45:00 - 07/03/2025 23:00:00","BZN|FR","Without Sequence","59.20","",""
"07/03/2025 23:00:00 - 07/03/2025 23:15:00","BZN|FR","Without Sequence","58.17","",""
"07/03/2025 23:15:00 - 07/03/2025 23:30:00","BZN|FR","Without Sequence","58.17","",""
"07/03/2025 23:30:00 - 07/03/2025 23:45:00","BZN|FR","Without Sequence","58.17","",""
"07/03/2025 23:45:00 - 08/03/2025 00:00:00","BZN|FR","Without Sequence","58.17","",""
"08/03/2025 00:00:00 - 08/03/2025 00:15:00","BZN|FR","Without Sequence","84.95","",""
"08/03/2025 00:15:00 - 08/03/2025 00:30:00","BZN|FR","Without Sequence","84.95","",""
"08/03/2025 00:30:00 - 08/03/2025 00:45:00","BZN|FR","Without Sequence","84.95","",""
"08/03/2025 00:45:00 - 08/03/2025 01:00:00","BZN|FR","Without Sequence","84.95","",""
"08/03/2025 01:00:00 - 08/03/2025 01:15:00","BZN|FR","Without Sequence","50.53","",""
"08/03/2025 01:15:00 - 08/03/2025 01:30:00","BZN|FR","Without Sequence","50.53","",""
"08/03/2025 01:30:00 - 08/03/2025 01:45:00","BZN|FR","Without Sequence","50.53","",""
"08/03/2025 01:45:00 - 08/03/2025 02:00:00","BZN|FR","Without Sequence","50.53","",""
"08/03/2025 02:00:00 - 08/03/2025 02:15:00","BZN|FR","Without Sequence","28.52","",""
"08/03/2025 02:15:00 - 08/03/2025 02:30:00","BZN|FR","Without Sequence","28.52","",""
"08/03/2025 02:30:00 - 08/03/2025 02:45:00","BZN|FR","Without Sequence","28.52","",""
"08/03/2025 02:45:00 - 08/03/2025 03:00:00","BZN|FR","Without Sequence","28.52","",""
"08/03/2025 03:00:00 - 08/03/2025 03:15:00","BZN|FR","Without Sequence","26.03","",""
"08/03/2025 03:15:00 - 08/03/2025 03:30:00","BZN|FR","Without Sequence","26.03","",""
"08/03/2025 03:30:00 - 08/03/2025 03:45:00","BZN|FR","Without Sequence","26.03","",""
"08/03/2025 03:45:00 - 08/03/2025 04:00:00","BZN|FR","Without Sequence","26.03","",""
"08/03/2025 04:00:00 - 08/03/2025 04:15:00","BZN|FR","Without Sequence","22.33","",""
"08/03/2025 04:15:00 - 08/03/2025 04:30:00","BZN|FR","Without Sequence","22.33","",""
"08/03/2025 04:30:00 - 08/03/2025 04:45:00","BZN|FR","Without Sequence","22.33","",""
"08/03/2025 04:45:00 - 08/03/2025 05:00:00","BZN|FR","Without Sequence","22.33","",""
"08/03/2025 05:00:00 - 08/03/2025 05:15:00","BZN|FR","Without Sequence","27.03","",""
"08/03/2025 05:15:00 - 08/03/2025 05:30:00","BZN|FR","Without Sequence","27.03","",""
"08/03/2025 05:30:00 - 08/03/2025 05:45:00","BZN|FR","Without Sequence","27.03","",""
"08/03/2025 05:45:00 - 08/03/2025 06:00:00","BZN|FR","Without Sequence","27.03","",""
"08/03/2025 06:00:00 - 08/03/2025 06:15:00","BZN|FR","Without Sequence","56.37","",""
"08/03/2025 06:15:00 - 08/03/2025 06:30:00","BZN|FR","Without Sequence","56.37","",""
"08/03/2025 06:30:00 - 08/03/2025 06:45:00","BZN|FR","Without Sequence","56.37","",""
"08/03/2025 06:45:00 - 08/03/2025 07:00:00","BZN|FR","Without Sequence","56.37","",""
"08/03/2025 07:00:00 - 08/03/2025 07:15:00","BZN|FR","Without Sequence","63.61","",""
"08/03/2025 07:15:00 - 08/03/2025 07:30:00","BZN|FR","Without Sequence","63.61","",""
"08/03/2025 07:30:00 - 08/03/2025 07:45:00","BZN|FR","Without Sequence","63.61","",""
"08/03/2025 07:45:00 - 08/03/2025 08:00:00","BZN|FR","Without Sequence","63.61","",""
"08/03/2025 08:00:00 - 08/03/2025 08:15:00","BZN|FR","Without Sequence","98.04","",""
"08/03/2025 08:15:00 - 08/03/2025 08:30:00","BZN|FR","Without Sequence","98.04","",""
"08/03/2025 08:30:00 - 08/03/2025 08:45:00","BZN|FR","Without Sequence","98.04","",""
"08/03/2025 08:45:00 - 08/03/2025 09:00:00","BZN|FR","Without Sequence","98.04","",""
"08/03/2025 09:00:00 - 08/03/2025 09:15:00","BZN|FR","Without Sequence","72.54","",""
"08/03/2025 09:15:00 - 08/03/2025 09:30:00","BZN|FR","Without Sequence","72.54","",""
"08/03/2025 09:30:00 - 08/03/2025 09:45:00","BZN|FR","Without Sequence","72.54","",""
"08/03/2025 09:45:00 - 08/03/2025 10:00:00","BZN|FR","Without Sequence","72.54","",""
"08/03/2025 10:00:00 - 08/03/2025 10:15:00","BZN|FR","Without Sequence","18.05","",""
"08/03/2025 10:15:00 - 08/03/2025 10:30:00","BZN|FR","Without Sequence","18.05","",""
"08/03/2025 10:30:00 - 08/03/2025 10:45:00","BZN|FR","Without Sequence","18.05","",""
"08/03/2025 10:45:00 - 08/03/2025 11:00:00","BZN|FR","Without Sequence","18.05","",""
"08/03/2025 11:00:00 - 08/03/2025 11:15:00","BZN|FR","Without Sequence","3.52","",""
"08/03/2025 11:15:00 - 08/03/2025 11:30:00","BZN|FR","Without Sequence","3.52","",""
"08/03/2025 11:30:00 - 08/03/2025 11:45:00","BZN|FR","Without Sequence","3.52","",""
"08/03/2025 11:45:00 - 08/03/2025 12:00:00","BZN|FR","Without Sequence","3.52","",""
"08/03/2025 12:00:00 - 08/03/2025 12:15:00","BZN|FR","Without Sequence","8.62","",""
"08/03/2025 12:15:00 - 08/03/2025 12:30:00","BZN|FR","Without Sequence","8.62","",""
"08/03/2025 12:30:00 - 08/03/2025 12:45:00","BZN|FR","Without Sequence","8.62","",""
"08/03/2025 12:45:00 - 08/03/2025 13:00:00","BZN|FR","Without Sequence","8.62","",""
"08/03/2025 13:00:00 - 08/03/2025 13:15:00","BZN|FR","Without Sequence","1.00","",""
"08/03/2025 13:15:00 - 08/03/2025 13:30:00","BZN|FR","Without Sequence","1.00","",""
"08/03/2025 13:30:00 - 08/03/2025 13:45:00","BZN|FR","Without Sequence","1.00","",""
"08/03/2025 13:45:00 - 08/03/2025 14:00:00","BZN|FR","Without Sequence","1.00","",""
"08/03/2025 14:00:00 - 08/03/2025 14:15:00","BZN|FR","Without Sequence","0.07","",""
"08/03/2025 14:15:00 - 08/03/2025 14:30:00","BZN|FR","Without Sequence","0.07","",""
"08/03/2025 14:30:00 - 08/03/2025 14:45:00","BZN|FR","Without Sequence","0.07","",""
"08/03/2025 14:45:00 - 08/03/2025 15:00:00","BZN|FR","Without Sequence","0.07","",""
"08/03/2025 15:00:00 - 08/03/2025 15:15:00","BZN|FR","Without Sequence","10.92","",""
"08/03/2025 15:15:00 - 08/03/2025 15:30:00","BZN|FR","Without Sequence","10.92","",""
"08/03/2025 15:30:00 - 08/03/2025 15:45:00","BZN|FR","Without Sequence","10.92","",""
"08/03/2025 15:45:00 - 08/03/2025 16:00:00","BZN|FR","Without Sequence","10.92","",""
"08/03/2025 16:00:00 - 08/03/2025 16:15:00","BZN|FR","Without Sequence","17.30","",""
"08/03/2025 16:15:00 - 08/03/2025 16:30:00","BZN|FR","Without Sequence","17.30","",""
"08/03/2025 16:30:00 - 08/03/2025 16:45:00","BZN|FR","Without Sequence","17.30","",""
"08/03/2025 16:45:00 - 08/03/2025 17:00:00","BZN|FR","Without Sequence","17.30","",""
"08/03/2025 17:00:00 - 08/03/2025 17:15:00","BZN|FR","Without Sequence","62.59","",""
"08/03/2025 17:15:00 - 08/03/2025 17:30:00","BZN|FR","Without Sequence","62.59","",""
"08/03/2025 17:30:00 - 08/03/2025 17:45:00","BZN|FR","Without Sequence","62.59","",""
"08/03/2025 17:45:00 - 08/03/2025 18:00:00","BZN|FR","Without Sequence","62.59","",""
"08/03/2025 18:00:00 - 08/03/2025 18:15:00","BZN|FR","Without Sequence","35.00","",""
"08/03/2025 18:15:00 - 08/03/2025 18:30:00","BZN|FR","Without Sequence","35.00","",""
"08/03/2025 18:30:00 - 08/03/2025 18:45:00","BZN|FR","Without Sequence","35.00","",""
"08/03/2025 18:45:00 - 08/03/2025 19:00:00","BZN|FR","Without Sequence","35.00","",""
"08/03/2025 19:00:00 - 08/03/2025 19:15:00","BZN|FR","Without Sequence","43.38","",""
"08/03/2025 19:15:00 - 08/03/2025 19:30:00","BZN|FR","Without Sequence","43.38","",""
"08/03/2025 19:30:00 - 08/03/2025 19:45:00","BZN|FR","Without Sequence","43.38","",""
"08/03/2025 19:45:00 - 08/03/2025 20:00:00","BZN|FR","Without Sequence","43.38","",""
"08/03/2025 20:00:00 - 08/03/2025 20:15:00","BZN|FR","Without Sequence","41.23","",""
"08/03/2025 20:15:00 - 08/03/2025 20:30:00","BZN|FR","Without Sequence","41.23","",""
"08/03/2025 20:30:00 - 08/03/2025 20:45:00","BZN|FR","Without Sequence","41.23","",""
"08/03/2025 20:45:00 - 08/03/2025 21:00:00","BZN|FR","Without Sequence","41.23","",""
"08/03/2025 21:00:00 - 08/03/2025 21:15:00","BZN|FR","Without Sequence","40.65","",""
"08/03/2025 21:15:00 - 08/03/2025 21:30:00","BZN|FR","Without Sequence","40.65","",""
"08/03/2025 21:30:00 - 08/03/2025 21:45:00","BZN|FR","Without Sequence","40.65","",""
"08/03/2025 21:45:00 - 08/03/2025 22:00:00","BZN|FR","Without Sequence","40.65","",""
"08/03/2025 22:00:00 - 08/03/2025 22:15:00","BZN|FR","Without Sequence","40.00","",""
"08/03/2025 22:15:00 - 08/03/2025 22:30:00","BZN|FR","Without Sequence","40.00","",""
"08/03/2025 22:30:00 - 08/03/2025 22:45:00","BZN|FR","Without Sequence","40.00","",""
"08/03/2025 22:45:00 - 08/03/2025 23:00:00","BZN|FR","Without Sequence","40.00","",""
"08/03/2025 23:00:00 - 08/03/2025 23:15:00","BZN|FR","Without Sequence","38.10","",""
"08/03/2025 23:15:00 - 08/03/2025 23:30:00","BZN|FR","Without Sequence","38.10","",""
"08/03/2025 23:30:00 - 08/03/2025 23:45:00","BZN|FR","Without Sequence","38.10","",""
"08/03/2025 23:45:00 - 09/03/2025 00:00:00","BZN|FR","Without Sequence","38.10","",""
"09/03/2025 00:00:00 - 09/03/2025 00:15:00","BZN|FR","Without Sequence","35.40","",""
"09/03/2025 00:15:00 - 09/03/2025 00:30:00","BZN|FR","Without Sequence","35.40","",""
"09/03/2025 00:30:00 - 09/03/2025 00:45:00","BZN|FR","Without Sequence","35.40","",""
"09/03/2025 00:45:00 - 09/03/2025 01:00:00","BZN|FR","Without Sequence","35.40","",""
"09/03/2025 01:00:00 - 09/03/2025 01:15:00","BZN|FR","Without Sequence","35.01","",""
"09/03/2025 01:15:00 - 09/03/2025 01:30:00","BZN|FR","Without Sequence","35.01","",""
"09/03/2025 01:30:00 - 09/03/2025 01:45:00","BZN|FR","Without Sequence","35.01","",""
"09/03/2025 01:45:00 - 09/03/2025 02:00:00","BZN|FR","Without Sequence","35.01","",""
"09/03/2025 02:00:00 - 09/03/2025 02:15:00","BZN|FR","Without Sequence","35.01","",""
"09/03/2025 02:15:00 - 09/03/2025 02:30:00","BZN|FR","Without Sequence","35.01","",""
"09/03/2025 02:30:00 - 09/03/2025 02:45:00","BZN|FR","Without Sequence","35.01","",""
"09/03/2025 02:45:00 - 09/03/2025 03:00:00","BZN|FR","Without Sequence","35.01","",""
"09/03/2025 03:00:00 - 09/03/2025 03:15:00","BZN|FR","Without Sequence","33.29","",""
"09/03/2025 03:15:00 - 09/03/2025 03:30:00","BZN|FR","Without Sequence","33.29","",""
"09/03/2025 03:30:00 - 09/03/2025 03:45:00","BZN|FR","Without Sequence","33.29","",""
"09/03/2025 03:45:00 - 09/03/2025 04:00:00","BZN|FR","Without Sequence","33.29","",""
"09/03/2025 04:00:00 - 09/03/2025 04:15:00","BZN|FR","Without Sequence","29.97","",""
"09/03/2025 04:15:00 - 09/03/2025 04:30:00","BZN|FR","Without Sequence","29.97","",""
"09/03/2025 04:30:00 - 09/03/2025 04:45:00","BZN|FR","Without Sequence","29.97","",""
"09/03/2025 04:45:00 - 09/03/2025 05:00:00","BZN|FR","Without Sequence","29.97","",""
"09/03/2025 05:00:00 - 09/03/2025 05:15:00","BZN|FR","Without Sequence","31.40","",""
"09/03/2025 05:15:00 - 09/03/2025 05:30:00","BZN|FR","Without Sequence","31.40","",""
"09/03/2025 05:30:00 - 09/03/2025 05:45:00","BZN|FR","Without Sequence","31.40","",""
"09/03/2025 05:45:00 - 09/03/2025 06:00:00","BZN|FR","Without Sequence","31.40","",""
"09/03/2025 06:00:00 - 09/03/2025 06:15:00","BZN|FR","Without Sequence","31.81","",""
"09/03/2025 06:15:00 - 09/03/2025 06:30:00","BZN|FR","Without Sequence","31.81","",""
"09/03/2025 06:30:00 - 09/03/2025 06:45:00","BZN|FR","Without Sequence","31.81","",""
"09/03/2025 06:45:00 - 09/03/2025 07:00:00","BZN|FR","Without Sequence","31.81","",""
"09/03/2025 07:00:00 - 09/03/2025 07:15:00","BZN|FR","Without Sequence","35.00","",""
"09/03/2025 07:15:00 - 09/03/2025 07:30:00","BZN|FR","Without Sequence","35.00","",""
"09/03/2025 07:30:00 - 09/03/2025 07:45:00","BZN|FR","Without Sequence","35.00","",""
"09/03/2025 07:45:00 - 09/03/2025 08:00:00","BZN|FR","Without Sequence","35.00","",""
"09/03/2025 08:00:00 - 09/03/2025 08:15:00","BZN|FR","Without Sequence","35.00","",""
"09/03/2025 08:15:00 - 09/03/2025 08:30:00","BZN|FR","Without Sequence","35.00","",""
"09/03/2025 08:30:00 - 09/03/2025 08:45:00","BZN|FR","Without Sequence","35.00","",""
"09/03/2025 08:45:00 - 09/03/2025 09:00:00","BZN|FR","Without Sequence","35.00","",""
"09/03/2025 09:00:00 - 09/03/2025 09:15:00","BZN|FR","Without Sequence","29.27","",""
"09/03/2025 09:15:00 - 09/03/2025 09:30:00","BZN|FR","Without Sequence","29.27","",""
"09/03/2025 09:30:00 - 09/03/2025 09:45:00","BZN|FR","Without Sequence","29.27","",""
"09/03/2025 09:45:00 - 09/03/2025 10:00:00","BZN|FR","Without Sequence","29.27","",""
"09/03/2025 10:00:00 - 09/03/2025 10:15:00","BZN|FR","Without Sequence","10.10","",""
"09/03/2025 10:15:00 - 09/03/2025 10:30:00","BZN|FR","Without Sequence","10.10","",""
"09/03/2025 10:30:00 - 09/03/2025 10:45:00","BZN|FR","Without Sequence","10.10","",""
"09/03/2025 10:45:00 - 09/03/2025 11:00:00","BZN|FR","Without Sequence","10.10","",""
"09/03/2025 11:00:00 - 09/03/2025 11:15:00","BZN|FR","Without Sequence","9.13","",""
"09/03/2025 11:15:00 - 09/03/2025 11:30:00","BZN|FR","Without Sequence","9.13","",""
"09/03/2025 11:30:00 - 09/03/2025 11:45:00","BZN|FR","Without Sequence","9.13","",""
"09/03/2025 11:45:00 - 09/03/2025 12:00:00","BZN|FR","Without Sequence","9.13","",""
"09/03/2025 12:00:00 - 09/03/2025 12:15:00","BZN|FR","Without Sequence","13.20","",""
"09/03/2025 12:15:00 - 09/03/2025 12:30:00","BZN|FR","Without Sequence","13.20","",""
"09/03/2025 12:30:00 - 09/03/2025 12:45:00","BZN|FR","Without Sequence","13.20","",""
"09/03/2025 12:45:00 - 09/03/2025 13:00:00","BZN|FR","Without Sequence","13.20","",""
"09/03/2025 13:00:00 - 09/03/2025 13:15:00","BZN|FR","Without Sequence","7.10","",""
"09/03/2025 13:15:00 - 09/03/2025 13:30:00","BZN|FR","Without Sequence","7.10","",""
"09/03/2025 13:30:00 - 09/03/2025 13:45:00","BZN|FR","Without Sequence","7.10","",""
"09/03/2025 13:45:00 - 09/03/2025 14:00:00","BZN|FR","Without Sequence","7.10","",""
"09/03/2025 14:00:00 - 09/03/2025 14:15:00","BZN|FR","Without Sequence","3.52","",""
"09/03/2025 14:15:00 - 09/03/2025 14:30:00","BZN|FR","Without Sequence","3.52","",""
"09/03/2025 14:30:00 - 09/03/2025 14:45:00","BZN|FR","Without Sequence","3.52","",""
"09/03/2025 14:45:00 - 09/03/2025 15:00:00","BZN|FR","Without Sequence","3.52","",""
"09/03/2025 15:00:00 - 09/03/2025 15:15:00","BZN|FR","Without Sequence","17.39","",""
"09/03/2025 15:15:00 - 09/03/2025 15:30:00","BZN|FR","Without Sequence","17.39","",""
"09/03/2025 15:30:00 - 09/03/2025 15:45:00","BZN|FR","Without Sequence","17.39","",""
"09/03/2025 15:45:00 - 09/03/2025 16:00:00","BZN|FR","Without Sequence","17.39","",""
"09/03/2025 16:00:00 - 09/03/2025 16:15:00","BZN|FR","Without Sequence","35.01","",""
"09/03/2025 16:15:00 - 09/03/2025 16:30:00","BZN|FR","Without Sequence","35.01","",""
"09/03/2025 16:30:00 - 09/03/2025 16:45:00","BZN|FR","Without Sequence","35.01","",""
"09/03/2025 16:45:00 - 09/03/2025 17:00:00","BZN|FR","Without Sequence","35.01","",""
"09/03/2025 17:00:00 - 09/03/2025 17:15:00","BZN|FR","Without Sequence","47.68","",""
"09/03/2025 17:15:00 - 09/03/2025 17:30:00","BZN|FR","Without Sequence","47.68","",""
"09/03/2025 17:30:00 - 09/03/2025 17:45:00","BZN|FR","Without Sequence","47.68","",""
"09/03/2025 17:45:00 - 09/03/2025 18:00:00","BZN|FR","Without Sequence","47.68","",""
"09/03/2025 18:00:00 - 09/03/2025 18:15:00","BZN|FR","Without Sequence","89.02","",""
"09/03/2025 18:15:00 - 09/03/2025 18:30:00","BZN|FR","Without Sequence","89.02","",""
"09/03/2025 18:30:00 - 09/03/2025 18:45:00","BZN|FR","Without Sequence","89.02","",""
"09/03/2025 18:45:00 - 09/03/2025 19:00:00","BZN|FR","Without Sequence","89.02","",""
"09/03/2025 19:00:00 - 09/03/2025 19:15:00","BZN|FR","Without Sequence","124.50","",""
"09/03/2025 19:15:00 - 09/03/2025 19:30:00","BZN|FR","Without Sequence","124.50","",""
"09/03/2025 19:30:00 - 09/03/2025 19:45:00","BZN|FR","Without Sequence","124.50","",""
"09/03/2025 19:45:00 - 09/03/2025 20:00:00","BZN|FR","Without Sequence","124.50","",""
"09/03/2025 20:00:00 - 09/03/2025 20:15:00","BZN|FR","Without Sequence","127.60","",""
"09/03/2025 20:15:00 - 09/03/2025 20:30:00","BZN|FR","Without Sequence","127.60","",""
"09/03/2025 20:30:00 - 09/03/2025 20:45:00","BZN|FR","Without Sequence","127.60","",""
"09/03/2025 20:45:00 - 09/03/2025 21:00:00","BZN|FR","Without Sequence","127.60","",""
"09/03/2025 21:00:00 - 09/03/2025 21:15:00","BZN|FR","Without Sequence","115.66","",""
"09/03/2025 21:15:00 - 09/03/2025 21:30:00","BZN|FR","Without Sequence","115.66","",""
"09/03/2025 21:30:00 - 09/03/2025 21:45:00","BZN|FR","Without Sequence","115.66","",""
"09/03/2025 21:45:00 - 09/03/2025 22:00:00","BZN|FR","Without Sequence","115.66","",""
"09/03/2025 22:00:00 - 09/03/2025 22:15:00","BZN|FR","Without Sequence","97.04","",""
"09/03/2025 22:15:00 - 09/03/2025 22:30:00","BZN|FR","Without Sequence","97.04","",""
"09/03/2025 22:30:00 - 09/03/2025 22:45:00","BZN|FR","Without Sequence","97.04","",""
"09/03/2025 22:45:00 - 09/03/2025 23:00:00","BZN|FR","Without Sequence","97.04","",""
"09/03/2025 23:00:00 - 09/03/2025 23:15:00","BZN|FR","Without Sequence","88.06","",""
"09/03/2025 23:15:00 - 09/03/2025 23:30:00","BZN|FR","Without Sequence","88.06","",""
"09/03/2025 23:30:00 - 09/03/2025 23:45:00","BZN|FR","Without Sequence","88.06","",""
"09/03/2025 23:45:00 - 10/03/2025 00:00:00","BZN|FR","Without Sequence","88.06","",""
"10/03/2025 00:00:00 - 10/03/2025 00:15:00","BZN|FR","Without Sequence","85.51","",""
"10/03/2025 00:15:00 - 10/03/2025 00:30:00","BZN|FR","Without Sequence","85.51","",""
"10/03/2025 00:30:00 - 10/03/2025 00:45:00","BZN|FR","Without Sequence","85.51","",""
"10/03/2025 00:45:00 - 10/03/2025 01:00:00","BZN|FR","Without Sequence","85.51","",""
"10/03/2025 01:00:00 - 10/03/2025 01:15:00","BZN|FR","Without Sequence","78.03","",""
"10/03/2025 01:15:00 - 10/03/2025 01:30:00","BZN|FR","Without Sequence","78.03","",""
"10/03/2025 01:30:00 - 10/03/2025 01:45:00","BZN|FR","Without Sequence","78.03","",""
"10/03/2025 01:45:00 - 10/03/2025 02:00:00","BZN|FR","Without Sequence","78.03","",""
"10/03/2025 02:00:00 - 10/03/2025 02:15:00","BZN|FR","Without Sequence","73.01","",""
"10/03/2025 02:15:00 - 10/03/2025 02:30:00","BZN|FR","Without Sequence","73.01","",""
"10/03/2025 02:30:00 - 10/03/2025 02:45:00","BZN|FR","Without Sequence","73.01","",""
"10/03/2025 02:45:00 - 10/03/2025 03:00:00","BZN|FR","Without Sequence","73.01","",""
"10/03/2025 03:00:00 - 10/03/2025 03:15:00","BZN|FR","Without Sequence","71.31","",""
"10/03/2025 03:15:00 - 10/03/2025 03:30:00","BZN|FR","Without Sequence","71.31","",""
"10/03/2025 03:30:00 - 10/03/2025 03:45:00","BZN|FR","Without Sequence","71.31","",""
"10/03/2025 03:45:00 - 10/03/2025 04:00:00","BZN|FR","Without Sequence","71.31","",""
"10/03/2025 04:00:00 - 10/03/2025 04:15:00","BZN|FR","Without Sequence","66.70","",""
"10/03/2025 04:15:00 - 10/03/2025 04:30:00","BZN|FR","Without Sequence","66.70","",""
"10/03/2025 04:30:00 - 10/03/2025 04:45:00","BZN|FR","Without Sequence","66.70","",""
"10/03/2025 04:45:00 - 10/03/2025 05:00:00","BZN|FR","Without Sequence","66.70","",""
"10/03/2025 05:00:00 - 10/03/2025 05:15:00","BZN|FR","Without Sequence","73.43","",""
"10/03/2025 05:15:00 - 10/03/2025 05:30:00","BZN|FR","Without Sequence","73.43","",""
"10/03/2025 05:30:00 - 10/03/2025 05:45:00","BZN|FR","Without Sequence","73.43","",""
"10/03/2025 05:45:00 - 10/03/2025 06:00:00","BZN|FR","Without Sequence","73.43","",""
"10/03/2025 06:00:00 - 10/03/2025 06:15:00","BZN|FR","Without Sequence","99.58","",""
"10/03/2025 06:15:00 - 10/03/2025 06:30:00","BZN|FR","Without Sequence","99.58","",""
"10/03/2025 06:30:00 - 10/03/2025 06:45:00","BZN|FR","Without Sequence","99.58","",""
"10/03/2025 06:45:00 - 10/03/2025 07:00:00","BZN|FR","Without Sequence","99.58","",""
"10/03/2025 07:00:00 - 10/03/2025 07:15:00","BZN|FR","Without Sequence","123.06","",""
"10/03/2025 07:15:00 - 10/03/2025 07:30:00","BZN|FR","Without Sequence","123.06","",""
"10/03/2025 07:30:00 - 10/03/2025 07:45:00","BZN|FR","Without Sequence","123.06","",""
"10/03/2025 07:45:00 - 10/03/2025 08:00:00","BZN|FR","Without Sequence","123.06","",""
"10/03/2025 08:00:00 - 10/03/2025 08:15:00","BZN|FR","Without Sequence","130.01","",""
"10/03/2025 08:15:00 - 10/03/2025 08:30:00","BZN|FR","Without Sequence","130.01","",""
"10/03/2025 08:30:00 - 10/03/2025 08:45:00","BZN|FR","Without Sequence","130.01","",""
"10/03/2025 08:45:00 - 10/03/2025 09:00:00","BZN|FR","Without Sequence","130.01","",""
"10/03/2025 09:00:00 - 10/03/2025 09:15:00","BZN|FR","Without Sequence","95.00","",""
"10/03/2025 09:15:00 - 10/03/2025 09:30:00","BZN|FR","Without Sequence","95.00","",""
"10/03/2025 09:30:00 - 10/03/2025 09:45:00","BZN|FR","Without Sequence","95.00","",""
"10/03/2025 09:45:00 - 10/03/2025 10:00:00","BZN|FR","Without Sequence","95.00","",""
"10/03/2025 10:00:00 - 10/03/2025 10:15:00","BZN|FR","Without Sequence","82.99","",""
"10/03/2025 10:15:00 - 10/03/2025 10:30:00","BZN|FR","Without Sequence","82.99","",""
"10/03/2025 10:30:00 - 10/03/2025 10:45:00","BZN|FR","Without Sequence","82.99","",""
"10/03/2025 10:45:00 - 10/03/2025 11:00:00","BZN|FR","Without Sequence","82.99","",""
"10/03/2025 11:00:00 - 10/03/2025 11:15:00","BZN|FR","Without Sequence","78.00","",""
"10/03/2025 11:15:00 - 10/03/2025 11:30:00","BZN|FR","Without Sequence","78.00","",""
"10/03/2025 11:30:00 - 10/03/2025 11:45:00","BZN|FR","Without Sequence","78.00","",""
"10/03/2025 11:45:00 - 10/03/2025 12:00:00","BZN|FR","Without Sequence","78.00","",""
"10/03/2025 12:00:00 - 10/03/2025 12:15:00","BZN|FR","Without Sequence","76.02","",""
"10/03/2025 12:15:00 - 10/03/2025 12:30:00","BZN|FR","Without Sequence","76.02","",""
"10/03/2025 12:30:00 - 10/03/2025 12:45:00","BZN|FR","Without Sequence","76.02","",""
"10/03/2025 12:45:00 - 10/03/2025 13:00:00","BZN|FR","Without Sequence","76.02","",""
"10/03/2025 13:00:00 - 10/03/2025 13:15:00","BZN|FR","Without Sequence","77.32","",""
"10/03/2025 13:15:00 - 10/03/2025 13:30:00","BZN|FR","Without Sequence","77.32","",""
"10/03/2025 13:30:00 - 10/03/2025 13:45:00","BZN|FR","Without Sequence","77.32","",""
"10/03/2025 13:45:00 - 10/03/2025 14:00:00","BZN|FR","Without Sequence","77.32","",""
"10/03/2025 14:00:00 - 10/03/2025 14:15:00","BZN|FR","Without Sequence","75.51","",""
"10/03/2025 14:15:00 - 10/03/2025 14:30:00","BZN|FR","Without Sequence","75.51","",""
"10/03/2025 14:30:00 - 10/03/2025 14:45:00","BZN|FR","Without Sequence","75.51","",""
"10/03/2025 14:45:00 - 10/03/2025 15:00:00","BZN|FR","Without Sequence","75.51","",""
"10/03/2025 15:00:00 - 10/03/2025 15:15:00","BZN|FR","Without Sequence","69.11","",""
"10/03/2025 15:15:00 - 10/03/2025 15:30:00","BZN|FR","Without Sequence","69.11","",""
"10/03/2025 15:30:00 - 10/03/2025 15:45:00","BZN|FR","Without Sequence","69.11","",""
"10/03/2025 15:45:00 - 10/03/2025 16:00:00","BZN|FR","Without Sequence","69.11","",""
"10/03/2025 16:00:00 - 10/03/2025 16:15:00","BZN|FR","Without Sequence","77.86","",""
"10/03/2025 16:15:00 - 10/03/2025 16:30:00","BZN|FR","Without Sequence","77.86","",""
"10/03/2025 16:30:00 - 10/03/2025 16:45:00","BZN|FR","Without Sequence","77.86","",""
"10/03/2025 16:45:00 - 10/03/2025 17:00:00","BZN|FR","Without Sequence","77.86","",""
"10/03/2025 17:00:00 - 10/03/2025 17:15:00","BZN|FR","Without Sequence","95.92","",""
"10/03/2025 17:15:00 - 10/03/2025 17:30:00","BZN|FR","Without Sequence","95.92","",""
"10/03/2025 17:30:00 - 10/03/2025 17:45:00","BZN|FR","Without Sequence","95.92","",""
"10/03/2025 17:45:00 - 10/03/2025 18:00:00","BZN|FR","Without Sequence","95.92","",""
"10/03/2025 18:00:00 - 10/03/2025 18:15:00","BZN|FR","Without Sequence","117.84","",""
"10/03/2025 18:15:00 - 10/03/2025 18:30:00","BZN|FR","Without Sequence","117.84","",""
"10/03/2025 18:30:00 - 10/03/2025 18:45:00","BZN|FR","Without Sequence","117.84","",""
"10/03/2025 18:45:00 - 10/03/2025 19:00:00","BZN|FR","Without Sequence","117.84","",""
"10/03/2025 19:00:00 - 10/03/2025 19:15:00","BZN|FR","Without Sequence","152.05","",""
"10/03/2025 19:15:00 - 10/03/2025 19:30:00","BZN|FR","Without Sequence","152.05","",""
"10/03/2025 19:30:00 - 10/03/2025 19:45:00","BZN|FR","Without Sequence","152.05","",""
"10/03/2025 19:45:00 - 10/03/2025 20:00:00","BZN|FR","Without Sequence","152.05","",""
"10/03/2025 20:00:00 - 10/03/2025 20:15:00","BZN|FR","Without Sequence","131.60","",""
"10/03/2025 20:15:00 - 10/03/2025 20:30:00","BZN|FR","Without Sequence","131.60","",""
"10/03/2025 20:30:00 - 10/03/2025 20:45:00","BZN|FR","Without Sequence","131.60","",""
"10/03/2025 20:45:00 - 10/03/2025 21:00:00","BZN|FR","Without Sequence","131.60","",""
"10/03/2025 21:00:00 - 10/03/2025 21:15:00","BZN|FR","Without Sequence","110.00","",""
"10/03/2025 21:15:00 - 10/03/2025 21:30:00","BZN|FR","Without Sequence","110.00","",""
"10/03/2025 21:30:00 - 10/03/2025 21:45:00","BZN|FR","Without Sequence","110.00","",""
"10/03/2025 21:45:00 - 10/03/2025 22:00:00","BZN|FR","Without Sequence","110.00","",""
"10/03/2025 22:00:00 - 10/03/2025 22:15:00","BZN|FR","Without Sequence","100.00","",""
"10/03/2025 22:15:00 - 10/03/2025 22:30:00","BZN|FR","Without Sequence","100.00","",""
"10/03/2025 22:30:00 - 10/03/2025 22:45:00","BZN|FR","Without Sequence","100.00","",""
"10/03/2025 22:45:00 - 10/03/2025 23:00:00","BZN|FR","Without Sequence","100.00","",""
"10/03/2025 23:00:00 - 10/03/2025 23:15:00","BZN|FR","Without Sequence","92.00","",""
"10/03/2025 23:15:00 - 10/03/2025 23:30:00","BZN|FR","Without Sequence","92.00","",""
"10/03/2025 23:30:00 - 10/03/2025 23:45:00","BZN|FR","Without Sequence","92.00","",""
"10/03/2025 23:45:00 - 11/03/2025 00:00:00","BZN|FR","Without Sequence","92.00","",""
"11/03/2025 00:00:00 - 11/03/2025 00:15:00","BZN|FR","Without Sequence","91.00","",""
"11/03/2025 00:15:00 - 11/03/2025 00:30:00","BZN|FR","Without Sequence","91.00","",""
"11/03/2025 00:30:00 - 11/03/2025 00:45:00","BZN|FR","Without Sequence","91.00","",""
"11/03/2025 00:45:00 - 11/03/2025 01:00:00","BZN|FR","Without Sequence","91.00","",""
"11/03/2025 01:00:00 - 11/03/2025 01:15:00","BZN|FR","Without Sequence","87.45","",""
"11/03/2025 01:15:00 - 11/03/2025 01:30:00","BZN|FR","Without Sequence","87.45","",""
"11/03/2025 01:30:00 - 11/03/2025 01:45:00","BZN|FR","Without Sequence","87.45","",""
"11/03/2025 01:45:00 - 11/03/2025 02:00:00","BZN|FR","Without Sequence","87.45","",""
"11/03/2025 02:00:00 - 11/03/2025 02:15:00","BZN|FR","Without Sequence","91.98","",""
"11/03/2025 02:15:00 - 11/03/2025 02:30:00","BZN|FR","Without Sequence","91.98","",""
"11/03/2025 02:30:00 - 11/03/2025 02:45:00","BZN|FR","Without Sequence","91.98","",""
"11/03/2025 02:45:00 - 11/03/2025 03:00:00","BZN|FR","Without Sequence","91.98","",""
"11/03/2025 03:00:00 - 11/03/2025 03:15:00","BZN|FR","Without Sequence","89.37","",""
"11/03/2025 03:15:00 - 11/03/2025 03:30:00","BZN|FR","Without Sequence","89.37","",""
"11/03/2025 03:30:00 - 11/03/2025 03:45:00","BZN|FR","Without Sequence","89.37","",""
"11/03/2025 03:45:00 - 11/03/2025 04:00:00","BZN|FR","Without Sequence","89.37","",""
"11/03/2025 04:00:00 - 11/03/2025 04:15:00","BZN|FR","Without Sequence","82.36","",""
"11/03/2025 04:15:00 - 11/03/2025 04:30:00","BZN|FR","Without Sequence","82.36","",""
"11/03/2025 04:30:00 - 11/03/2025 04:45:00","BZN|FR","Without Sequence","82.36","",""
"11/03/2025 04:45:00 - 11/03/2025 05:00:00","BZN|FR","Without Sequence","82.36","",""
"11/03/2025 05:00:00 - 11/03/2025 05:15:00","BZN|FR","Without Sequence","91.92","",""
"11/03/2025 05:15:00 - 11/03/2025 05:30:00","BZN|FR","Without Sequence","91.92","",""
"11/03/2025 05:30:00 - 11/03/2025 05:45:00","BZN|FR","Without Sequence","91.92","",""
"11/03/2025 05:45:00 - 11/03/2025 06:00:00","BZN|FR","Without Sequence","91.92","",""
"11/03/2025 06:00:00 - 11/03/2025 06:15:00","BZN|FR","Without Sequence","92.80","",""
"11/03/2025 06:15:00 - 11/03/2025 06:30:00","BZN|FR","Without Sequence","92.80","",""
"11/03/2025 06:30:00 - 11/03/2025 06:45:00","BZN|FR","Without Sequence","92.80","",""
"11/03/2025 06:45:00 - 11/03/2025 07:00:00","BZN|FR","Without Sequence","92.80","",""
"11/03/2025 07:00:00 - 11/03/2025 07:15:00","BZN|FR","Without Sequence","114.57","",""
"11/03/2025 07:15:00 - 11/03/2025 07:30:00","BZN|FR","Without Sequence","114.57","",""
"11/03/2025 07:30:00 - 11/03/2025 07:45:00","BZN|FR","Without Sequence","114.57","",""
"11/03/2025 07:45:00 - 11/03/2025 08:00:00","BZN|FR","Without Sequence","114.57","",""
"11/03/2025 08:00:00 - 11/03/2025 08:15:00","BZN|FR","Without Sequence","126.96","",""
"11/03/2025 08:15:00 - 11/03/2025 08:30:00","BZN|FR","Without Sequence","126.96","",""
"11/03/2025 08:30:00 - 11/03/2025 08:45:00","BZN|FR","Without Sequence","126.96","",""
"11/03/2025 08:45:00 - 11/03/2025 09:00:00","BZN|FR","Without Sequence","126.96","",""
"11/03/2025 09:00:00 - 11/03/2025 09:15:00","BZN|FR","Without Sequence","110.09","",""
"11/03/2025 09:15:00 - 11/03/2025 09:30:00","BZN|FR","Without Sequence","110.09","",""
"11/03/2025 09:30:00 - 11/03/2025 09:45:00","BZN|FR","Without Sequence","110.09","",""
"11/03/2025 09:45:00 - 11/03/2025 10:00:00","BZN|FR","Without Sequence","110.09","",""
"11/03/2025 10:00:00 - 11/03/2025 10:15:00","BZN|FR","Without Sequence","99.23","",""
"11/03/2025 10:15:00 - 11/03/2025 10:30:00","BZN|FR","Without Sequence","99.23","",""
"11/03/2025 10:30:00 - 11/03/2025 10:45:00","BZN|FR","Without Sequence","99.23","",""
"11/03/2025 10:45:00 - 11/03/2025 11:00:00","BZN|FR","Without Sequence","99.23","",""
"11/03/2025 11:00:00 - 11/03/2025 11:15:00","BZN|FR","Without Sequence","91.60","",""
"11/03/2025 11:15:00 - 11/03/2025 11:30:00","BZN|FR","Without Sequence","91.60","",""
"11/03/2025 11:30:00 - 11/03/2025 11:45:00","BZN|FR","Without Sequence","91.60","",""
"11/03/2025 11:45:00 - 11/03/2025 12:00:00","BZN|FR","Without Sequence","91.60","",""
"11/03/2025 12:00:00 - 11/03/2025 12:15:00","BZN|FR","Without Sequence","88.95","",""
"11/03/2025 12:15:00 - 11/03/2025 12:30:00","BZN|FR","Without Sequence","88.95","",""
"11/03/2025 12:30:00 - 11/03/2025 12:45:00","BZN|FR","Without Sequence","88.95","",""
"11/03/2025 12:45:00 - 11/03/2025 13:00:00","BZN|FR","Without Sequence","88.95","",""
"11/03/2025 13:00:00 - 11/03/2025 13:15:00","BZN|FR","Without Sequence","86.24","",""
"11/03/2025 13:15:00 - 11/03/2025 13:30:00","BZN|FR","Without Sequence","86.24","",""
"11/03/2025 13:30:00 - 11/03/2025 13:45:00","BZN|FR","Without Sequence","86.24","",""
"11/03/2025 13:45:00 - 11/03/2025 14:00:00","BZN|FR","Without Sequence","86.24","",""
"11/03/2025 14:00:00 - 11/03/2025 14:15:00","BZN|FR","Without Sequence","86.59","",""
"11/03/2025 14:15:00 - 11/03/2025 14:30:00","BZN|FR","Without Sequence","86.59","",""
"11/03/2025 14:30:00 - 11/03/2025 14:45:00","BZN|FR","Without Sequence","86.59","",""
"11/03/2025 14:45:00 - 11/03/2025 15:00:00","BZN|FR","Without Sequence","86.59","",""
"11/03/2025 15:00:00 - 11/03/2025 15:15:00","BZN|FR","Without Sequence","86.42","",""
"11/03/2025 15:15:00 - 11/03/2025 15:30:00","BZN|FR","Without Sequence","86.42","",""
"11/03/2025 15:30:00 - 11/03/2025 15:45:00","BZN|FR","Without Sequence","86.42","",""
"11/03/2025 15:45:00 - 11/03/2025 16:00:00","BZN|FR","Without Sequence","86.42","",""
"11/03/2025 16:00:00 - 11/03/2025 16:15:00","BZN|FR","Without Sequence","78.21","",""
"11/03/2025 16:15:00 - 11/03/2025 16:30:00","BZN|FR","Without Sequence","78.21","",""
"11/03/2025 16:30:00 - 11/03/2025 16:45:00","BZN|FR","Without Sequence","78.21","",""
"11/03/2025 16:45:00 - 11/03/2025 17:00:00","BZN|FR","Without Sequence","78.21","",""
"11/03/2025 17:00:00 - 11/03/2025 17:15:00","BZN|FR","Without Sequence","87.97","",""
"11/03/2025 17:15:00 - 11/03/2025 17:30:00","BZN|FR","Without Sequence","87.97","",""
"11/03/2025 17:30:00 - 11/03/2025 17:45:00","BZN|FR","Without Sequence","87.97","",""
"11/03/2025 17:45:00 - 11/03/2025 18:00:00","BZN|FR","Without Sequence","87.97","",""
"11/03/2025 18:00:00 - 11/03/2025 18:15:00","BZN|FR","Without Sequence","114.50","",""
"11/03/2025 18:15:00 - 11/03/2025 18:30:00","BZN|FR","Without Sequence","114.50","",""
"11/03/2025 18:30:00 - 11/03/2025 18:45:00","BZN|FR","Without Sequence","114.50","",""
"11/03/2025 18:45:00 - 11/03/2025 19:00:00","BZN|FR","Without Sequence","114.50","",""
"11/03/2025 19:00:00 - 11/03/2025 19:15:00","BZN|FR","Without Sequence","157.50","",""
"11/03/2025 19:15:00 - 11/03/2025 19:30:00","BZN|FR","Without Sequence","157.50","",""
"11/03/2025 19:30:00 - 11/03/2025 19:45:00","BZN|FR","Without Sequence","157.50","",""
"11/03/2025 19:45:00 - 11/03/2025 20:00:00","BZN|FR","Without Sequence","157.50","",""
"11/03/2025 20:00:00 - 11/03/2025 20:15:00","BZN|FR","Without Sequence","137.84","",""
"11/03/2025 20:15:00 - 11/03/2025 20:30:00","BZN|FR","Without Sequence","137.84","",""
"11/03/2025 20:30:00 - 11/03/2025 20:45:00","BZN|FR","Without Sequence","137.84","",""
"11/03/2025 20:45:00 - 11/03/2025 21:00:00","BZN|FR","Without Sequence","137.84","",""
"11/03/2025 21:00:00 - 11/03/2025 21:15:00","BZN|FR","Without Sequence","119.33","",""
"11/03/2025 21:15:00 - 11/03/2025 21:30:00","BZN|FR","Without Sequence","119.33","",""
"11/03/2025 21:30:00 - 11/03/2025 21:45:00","BZN|FR","Without Sequence","119.33","",""
"11/03/2025 21:45:00 - 11/03/2025 22:00:00","BZN|FR","Without Sequence","119.33","",""
"11/03/2025 22:00:00 - 11/03/2025 22:15:00","BZN|FR","Without Sequence","108.78","",""
"11/03/2025 22:15:00 - 11/03/2025 22:30:00","BZN|FR","Without Sequence","108.78","",""
"11/03/2025 22:30:00 - 11/03/2025 22:45:00","BZN|FR","Without Sequence","108.78","",""
"11/03/2025 22:45:00 - 11/03/2025 23:00:00","BZN|FR","Without Sequence","108.78","",""
"11/03/2025 23:00:00 - 11/03/2025 23:15:00","BZN|FR","Without Sequence","105.16","",""
"11/03/2025 23:15:00 - 11/03/2025 23:30:00","BZN|FR","Without Sequence","105.16","",""
"11/03/2025 23:30:00 - 11/03/2025 23:45:00","BZN|FR","Without Sequence","105.16","",""
"11/03/2025 23:45:00 - 12/03/2025 00:00:00","BZN|FR","Without Sequence","105.16","",""
"12/03/2025 00:00:00 - 12/03/2025 00:15:00","BZN|FR","Without Sequence","98.90","",""
"12/03/2025 00:15:00 - 12/03/2025 00:30:00","BZN|FR","Without Sequence","98.90","",""
"12/03/2025 00:30:00 - 12/03/2025 00:45:00","BZN|FR","Without Sequence","98.90","",""
"12/03/2025 00:45:00 - 12/03/2025 01:00:00","BZN|FR","Without Sequence","98.90","",""
"12/03/2025 01:00:00 - 12/03/2025 01:15:00","BZN|FR","Without Sequence","95.03","",""
"12/03/2025 01:15:00 - 12/03/2025 01:30:00","BZN|FR","Without Sequence","95.03","",""
"12/03/2025 01:30:00 - 12/03/2025 01:45:00","BZN|FR","Without Sequence","95.03","",""
"12/03/2025 01:45:00 - 12/03/2025 02:00:00","BZN|FR","Without Sequence","95.03","",""
"12/03/2025 02:00:00 - 12/03/2025 02:15:00","BZN|FR","Without Sequence","94.87","",""
"12/03/2025 02:15:00 - 12/03/2025 02:30:00","BZN|FR","Without Sequence","94.87","",""
"12/03/2025 02:30:00 - 12/03/2025 02:45:00","BZN|FR","Without Sequence","94.87","",""
"12/03/2025 02:45:00 - 12/03/2025 03:00:00","BZN|FR","Without Sequence","94.87","",""
"12/03/2025 03:00:00 - 12/03/2025 03:15:00","BZN|FR","Without Sequence","88.78","",""
"12/03/2025 03:15:00 - 12/03/2025 03:30:00","BZN|FR","Without Sequence","88.78","",""
"12/03/2025 03:30:00 - 12/03/2025 03:45:00","BZN|FR","Without Sequence","88.78","",""
"12/03/2025 03:45:00 - 12/03/2025 04:00:00","BZN|FR","Without Sequence","88.78","",""
"12/03/2025 04:00:00 - 12/03/2025 04:15:00","BZN|FR","Without Sequence","86.93","",""
"12/03/2025 04:15:00 - 12/03/2025 04:30:00","BZN|FR","Without Sequence","86.93","",""
"12/03/2025 04:30:00 - 12/03/2025 04:45:00","BZN|FR","Without Sequence","86.93","",""
"12/03/2025 04:45:00 - 12/03/2025 05:00:00","BZN|FR","Without Sequence","86.93","",""
"12/03/2025 05:00:00 - 12/03/2025 05:15:00","BZN|FR","Without Sequence","85.79","",""
"12/03/2025 05:15:00 - 12/03/2025 05:30:00","BZN|FR","Without Sequence","85.79","",""
"12/03/2025 05:30:00 - 12/03/2025 05:45:00","BZN|FR","Without Sequence","85.79","",""
"12/03/2025 05:45:00 - 12/03/2025 06:00:00","BZN|FR","Without Sequence","85.79","",""
"12/03/2025 06:00:00 - 12/03/2025 06:15:00","BZN|FR","Without Sequence","102.81","",""
"12/03/2025 06:15:00 - 12/03/2025 06:30:00","BZN|FR","Without Sequence","102.81","",""
"12/03/2025 06:30:00 - 12/03/2025 06:45:00","BZN|FR","Without Sequence","102.81","",""
"12/03/2025 06:45:00 - 12/03/2025 07:00:00","BZN|FR","Without Sequence","102.81","",""
"12/03/2025 07:00:00 - 12/03/2025 07:15:00","BZN|FR","Without Sequence","119.55","",""
"12/03/2025 07:15:00 - 12/03/2025 07:30:00","BZN|FR","Without Sequence","119.55","",""
"12/03/2025 07:30:00 - 12/03/2025 07:45:00","BZN|FR","Without Sequence","119.55","",""
"12/03/2025 07:45:00 - 12/03/2025 08:00:00","BZN|FR","Without Sequence","119.55","",""
"12/03/2025 08:00:00 - 12/03/2025 08:15:00","BZN|FR","Without Sequence","131.53","",""
"12/03/2025 08:15:00 - 12/03/2025 08:30:00","BZN|FR","Without Sequence","131.53","",""
"12/03/2025 08:30:00 - 12/03/2025 08:45:00","BZN|FR","Without Sequence","131.53","",""
"12/03/2025 08:45:00 - 12/03/2025 09:00:00","BZN|FR","Without Sequence","131.53","",""
"12/03/2025 09:00:00 - 12/03/2025 09:15:00","BZN|FR","Without Sequence","125.00","",""
"12/03/2025 09:15:00 - 12/03/2025 09:30:00","BZN|FR","Without Sequence","125.00","",""
"12/03/2025 09:30:00 - 12/03/2025 09:45:00","BZN|FR","Without Sequence","125.00","",""
"12/03/2025 09:45:00 - 12/03/2025 10:00:00","BZN|FR","Without Sequence","125.00","",""
"12/03/2025 10:00:00 - 12/03/2025 10:15:00","BZN|FR","Without Sequence","102.67","",""
"12/03/2025 10:15:00 - 12/03/2025 10:30:00","BZN|FR","Without Sequence","102.67","",""
"12/03/2025 10:30:00 - 12/03/2025 10:45:00","BZN|FR","Without Sequence","102.67","",""
"12/03/2025 10:45:00 - 12/03/2025 11:00:00","BZN|FR","Without Sequence","102.67","",""
"12/03/2025 11:00:00 - 12/03/2025 11:15:00","BZN|FR","Without Sequence","99.56","",""
"12/03/2025 11:15:00 - 12/03/2025 11:30:00","BZN|FR","Without Sequence","99.56","",""
"12/03/2025 11:30:00 - 12/03/2025 11:45:00","BZN|FR","Without Sequence","99.56","",""
"12/03/2025 11:45:00 - 12/03/2025 12:00:00","BZN|FR","Without Sequence","99.56","",""
"12/03/2025 12:00:00 - 12/03/2025 12:15:00","BZN|FR","Without Sequence","98.01","",""
"12/03/2025 12:15:00 - 12/03/2025 12:30:00","BZN|FR","Without Sequence","98.01","",""
"12/03/2025 12:30:00 - 12/03/2025 12:45:00","BZN|FR","Without Sequence","98.01","",""
"12/03/2025 12:45:00 - 12/03/2025 13:00:00","BZN|FR","Without Sequence","98.01","",""
"12/03/2025 13:00:00 - 12/03/2025 13:15:00","BZN|FR","Without Sequence","98.64","",""
"12/03/2025 13:15:00 - 12/03/2025 13:30:00","BZN|FR","Without Sequence","98.64","",""
"12/03/2025 13:30:00 - 12/03/2025 13:45:00","BZN|FR","Without Sequence","98.64","",""
"12/03/2025 13:45:00 - 12/03/2025 14:00:00","BZN|FR","Without Sequence","98.64","",""
"12/03/2025 14:00:00 - 12/03/2025 14:15:00","BZN|FR","Without Sequence","99.03","",""
"12/03/2025 14:15:00 - 12/03/2025 14:30:00","BZN|FR","Without Sequence","99.03","",""
"12/03/2025 14:30:00 - 12/03/2025 14:45:00","BZN|FR","Without Sequence","99.03","",""
"12/03/2025 14:45:00 - 12/03/2025 15:00:00","BZN|FR","Without Sequence","99.03","",""
"12/03/2025 15:00:00 - 12/03/2025 15:15:00","BZN|FR","Without Sequence","97.86","",""
"12/03/2025 15:15:00 - 12/03/2025 15:30:00","BZN|FR","Without Sequence","97.86","",""
"12/03/2025 15:30:00 - 12/03/2025 15:45:00","BZN|FR","Without Sequence","97.86","",""
"12/03/2025 15:45:00 - 12/03/2025 16:00:00","BZN|FR","Without Sequence","97.86","",""
"12/03/2025 16:00:00 - 12/03/2025 16:15:00","BZN|FR","Without Sequence","108.29","",""
"12/03/2025 16:15:00 - 12/03/2025 16:30:00","BZN|FR","Without Sequence","108.29","",""
"12/03/2025 16:30:00 - 12/03/2025 16:45:00","BZN|FR","Without Sequence","108.29","",""
"12/03/2025 16:45:00 - 12/03/2025 17:00:00","BZN|FR","Without Sequence","108.29","",""
"12/03/2025 17:00:00 - 12/03/2025 17:15:00","BZN|FR","Without Sequence","107.58","",""
"12/03/2025 17:15:00 - 12/03/2025 17:30:00","BZN|FR","Without Sequence","107.58","",""
"12/03/2025 17:30:00 - 12/03/2025 17:45:00","BZN|FR","Without Sequence","107.58","",""
"12/03/2025 17:45:00 - 12/03/2025 18:00:00","BZN|FR","Without Sequence","107.58","",""
"12/03/2025 18:00:00 - 12/03/2025 18:15:00","BZN|FR","Without Sequence","150.20","",""
"12/03/2025 18:15:00 - 12/03/2025 18:30:00","BZN|FR","Without Sequence","150.20","",""
"12/03/2025 18:30:00 - 12/03/2025 18:45:00","BZN|FR","Without Sequence","150.20","",""
"12/03/2025 18:45:00 - 12/03/2025 19:00:00","BZN|FR","Without Sequence","150.20","",""
"12/03/2025 19:00:00 - 12/03/2025 19:15:00","BZN|FR","Without Sequence","176.69","",""
"12/03/2025 19:15:00 - 12/03/2025 19:30:00","BZN|FR","Without Sequence","176.69","",""
"12/03/2025 19:30:00 - 12/03/2025 19:45:00","BZN|FR","Without Sequence","176.69","",""
"12/03/2025 19:45:00 - 12/03/2025 20:00:00","BZN|FR","Without Sequence","176.69","",""
"12/03/2025 20:00:00 - 12/03/2025 20:15:00","BZN|FR","Without Sequence","146.37","",""
"12/03/2025 20:15:00 - 12/03/2025 20:30:00","BZN|FR","Without Sequence","146.37","",""
"12/03/2025 20:30:00 - 12/03/2025 20:45:00","BZN|FR","Without Sequence","146.37","",""
"12/03/2025 20:45:00 - 12/03/2025 21:00:00","BZN|FR","Without Sequence","146.37","",""
"12/03/2025 21:00:00 - 12/03/2025 21:15:00","BZN|FR","Without Sequence","132.20","",""
"12/03/2025 21:15:00 - 12/03/2025 21:30:00","BZN|FR","Without Sequence","132.20","",""
"12/03/2025 21:30:00 - 12/03/2025 21:45:00","BZN|FR","Without Sequence","132.20","",""
"12/03/2025 21:45:00 - 12/03/2025 22:00:00","BZN|FR","Without Sequence","132.20","",""
"12/03/2025 22:00:00 - 12/03/2025 22:15:00","BZN|FR","Without Sequence","120.00","",""
"12/03/2025 22:15:00 - 12/03/2025 22:30:00","BZN|FR","Without Sequence","120.00","",""
"12/03/2025 22:30:00 - 12/03/2025 22:45:00","BZN|FR","Without Sequence","120.00","",""
"12/03/2025 22:45:00 - 12/03/2025 23:00:00","BZN|FR","Without Sequence","120.00","",""
"12/03/2025 23:00:00 - 12/03/2025 23:15:00","BZN|FR","Without Sequence","109.91","",""
"12/03/2025 23:15:00 - 12/03/2025 23:30:00","BZN|FR","Without Sequence","109.91","",""
"12/03/2025 23:30:00 - 12/03/2025 23:45:00","BZN|FR","Without Sequence","109.91","",""
"12/03/2025 23:45:00 - 13/03/2025 00:00:00","BZN|FR","Without Sequence","109.91","",""
"13/03/2025 00:00:00 - 13/03/2025 00:15:00","BZN|FR","Without Sequence","108.58","",""
"13/03/2025 00:15:00 - 13/03/2025 00:30:00","BZN|FR","Without Sequence","108.58","",""
"13/03/2025 00:30:00 - 13/03/2025 00:45:00","BZN|FR","Without Sequence","108.58","",""
"13/03/2025 00:45:00 - 13/03/2025 01:00:00","BZN|FR","Without Sequence","108.58","",""
"13/03/2025 01:00:00 - 13/03/2025 01:15:00","BZN|FR","Without Sequence","103.46","",""
"13/03/2025 01:15:00 - 13/03/2025 01:30:00","BZN|FR","Without Sequence","103.46","",""
"13/03/2025 01:30:00 - 13/03/2025 01:45:00","BZN|FR","Without Sequence","103.46","",""
"13/03/2025 01:45:00 - 13/03/2025 02:00:00","BZN|FR","Without Sequence","103.46","",""
"13/03/2025 02:00:00 - 13/03/2025 02:15:00","BZN|FR","Without Sequence","101.25","",""
"13/03/2025 02:15:00 - 13/03/2025 02:30:00","BZN|FR","Without Sequence","101.25","",""
"13/03/2025 02:30:00 - 13/03/2025 02:45:00","BZN|FR","Without Sequence","101.25","",""
"13/03/2025 02:45:00 - 13/03/2025 03:00:00","BZN|FR","Without Sequence","101.25","",""
"13/03/2025 03:00:00 - 13/03/2025 03:15:00","BZN|FR","Without Sequence","95.12","",""
"13/03/2025 03:15:00 - 13/03/2025 03:30:00","BZN|FR","Without Sequence","95.12","",""
"13/03/2025 03:30:00 - 13/03/2025 03:45:00","BZN|FR","Without Sequence","95.12","",""
"13/03/2025 03:45:00 - 13/03/2025 04:00:00","BZN|FR","Without Sequence","95.12","",""
"13/03/2025 04:00:00 - 13/03/2025 04:15:00","BZN|FR","Without Sequence","90.80","",""
"13/03/2025 04:15:00 - 13/03/2025 04:30:00","BZN|FR","Without Sequence","90.80","",""
"13/03/2025 04:30:00 - 13/03/2025 04:45:00","BZN|FR","Without Sequence","90.80","",""
"13/03/2025 04:45:00 - 13/03/2025 05:00:00","BZN|FR","Without Sequence","90.80","",""
"13/03/2025 05:00:00 - 13/03/2025 05:15:00","BZN|FR","Without Sequence","102.51","",""
"13/03/2025 05:15:00 - 13/03/2025 05:30:00","BZN|FR","Without Sequence","102.51","",""
"13/03/2025 05:30:00 - 13/03/2025 05:45:00","BZN|FR","Without Sequence","102.51","",""
"13/03/2025 05:45:00 - 13/03/2025 06:00:00","BZN|FR","Without Sequence","102.51","",""
"13/03/2025 06:00:00 - 13/03/2025 06:15:00","BZN|FR","Without Sequence","123.83","",""
"13/03/2025 06:15:00 - 13/03/2025 06:30:00","BZN|FR","Without Sequence","123.83","",""
"13/03/2025 06:30:00 - 13/03/2025 06:45:00","BZN|FR","Without Sequence","123.83","",""
"13/03/2025 06:45:00 - 13/03/2025 07:00:00","BZN|FR","Without Sequence","123.83","",""
"13/03/2025 07:00:00 - 13/03/2025 07:15:00","BZN|FR","Without Sequence","152.28","",""
"13/03/2025 07:15:00 - 13/03/2025 07:30:00","BZN|FR","Without Sequence","152.28","",""
"13/03/2025 07:30:00 - 13/03/2025 07:45:00","BZN|FR","Without Sequence","152.28","",""
"13/03/2025 07:45:00 - 13/03/2025 08:00:00","BZN|FR","Without Sequence","152.28","",""
"13/03/2025 08:00:00 - 13/03/2025 08:15:00","BZN|FR","Without Sequence","156.41","",""
"13/03/2025 08:15:00 - 13/03/2025 08:30:00","BZN|FR","Without Sequence","156.41","",""
"13/03/2025 08:30:00 - 13/03/2025 08:45:00","BZN|FR","Without Sequence","156.41","",""
"13/03/2025 08:45:00 - 13/03/2025 09:00:00","BZN|FR","Without Sequence","156.41","",""
"13/03/2025 09:00:00 - 13/03/2025 09:15:00","BZN|FR","Without Sequence","140.00","",""
"13/03/2025 09:15:00 - 13/03/2025 09:30:00","BZN|FR","Without Sequence","140.00","",""
"13/03/2025 09:30:00 - 13/03/2025 09:45:00","BZN|FR","Without Sequence","140.00","",""
"13/03/2025 09:45:00 - 13/03/2025 10:00:00","BZN|FR","Without Sequence","140.00","",""
"13/03/2025 10:00:00 - 13/03/2025 10:15:00","BZN|FR","Without Sequence","118.94","",""
"13/03/2025 10:15:00 - 13/03/2025 10:30:00","BZN|FR","Without Sequence","118.94","",""
"13/03/2025 10:30:00 - 13/03/2025 10:45:00","BZN|FR","Without Sequence","118.94","",""
"13/03/2025 10:45:00 - 13/03/2025 11:00:00","BZN|FR","Without Sequence","118.94","",""
"13/03/2025 11:00:00 - 13/03/2025 11:15:00","BZN|FR","Without Sequence","112.21","",""
"13/03/2025 11:15:00 - 13/03/2025 11:30:00","BZN|FR","Without Sequence","112.21","",""
"13/03/2025 11:30:00 - 13/03/2025 11:45:00","BZN|FR","Without Sequence","112.21","",""
"13/03/2025 11:45:00 - 13/03/2025 12:00:00","BZN|FR","Without Sequence","112.21","",""
"13/03/2025 12:00:00 - 13/03/2025 12:15:00","BZN|FR","Without Sequence","108.07","",""
"13/03/2025 12:15:00 - 13/03/2025 12:30:00","BZN|FR","Without Sequence","108.07","",""
"13/03/2025 12:30:00 - 13/03/2025 12:45:00","BZN|FR","Without Sequence","108.07","",""
"13/03/2025 12:45:00 - 13/03/2025 13:00:00","BZN|FR","Without Sequence","108.07","",""
"13/03/2025 13:00:00 - 13/03/2025 13:15:00","BZN|FR","Without Sequence","106.66","",""
"13/03/2025 13:15:00 - 13/03/2025 13:30:00","BZN|FR","Without Sequence","106.66","",""
"13/03/2025 13:30:00 - 13/03/2025 13:45:00","BZN|FR","Without Sequence","106.66","",""
"13/03/2025 13:45:00 - 13/03/2025 14:00:00","BZN|FR","Without Sequence","106.66","",""
"13/03/2025 14:00:00 - 13/03/2025 14:15:00","BZN|FR","Without Sequence","105.70","",""
"13/03/2025 14:15:00 - 13/03/2025 14:30:00","BZN|FR","Without Sequence","105.70","",""
"13/03/2025 14:30:00 - 13/03/2025 14:45:00","BZN|FR","Without Sequence","105.70","",""
"13/03/2025 14:45:00 - 13/03/2025 15:00:00","BZN|FR","Without Sequence","105.70","",""
"13/03/2025 15:00:00 - 13/03/2025 15:15:00","BZN|FR","Without Sequence","104.71","",""
"13/03/2025 15:15:00 - 13/03/2025 15:30:00","BZN|FR","Without Sequence","104.71","",""
"13/03/2025 15:30:00 - 13/03/2025 15:45:00","BZN|FR","Without Sequence","104.71","",""
"13/03/2025 15:45:00 - 13/03/2025 16:00:00","BZN|FR","Without Sequence","104.71","",""
"13/03/2025 16:00:00 - 13/03/2025 16:15:00","BZN|FR","Without Sequence","104.94","",""
"13/03/2025 16:15:00 - 13/03/2025 16:30:00","BZN|FR","Without Sequence","104.94","",""
"13/03/2025 16:30:00 - 13/03/2025 16:45:00","BZN|FR","Without Sequence","104.94","",""
"13/03/2025 16:45:00 - 13/03/2025 17:00:00","BZN|FR","Without Sequence","104.94","",""
"13/03/2025 17:00:00 - 13/03/2025 17:15:00","BZN|FR","Without Sequence","124.27","",""
"13/03/2025 17:15:00 - 13/03/2025 17:30:00","BZN|FR","Without Sequence","124.27","",""
"13/03/2025 17:30:00 - 13/03/2025 17:45:00","BZN|FR","Without Sequence","124.27","",""
"13/03/2025 17:45:00 - 13/03/2025 18:00:00","BZN|FR","Without Sequence","124.27","",""
"13/03/2025 18:00:00 - 13/03/2025 18:15:00","BZN|FR","Without Sequence","166.05","",""
"13/03/2025 18:15:00 - 13/03/2025 18:30:00","BZN|FR","Without Sequence","166.05","",""
"13/03/2025 18:30:00 - 13/03/2025 18:45:00","BZN|FR","Without Sequence","166.05","",""
"13/03/2025 18:45:00 - 13/03/2025 19:00:00","BZN|FR","Without Sequence","166.05","",""
"13/03/2025 19:00:00 - 13/03/2025 19:15:00","BZN|FR","Without Sequence","173.47","",""
"13/03/2025 19:15:00 - 13/03/2025 19:30:00","BZN|FR","Without Sequence","173.47","",""
"13/03/2025 19:30:00 - 13/03/2025 19:45:00","BZN|FR","Without Sequence","173.47","",""
"13/03/2025 19:45:00 - 13/03/2025 20:00:00","BZN|FR","Without Sequence","173.47","",""
"13/03/2025 20:00:00 - 13/03/2025 20:15:00","BZN|FR","Without Sequence","149.00","",""
"13/03/2025 20:15:00 - 13/03/2025 20:30:00","BZN|FR","Without Sequence","149.00","",""
"13/03/2025 20:30:00 - 13/03/2025 20:45:00","BZN|FR","Without Sequence","149.00","",""
"13/03/2025 20:45:00 - 13/03/2025 21:00:00","BZN|FR","Without Sequence","149.00","",""
"13/03/2025 21:00:00 - 13/03/2025 21:15:00","BZN|FR","Without Sequence","135.69","",""
"13/03/2025 21:15:00 - 13/03/2025 21:30:00","BZN|FR","Without Sequence","135.69","",""
"13/03/2025 21:30:00 - 13/03/2025 21:45:00","BZN|FR","Without Sequence","135.69","",""
"13/03/2025 21:45:00 - 13/03/2025 22:00:00","BZN|FR","Without Sequence","135.69","",""
"13/03/2025 22:00:00 - 13/03/2025 22:15:00","BZN|FR","Without Sequence","124.30","",""
"13/03/2025 22:15:00 - 13/03/2025 22:30:00","BZN|FR","Without Sequence","124.30","",""
"13/03/2025 22:30:00 - 13/03/2025 22:45:00","BZN|FR","Without Sequence","124.30","",""
"13/03/2025 22:45:00 - 13/03/2025 23:00:00","BZN|FR","Without Sequence","124.30","",""
"13/03/2025 23:00:00 - 13/03/2025 23:15:00","BZN|FR","Without Sequence","112.18","",""
"13/03/2025 23:15:00 - 13/03/2025 23:30:00","BZN|FR","Without Sequence","112.18","",""
"13/03/2025 23:30:00 - 13/03/2025 23:45:00","BZN|FR","Without Sequence","112.18","",""
"13/03/2025 23:45:00 - 14/03/2025 00:00:00","BZN|FR","Without Sequence","112.18","",""
"14/03/2025 00:00:00 - 14/03/2025 00:15:00","BZN|FR","Without Sequence","109.09","",""
"14/03/2025 00:15:00 - 14/03/2025 00:30:00","BZN|FR","Without Sequence","109.09","",""
"14/03/2025 00:30:00 - 14/03/2025 00:45:00","BZN|FR","Without Sequence","109.09","",""
"14/03/2025 00:45:00 - 14/03/2025 01:00:00","BZN|FR","Without Sequence","109.09","",""
"14/03/2025 01:00:00 - 14/03/2025 01:15:00","BZN|FR","Without Sequence","106.00","",""
"14/03/2025 01:15:00 - 14/03/2025 01:30:00","BZN|FR","Without Sequence","106.00","",""
"14/03/2025 01:30:00 - 14/03/2025 01:45:00","BZN|FR","Without Sequence","106.00","",""
"14/03/2025 01:45:00 - 14/03/2025 02:00:00","BZN|FR","Without Sequence","106.00","",""
"14/03/2025 02:00:00 - 14/03/2025 02:15:00","BZN|FR","Without Sequence","105.90","",""
"14/03/2025 02:15:00 - 14/03/2025 02:30:00","BZN|FR","Without Sequence","105.90","",""
"14/03/2025 02:30:00 - 14/03/2025 02:45:00","BZN|FR","Without Sequence","105.90","",""
"14/03/2025 02:45:00 - 14/03/2025 03:00:00","BZN|FR","Without Sequence","105.90","",""
"14/03/2025 03:00:00 - 14/03/2025 03:15:00","BZN|FR","Without Sequence","103.83","",""
"14/03/2025 03:15:00 - 14/03/2025 03:30:00","BZN|FR","Without Sequence","103.83","",""
"14/03/2025 03:30:00 - 14/03/2025 03:45:00","BZN|FR","Without Sequence","103.83","",""
"14/03/2025 03:45:00 - 14/03/2025 04:00:00","BZN|FR","Without Sequence","103.83","",""
"14/03/2025 04:00:00 - 14/03/2025 04:15:00","BZN|FR","Without Sequence","105.30","",""
"14/03/2025 04:15:00 - 14/03/2025 04:30:00","BZN|FR","Without Sequence","105.30","",""
"14/03/2025 04:30:00 - 14/03/2025 04:45:00","BZN|FR","Without Sequence","105.30","",""
"14/03/2025 04:45:00 - 14/03/2025 05:00:00","BZN|FR","Without Sequence","105.30","",""
"14/03/2025 05:00:00 - 14/03/2025 05:15:00","BZN|FR","Without Sequence","112.47","",""
"14/03/2025 05:15:00 - 14/03/2025 05:30:00","BZN|FR","Without Sequence","112.47","",""
"14/03/2025 05:30:00 - 14/03/2025 05:45:00","BZN|FR","Without Sequence","112.47","",""
"14/03/2025 05:45:00 - 14/03/2025 06:00:00","BZN|FR","Without Sequence","112.47","",""
"14/03/2025 06:00:00 - 14/03/2025 06:15:00","BZN|FR","Without Sequence","132.38","",""
"14/03/2025 06:15:00 - 14/03/2025 06:30:00","BZN|FR","Without Sequence","132.38","",""
"14/03/2025 06:30:00 - 14/03/2025 06:45:00","BZN|FR","Without Sequence","132.38","",""
"14/03/2025 06:45:00 - 14/03/2025 07:00:00","BZN|FR","Without Sequence","132.38","",""
"14/03/2025 07:00:00 - 14/03/2025 07:15:00","BZN|FR","Without Sequence","155.00","",""
"14/03/2025 07:15:00 - 14/03/2025 07:30:00","BZN|FR","Without Sequence","155.00","",""
"14/03/2025 07:30:00 - 14/03/2025 07:45:00","BZN|FR","Without Sequence","155.00","",""
"14/03/2025 07:45:00 - 14/03/2025 08:00:00","BZN|FR","Without Sequence","155.00","",""
"14/03/2025 08:00:00 - 14/03/2025 08:15:00","BZN|FR","Without Sequence","153.62","",""
"14/03/2025 08:15:00 - 14/03/2025 08:30:00","BZN|FR","Without Sequence","153.62","",""
"14/03/2025 08:30:00 - 14/03/2025 08:45:00","BZN|FR","Without Sequence","153.62","",""
"14/03/2025 08:45:00 - 14/03/2025 09:00:00","BZN|FR","Without Sequence","153.62","",""
"14/03/2025 09:00:00 - 14/03/2025 09:15:00","BZN|FR","Without Sequence","131.40","",""
"14/03/2025 09:15:00 - 14/03/2025 09:30:00","BZN|FR","Without Sequence","131.40","",""
"14/03/2025 09:30:00 - 14/03/2025 09:45:00","BZN|FR","Without Sequence","131.40","",""
"14/03/2025 09:45:00 - 14/03/2025 10:00:00","BZN|FR","Without Sequence","131.40","",""
"14/03/2025 10:00:00 - 14/03/2025 10:15:00","BZN|FR","Without Sequence","111.29","",""
"14/03/2025 10:15:00 - 14/03/2025 10:30:00","BZN|FR","Without Sequence","111.29","",""
"14/03/2025 10:30:00 - 14/03/2025 10:45:00","BZN|FR","Without Sequence","111.29","",""
"14/03/2025 10:45:00 - 14/03/2025 11:00:00","BZN|FR","Without Sequence","111.29","",""
"14/03/2025 11:00:00 - 14/03/2025 11:15:00","BZN|FR","Without Sequence","104.74","",""
"14/03/2025 11:15:00 - 14/03/2025 11:30:00","BZN|FR","Without Sequence","104.74","",""
"14/03/2025 11:30:00 - 14/03/2025 11:45:00","BZN|FR","Without Sequence","104.74","",""
"14/03/2025 11:45:00 - 14/03/2025 12:00:00","BZN|FR","Without Sequence","104.74","",""
"14/03/2025 12:00:00 - 14/03/2025 12:15:00","BZN|FR","Without Sequence","105.76","",""
"14/03/2025 12:15:00 - 14/03/2025 12:30:00","BZN|FR","Without Sequence","105.76","",""
"14/03/2025 12:30:00 - 14/03/2025 12:45:00","BZN|FR","Without Sequence","105.76","",""
"14/03/2025 12:45:00 - 14/03/2025 13:00:00","BZN|FR","Without Sequence","105.76","",""
"14/03/2025 13:00:00 - 14/03/2025 13:15:00","BZN|FR","Without Sequence","98.38","",""
"14/03/2025 13:15:00 - 14/03/2025 13:30:00","BZN|FR","Without Sequence","98.38","",""
"14/03/2025 13:30:00 - 14/03/2025 13:45:00","BZN|FR","Without Sequence","98.38","",""
"14/03/2025 13:45:00 - 14/03/2025 14:00:00","BZN|FR","Without Sequence","98.38","",""
"14/03/2025 14:00:00 - 14/03/2025 14:15:00","BZN|FR","Without Sequence","91.37","",""
"14/03/2025 14:15:00 - 14/03/2025 14:30:00","BZN|FR","Without Sequence","91.37","",""
"14/03/2025 14:30:00 - 14/03/2025 14:45:00","BZN|FR","Without Sequence","91.37","",""
"14/03/2025 14:45:00 - 14/03/2025 15:00:00","BZN|FR","Without Sequence","91.37","",""
"14/03/2025 15:00:00 - 14/03/2025 15:15:00","BZN|FR","Without Sequence","97.30","",""
"14/03/2025 15:15:00 - 14/03/2025 15:30:00","BZN|FR","Without Sequence","97.30","",""
"14/03/2025 15:30:00 - 14/03/2025 15:45:00","BZN|FR","Without Sequence","97.30","",""
"14/03/2025 15:45:00 - 14/03/2025 16:00:00","BZN|FR","Without Sequence","97.30","",""
"14/03/2025 16:00:00 - 14/03/2025 16:15:00","BZN|FR","Without Sequence","101.63","",""
"14/03/2025 16:15:00 - 14/03/2025 16:30:00","BZN|FR","Without Sequence","101.63","",""
"14/03/2025 16:30:00 - 14/03/2025 16:45:00","BZN|FR","Without Sequence","101.63","",""
"14/03/2025 16:45:00 - 14/03/2025 17:00:00","BZN|FR","Without Sequence","101.63","",""
"14/03/2025 17:00:00 - 14/03/2025 17:15:00","BZN|FR","Without Sequence","112.10","",""
"14/03/2025 17:15:00 - 14/03/2025 17:30:00","BZN|FR","Without Sequence","112.10","",""
"14/03/2025 17:30:00 - 14/03/2025 17:45:00","BZN|FR","Without Sequence","112.10","",""
"14/03/2025 17:45:00 - 14/03/2025 18:00:00","BZN|FR","Without Sequence","112.10","",""
"14/03/2025 18:00:00 - 14/03/2025 18:15:00","BZN|FR","Without Sequence","130.05","",""
"14/03/2025 18:15:00 - 14/03/2025 18:30:00","BZN|FR","Without Sequence","130.05","",""
"14/03/2025 18:30:00 - 14/03/2025 18:45:00","BZN|FR","Without Sequence","130.05","",""
"14/03/2025 18:45:00 - 14/03/2025 19:00:00","BZN|FR","Without Sequence","130.05","",""
"14/03/2025 19:00:00 - 14/03/2025 19:15:00","BZN|FR","Without Sequence","150.55","",""
"14/03/2025 19:15:00 - 14/03/2025 19:30:00","BZN|FR","Without Sequence","150.55","",""
"14/03/2025 19:30:00 - 14/03/2025 19:45:00","BZN|FR","Without Sequence","150.55","",""
"14/03/2025 19:45:00 - 14/03/2025 20:00:00","BZN|FR","Without Sequence","150.55","",""
"14/03/2025 20:00:00 - 14/03/2025 20:15:00","BZN|FR","Without Sequence","130.01","",""
"14/03/2025 20:15:00 - 14/03/2025 20:30:00","BZN|FR","Without Sequence","130.01","",""
"14/03/2025 20:30:00 - 14/03/2025 20:45:00","BZN|FR","Without Sequence","130.01","",""
"14/03/2025 20:45:00 - 14/03/2025 21:00:00","BZN|FR","Without Sequence","130.01","",""
"14/03/2025 21:00:00 - 14/03/2025 21:15:00","BZN|FR","Without Sequence","111.39","",""
"14/03/2025 21:15:00 - 14/03/2025 21:30:00","BZN|FR","Without Sequence","111.39","",""
"14/03/2025 21:30:00 - 14/03/2025 21:45:00","BZN|FR","Without Sequence","111.39","",""
"14/03/2025 21:45:00 - 14/03/2025 22:00:00","BZN|FR","Without Sequence","111.39","",""
"14/03/2025 22:00:00 - 14/03/2025 22:15:00","BZN|FR","Without Sequence","114.00","",""
"14/03/2025 22:15:00 - 14/03/2025 22:30:00","BZN|FR","Without Sequence","114.00","",""
"14/03/2025 22:30:00 - 14/03/2025 22:45:00","BZN|FR","Without Sequence","114.00","",""
"14/03/2025 22:45:00 - 14/03/2025 23:00:00","BZN|FR","Without Sequence","114.00","",""
"14/03/2025 23:00:00 - 14/03/2025 23:15:00","BZN|FR","Without Sequence","105.17","",""
"14/03/2025 23:15:00 - 14/03/2025 23:30:00","BZN|FR","Without Sequence","105.17","",""
"14/03/2025 23:30:00 - 14/03/2025 23:45:00","BZN|FR","Without Sequence","105.17","",""
"14/03/2025 23:45:00 - 15/03/2025 00:00:00","BZN|FR","Without Sequence","105.17","",""
"15/03/2025 00:00:00 - 15/03/2025 00:15:00","BZN|FR","Without Sequence","112.15","",""
"15/03/2025 00:15:00 - 15/03/2025 00:30:00","BZN|FR","Without Sequence","112.15","",""
"15/03/2025 00:30:00 - 15/03/2025 00:45:00","BZN|FR","Without Sequence","112.15","",""
"15/03/2025 00:45:00 - 15/03/2025 01:00:00","BZN|FR","Without Sequence","112.15","",""
"15/03/2025 01:00:00 - 15/03/2025 01:15:00","BZN|FR","Without Sequence","103.14","",""
"15/03/2025 01:15:00 - 15/03/2025 01:30:00","BZN|FR","Without Sequence","103.14","",""
"15/03/2025 01:30:00 - 15/03/2025 01:45:00","BZN|FR","Without Sequence","103.14","",""
"15/03/2025 01:45:00 - 15/03/2025 02:00:00","BZN|FR","Without Sequence","103.14","",""
"15/03/2025 02:00:00 - 15/03/2025 02:15:00","BZN|FR","Without Sequence","96.00","",""
"15/03/2025 02:15:00 - 15/03/2025 02:30:00","BZN|FR","Without Sequence","96.00","",""
"15/03/2025 02:30:00 - 15/03/2025 02:45:00","BZN|FR","Without Sequence","96.00","",""
"15/03/2025 02:45:00 - 15/03/2025 03:00:00","BZN|FR","Without Sequence","96.00","",""
"15/03/2025 03:00:00 - 15/03/2025 03:15:00","BZN|FR","Without Sequence","89.90","",""
"15/03/2025 03:15:00 - 15/03/2025 03:30:00","BZN|FR","Without Sequence","89.90","",""
"15/03/2025 03:30:00 - 15/03/2025 03:45:00","BZN|FR","Without Sequence","89.90","",""
"15/03/2025 03:45:00 - 15/03/2025 04:00:00","BZN|FR","Without Sequence","89.90","",""
"15/03/2025 04:00:00 - 15/03/2025 04:15:00","BZN|FR","Without Sequence","86.90","",""
"15/03/2025 04:15:00 - 15/03/2025 04:30:00","BZN|FR","Without Sequence","86.90","",""
"15/03/2025 04:30:00 - 15/03/2025 04:45:00","BZN|FR","Without Sequence","86.90","",""
"15/03/2025 04:45:00 - 15/03/2025 05:00:00","BZN|FR","Without Sequence","86.90","",""
"15/03/2025 05:00:00 - 15/03/2025 05:15:00","BZN|FR","Without Sequence","90.55","",""
"15/03/2025 05:15:00 - 15/03/2025 05:30:00","BZN|FR","Without Sequence","90.55","",""
"15/03/2025 05:30:00 - 15/03/2025 05:45:00","BZN|FR","Without Sequence","90.55","",""
"15/03/2025 05:45:00 - 15/03/2025 06:00:00","BZN|FR","Without Sequence","90.55","",""
"15/03/2025 06:00:00 - 15/03/2025 06:15:00","BZN|FR","Without Sequence","97.01","",""
"15/03/2025 06:15:00 - 15/03/2025 06:30:00","BZN|FR","Without Sequence","97.01","",""
"15/03/2025 06:30:00 - 15/03/2025 06:45:00","BZN|FR","Without Sequence","97.01","",""
"15/03/2025 06:45:00 - 15/03/2025 07:00:00","BZN|FR","Without Sequence","97.01","",""
"15/03/2025 07:00:00 - 15/03/2025 07:15:00","BZN|FR","Without Sequence","99.42","",""
"15/03/2025 07:15:00 - 15/03/2025 07:30:00","BZN|FR","Without Sequence","99.42","",""
"15/03/2025 07:30:00 - 15/03/2025 07:45:00","BZN|FR","Without Sequence","99.42","",""
"15/03/2025 07:45:00 - 15/03/2025 08:00:00","BZN|FR","Without Sequence","99.42","",""
"15/03/2025 08:00:00 - 15/03/2025 08:15:00","BZN|FR","Without Sequence","98.51","",""
"15/03/2025 08:15:00 - 15/03/2025 08:30:00","BZN|FR","Without Sequence","98.51","",""
"15/03/2025 08:30:00 - 15/03/2025 08:45:00","BZN|FR","Without Sequence","98.51","",""
"15/03/2025 08:45:00 - 15/03/2025 09:00:00","BZN|FR","Without Sequence","98.51","",""
"15/03/2025 09:00:00 - 15/03/2025 09:15:00","BZN|FR","Without Sequence","86.06","",""
"15/03/2025 09:15:00 - 15/03/2025 09:30:00","BZN|FR","Without Sequence","86.06","",""
"15/03/2025 09:30:00 - 15/03/2025 09:45:00","BZN|FR","Without Sequence","86.06","",""
"15/03/2025 09:45:00 - 15/03/2025 10:00:00","BZN|FR","Without Sequence","86.06","",""
"15/03/2025 10:00:00 - 15/03/2025 10:15:00","BZN|FR","Without Sequence","72.96","",""
"15/03/2025 10:15:00 - 15/03/2025 10:30:00","BZN|FR","Without Sequence","72.96","",""
"15/03/2025 10:30:00 - 15/03/2025 10:45:00","BZN|FR","Without Sequence","72.96","",""
"15/03/2025 10:45:00 - 15/03/2025 11:00:00","BZN|FR","Without Sequence","72.96","",""
"15/03/2025 11:00:00 - 15/03/2025 11:15:00","BZN|FR","Without Sequence","65.15","",""
"15/03/2025 11:15:00 - 15/03/2025 11:30:00","BZN|FR","Without Sequence","65.15","",""
"15/03/2025 11:30:00 - 15/03/2025 11:45:00","BZN|FR","Without Sequence","65.15","",""
"15/03/2025 11:45:00 - 15/03/2025 12:00:00","BZN|FR","Without Sequence","65.15","",""
"15/03/2025 12:00:00 - 15/03/2025 12:15:00","BZN|FR","Without Sequence","57.11","",""
"15/03/2025 12:15:00 - 15/03/2025 12:30:00","BZN|FR","Without Sequence","57.11","",""
"15/03/2025 12:30:00 - 15/03/2025 12:45:00","BZN|FR","Without Sequence","57.11","",""
"15/03/2025 12:45:00 - 15/03/2025 13:00:00","BZN|FR","Without Sequence","57.11","",""
"15/03/2025 13:00:00 - 15/03/2025 13:15:00","BZN|FR","Without Sequence","48.00","",""
"15/03/2025 13:15:00 - 15/03/2025 13:30:00","BZN|FR","Without Sequence","48.00","",""
"15/03/2025 13:30:00 - 15/03/2025 13:45:00","BZN|FR","Without Sequence","48.00","",""
"15/03/2025 13:45:00 - 15/03/2025 14:00:00","BZN|FR","Without Sequence","48.00","",""
"15/03/2025 14:00:00 - 15/03/2025 14:15:00","BZN|FR","Without Sequence","54.51","",""
"15/03/2025 14:15:00 - 15/03/2025 14:30:00","BZN|FR","Without Sequence","54.51","",""
"15/03/2025 14:30:00 - 15/03/2025 14:45:00","BZN|FR","Without Sequence","54.51","",""
"15/03/2025 14:45:00 - 15/03/2025 15:00:00","BZN|FR","Without Sequence","54.51","",""
"15/03/2025 15:00:00 - 15/03/2025 15:15:00","BZN|FR","Without Sequence","45.97","",""
"15/03/2025 15:15:00 - 15/03/2025 15:30:00","BZN|FR","Without Sequence","45.97","",""
"15/03/2025 15:30:00 - 15/03/2025 15:45:00","BZN|FR","Without Sequence","45.97","",""
"15/03/2025 15:45:00 - 15/03/2025 16:00:00","BZN|FR","Without Sequence","45.97","",""
"15/03/2025 16:00:00 - 15/03/2025 16:15:00","BZN|FR","Without Sequence","64.13","",""
"15/03/2025 16:15:00 - 15/03/2025 16:30:00","BZN|FR","Without Sequence","64.13","",""
"15/03/2025 16:30:00 - 15/03/2025 16:45:00","BZN|FR","Without Sequence","64.13","",""
"15/03/2025 16:45:00 - 15/03/2025 17:00:00","BZN|FR","Without Sequence","64.13","",""
"15/03/2025 17:00:00 - 15/03/2025 17:15:00","BZN|FR","Without Sequence","83.99","",""
"15/03/2025 17:15:00 - 15/03/2025 17:30:00","BZN|FR","Without Sequence","83.99","",""
"15/03/2025 17:30:00 - 15/03/2025 17:45:00","BZN|FR","Without Sequence","83.99","",""
"15/03/2025 17:45:00 - 15/03/2025 18:00:00","BZN|FR","Without Sequence","83.99","",""
"15/03/2025 18:00:00 - 15/03/2025 18:15:00","BZN|FR","Without Sequence","112.67","",""
"15/03/2025 18:15:00 - 15/03/2025 18:30:00","BZN|FR","Without Sequence","112.67","",""
"15/03/2025 18:30:00 - 15/03/2025 18:45:00","BZN|FR","Without Sequence","112.67","",""
"15/03/2025 18:45:00 - 15/03/2025 19:00:00","BZN|FR","Without Sequence","112.67","",""
"15/03/2025 19:00:00 - 15/03/2025 19:15:00","BZN|FR","Without Sequence","132.96","",""
"15/03/2025 19:15:00 - 15/03/2025 19:30:00","BZN|FR","Without Sequence","132.96","",""
"15/03/2025 19:30:00 - 15/03/2025 19:45:00","BZN|FR","Without Sequence","132.96","",""
"15/03/2025 19:45:00 - 15/03/2025 20:00:00","BZN|FR","Without Sequence","132.96","",""
"15/03/2025 20:00:00 - 15/03/2025 20:15:00","BZN|FR","Without Sequence","121.46","",""
"15/03/2025 20:15:00 - 15/03/2025 20:30:00","BZN|FR","Without Sequence","121.46","",""
"15/03/2025 20:30:00 - 15/03/2025 20:45:00","BZN|FR","Without Sequence","121.46","",""
"15/03/2025 20:45:00 - 15/03/2025 21:00:00","BZN|FR","Without Sequence","121.46","",""
"15/03/2025 21:00:00 - 15/03/2025 21:15:00","BZN|FR","Without Sequence","108.50","",""
"15/03/2025 21:15:00 - 15/03/2025 21:30:00","BZN|FR","Without Sequence","108.50","",""
"15/03/2025 21:30:00 - 15/03/2025 21:45:00","BZN|FR","Without Sequence","108.50","",""
"15/03/2025 21:45:00 - 15/03/2025 22:00:00","BZN|FR","Without Sequence","108.50","",""
"15/03/2025 22:00:00 - 15/03/2025 22:15:00","BZN|FR","Without Sequence","105.02","",""
"15/03/2025 22:15:00 - 15/03/2025 22:30:00","BZN|FR","Without Sequence","105.02","",""
"15/03/2025 22:30:00 - 15/03/2025 22:45:00","BZN|FR","Without Sequence","105.02","",""
"15/03/2025 22:45:00 - 15/03/2025 23:00:00","BZN|FR","Without Sequence","105.02","",""
"15/03/2025 23:00:00 - 15/03/2025 23:15:00","BZN|FR","Without Sequence","95.25","",""
"15/03/2025 23:15:00 - 15/03/2025 23:30:00","BZN|FR","Without Sequence","95.25","",""
"15/03/2025 23:30:00 - 15/03/2025 23:45:00","BZN|FR","Without Sequence","95.25","",""
"15/03/2025 23:45:00 - 16/03/2025 00:00:00","BZN|FR","Without Sequence","95.25","",""
"16/03/2025 00:00:00 - 16/03/2025 00:15:00","BZN|FR","Without Sequence","90.01","",""
"16/03/2025 00:15:00 - 16/03/2025 00:30:00","BZN|FR","Without Sequence","90.01","",""
"16/03/2025 00:30:00 - 16/03/2025 00:45:00","BZN|FR","Without Sequence","90.01","",""
"16/03/2025 00:45:00 - 16/03/2025 01:00:00","BZN|FR","Without Sequence","90.01","",""
"16/03/2025 01:00:00 - 16/03/2025 01:15:00","BZN|FR","Without Sequence","85.79","",""
"16/03/2025 01:15:00 - 16/03/2025 01:30:00","BZN|FR","Without Sequence","85.79","",""
"16/03/2025 01:30:00 - 16/03/2025 01:45:00","BZN|FR","Without Sequence","85.79","",""
"16/03/2025 01:45:00 - 16/03/2025 02:00:00","BZN|FR","Without Sequence","85.79","",""
"16/03/2025 02:00:00 - 16/03/2025 02:15:00","BZN|FR","Without Sequence","79.62","",""
"16/03/2025 02:15:00 - 16/03/2025 02:30:00","BZN|FR","Without Sequence","79.62","",""
"16/03/2025 02:30:00 - 16/03/2025 02:45:00","BZN|FR","Without Sequence","79.62","",""
"16/03/2025 02:45:00 - 16/03/2025 03:00:00","BZN|FR","Without Sequence","79.62","",""
"16/03/2025 03:00:00 - 16/03/2025 03:15:00","BZN|FR","Without Sequence","78.18","",""
"16/03/2025 03:15:00 - 16/03/2025 03:30:00","BZN|FR","Without Sequence","78.18","",""
"16/03/2025 03:30:00 - 16/03/2025 03:45:00","BZN|FR","Without Sequence","78.18","",""
"16/03/2025 03:45:00 - 16/03/2025 04:00:00","BZN|FR","Without Sequence","78.18","",""
"16/03/2025 04:00:00 - 16/03/2025 04:15:00","BZN|FR","Without Sequence","78.60","",""
"16/03/2025 04:15:00 - 16/03/2025 04:30:00","BZN|FR","Without Sequence","78.60","",""
"16/03/2025 04:30:00 - 16/03/2025 04:45:00","BZN|FR","Without Sequence","78.60","",""
"16/03/2025 04:45:00 - 16/03/2025 05:00:00","BZN|FR","Without Sequence","78.60","",""
"16/03/2025 05:00:00 - 16/03/2025 05:15:00","BZN|FR","Without Sequence","80.51","",""
"16/03/2025 05:15:00 - 16/03/2025 05:30:00","BZN|FR","Without Sequence","80.51","",""
"16/03/2025 05:30:00 - 16/03/2025 05:45:00","BZN|FR","Without Sequence","80.51","",""
"16/03/2025 05:45:00 - 16/03/2025 06:00:00","BZN|FR","Without Sequence","80.51","",""
"16/03/2025 06:00:00 - 16/03/2025 06:15:00","BZN|FR","Without Sequence","85.14","",""
"16/03/2025 06:15:00 - 16/03/2025 06:30:00","BZN|FR","Without Sequence","85.14","",""
"16/03/2025 06:30:00 - 16/03/2025 06:45:00","BZN|FR","Without Sequence","85.14","",""
"16/03/2025 06:45:00 - 16/03/2025 07:00:00","BZN|FR","Without Sequence","85.14","",""
"16/03/2025 07:00:00 - 16/03/2025 07:15:00","BZN|FR","Without Sequence","82.07","",""
"16/03/2025 07:15:00 - 16/03/2025 07:30:00","BZN|FR","Without Sequence","82.07","",""
"16/03/2025 07:30:00 - 16/03/2025 07:45:00","BZN|FR","Without Sequence","82.07","",""
"16/03/2025 07:45:00 - 16/03/2025 08:00:00","BZN|FR","Without Sequence","82.07","",""
"16/03/2025 08:00:00 - 16/03/2025 08:15:00","BZN|FR","Without Sequence","77.95","",""
"16/03/2025 08:15:00 - 16/03/2025 08:30:00","BZN|FR","Without Sequence","77.95","",""
"16/03/2025 08:30:00 - 16/03/2025 08:45:00","BZN|FR","Without Sequence","77.95","",""
"16/03/2025 08:45:00 - 16/03/2025 09:00:00","BZN|FR","Without Sequence","77.95","",""
"16/03/2025 09:00:00 - 16/03/2025 09:15:00","BZN|FR","Without Sequence","58.99","",""
"16/03/2025 09:15:00 - 16/03/2025 09:30:00","BZN|FR","Without Sequence","58.99","",""
"16/03/2025 09:30:00 - 16/03/2025 09:45:00","BZN|FR","Without Sequence","58.99","",""
"16/03/2025 09:45:00 - 16/03/2025 10:00:00","BZN|FR","Without Sequence","58.99","",""
"16/03/2025 10:00:00 - 16/03/2025 10:15:00","BZN|FR","Without Sequence","26.11","",""
"16/03/2025 10:15:00 - 16/03/2025 10:30:00","BZN|FR","Without Sequence","26.11","",""
"16/03/2025 10:30:00 - 16/03/2025 10:45:00","BZN|FR","Without Sequence","26.11","",""
"16/03/2025 10:45:00 - 16/03/2025 11:00:00","BZN|FR","Without Sequence","26.11","",""
"16/03/2025 11:00:00 - 16/03/2025 11:15:00","BZN|FR","Without Sequence","16.45","",""
"16/03/2025 11:15:00 - 16/03/2025 11:30:00","BZN|FR","Without Sequence","16.45","",""
"16/03/2025 11:30:00 - 16/03/2025 11:45:00","BZN|FR","Without Sequence","16.45","",""
"16/03/2025 11:45:00 - 16/03/2025 12:00:00","BZN|FR","Without Sequence","16.45","",""
"16/03/2025 12:00:00 - 16/03/2025 12:15:00","BZN|FR","Without Sequence","25.38","",""
"16/03/2025 12:15:00 - 16/03/2025 12:30:00","BZN|FR","Without Sequence","25.38","",""
"16/03/2025 12:30:00 - 16/03/2025 12:45:00","BZN|FR","Without Sequence","25.38","",""
"16/03/2025 12:45:00 - 16/03/2025 13:00:00","BZN|FR","Without Sequence","25.38","",""
"16/03/2025 13:00:00 - 16/03/2025 13:15:00","BZN|FR","Without Sequence","11.37","",""
"16/03/2025 13:15:00 - 16/03/2025 13:30:00","BZN|FR","Without Sequence","11.37","",""
"16/03/2025 13:30:00 - 16/03/2025 13:45:00","BZN|FR","Without Sequence","11.37","",""
"16/03/2025 13:45:00 - 16/03/2025 14:00:00","BZN|FR","Without Sequence","11.37","",""
"16/03/2025 14:00:00 - 16/03/2025 14:15:00","BZN|FR","Without Sequence","9.94","",""
"16/03/2025 14:15:00 - 16/03/2025 14:30:00","BZN|FR","Without Sequence","9.94","",""
"16/03/2025 14:30:00 - 16/03/2025 14:45:00","BZN|FR","Without Sequence","9.94","",""
"16/03/2025 14:45:00 - 16/03/2025 15:00:00","BZN|FR","Without Sequence","9.94","",""
"16/03/2025 15:00:00 - 16/03/2025 15:15:00","BZN|FR","Without Sequence","31.00","",""
"16/03/2025 15:15:00 - 16/03/2025 15:30:00","BZN|FR","Without Sequence","31.00","",""
"16/03/2025 15:30:00 - 16/03/2025 15:45:00","BZN|FR","Without Sequence","31.00","",""
"16/03/2025 15:45:00 - 16/03/2025 16:00:00","BZN|FR","Without Sequence","31.00","",""
"16/03/2025 16:00:00 - 16/03/2025 16:15:00","BZN|FR","Without Sequence","65.40","",""
"16/03/2025 16:15:00 - 16/03/2025 16:30:00","BZN|FR","Without Sequence","65.40","",""
"16/03/2025 16:30:00 - 16/03/2025 16:45:00","BZN|FR","Without Sequence","65.40","",""
"16/03/2025 16:45:00 - 16/03/2025 17:00:00","BZN|FR","Without Sequence","65.40","",""
"16/03/2025 17:00:00 - 16/03/2025 17:15:00","BZN|FR","Without Sequence","84.19","",""
"16/03/2025 17:15:00 - 16/03/2025 17:30:00","BZN|FR","Without Sequence","84.19","",""
"16/03/2025 17:30:00 - 16/03/2025 17:45:00","BZN|FR","Without Sequence","84.19","",""
"16/03/2025 17:45:00 - 16/03/2025 18:00:00","BZN|FR","Without Sequence","84.19","",""
"16/03/2025 18:00:00 - 16/03/2025 18:15:00","BZN|FR","Without Sequence","108.58","",""
"16/03/2025 18:15:00 - 16/03/2025 18:30:00","BZN|FR","Without Sequence","108.58","",""
"16/03/2025 18:30:00 - 16/03/2025 18:45:00","BZN|FR","Without Sequence","108.58","",""
"16/03/2025 18:45:00 - 16/03/2025 19:00:00","BZN|FR","Without Sequence","108.58","",""
"16/03/2025 19:00:00 - 16/03/2025 19:15:00","BZN|FR","Without Sequence","140.00","",""
"16/03/2025 19:15:00 - 16/03/2025 19:30:00","BZN|FR","Without Sequence","140.00","",""
"16/03/2025 19:30:00 - 16/03/2025 19:45:00","BZN|FR","Without Sequence","140.00","",""
"16/03/2025 19:45:00 - 16/03/2025 20:00:00","BZN|FR","Without Sequence","140.00","",""
"16/03/2025 20:00:00 - 16/03/2025 20:15:00","BZN|FR","Without Sequence","130.43","",""
"16/03/2025 20:15:00 - 16/03/2025 20:30:00","BZN|FR","Without Sequence","130.43","",""
"16/03/2025 20:30:00 - 16/03/2025 20:45:00","BZN|FR","Without Sequence","130.43","",""
"16/03/2025 20:45:00 - 16/03/2025 21:00:00","BZN|FR","Without Sequence","130.43","",""
"16/03/2025 21:00:00 - 16/03/2025 21:15:00","BZN|FR","Without Sequence","113.31","",""
"16/03/2025 21:15:00 - 16/03/2025 21:30:00","BZN|FR","Without Sequence","113.31","",""
"16/03/2025 21:30:00 - 16/03/2025 21:45:00","BZN|FR","Without Sequence","113.31","",""
"16/03/2025 21:45:00 - 16/03/2025 22:00:00","BZN|FR","Without Sequence","113.31","",""
"16/03/2025 22:00:00 - 16/03/2025 22:15:00","BZN|FR","Without Sequence","107.05","",""
"16/03/2025 22:15:00 - 16/03/2025 22:30:00","BZN|FR","Without Sequence","107.05","",""
"16/03/2025 22:30:00 - 16/03/2025 22:45:00","BZN|FR","Without Sequence","107.05","",""
"16/03/2025 22:45:00 - 16/03/2025 23:00:00","BZN|FR","Without Sequence","107.05","",""
"16/03/2025 23:00:00 - 16/03/2025 23:15:00","BZN|FR","Without Sequence","89.00","",""
"16/03/2025 23:15:00 - 16/03/2025 23:30:00","BZN|FR","Without Sequence","89.00","",""
"16/03/2025 23:30:00 - 16/03/2025 23:45:00","BZN|FR","Without Sequence","89.00","",""
"16/03/2025 23:45:00 - 17/03/2025 00:00:00","BZN|FR","Without Sequence","89.00","",""
"17/03/2025 00:00:00 - 17/03/2025 00:15:00","BZN|FR","Without Sequence","95.36","",""
"17/03/2025 00:15:00 - 17/03/2025 00:30:00","BZN|FR","Without Sequence","95.36","",""
"17/03/2025 00:30:00 - 17/03/2025 00:45:00","BZN|FR","Without Sequence","95.36","",""
"17/03/2025 00:45:00 - 17/03/2025 01:00:00","BZN|FR","Without Sequence","95.36","",""
"17/03/2025 01:00:00 - 17/03/2025 01:15:00","BZN|FR","Without Sequence","93.58","",""
"17/03/2025 01:15:00 - 17/03/2025 01:30:00","BZN|FR","Without Sequence","93.58","",""
"17/03/2025 01:30:00 - 17/03/2025 01:45:00","BZN|FR","Without Sequence","93.58","",""
"17/03/2025 01:45:00 - 17/03/2025 02:00:00","BZN|FR","Without Sequence","93.58","",""
"17/03/2025 02:00:00 - 17/03/2025 02:15:00","BZN|FR","Without Sequence","86.01","",""
"17/03/2025 02:15:00 - 17/03/2025 02:30:00","BZN|FR","Without Sequence","86.01","",""
"17/03/2025 02:30:00 - 17/03/2025 02:45:00","BZN|FR","Without Sequence","86.01","",""
"17/03/2025 02:45:00 - 17/03/2025 03:00:00","BZN|FR","Without Sequence","86.01","",""
"17/03/2025 03:00:00 - 17/03/2025 03:15:00","BZN|FR","Without Sequence","80.91","",""
"17/03/2025 03:15:00 - 17/03/2025 03:30:00","BZN|FR","Without Sequence","80.91","",""
"17/03/2025 03:30:00 - 17/03/2025 03:45:00","BZN|FR","Without Sequence","80.91","",""
"17/03/2025 03:45:00 - 17/03/2025 04:00:00","BZN|FR","Without Sequence","80.91","",""
"17/03/2025 04:00:00 - 17/03/2025 04:15:00","BZN|FR","Without Sequence","85.85","",""
"17/03/2025 04:15:00 - 17/03/2025 04:30:00","BZN|FR","Without Sequence","85.85","",""
"17/03/2025 04:30:00 - 17/03/2025 04:45:00","BZN|FR","Without Sequence","85.85","",""
"17/03/2025 04:45:00 - 17/03/2025 05:00:00","BZN|FR","Without Sequence","85.85","",""
"17/03/2025 05:00:00 - 17/03/2025 05:15:00","BZN|FR","Without Sequence","103.30","",""
"17/03/2025 05:15:00 - 17/03/2025 05:30:00","BZN|FR","Without Sequence","103.30","",""
"17/03/2025 05:30:00 - 17/03/2025 05:45:00","BZN|FR","Without Sequence","103.30","",""
"17/03/2025 05:45:00 - 17/03/2025 06:00:00","BZN|FR","Without Sequence","103.30","",""
"17/03/2025 06:00:00 - 17/03/2025 06:15:00","BZN|FR","Without Sequence","135.18","",""
"17/03/2025 06:15:00 - 17/03/2025 06:30:00","BZN|FR","Without Sequence","135.18","",""
"17/03/2025 06:30:00 - 17/03/2025 06:45:00","BZN|FR","Without Sequence","135.18","",""
"17/03/2025 06:45:00 - 17/03/2025 07:00:00","BZN|FR","Without Sequence","135.18","",""
"17/03/2025 07:00:00 - 17/03/2025 07:15:00","BZN|FR","Without Sequence","152.87","",""
"17/03/2025 07:15:00 - 17/03/2025 07:30:00","BZN|FR","Without Sequence","152.87","",""
"17/03/2025 07:30:00 - 17/03/2025 07:45:00","BZN|FR","Without Sequence","152.87","",""
"17/03/2025 07:45:00 - 17/03/2025 08:00:00","BZN|FR","Without Sequence","152.87","",""
"17/03/2025 08:00:00 - 17/03/2025 08:15:00","BZN|FR","Without Sequence","141.59","",""
"17/03/2025 08:15:00 - 17/03/2025 08:30:00","BZN|FR","Without Sequence","141.59","",""
"17/03/2025 08:30:00 - 17/03/2025 08:45:00","BZN|FR","Without Sequence","141.59","",""
"17/03/2025 08:45:00 - 17/03/2025 09:00:00","BZN|FR","Without Sequence","141.59","",""
"17/03/2025 09:00:00 - 17/03/2025 09:15:00","BZN|FR","Without Sequence","111.40","",""
"17/03/2025 09:15:00 - 17/03/2025 09:30:00","BZN|FR","Without Sequence","111.40","",""
"17/03/2025 09:30:00 - 17/03/2025 09:45:00","BZN|FR","Without Sequence","111.40","",""
"17/03/2025 09:45:00 - 17/03/2025 10:00:00","BZN|FR","Without Sequence","111.40","",""
"17/03/2025 10:00:00 - 17/03/2025 10:15:00","BZN|FR","Without Sequence","81.10","",""
"17/03/2025 10:15:00 - 17/03/2025 10:30:00","BZN|FR","Without Sequence","81.10","",""
"17/03/2025 10:30:00 - 17/03/2025 10:45:00","BZN|FR","Without Sequence","81.10","",""
"17/03/2025 10:45:00 - 17/03/2025 11:00:00","BZN|FR","Without Sequence","81.10","",""
"17/03/2025 11:00:00 - 17/03/2025 11:15:00","BZN|FR","Without Sequence","70.07","",""
"17/03/2025 11:15:00 - 17/03/2025 11:30:00","BZN|FR","Without Sequence","70.07","",""
"17/03/2025 11:30:00 - 17/03/2025 11:45:00","BZN|FR","Without Sequence","70.07","",""
"17/03/2025 11:45:00 - 17/03/2025 12:00:00","BZN|FR","Without Sequence","70.07","",""
"17/03/2025 12:00:00 - 17/03/2025 12:15:00","BZN|FR","Without Sequence","58.90","",""
"17/03/2025 12:15:00 - 17/03/2025 12:30:00","BZN|FR","Without Sequence","58.90","",""
"17/03/2025 12:30:00 - 17/03/2025 12:45:00","BZN|FR","Without Sequence","58.90","",""
"17/03/2025 12:45:00 - 17/03/2025 13:00:00","BZN|FR","Without Sequence","58.90","",""
"17/03/2025 13:00:00 - 17/03/2025 13:15:00","BZN|FR","Without Sequence","50.24","",""
"17/03/2025 13:15:00 - 17/03/2025 13:30:00","BZN|FR","Without Sequence","50.24","",""
"17/03/2025 13:30:00 - 17/03/2025 13:45:00","BZN|FR","Without Sequence","50.24","",""
"17/03/2025 13:45:00 - 17/03/2025 14:00:00","BZN|FR","Without Sequence","50.24","",""
"17/03/2025 14:00:00 - 17/03/2025 14:15:00","BZN|FR","Without Sequence","50.24","",""
"17/03/2025 14:15:00 - 17/03/2025 14:30:00","BZN|FR","Without Sequence","50.24","",""
"17/03/2025 14:30:00 - 17/03/2025 14:45:00","BZN|FR","Without Sequence","50.24","",""
"17/03/2025 14:45:00 - 17/03/2025 15:00:00","BZN|FR","Without Sequence","50.24","",""
"17/03/2025 15:00:00 - 17/03/2025 15:15:00","BZN|FR","Without Sequence","60.34","",""
"17/03/2025 15:15:00 - 17/03/2025 15:30:00","BZN|FR","Without Sequence","60.34","",""
"17/03/2025 15:30:00 - 17/03/2025 15:45:00","BZN|FR","Without Sequence","60.34","",""
"17/03/2025 15:45:00 - 17/03/2025 16:00:00","BZN|FR","Without Sequence","60.34","",""
"17/03/2025 16:00:00 - 17/03/2025 16:15:00","BZN|FR","Without Sequence","68.10","",""
"17/03/2025 16:15:00 - 17/03/2025 16:30:00","BZN|FR","Without Sequence","68.10","",""
"17/03/2025 16:30:00 - 17/03/2025 16:45:00","BZN|FR","Without Sequence","68.10","",""
"17/03/2025 16:45:00 - 17/03/2025 17:00:00","BZN|FR","Without Sequence","68.10","",""
"17/03/2025 17:00:00 - 17/03/2025 17:15:00","BZN|FR","Without Sequence","80.67","",""
"17/03/2025 17:15:00 - 17/03/2025 17:30:00","BZN|FR","Without Sequence","80.67","",""
"17/03/2025 17:30:00 - 17/03/2025 17:45:00","BZN|FR","Without Sequence","80.67","",""
"17/03/2025 17:45:00 - 17/03/2025 18:00:00","BZN|FR","Without Sequence","80.67","",""
"17/03/2025 18:00:00 - 17/03/2025 18:15:00","BZN|FR","Without Sequence","111.93","",""
"17/03/2025 18:15:00 - 17/03/2025 18:30:00","BZN|FR","Without Sequence","111.93","",""
"17/03/2025 18:30:00 - 17/03/2025 18:45:00","BZN|FR","Without Sequence","111.93","",""
"17/03/2025 18:45:00 - 17/03/2025 19:00:00","BZN|FR","Without Sequence","111.93","",""
"17/03/2025 19:00:00 - 17/03/2025 19:15:00","BZN|FR","Without Sequence","170.00","",""
"17/03/2025 19:15:00 - 17/03/2025 19:30:00","BZN|FR","Without Sequence","170.00","",""
"17/03/2025 19:30:00 - 17/03/2025 19:45:00","BZN|FR","Without Sequence","170.00","",""
"17/03/2025 19:45:00 - 17/03/2025 20:00:00","BZN|FR","Without Sequence","170.00","",""
"17/03/2025 20:00:00 - 17/03/2025 20:15:00","BZN|FR","Without Sequence","141.50","",""
"17/03/2025 20:15:00 - 17/03/2025 20:30:00","BZN|FR","Without Sequence","141.50","",""
"17/03/2025 20:30:00 - 17/03/2025 20:45:00","BZN|FR","Without Sequence","141.50","",""
"17/03/2025 20:45:00 - 17/03/2025 21:00:00","BZN|FR","Without Sequence","141.50","",""
"17/03/2025 21:00:00 - 17/03/2025 21:15:00","BZN|FR","Without Sequence","110.96","",""
"17/03/2025 21:15:00 - 17/03/2025 21:30:00","BZN|FR","Without Sequence","110.96","",""
"17/03/2025 21:30:00 - 17/03/2025 21:45:00","BZN|FR","Without Sequence","110.96","",""
"17/03/2025 21:45:00 - 17/03/2025 22:00:00","BZN|FR","Without Sequence","110.96","",""
"17/03/2025 22:00:00 - 17/03/2025 22:15:00","BZN|FR","Without Sequence","104.18","",""
"17/03/2025 22:15:00 - 17/03/2025 22:30:00","BZN|FR","Without Sequence","104.18","",""
"17/03/2025 22:30:00 - 17/03/2025 22:45:00","BZN|FR","Without Sequence","104.18","",""
"17/03/2025 22:45:00 - 17/03/2025 23:00:00","BZN|FR","Without Sequence","104.18","",""
"17/03/2025 23:00:00 - 17/03/2025 23:15:00","BZN|FR","Without Sequence","93.50","",""
"17/03/2025 23:15:00 - 17/03/2025 23:30:00","BZN|FR","Without Sequence","93.50","",""
"17/03/2025 23:30:00 - 17/03/2025 23:45:00","BZN|FR","Without Sequence","93.50","",""
"17/03/2025 23:45:00 - 18/03/2025 00:00:00","BZN|FR","Without Sequence","93.50","",""
"18/03/2025 00:00:00 - 18/03/2025 00:15:00","BZN|FR","Without Sequence","92.20","",""
"18/03/2025 00:15:00 - 18/03/2025 00:30:00","BZN|FR","Without Sequence","92.20","",""
"18/03/2025 00:30:00 - 18/03/2025 00:45:00","BZN|FR","Without Sequence","92.20","",""
"18/03/2025 00:45:00 - 18/03/2025 01:00:00","BZN|FR","Without Sequence","92.20","",""
"18/03/2025 01:00:00 - 18/03/2025 01:15:00","BZN|FR","Without Sequence","89.99","",""
"18/03/2025 01:15:00 - 18/03/2025 01:30:00","BZN|FR","Without Sequence","89.99","",""
"18/03/2025 01:30:00 - 18/03/2025 01:45:00","BZN|FR","Without Sequence","89.99","",""
"18/03/2025 01:45:00 - 18/03/2025 02:00:00","BZN|FR","Without Sequence","89.99","",""
"18/03/2025 02:00:00 - 18/03/2025 02:15:00","BZN|FR","Without Sequence","87.36","",""
"18/03/2025 02:15:00 - 18/03/2025 02:30:00","BZN|FR","Without Sequence","87.36","",""
"18/03/2025 02:30:00 - 18/03/2025 02:45:00","BZN|FR","Without Sequence","87.36","",""
"18/03/2025 02:45:00 - 18/03/2025 03:00:00","BZN|FR","Without Sequence","87.36","",""
"18/03/2025 03:00:00 - 18/03/2025 03:15:00","BZN|FR","Without Sequence","79.00","",""
"18/03/2025 03:15:00 - 18/03/2025 03:30:00","BZN|FR","Without Sequence","79.00","",""
"18/03/2025 03:30:00 - 18/03/2025 03:45:00","BZN|FR","Without Sequence","79.00","",""
"18/03/2025 03:45:00 - 18/03/2025 04:00:00","BZN|FR","Without Sequence","79.00","",""
"18/03/2025 04:00:00 - 18/03/2025 04:15:00","BZN|FR","Without Sequence","74.46","",""
"18/03/2025 04:15:00 - 18/03/2025 04:30:00","BZN|FR","Without Sequence","74.46","",""
"18/03/2025 04:30:00 - 18/03/2025 04:45:00","BZN|FR","Without Sequence","74.46","",""
"18/03/2025 04:45:00 - 18/03/2025 05:00:00","BZN|FR","Without Sequence","74.46","",""
"18/03/2025 05:00:00 - 18/03/2025 05:15:00","BZN|FR","Without Sequence","88.25","",""
"18/03/2025 05:15:00 - 18/03/2025 05:30:00","BZN|FR","Without Sequence","88.25","",""
"18/03/2025 05:30:00 - 18/03/2025 05:45:00","BZN|FR","Without Sequence","88.25","",""
"18/03/2025 05:45:00 - 18/03/2025 06:00:00","BZN|FR","Without Sequence","88.25","",""
"18/03/2025 06:00:00 - 18/03/2025 06:15:00","BZN|FR","Without Sequence","119.09","",""
"18/03/2025 06:15:00 - 18/03/2025 06:30:00","BZN|FR","Without Sequence","119.09","",""
"18/03/2025 06:30:00 - 18/03/2025 06:45:00","BZN|FR","Without Sequence","119.09","",""
"18/03/2025 06:45:00 - 18/03/2025 07:00:00","BZN|FR","Without Sequence","119.09","",""
"18/03/2025 07:00:00 - 18/03/2025 07:15:00","BZN|FR","Without Sequence","136.68","",""
"18/03/2025 07:15:00 - 18/03/2025 07:30:00","BZN|FR","Without Sequence","136.68","",""
"18/03/2025 07:30:00 - 18/03/2025 07:45:00","BZN|FR","Without Sequence","136.68","",""
"18/03/2025 07:45:00 - 18/03/2025 08:00:00","BZN|FR","Without Sequence","136.68","",""
"18/03/2025 08:00:00 - 18/03/2025 08:15:00","BZN|FR","Without Sequence","108.02","",""
"18/03/2025 08:15:00 - 18/03/2025 08:30:00","BZN|FR","Without Sequence","108.02","",""
"18/03/2025 08:30:00 - 18/03/2025 08:45:00","BZN|FR","Without Sequence","108.02","",""
"18/03/2025 08:45:00 - 18/03/2025 09:00:00","BZN|FR","Without Sequence","108.02","",""
"18/03/2025 09:00:00 - 18/03/2025 09:15:00","BZN|FR","Without Sequence","72.65","",""
"18/03/2025 09:15:00 - 18/03/2025 09:30:00","BZN|FR","Without Sequence","72.65","",""
"18/03/2025 09:30:00 - 18/03/2025 09:45:00","BZN|FR","Without Sequence","72.65","",""
"18/03/2025 09:45:00 - 18/03/2025 10:00:00","BZN|FR","Without Sequence","72.65","",""
"18/03/2025 10:00:00 - 18/03/2025 10:15:00","BZN|FR","Without Sequence","37.84","",""
"18/03/2025 10:15:00 - 18/03/2025 10:30:00","BZN|FR","Without Sequence","37.84","",""
"18/03/2025 10:30:00 - 18/03/2025 10:45:00","BZN|FR","Without Sequence","37.84","",""
"18/03/2025 10:45:00 - 18/03/2025 11:00:00","BZN|FR","Without Sequence","37.84","",""
"18/03/2025 11:00:00 - 18/03/2025 11:15:00","BZN|FR","Without Sequence","12.84","",""
"18/03/2025 11:15:00 - 18/03/2025 11:30:00","BZN|FR","Without Sequence","12.84","",""
"18/03/2025 11:30:00 - 18/03/2025 11:45:00","BZN|FR","Without Sequence","12.84","",""
"18/03/2025 11:45:00 - 18/03/2025 12:00:00","BZN|FR","Without Sequence","12.84","",""
"18/03/2025 12:00:00 - 18/03/2025 12:15:00","BZN|FR","Without Sequence","20.20","",""
"18/03/2025 12:15:00 - 18/03/2025 12:30:00","BZN|FR","Without Sequence","20.20","",""
"18/03/2025 12:30:00 - 18/03/2025 12:45:00","BZN|FR","Without Sequence","20.20","",""
"18/03/2025 12:45:00 - 18/03/2025 13:00:00","BZN|FR","Without Sequence","20.20","",""
"18/03/2025 13:00:00 - 18/03/2025 13:15:00","BZN|FR","Without Sequence","5.19","",""
"18/03/2025 13:15:00 - 18/03/2025 13:30:00","BZN|FR","Without Sequence","5.19","",""
"18/03/2025 13:30:00 - 18/03/2025 13:45:00","BZN|FR","Without Sequence","5.19","",""
"18/03/2025 13:45:00 - 18/03/2025 14:00:00","BZN|FR","Without Sequence","5.19","",""
"18/03/2025 14:00:00 - 18/03/2025 14:15:00","BZN|FR","Without Sequence","6.03","",""
"18/03/2025 14:15:00 - 18/03/2025 14:30:00","BZN|FR","Without Sequence","6.03","",""
"18/03/2025 14:30:00 - 18/03/2025 14:45:00","BZN|FR","Without Sequence","6.03","",""
"18/03/2025 14:45:00 - 18/03/2025 15:00:00","BZN|FR","Without Sequence","6.03","",""
"18/03/2025 15:00:00 - 18/03/2025 15:15:00","BZN|FR","Without Sequence","24.59","",""
"18/03/2025 15:15:00 - 18/03/2025 15:30:00","BZN|FR","Without Sequence","24.59","",""
"18/03/2025 15:30:00 - 18/03/2025 15:45:00","BZN|FR","Without Sequence","24.59","",""
"18/03/2025 15:45:00 - 18/03/2025 16:00:00","BZN|FR","Without Sequence","24.59","",""
"18/03/2025 16:00:00 - 18/03/2025 16:15:00","BZN|FR","Without Sequence","45.29","",""
"18/03/2025 16:15:00 - 18/03/2025 16:30:00","BZN|FR","Without Sequence","45.29","",""
"18/03/2025 16:30:00 - 18/03/2025 16:45:00","BZN|FR","Without Sequence","45.29","",""
"18/03/2025 16:45:00 - 18/03/2025 17:00:00","BZN|FR","Without Sequence","45.29","",""
"18/03/2025 17:00:00 - 18/03/2025 17:15:00","BZN|FR","Without Sequence","74.12","",""
"18/03/2025 17:15:00 - 18/03/2025 17:30:00","BZN|FR","Without Sequence","74.12","",""
"18/03/2025 17:30:00 - 18/03/2025 17:45:00","BZN|FR","Without Sequence","74.12","",""
"18/03/2025 17:45:00 - 18/03/2025 18:00:00","BZN|FR","Without Sequence","74.12","",""
"18/03/2025 18:00:00 - 18/03/2025 18:15:00","BZN|FR","Without Sequence","85.68","",""
"18/03/2025 18:15:00 - 18/03/2025 18:30:00","BZN|FR","Without Sequence","85.68","",""
"18/03/2025 18:30:00 - 18/03/2025 18:45:00","BZN|FR","Without Sequence","85.68","",""
"18/03/2025 18:45:00 - 18/03/2025 19:00:00","BZN|FR","Without Sequence","85.68","",""
"18/03/2025 19:00:00 - 18/03/2025 19:15:00","BZN|FR","Without Sequence","150.79","",""
"18/03/2025 19:15:00 - 18/03/2025 19:30:00","BZN|FR","Without Sequence","150.79","",""
"18/03/2025 19:30:00 - 18/03/2025 19:45:00","BZN|FR","Without Sequence","150.79","",""
"18/03/2025 19:45:00 - 18/03/2025 20:00:00","BZN|FR","Without Sequence","150.79","",""
"18/03/2025 20:00:00 - 18/03/2025 20:15:00","BZN|FR","Without Sequence","136.97","",""
"18/03/2025 20:15:00 - 18/03/2025 20:30:00","BZN|FR","Without Sequence","136.97","",""
"18/03/2025 20:30:00 - 18/03/2025 20:45:00","BZN|FR","Without Sequence","136.97","",""
"18/03/2025 20:45:00 - 18/03/2025 21:00:00","BZN|FR","Without Sequence","136.97","",""
"18/03/2025 21:00:00 - 18/03/2025 21:15:00","BZN|FR","Without Sequence","105.69","",""
"18/03/2025 21:15:00 - 18/03/2025 21:30:00","BZN|FR","Without Sequence","105.69","",""
"18/03/2025 21:30:00 - 18/03/2025 21:45:00","BZN|FR","Without Sequence","105.69","",""
"18/03/2025 21:45:00 - 18/03/2025 22:00:00","BZN|FR","Without Sequence","105.69","",""
"18/03/2025 22:00:00 - 18/03/2025 22:15:00","BZN|FR","Without Sequence","90.95","",""
"18/03/2025 22:15:00 - 18/03/2025 22:30:00","BZN|FR","Without Sequence","90.95","",""
"18/03/2025 22:30:00 - 18/03/2025 22:45:00","BZN|FR","Without Sequence","90.95","",""
"18/03/2025 22:45:00 - 18/03/2025 23:00:00","BZN|FR","Without Sequence","90.95","",""
"18/03/2025 23:00:00 - 18/03/2025 23:15:00","BZN|FR","Without Sequence","89.66","",""
"18/03/2025 23:15:00 - 18/03/2025 23:30:00","BZN|FR","Without Sequence","89.66","",""
"18/03/2025 23:30:00 - 18/03/2025 23:45:00","BZN|FR","Without Sequence","89.66","",""
"18/03/2025 23:45:00 - 19/03/2025 00:00:00","BZN|FR","Without Sequence","89.66","",""
"19/03/2025 00:00:00 - 19/03/2025 00:15:00","BZN|FR","Without Sequence","82.89","",""
"19/03/2025 00:15:00 - 19/03/2025 00:30:00","BZN|FR","Without Sequence","82.89","",""
"19/03/2025 00:30:00 - 19/03/2025 00:45:00","BZN|FR","Without Sequence","82.89","",""
"19/03/2025 00:45:00 - 19/03/2025 01:00:00","BZN|FR","Without Sequence","82.89","",""
"19/03/2025 01:00:00 - 19/03/2025 01:15:00","BZN|FR","Without Sequence","78.01","",""
"19/03/2025 01:15:00 - 19/03/2025 01:30:00","BZN|FR","Without Sequence","78.01","",""
"19/03/2025 01:30:00 - 19/03/2025 01:45:00","BZN|FR","Without Sequence","78.01","",""
"19/03/2025 01:45:00 - 19/03/2025 02:00:00","BZN|FR","Without Sequence","78.01","",""
"19/03/2025 02:00:00 - 19/03/2025 02:15:00","BZN|FR","Without Sequence","76.54","",""
"19/03/2025 02:15:00 - 19/03/2025 02:30:00","BZN|FR","Without Sequence","76.54","",""
"19/03/2025 02:30:00 - 19/03/2025 02:45:00","BZN|FR","Without Sequence","76.54","",""
"19/03/2025 02:45:00 - 19/03/2025 03:00:00","BZN|FR","Without Sequence","76.54","",""
"19/03/2025 03:00:00 - 19/03/2025 03:15:00","BZN|FR","Without Sequence","73.96","",""
"19/03/2025 03:15:00 - 19/03/2025 03:30:00","BZN|FR","Without Sequence","73.96","",""
"19/03/2025 03:30:00 - 19/03/2025 03:45:00","BZN|FR","Without Sequence","73.96","",""
"19/03/2025 03:45:00 - 19/03/2025 04:00:00","BZN|FR","Without Sequence","73.96","",""
"19/03/2025 04:00:00 - 19/03/2025 04:15:00","BZN|FR","Without Sequence","73.69","",""
"19/03/2025 04:15:00 - 19/03/2025 04:30:00","BZN|FR","Without Sequence","73.69","",""
"19/03/2025 04:30:00 - 19/03/2025 04:45:00","BZN|FR","Without Sequence","73.69","",""
"19/03/2025 04:45:00 - 19/03/2025 05:00:00","BZN|FR","Without Sequence","73.69","",""
"19/03/2025 05:00:00 - 19/03/2025 05:15:00","BZN|FR","Without Sequence","77.34","",""
"19/03/2025 05:15:00 - 19/03/2025 05:30:00","BZN|FR","Without Sequence","77.34","",""
"19/03/2025 05:30:00 - 19/03/2025 05:45:00","BZN|FR","Without Sequence","77.34","",""
"19/03/2025 05:45:00 - 19/03/2025 06:00:00","BZN|FR","Without Sequence","77.34","",""
"19/03/2025 06:00:00 - 19/03/2025 06:15:00","BZN|FR","Without Sequence","102.00","",""
"19/03/2025 06:15:00 - 19/03/2025 06:30:00","BZN|FR","Without Sequence","102.00","",""
"19/03/2025 06:30:00 - 19/03/2025 06:45:00","BZN|FR","Without Sequence","102.00","",""
"19/03/2025 06:45:00 - 19/03/2025 07:00:00","BZN|FR","Without Sequence","102.00","",""
"19/03/2025 07:00:00 - 19/03/2025 07:15:00","BZN|FR","Without Sequence","139.34","",""
"19/03/2025 07:15:00 - 19/03/2025 07:30:00","BZN|FR","Without Sequence","139.34","",""
"19/03/2025 07:30:00 - 19/03/2025 07:45:00","BZN|FR","Without Sequence","139.34","",""
"19/03/2025 07:45:00 - 19/03/2025 08:00:00","BZN|FR","Without Sequence","139.34","",""
"19/03/2025 08:00:00 - 19/03/2025 08:15:00","BZN|FR","Without Sequence","107.94","",""
"19/03/2025 08:15:00 - 19/03/2025 08:30:00","BZN|FR","Without Sequence","107.94","",""
"19/03/2025 08:30:00 - 19/03/2025 08:45:00","BZN|FR","Without Sequence","107.94","",""
"19/03/2025 08:45:00 - 19/03/2025 09:00:00","BZN|FR","Without Sequence","107.94","",""
"19/03/2025 09:00:00 - 19/03/2025 09:15:00","BZN|FR","Without Sequence","79.26","",""
"19/03/2025 09:15:00 - 19/03/2025 09:30:00","BZN|FR","Without Sequence","79.26","",""
"19/03/2025 09:30:00 - 19/03/2025 09:45:00","BZN|FR","Without Sequence","79.26","",""
"19/03/2025 09:45:00 - 19/03/2025 10:00:00","BZN|FR","Without Sequence","79.26","",""
"19/03/2025 10:00:00 - 19/03/2025 10:15:00","BZN|FR","Without Sequence","28.23","",""
"19/03/2025 10:15:00 - 19/03/2025 10:30:00","BZN|FR","Without Sequence","28.23","",""
"19/03/2025 10:30:00 - 19/03/2025 10:45:00","BZN|FR","Without Sequence","28.23","",""
"19/03/2025 10:45:00 - 19/03/2025 11:00:00","BZN|FR","Without Sequence","28.23","",""
"19/03/2025 11:00:00 - 19/03/2025 11:15:00","BZN|FR","Without Sequence","0.22","",""
"19/03/2025 11:15:00 - 19/03/2025 11:30:00","BZN|FR","Without Sequence","0.22","",""
"19/03/2025 11:30:00 - 19/03/2025 11:45:00","BZN|FR","Without Sequence","0.22","",""
"19/03/2025 11:45:00 - 19/03/2025 12:00:00","BZN|FR","Without Sequence","0.22","",""
"19/03/2025 12:00:00 - 19/03/2025 12:15:00","BZN|FR","Without Sequence","0.00","",""
"19/03/2025 12:15:00 - 19/03/2025 12:30:00","BZN|FR","Without Sequence","0.00","",""
"19/03/2025 12:30:00 - 19/03/2025 12:45:00","BZN|FR","Without Sequence","0.00","",""
"19/03/2025 12:45:00 - 19/03/2025 13:00:00","BZN|FR","Without Sequence","0.00","",""
"19/03/2025 13:00:00 - 19/03/2025 13:15:00","BZN|FR","Without Sequence","0.00","",""
"19/03/2025 13:15:00 - 19/03/2025 13:30:00","BZN|FR","Without Sequence","0.00","",""
"19/03/2025 13:30:00 - 19/03/2025 13:45:00","BZN|FR","Without Sequence","0.00","",""
"19/03/2025 13:45:00 - 19/03/2025 14:00:00","BZN|FR","Without Sequence","0.00","",""
"19/03/2025 14:00:00 - 19/03/2025 14:15:00","BZN|FR","Without Sequence","1.46","",""
"19/03/2025 14:15:00 - 19/03/2025 14:30:00","BZN|FR","Without Sequence","1.46","",""
"19/03/2025 14:30:00 - 19/03/2025 14:45:00","BZN|FR","Without Sequence","1.46","",""
"19/03/2025 14:45:00 - 19/03/2025 15:00:00","BZN|FR","Without Sequence","1.46","",""
"19/03/2025 15:00:00 - 19/03/2025 15:15:00","BZN|FR","Without Sequence","27.20","",""
"19/03/2025 15:15:00 - 19/03/2025 15:30:00","BZN|FR","Without Sequence","27.20","",""
"19/03/2025 15:30:00 - 19/03/2025 15:45:00","BZN|FR","Without Sequence","27.20","",""
"19/03/2025 15:45:00 - 19/03/2025 16:00:00","BZN|FR","Without Sequence","27.20","",""
"19/03/2025 16:00:00 - 19/03/2025 16:15:00","BZN|FR","Without Sequence","47.32","",""
"19/03/2025 16:15:00 - 19/03/2025 16:30:00","BZN|FR","Without Sequence","47.32","",""
"19/03/2025 16:30:00 - 19/03/2025 16:45:00","BZN|FR","Without Sequence","47.32","",""
"19/03/2025 16:45:00 - 19/03/2025 17:00:00","BZN|FR","Without Sequence","47.32","",""
"19/03/2025 17:00:00 - 19/03/2025 17:15:00","BZN|FR","Without Sequence","72.85","",""
"19/03/2025 17:15:00 - 19/03/2025 17:30:00","BZN|FR","Without Sequence","72.85","",""
"19/03/2025 17:30:00 - 19/03/2025 17:45:00","BZN|FR","Without Sequence","72.85","",""
"19/03/2025 17:45:00 - 19/03/2025 18:00:00","BZN|FR","Without Sequence","72.85","",""
"19/03/2025 18:00:00 - 19/03/2025 18:15:00","BZN|FR","Without Sequence","100.29","",""
"19/03/2025 18:15:00 - 19/03/2025 18:30:00","BZN|FR","Without Sequence","100.29","",""
"19/03/2025 18:30:00 - 19/03/2025 18:45:00","BZN|FR","Without Sequence","100.29","",""
"19/03/2025 18:45:00 - 19/03/2025 19:00:00","BZN|FR","Without Sequence","100.29","",""
"19/03/2025 19:00:00 - 19/03/2025 19:15:00","BZN|FR","Without Sequence","152.83","",""
"19/03/2025 19:15:00 - 19/03/2025 19:30:00","BZN|FR","Without Sequence","152.83","",""
"19/03/2025 19:30:00 - 19/03/2025 19:45:00","BZN|FR","Without Sequence","152.83","",""
"19/03/2025 19:45:00 - 19/03/2025 20:00:00","BZN|FR","Without Sequence","152.83","",""
"19/03/2025 20:00:00 - 19/03/2025 20:15:00","BZN|FR","Without Sequence","97.23","",""
"19/03/2025 20:15:00 - 19/03/2025 20:30:00","BZN|FR","Without Sequence","97.23","",""
"19/03/2025 20:30:00 - 19/03/2025 20:45:00","BZN|FR","Without Sequence","97.23","",""
"19/03/2025 20:45:00 - 19/03/2025 21:00:00","BZN|FR","Without Sequence","97.23","",""
"19/03/2025 21:00:00 - 19/03/2025 21:15:00","BZN|FR","Without Sequence","78.90","",""
"19/03/2025 21:15:00 - 19/03/2025 21:30:00","BZN|FR","Without Sequence","78.90","",""
"19/03/2025 21:30:00 - 19/03/2025 21:45:00","BZN|FR","Without Sequence","78.90","",""
"19/03/2025 21:45:00 - 19/03/2025 22:00:00","BZN|FR","Without Sequence","78.90","",""
"19/03/2025 22:00:00 - 19/03/2025 22:15:00","BZN|FR","Without Sequence","77.56","",""
"19/03/2025 22:15:00 - 19/03/2025 22:30:00","BZN|FR","Without Sequence","77.56","",""
"19/03/2025 22:30:00 - 19/03/2025 22:45:00","BZN|FR","Without Sequence","77.56","",""
"19/03/2025 22:45:00 - 19/03/2025 23:00:00","BZN|FR","Without Sequence","77.56","",""
"19/03/2025 23:00:00 - 19/03/2025 23:15:00","BZN|FR","Without Sequence","83.06","",""
"19/03/2025 23:15:00 - 19/03/2025 23:30:00","BZN|FR","Without Sequence","83.06","",""
"19/03/2025 23:30:00 - 19/03/2025 23:45:00","BZN|FR","Without Sequence","83.06","",""
"19/03/2025 23:45:00 - 20/03/2025 00:00:00","BZN|FR","Without Sequence","83.06","",""
"20/03/2025 00:00:00 - 20/03/2025 00:15:00","BZN|FR","Without Sequence","59.32","",""
"20/03/2025 00:15:00 - 20/03/2025 00:30:00","BZN|FR","Without Sequence","59.32","",""
"20/03/2025 00:30:00 - 20/03/2025 00:45:00","BZN|FR","Without Sequence","59.32","",""
"20/03/2025 00:45:00 - 20/03/2025 01:00:00","BZN|FR","Without Sequence","59.32","",""
"20/03/2025 01:00:00 - 20/03/2025 01:15:00","BZN|FR","Without Sequence","50.17","",""
"20/03/2025 01:15:00 - 20/03/2025 01:30:00","BZN|FR","Without Sequence","50.17","",""
"20/03/2025 01:30:00 - 20/03/2025 01:45:00","BZN|FR","Without Sequence","50.17","",""
"20/03/2025 01:45:00 - 20/03/2025 02:00:00","BZN|FR","Without Sequence","50.17","",""
"20/03/2025 02:00:00 - 20/03/2025 02:15:00","BZN|FR","Without Sequence","53.45","",""
"20/03/2025 02:15:00 - 20/03/2025 02:30:00","BZN|FR","Without Sequence","53.45","",""
"20/03/2025 02:30:00 - 20/03/2025 02:45:00","BZN|FR","Without Sequence","53.45","",""
"20/03/2025 02:45:00 - 20/03/2025 03:00:00","BZN|FR","Without Sequence","53.45","",""
"20/03/2025 03:00:00 - 20/03/2025 03:15:00","BZN|FR","Without Sequence","38.67","",""
"20/03/2025 03:15:00 - 20/03/2025 03:30:00","BZN|FR","Without Sequence","38.67","",""
"20/03/2025 03:30:00 - 20/03/2025 03:45:00","BZN|FR","Without Sequence","38.67","",""
"20/03/2025 03:45:00 - 20/03/2025 04:00:00","BZN|FR","Without Sequence","38.67","",""
"20/03/2025 04:00:00 - 20/03/2025 04:15:00","BZN|FR","Without Sequence","25.85","",""
"20/03/2025 04:15:00 - 20/03/2025 04:30:00","BZN|FR","Without Sequence","25.85","",""
"20/03/2025 04:30:00 - 20/03/2025 04:45:00","BZN|FR","Without Sequence","25.85","",""
"20/03/2025 04:45:00 - 20/03/2025 05:00:00","BZN|FR","Without Sequence","25.85","",""
"20/03/2025 05:00:00 - 20/03/2025 05:15:00","BZN|FR","Without Sequence","48.83","",""
"20/03/2025 05:15:00 - 20/03/2025 05:30:00","BZN|FR","Without Sequence","48.83","",""
"20/03/2025 05:30:00 - 20/03/2025 05:45:00","BZN|FR","Without Sequence","48.83","",""
"20/03/2025 05:45:00 - 20/03/2025 06:00:00","BZN|FR","Without Sequence","48.83","",""
"20/03/2025 06:00:00 - 20/03/2025 06:15:00","BZN|FR","Without Sequence","72.89","",""
"20/03/2025 06:15:00 - 20/03/2025 06:30:00","BZN|FR","Without Sequence","72.89","",""
"20/03/2025 06:30:00 - 20/03/2025 06:45:00","BZN|FR","Without Sequence","72.89","",""
"20/03/2025 06:45:00 - 20/03/2025 07:00:00","BZN|FR","Without Sequence","72.89","",""
"20/03/2025 07:00:00 - 20/03/2025 07:15:00","BZN|FR","Without Sequence","101.87","",""
"20/03/2025 07:15:00 - 20/03/2025 07:30:00","BZN|FR","Without Sequence","101.87","",""
"20/03/2025 07:30:00 - 20/03/2025 07:45:00","BZN|FR","Without Sequence","101.87","",""
"20/03/2025 07:45:00 - 20/03/2025 08:00:00","BZN|FR","Without Sequence","101.87","",""
"20/03/2025 08:00:00 - 20/03/2025 08:15:00","BZN|FR","Without Sequence","92.07","",""
"20/03/2025 08:15:00 - 20/03/2025 08:30:00","BZN|FR","Without Sequence","92.07","",""
"20/03/2025 08:30:00 - 20/03/2025 08:45:00","BZN|FR","Without Sequence","92.07","",""
"20/03/2025 08:45:00 - 20/03/2025 09:00:00","BZN|FR","Without Sequence","92.07","",""
"20/03/2025 09:00:00 - 20/03/2025 09:15:00","BZN|FR","Without Sequence","51.32","",""
"20/03/2025 09:15:00 - 20/03/2025 09:30:00","BZN|FR","Without Sequence","51.32","",""
"20/03/2025 09:30:00 - 20/03/2025 09:45:00","BZN|FR","Without Sequence","51.32","",""
"20/03/2025 09:45:00 - 20/03/2025 10:00:00","BZN|FR","Without Sequence","51.32","",""
"20/03/2025 10:00:00 - 20/03/2025 10:15:00","BZN|FR","Without Sequence","20.36","",""
"20/03/2025 10:15:00 - 20/03/2025 10:30:00","BZN|FR","Without Sequence","20.36","",""
"20/03/2025 10:30:00 - 20/03/2025 10:45:00","BZN|FR","Without Sequence","20.36","",""
"20/03/2025 10:45:00 - 20/03/2025 11:00:00","BZN|FR","Without Sequence","20.36","",""
"20/03/2025 11:00:00 - 20/03/2025 11:15:00","BZN|FR","Without Sequence","3.42","",""
"20/03/2025 11:15:00 - 20/03/2025 11:30:00","BZN|FR","Without Sequence","3.42","",""
"20/03/2025 11:30:00 - 20/03/2025 11:45:00","BZN|FR","Without Sequence","3.42","",""
"20/03/2025 11:45:00 - 20/03/2025 12:00:00","BZN|FR","Without Sequence","3.42","",""
"20/03/2025 12:00:00 - 20/03/2025 12:15:00","BZN|FR","Without Sequence","0.43","",""
"20/03/2025 12:15:00 - 20/03/2025 12:30:00","BZN|FR","Without Sequence","0.43","",""
"20/03/2025 12:30:00 - 20/03/2025 12:45:00","BZN|FR","Without Sequence","0.43","",""
"20/03/2025 12:45:00 - 20/03/2025 13:00:00","BZN|FR","Without Sequence","0.43","",""
"20/03/2025 13:00:00 - 20/03/2025 13:15:00","BZN|FR","Without Sequence","0.65","",""
"20/03/2025 13:15:00 - 20/03/2025 13:30:00","BZN|FR","Without Sequence","0.65","",""
"20/03/2025 13:30:00 - 20/03/2025 13:45:00","BZN|FR","Without Sequence","0.65","",""
"20/03/2025 13:45:00 - 20/03/2025 14:00:00","BZN|FR","Without Sequence","0.65","",""
"20/03/2025 14:00:00 - 20/03/2025 14:15:00","BZN|FR","Without Sequence","3.52","",""
"20/03/2025 14:15:00 - 20/03/2025 14:30:00","BZN|FR","Without Sequence","3.52","",""
"20/03/2025 14:30:00 - 20/03/2025 14:45:00","BZN|FR","Without Sequence","3.52","",""
"20/03/2025 14:45:00 - 20/03/2025 15:00:00","BZN|FR","Without Sequence","3.52","",""
"20/03/2025 15:00:00 - 20/03/2025 15:15:00","BZN|FR","Without Sequence","6.09","",""
"20/03/2025 15:15:00 - 20/03/2025 15:30:00","BZN|FR","Without Sequence","6.09","",""
"20/03/2025 15:30:00 - 20/03/2025 15:45:00","BZN|FR","Without Sequence","6.09","",""
"20/03/2025 15:45:00 - 20/03/2025 16:00:00","BZN|FR","Without Sequence","6.09","",""
"20/03/2025 16:00:00 - 20/03/2025 16:15:00","BZN|FR","Without Sequence","15.73","",""
"20/03/2025 16:15:00 - 20/03/2025 16:30:00","BZN|FR","Without Sequence","15.73","",""
"20/03/2025 16:30:00 - 20/03/2025 16:45:00","BZN|FR","Without Sequence","15.73","",""
"20/03/2025 16:45:00 - 20/03/2025 17:00:00","BZN|FR","Without Sequence","15.73","",""
"20/03/2025 17:00:00 - 20/03/2025 17:15:00","BZN|FR","Without Sequence","39.52","",""
"20/03/2025 17:15:00 - 20/03/2025 17:30:00","BZN|FR","Without Sequence","39.52","",""
"20/03/2025 17:30:00 - 20/03/2025 17:45:00","BZN|FR","Without Sequence","39.52","",""
"20/03/2025 17:45:00 - 20/03/2025 18:00:00","BZN|FR","Without Sequence","39.52","",""
"20/03/2025 18:00:00 - 20/03/2025 18:15:00","BZN|FR","Without Sequence","62.96","",""
"20/03/2025 18:15:00 - 20/03/2025 18:30:00","BZN|FR","Without Sequence","62.96","",""
"20/03/2025 18:30:00 - 20/03/2025 18:45:00","BZN|FR","Without Sequence","62.96","",""
"20/03/2025 18:45:00 - 20/03/2025 19:00:00","BZN|FR","Without Sequence","62.96","",""
"20/03/2025 19:00:00 - 20/03/2025 19:15:00","BZN|FR","Without Sequence","101.60","",""
"20/03/2025 19:15:00 - 20/03/2025 19:30:00","BZN|FR","Without Sequence","101.60","",""
"20/03/2025 19:30:00 - 20/03/2025 19:45:00","BZN|FR","Without Sequence","101.60","",""
"20/03/2025 19:45:00 - 20/03/2025 20:00:00","BZN|FR","Without Sequence","101.60","",""
"20/03/2025 20:00:00 - 20/03/2025 20:15:00","BZN|FR","Without Sequence","93.74","",""
"20/03/2025 20:15:00 - 20/03/2025 20:30:00","BZN|FR","Without Sequence","93.74","",""
"20/03/2025 20:30:00 - 20/03/2025 20:45:00","BZN|FR","Without Sequence","93.74","",""
"20/03/2025 20:45:00 - 20/03/2025 21:00:00","BZN|FR","Without Sequence","93.74","",""
"20/03/2025 21:00:00 - 20/03/2025 21:15:00","BZN|FR","Without Sequence","63.99","",""
"20/03/2025 21:15:00 - 20/03/2025 21:30:00","BZN|FR","Without Sequence","63.99","",""
"20/03/2025 21:30:00 - 20/03/2025 21:45:00","BZN|FR","Without Sequence","63.99","",""
"20/03/2025 21:45:00 - 20/03/2025 22:00:00","BZN|FR","Without Sequence","63.99","",""
"20/03/2025 22:00:00 - 20/03/2025 22:15:00","BZN|FR","Without Sequence","50.21","",""
"20/03/2025 22:15:00 - 20/03/2025 22:30:00","BZN|FR","Without Sequence","50.21","",""
"20/03/2025 22:30:00 - 20/03/2025 22:45:00","BZN|FR","Without Sequence","50.21","",""
"20/03/2025 22:45:00 - 20/03/2025 23:00:00","BZN|FR","Without Sequence","50.21","",""
"20/03/2025 23:00:00 - 20/03/2025 23:15:00","BZN|FR","Without Sequence","41.51","",""
"20/03/2025 23:15:00 - 20/03/2025 23:30:00","BZN|FR","Without Sequence","41.51","",""
"20/03/2025 23:30:00 - 20/03/2025 23:45:00","BZN|FR","Without Sequence","41.51","",""
"20/03/2025 23:45:00 - 21/03/2025 00:00:00","BZN|FR","Without Sequence","41.51","",""
"21/03/2025 00:00:00 - 21/03/2025 00:15:00","BZN|FR","Without Sequence","37.45","",""
"21/03/2025 00:15:00 - 21/03/2025 00:30:00","BZN|FR","Without Sequence","37.45","",""
"21/03/2025 00:30:00 - 21/03/2025 00:45:00","BZN|FR","Without Sequence","37.45","",""
"21/03/2025 00:45:00 - 21/03/2025 01:00:00","BZN|FR","Without Sequence","37.45","",""
"21/03/2025 01:00:00 - 21/03/2025 01:15:00","BZN|FR","Without Sequence","20.42","",""
"21/03/2025 01:15:00 - 21/03/2025 01:30:00","BZN|FR","Without Sequence","20.42","",""
"21/03/2025 01:30:00 - 21/03/2025 01:45:00","BZN|FR","Without Sequence","20.42","",""
"21/03/2025 01:45:00 - 21/03/2025 02:00:00","BZN|FR","Without Sequence","20.42","",""
"21/03/2025 02:00:00 - 21/03/2025 02:15:00","BZN|FR","Without Sequence","27.24","",""
"21/03/2025 02:15:00 - 21/03/2025 02:30:00","BZN|FR","Without Sequence","27.24","",""
"21/03/2025 02:30:00 - 21/03/2025 02:45:00","BZN|FR","Without Sequence","27.24","",""
"21/03/2025 02:45:00 - 21/03/2025 03:00:00","BZN|FR","Without Sequence","27.24","",""
"21/03/2025 03:00:00 - 21/03/2025 03:15:00","BZN|FR","Without Sequence","43.94","",""
"21/03/2025 03:15:00 - 21/03/2025 03:30:00","BZN|FR","Without Sequence","43.94","",""
"21/03/2025 03:30:00 - 21/03/2025 03:45:00","BZN|FR","Without Sequence","43.94","",""
"21/03/2025 03:45:00 - 21/03/2025 04:00:00","BZN|FR","Without Sequence","43.94","",""
"21/03/2025 04:00:00 - 21/03/2025 04:15:00","BZN|FR","Without Sequence","25.63","",""
"21/03/2025 04:15:00 - 21/03/2025 04:30:00","BZN|FR","Without Sequence","25.63","",""
"21/03/2025 04:30:00 - 21/03/2025 04:45:00","BZN|FR","Without Sequence","25.63","",""
"21/03/2025 04:45:00 - 21/03/2025 05:00:00","BZN|FR","Without Sequence","25.63","",""
"21/03/2025 05:00:00 - 21/03/2025 05:15:00","BZN|FR","Without Sequence","22.50","",""
"21/03/2025 05:15:00 - 21/03/2025 05:30:00","BZN|FR","Without Sequence","22.50","",""
"21/03/2025 05:30:00 - 21/03/2025 05:45:00","BZN|FR","Without Sequence","22.50","",""
"21/03/2025 05:45:00 - 21/03/2025 06:00:00","BZN|FR","Without Sequence","22.50","",""
"21/03/2025 06:00:00 - 21/03/2025 06:15:00","BZN|FR","Without Sequence","34.98","",""
"21/03/2025 06:15:00 - 21/03/2025 06:30:00","BZN|FR","Without Sequence","34.98","",""
"21/03/2025 06:30:00 - 21/03/2025 06:45:00","BZN|FR","Without Sequence","34.98","",""
"21/03/2025 06:45:00 - 21/03/2025 07:00:00","BZN|FR","Without Sequence","34.98","",""
"21/03/2025 07:00:00 - 21/03/2025 07:15:00","BZN|FR","Without Sequence","43.48","",""
"21/03/2025 07:15:00 - 21/03/2025 07:30:00","BZN|FR","Without Sequence","43.48","",""
"21/03/2025 07:30:00 - 21/03/2025 07:45:00","BZN|FR","Without Sequence","43.48","",""
"21/03/2025 07:45:00 - 21/03/2025 08:00:00","BZN|FR","Without Sequence","43.48","",""
"21/03/2025 08:00:00 - 21/03/2025 08:15:00","BZN|FR","Without Sequence","34.64","",""
"21/03/2025 08:15:00 - 21/03/2025 08:30:00","BZN|FR","Without Sequence","34.64","",""
"21/03/2025 08:30:00 - 21/03/2025 08:45:00","BZN|FR","Without Sequence","34.64","",""
"21/03/2025 08:45:00 - 21/03/2025 09:00:00","BZN|FR","Without Sequence","34.64","",""
"21/03/2025 09:00:00 - 21/03/2025 09:15:00","BZN|FR","Without Sequence","43.26","",""
"21/03/2025 09:15:00 - 21/03/2025 09:30:00","BZN|FR","Without Sequence","43.26","",""
"21/03/2025 09:30:00 - 21/03/2025 09:45:00","BZN|FR","Without Sequence","43.26","",""
"21/03/2025 09:45:00 - 21/03/2025 10:00:00","BZN|FR","Without Sequence","43.26","",""
"21/03/2025 10:00:00 - 21/03/2025 10:15:00","BZN|FR","Without Sequence","40.41","",""
"21/03/2025 10:15:00 - 21/03/2025 10:30:00","BZN|FR","Without Sequence","40.41","",""
"21/03/2025 10:30:00 - 21/03/2025 10:45:00","BZN|FR","Without Sequence","40.41","",""
"21/03/2025 10:45:00 - 21/03/2025 11:00:00","BZN|FR","Without Sequence","40.41","",""
"21/03/2025 11:00:00 - 21/03/2025 11:15:00","BZN|FR","Without Sequence","7.26","",""
"21/03/2025 11:15:00 - 21/03/2025 11:30:00","BZN|FR","Without Sequence","7.26","",""
"21/03/2025 11:30:00 - 21/03/2025 11:45:00","BZN|FR","Without Sequence","7.26","",""
"21/03/2025 11:45:00 - 21/03/2025 12:00:00","BZN|FR","Without Sequence","7.26","",""
"21/03/2025 12:00:00 - 21/03/2025 12:15:00","BZN|FR","Without Sequence","5.29","",""
"21/03/2025 12:15:00 - 21/03/2025 12:30:00","BZN|FR","Without Sequence","5.29","",""
"21/03/2025 12:30:00 - 21/03/2025 12:45:00","BZN|FR","Without Sequence","5.29","",""
"21/03/2025 12:45:00 - 21/03/2025 13:00:00","BZN|FR","Without Sequence","5.29","",""
"21/03/2025 13:00:00 - 21/03/2025 13:15:00","BZN|FR","Without Sequence","0.18","",""
"21/03/2025 13:15:00 - 21/03/2025 13:30:00","BZN|FR","Without Sequence","0.18","",""
"21/03/2025 13:30:00 - 21/03/2025 13:45:00","BZN|FR","Without Sequence","0.18","",""
"21/03/2025 13:45:00 - 21/03/2025 14:00:00","BZN|FR","Without Sequence","0.18","",""
"21/03/2025 14:00:00 - 21/03/2025 14:15:00","BZN|FR","Without Sequence","2.67","",""
"21/03/2025 14:15:00 - 21/03/2025 14:30:00","BZN|FR","Without Sequence","2.67","",""
"21/03/2025 14:30:00 - 21/03/2025 14:45:00","BZN|FR","Without Sequence","2.67","",""
"21/03/2025 14:45:00 - 21/03/2025 15:00:00","BZN|FR","Without Sequence","2.67","",""
"21/03/2025 15:00:00 - 21/03/2025 15:15:00","BZN|FR","Without Sequence","14.05","",""
"21/03/2025 15:15:00 - 21/03/2025 15:30:00","BZN|FR","Without Sequence","14.05","",""
"21/03/2025 15:30:00 - 21/03/2025 15:45:00","BZN|FR","Without Sequence","14.05","",""
"21/03/2025 15:45:00 - 21/03/2025 16:00:00","BZN|FR","Without Sequence","14.05","",""
"21/03/2025 16:00:00 - 21/03/2025 16:15:00","BZN|FR","Without Sequence","31.70","",""
"21/03/2025 16:15:00 - 21/03/2025 16:30:00","BZN|FR","Without Sequence","31.70","",""
"21/03/2025 16:30:00 - 21/03/2025 16:45:00","BZN|FR","Without Sequence","31.70","",""
"21/03/2025 16:45:00 - 21/03/2025 17:00:00","BZN|FR","Without Sequence","31.70","",""
"21/03/2025 17:00:00 - 21/03/2025 17:15:00","BZN|FR","Without Sequence","37.13","",""
"21/03/2025 17:15:00 - 21/03/2025 17:30:00","BZN|FR","Without Sequence","37.13","",""
"21/03/2025 17:30:00 - 21/03/2025 17:45:00","BZN|FR","Without Sequence","37.13","",""
"21/03/2025 17:45:00 - 21/03/2025 18:00:00","BZN|FR","Without Sequence","37.13","",""
"21/03/2025 18:00:00 - 21/03/2025 18:15:00","BZN|FR","Without Sequence","46.83","",""
"21/03/2025 18:15:00 - 21/03/2025 18:30:00","BZN|FR","Without Sequence","46.83","",""
"21/03/2025 18:30:00 - 21/03/2025 18:45:00","BZN|FR","Without Sequence","46.83","",""
"21/03/2025 18:45:00 - 21/03/2025 19:00:00","BZN|FR","Without Sequence","46.83","",""
"21/03/2025 19:00:00 - 21/03/2025 19:15:00","BZN|FR","Without Sequence","60.74","",""
"21/03/2025 19:15:00 - 21/03/2025 19:30:00","BZN|FR","Without Sequence","60.74","",""
"21/03/2025 19:30:00 - 21/03/2025 19:45:00","BZN|FR","Without Sequence","60.74","",""
"21/03/2025 19:45:00 - 21/03/2025 20:00:00","BZN|FR","Without Sequence","60.74","",""
"21/03/2025 20:00:00 - 21/03/2025 20:15:00","BZN|FR","Without Sequence","51.70","",""
"21/03/2025 20:15:00 - 21/03/2025 20:30:00","BZN|FR","Without Sequence","51.70","",""
"21/03/2025 20:30:00 - 21/03/2025 20:45:00","BZN|FR","Without Sequence","51.70","",""
"21/03/2025 20:45:00 - 21/03/2025 21:00:00","BZN|FR","Without Sequence","51.70","",""
"21/03/2025 21:00:00 - 21/03/2025 21:15:00","BZN|FR","Without Sequence","35.01","",""
"21/03/2025 21:15:00 - 21/03/2025 21:30:00","BZN|FR","Without Sequence","35.01","",""
"21/03/2025 21:30:00 - 21/03/2025 21:45:00","BZN|FR","Without Sequence","35.01","",""
"21/03/2025 21:45:00 - 21/03/2025 22:00:00","BZN|FR","Without Sequence","35.01","",""
"21/03/2025 22:00:00 - 21/03/2025 22:15:00","BZN|FR","Without Sequence","38.86","",""
"21/03/2025 22:15:00 - 21/03/2025 22:30:00","BZN|FR","Without Sequence","38.86","",""
"21/03/2025 22:30:00 - 21/03/2025 22:45:00","BZN|FR","Without Sequence","38.86","",""
"21/03/2025 22:45:00 - 21/03/2025 23:00:00","BZN|FR","Without Sequence","38.86","",""
"21/03/2025 23:00:00 - 21/03/2025 23:15:00","BZN|FR","Without Sequence","30.74","",""
"21/03/2025 23:15:00 - 21/03/2025 23:30:00","BZN|FR","Without Sequence","30.74","",""
"21/03/2025 23:30:00 - 21/03/2025 23:45:00","BZN|FR","Without Sequence","30.74","",""
"21/03/2025 23:45:00 - 22/03/2025 00:00:00","BZN|FR","Without Sequence","30.74","",""
"22/03/2025 00:00:00 - 22/03/2025 00:15:00","BZN|FR","Without Sequence","35.58","",""
"22/03/2025 00:15:00 - 22/03/2025 00:30:00","BZN|FR","Without Sequence","35.58","",""
"22/03/2025 00:30:00 - 22/03/2025 00:45:00","BZN|FR","Without Sequence","35.58","",""
"22/03/2025 00:45:00 - 22/03/2025 01:00:00","BZN|FR","Without Sequence","35.58","",""
"22/03/2025 01:00:00 - 22/03/2025 01:15:00","BZN|FR","Without Sequence","21.64","",""
"22/03/2025 01:15:00 - 22/03/2025 01:30:00","BZN|FR","Without Sequence","21.64","",""
"22/03/2025 01:30:00 - 22/03/2025 01:45:00","BZN|FR","Without Sequence","21.64","",""
"22/03/2025 01:45:00 - 22/03/2025 02:00:00","BZN|FR","Without Sequence","21.64","",""
"22/03/2025 02:00:00 - 22/03/2025 02:15:00","BZN|FR","Without Sequence","18.59","",""
"22/03/2025 02:15:00 - 22/03/2025 02:30:00","BZN|FR","Without Sequence","18.59","",""
"22/03/2025 02:30:00 - 22/03/2025 02:45:00","BZN|FR","Without Sequence","18.59","",""
"22/03/2025 02:45:00 - 22/03/2025 03:00:00","BZN|FR","Without Sequence","18.59","",""
"22/03/2025 03:00:00 - 22/03/2025 03:15:00","BZN|FR","Without Sequence","15.04","",""
"22/03/2025 03:15:00 - 22/03/2025 03:30:00","BZN|FR","Without Sequence","15.04","",""
"22/03/2025 03:30:00 - 22/03/2025 03:45:00","BZN|FR","Without Sequence","15.04","",""
"22/03/2025 03:45:00 - 22/03/2025 04:00:00","BZN|FR","Without Sequence","15.04","",""
"22/03/2025 04:00:00 - 22/03/2025 04:15:00","BZN|FR","Without Sequence","14.98","",""
"22/03/2025 04:15:00 - 22/03/2025 04:30:00","BZN|FR","Without Sequence","14.98","",""
"22/03/2025 04:30:00 - 22/03/2025 04:45:00","BZN|FR","Without Sequence","14.98","",""
"22/03/2025 04:45:00 - 22/03/2025 05:00:00","BZN|FR","Without Sequence","14.98","",""
"22/03/2025 05:00:00 - 22/03/2025 05:15:00","BZN|FR","Without Sequence","14.94","",""
"22/03/2025 05:15:00 - 22/03/2025 05:30:00","BZN|FR","Without Sequence","14.94","",""
"22/03/2025 05:30:00 - 22/03/2025 05:45:00","BZN|FR","Without Sequence","14.94","",""
"22/03/2025 05:45:00 - 22/03/2025 06:00:00","BZN|FR","Without Sequence","14.94","",""
"22/03/2025 06:00:00 - 22/03/2025 06:15:00","BZN|FR","Without Sequence","16.17","",""
"22/03/2025 06:15:00 - 22/03/2025 06:30:00","BZN|FR","Without Sequence","16.17","",""
"22/03/2025 06:30:00 - 22/03/2025 06:45:00","BZN|FR","Without Sequence","16.17","",""
"22/03/2025 06:45:00 - 22/03/2025 07:00:00","BZN|FR","Without Sequence","16.17","",""
"22/03/2025 07:00:00 - 22/03/2025 07:15:00","BZN|FR","Without Sequence","19.88","",""
"22/03/2025 07:15:00 - 22/03/2025 07:30:00","BZN|FR","Without Sequence","19.88","",""
"22/03/2025 07:30:00 - 22/03/2025 07:45:00","BZN|FR","Without Sequence","19.88","",""
"22/03/2025 07:45:00 - 22/03/2025 08:00:00","BZN|FR","Without Sequence","19.88","",""
"22/03/2025 08:00:00 - 22/03/2025 08:15:00","BZN|FR","Without Sequence","25.20","",""
"22/03/2025 08:15:00 - 22/03/2025 08:30:00","BZN|FR","Without Sequence","25.20","",""
"22/03/2025 08:30:00 - 22/03/2025 08:45:00","BZN|FR","Without Sequence","25.20","",""
"22/03/2025 08:45:00 - 22/03/2025 09:00:00","BZN|FR","Without Sequence","25.20","",""
"22/03/2025 09:00:00 - 22/03/2025 09:15:00","BZN|FR","Without Sequence","23.29","",""
"22/03/2025 09:15:00 - 22/03/2025 09:30:00","BZN|FR","Without Sequence","23.29","",""
"22/03/2025 09:30:00 - 22/03/2025 09:45:00","BZN|FR","Without Sequence","23.29","",""
"22/03/2025 09:45:00 - 22/03/2025 10:00:00","BZN|FR","Without Sequence","23.29","",""
"22/03/2025 10:00:00 - 22/03/2025 10:15:00","BZN|FR","Without Sequence","14.56","",""
"22/03/2025 10:15:00 - 22/03/2025 10:30:00","BZN|FR","Without Sequence","14.56","",""
"22/03/2025 10:30:00 - 22/03/2025 10:45:00","BZN|FR","Without Sequence","14.56","",""
"22/03/2025 10:45:00 - 22/03/2025 11:00:00","BZN|FR","Without Sequence","14.56","",""
"22/03/2025 11:00:00 - 22/03/2025 11:15:00","BZN|FR","Without Sequence","11.85","",""
"22/03/2025 11:15:00 - 22/03/2025 11:30:00","BZN|FR","Without Sequence","11.85","",""
"22/03/2025 11:30:00 - 22/03/2025 11:45:00","BZN|FR","Without Sequence","11.85","",""
"22/03/2025 11:45:00 - 22/03/2025 12:00:00","BZN|FR","Without Sequence","11.85","",""
"22/03/2025 12:00:00 - 22/03/2025 12:15:00","BZN|FR","Without Sequence","11.56","",""
"22/03/2025 12:15:00 - 22/03/2025 12:30:00","BZN|FR","Without Sequence","11.56","",""
"22/03/2025 12:30:00 - 22/03/2025 12:45:00","BZN|FR","Without Sequence","11.56","",""
"22/03/2025 12:45:00 - 22/03/2025 13:00:00","BZN|FR","Without Sequence","11.56","",""
"22/03/2025 13:00:00 - 22/03/2025 13:15:00","BZN|FR","Without Sequence","5.52","",""
"22/03/2025 13:15:00 - 22/03/2025 13:30:00","BZN|FR","Without Sequence","5.52","",""
"22/03/2025 13:30:00 - 22/03/2025 13:45:00","BZN|FR","Without Sequence","5.52","",""
"22/03/2025 13:45:00 - 22/03/2025 14:00:00","BZN|FR","Without Sequence","5.52","",""
"22/03/2025 14:00:00 - 22/03/2025 14:15:00","BZN|FR","Without Sequence","4.65","",""
"22/03/2025 14:15:00 - 22/03/2025 14:30:00","BZN|FR","Without Sequence","4.65","",""
"22/03/2025 14:30:00 - 22/03/2025 14:45:00","BZN|FR","Without Sequence","4.65","",""
"22/03/2025 14:45:00 - 22/03/2025 15:00:00","BZN|FR","Without Sequence","4.65","",""
"22/03/2025 15:00:00 - 22/03/2025 15:15:00","BZN|FR","Without Sequence","17.61","",""
"22/03/2025 15:15:00 - 22/03/2025 15:30:00","BZN|FR","Without Sequence","17.61","",""
"22/03/2025 15:30:00 - 22/03/2025 15:45:00","BZN|FR","Without Sequence","17.61","",""
"22/03/2025 15:45:00 - 22/03/2025 16:00:00","BZN|FR","Without Sequence","17.61","",""
"22/03/2025 16:00:00 - 22/03/2025 16:15:00","BZN|FR","Without Sequence","31.20","",""
"22/03/2025 16:15:00 - 22/03/2025 16:30:00","BZN|FR","Without Sequence","31.20","",""
"22/03/2025 16:30:00 - 22/03/2025 16:45:00","BZN|FR","Without Sequence","31.20","",""
"22/03/2025 16:45:00 - 22/03/2025 17:00:00","BZN|FR","Without Sequence","31.20","",""
"22/03/2025 17:00:00 - 22/03/2025 17:15:00","BZN|FR","Without Sequence","37.46","",""
"22/03/2025 17:15:00 - 22/03/2025 17:30:00","BZN|FR","Without Sequence","37.46","",""
"22/03/2025 17:30:00 - 22/03/2025 17:45:00","BZN|FR","Without Sequence","37.46","",""
"22/03/2025 17:45:00 - 22/03/2025 18:00:00","BZN|FR","Without Sequence","37.46","",""
"22/03/2025 18:00:00 - 22/03/2025 18:15:00","BZN|FR","Without Sequence","60.03","",""
"22/03/2025 18:15:00 - 22/03/2025 18:30:00","BZN|FR","Without Sequence","60.03","",""
"22/03/2025 18:30:00 - 22/03/2025 18:45:00","BZN|FR","Without Sequence","60.03","",""
"22/03/2025 18:45:00 - 22/03/2025 19:00:00","BZN|FR","Without Sequence","60.03","",""
"22/03/2025 19:00:00 - 22/03/2025 19:15:00","BZN|FR","Without Sequence","85.17","",""
"22/03/2025 19:15:00 - 22/03/2025 19:30:00","BZN|FR","Without Sequence","85.17","",""
"22/03/2025 19:30:00 - 22/03/2025 19:45:00","BZN|FR","Without Sequence","85.17","",""
"22/03/2025 19:45:00 - 22/03/2025 20:00:00","BZN|FR","Without Sequence","85.17","",""
"22/03/2025 20:00:00 - 22/03/2025 20:15:00","BZN|FR","Without Sequence","76.01","",""
"22/03/2025 20:15:00 - 22/03/2025 20:30:00","BZN|FR","Without Sequence","76.01","",""
"22/03/2025 20:30:00 - 22/03/2025 20:45:00","BZN|FR","Without Sequence","76.01","",""
"22/03/2025 20:45:00 - 22/03/2025 21:00:00","BZN|FR","Without Sequence","76.01","",""
"22/03/2025 21:00:00 - 22/03/2025 21:15:00","BZN|FR","Without Sequence","52.05","",""
"22/03/2025 21:15:00 - 22/03/2025 21:30:00","BZN|FR","Without Sequence","52.05","",""
"22/03/2025 21:30:00 - 22/03/2025 21:45:00","BZN|FR","Without Sequence","52.05","",""
"22/03/2025 21:45:00 - 22/03/2025 22:00:00","BZN|FR","Without Sequence","52.05","",""
"22/03/2025 22:00:00 - 22/03/2025 22:15:00","BZN|FR","Without Sequence","43.90","",""
"22/03/2025 22:15:00 - 22/03/2025 22:30:00","BZN|FR","Without Sequence","43.90","",""
"22/03/2025 22:30:00 - 22/03/2025 22:45:00","BZN|FR","Without Sequence","43.90","",""
"22/03/2025 22:45:00 - 22/03/2025 23:00:00","BZN|FR","Without Sequence","43.90","",""
"22/03/2025 23:00:00 - 22/03/2025 23:15:00","BZN|FR","Without Sequence","53.22","",""
"22/03/2025 23:15:00 - 22/03/2025 23:30:00","BZN|FR","Without Sequence","53.22","",""
"22/03/2025 23:30:00 - 22/03/2025 23:45:00","BZN|FR","Without Sequence","53.22","",""
"22/03/2025 23:45:00 - 23/03/2025 00:00:00","BZN|FR","Without Sequence","53.22","",""
"23/03/2025 00:00:00 - 23/03/2025 00:15:00","BZN|FR","Without Sequence","37.16","",""
"23/03/2025 00:15:00 - 23/03/2025 00:30:00","BZN|FR","Without Sequence","37.16","",""
"23/03/2025 00:30:00 - 23/03/2025 00:45:00","BZN|FR","Without Sequence","37.16","",""
"23/03/2025 00:45:00 - 23/03/2025 01:00:00","BZN|FR","Without Sequence","37.16","",""
"23/03/2025 01:00:00 - 23/03/2025 01:15:00","BZN|FR","Without Sequence","37.57","",""
"23/03/2025 01:15:00 - 23/03/2025 01:30:00","BZN|FR","Without Sequence","37.57","",""
"23/03/2025 01:30:00 - 23/03/2025 01:45:00","BZN|FR","Without Sequence","37.57","",""
"23/03/2025 01:45:00 - 23/03/2025 02:00:00","BZN|FR","Without Sequence","37.57","",""
"23/03/2025 02:00:00 - 23/03/2025 02:15:00","BZN|FR","Without Sequence","52.65","",""
"23/03/2025 02:15:00 - 23/03/2025 02:30:00","BZN|FR","Without Sequence","52.65","",""
"23/03/2025 02:30:00 - 23/03/2025 02:45:00","BZN|FR","Without Sequence","52.65","",""
"23/03/2025 02:45:00 - 23/03/2025 03:00:00","BZN|FR","Without Sequence","52.65","",""
"23/03/2025 03:00:00 - 23/03/2025 03:15:00","BZN|FR","Without Sequence","32.09","",""
"23/03/2025 03:15:00 - 23/03/2025 03:30:00","BZN|FR","Without Sequence","32.09","",""
"23/03/2025 03:30:00 - 23/03/2025 03:45:00","BZN|FR","Without Sequence","32.09","",""
"23/03/2025 03:45:00 - 23/03/2025 04:00:00","BZN|FR","Without Sequence","32.09","",""
"23/03/2025 04:00:00 - 23/03/2025 04:15:00","BZN|FR","Without Sequence","24.82","",""
"23/03/2025 04:15:00 - 23/03/2025 04:30:00","BZN|FR","Without Sequence","24.82","",""
"23/03/2025 04:30:00 - 23/03/2025 04:45:00","BZN|FR","Without Sequence","24.82","",""
"23/03/2025 04:45:00 - 23/03/2025 05:00:00","BZN|FR","Without Sequence","24.82","",""
"23/03/2025 05:00:00 - 23/03/2025 05:15:00","BZN|FR","Without Sequence","25.01","",""
"23/03/2025 05:15:00 - 23/03/2025 05:30:00","BZN|FR","Without Sequence","25.01","",""
"23/03/2025 05:30:00 - 23/03/2025 05:45:00","BZN|FR","Without Sequence","25.01","",""
"23/03/2025 05:45:00 - 23/03/2025 06:00:00","BZN|FR","Without Sequence","25.01","",""
"23/03/2025 06:00:00 - 23/03/2025 06:15:00","BZN|FR","Without Sequence","27.95","",""
"23/03/2025 06:15:00 - 23/03/2025 06:30:00","BZN|FR","Without Sequence","27.95","",""
"23/03/2025 06:30:00 - 23/03/2025 06:45:00","BZN|FR","Without Sequence","27.95","",""
"23/03/2025 06:45:00 - 23/03/2025 07:00:00","BZN|FR","Without Sequence","27.95","",""
"23/03/2025 07:00:00 - 23/03/2025 07:15:00","BZN|FR","Without Sequence","33.58","",""
"23/03/2025 07:15:00 - 23/03/2025 07:30:00","BZN|FR","Without Sequence","33.58","",""
"23/03/2025 07:30:00 - 23/03/2025 07:45:00","BZN|FR","Without Sequence","33.58","",""
"23/03/2025 07:45:00 - 23/03/2025 08:00:00","BZN|FR","Without Sequence","33.58","",""
"23/03/2025 08:00:00 - 23/03/2025 08:15:00","BZN|FR","Without Sequence","38.15","",""
"23/03/2025 08:15:00 - 23/03/2025 08:30:00","BZN|FR","Without Sequence","38.15","",""
"23/03/2025 08:30:00 - 23/03/2025 08:45:00","BZN|FR","Without Sequence","38.15","",""
"23/03/2025 08:45:00 - 23/03/2025 09:00:00","BZN|FR","Without Sequence","38.15","",""
"23/03/2025 09:00:00 - 23/03/2025 09:15:00","BZN|FR","Without Sequence","23.04","",""
"23/03/2025 09:15:00 - 23/03/2025 09:30:00","BZN|FR","Without Sequence","23.04","",""
"23/03/2025 09:30:00 - 23/03/2025 09:45:00","BZN|FR","Without Sequence","23.04","",""
"23/03/2025 09:45:00 - 23/03/2025 10:00:00","BZN|FR","Without Sequence","23.04","",""
"23/03/2025 10:00:00 - 23/03/2025 10:15:00","BZN|FR","Without Sequence","13.78","",""
"23/03/2025 10:15:00 - 23/03/2025 10:30:00","BZN|FR","Without Sequence","13.78","",""
"23/03/2025 10:30:00 - 23/03/2025 10:45:00","BZN|FR","Without Sequence","13.78","",""
"23/03/2025 10:45:00 - 23/03/2025 11:00:00","BZN|FR","Without Sequence","13.78","",""
"23/03/2025 11:00:00 - 23/03/2025 11:15:00","BZN|FR","Without Sequence","9.60","",""
"23/03/2025 11:15:00 - 23/03/2025 11:30:00","BZN|FR","Without Sequence","9.60","",""
"23/03/2025 11:30:00 - 23/03/2025 11:45:00","BZN|FR","Without Sequence","9.60","",""
"23/03/2025 11:45:00 - 23/03/2025 12:00:00","BZN|FR","Without Sequence","9.60","",""
"23/03/2025 12:00:00 - 23/03/2025 12:15:00","BZN|FR","Without Sequence","13.49","",""
"23/03/2025 12:15:00 - 23/03/2025 12:30:00","BZN|FR","Without Sequence","13.49","",""
"23/03/2025 12:30:00 - 23/03/2025 12:45:00","BZN|FR","Without Sequence","13.49","",""
"23/03/2025 12:45:00 - 23/03/2025 13:00:00","BZN|FR","Without Sequence","13.49","",""
"23/03/2025 13:00:00 - 23/03/2025 13:15:00","BZN|FR","Without Sequence","5.01","",""
"23/03/2025 13:15:00 - 23/03/2025 13:30:00","BZN|FR","Without Sequence","5.01","",""
"23/03/2025 13:30:00 - 23/03/2025 13:45:00","BZN|FR","Without Sequence","5.01","",""
"23/03/2025 13:45:00 - 23/03/2025 14:00:00","BZN|FR","Without Sequence","5.01","",""
"23/03/2025 14:00:00 - 23/03/2025 14:15:00","BZN|FR","Without Sequence","11.46","",""
"23/03/2025 14:15:00 - 23/03/2025 14:30:00","BZN|FR","Without Sequence","11.46","",""
"23/03/2025 14:30:00 - 23/03/2025 14:45:00","BZN|FR","Without Sequence","11.46","",""
"23/03/2025 14:45:00 - 23/03/2025 15:00:00","BZN|FR","Without Sequence","11.46","",""
"23/03/2025 15:00:00 - 23/03/2025 15:15:00","BZN|FR","Without Sequence","33.18","",""
"23/03/2025 15:15:00 - 23/03/2025 15:30:00","BZN|FR","Without Sequence","33.18","",""
"23/03/2025 15:30:00 - 23/03/2025 15:45:00","BZN|FR","Without Sequence","33.18","",""
"23/03/2025 15:45:00 - 23/03/2025 16:00:00","BZN|FR","Without Sequence","33.18","",""
"23/03/2025 16:00:00 - 23/03/2025 16:15:00","BZN|FR","Without Sequence","41.77","",""
"23/03/2025 16:15:00 - 23/03/2025 16:30:00","BZN|FR","Without Sequence","41.77","",""
"23/03/2025 16:30:00 - 23/03/2025 16:45:00","BZN|FR","Without Sequence","41.77","",""
"23/03/2025 16:45:00 - 23/03/2025 17:00:00","BZN|FR","Without Sequence","41.77","",""
"23/03/2025 17:00:00 - 23/03/2025 17:15:00","BZN|FR","Without Sequence","45.96","",""
"23/03/2025 17:15:00 - 23/03/2025 17:30:00","BZN|FR","Without Sequence","45.96","",""
"23/03/2025 17:30:00 - 23/03/2025 17:45:00","BZN|FR","Without Sequence","45.96","",""
"23/03/2025 17:45:00 - 23/03/2025 18:00:00","BZN|FR","Without Sequence","45.96","",""
"23/03/2025 18:00:00 - 23/03/2025 18:15:00","BZN|FR","Without Sequence","96.18","",""
"23/03/2025 18:15:00 - 23/03/2025 18:30:00","BZN|FR","Without Sequence","96.18","",""
"23/03/2025 18:30:00 - 23/03/2025 18:45:00","BZN|FR","Without Sequence","96.18","",""
"23/03/2025 18:45:00 - 23/03/2025 19:00:00","BZN|FR","Without Sequence","96.18","",""
"23/03/2025 19:00:00 - 23/03/2025 19:15:00","BZN|FR","Without Sequence","125.54","",""
"23/03/2025 19:15:00 - 23/03/2025 19:30:00","BZN|FR","Without Sequence","125.54","",""
"23/03/2025 19:30:00 - 23/03/2025 19:45:00","BZN|FR","Without Sequence","125.54","",""
"23/03/2025 19:45:00 - 23/03/2025 20:00:00","BZN|FR","Without Sequence","125.54","",""
"23/03/2025 20:00:00 - 23/03/2025 20:15:00","BZN|FR","Without Sequence","125.92","",""
"23/03/2025 20:15:00 - 23/03/2025 20:30:00","BZN|FR","Without Sequence","125.92","",""
"23/03/2025 20:30:00 - 23/03/2025 20:45:00","BZN|FR","Without Sequence","125.92","",""
"23/03/2025 20:45:00 - 23/03/2025 21:00:00","BZN|FR","Without Sequence","125.92","",""
"23/03/2025 21:00:00 - 23/03/2025 21:15:00","BZN|FR","Without Sequence","111.00","",""
"23/03/2025 21:15:00 - 23/03/2025 21:30:00","BZN|FR","Without Sequence","111.00","",""
"23/03/2025 21:30:00 - 23/03/2025 21:45:00","BZN|FR","Without Sequence","111.00","",""
"23/03/2025 21:45:00 - 23/03/2025 22:00:00","BZN|FR","Without Sequence","111.00","",""
"23/03/2025 22:00:00 - 23/03/2025 22:15:00","BZN|FR","Without Sequence","106.07","",""
"23/03/2025 22:15:00 - 23/03/2025 22:30:00","BZN|FR","Without Sequence","106.07","",""
"23/03/2025 22:30:00 - 23/03/2025 22:45:00","BZN|FR","Without Sequence","106.07","",""
"23/03/2025 22:45:00 - 23/03/2025 23:00:00","BZN|FR","Without Sequence","106.07","",""
"23/03/2025 23:00:00 - 23/03/2025 23:15:00","BZN|FR","Without Sequence","114.24","",""
"23/03/2025 23:15:00 - 23/03/2025 23:30:00","BZN|FR","Without Sequence","114.24","",""
"23/03/2025 23:30:00 - 23/03/2025 23:45:00","BZN|FR","Without Sequence","114.24","",""
"23/03/2025 23:45:00 - 24/03/2025 00:00:00","BZN|FR","Without Sequence","114.24","",""
"24/03/2025 00:00:00 - 24/03/2025 00:15:00","BZN|FR","Without Sequence","97.60","",""
"24/03/2025 00:15:00 - 24/03/2025 00:30:00","BZN|FR","Without Sequence","97.60","",""
"24/03/2025 00:30:00 - 24/03/2025 00:45:00","BZN|FR","Without Sequence","97.60","",""
"24/03/2025 00:45:00 - 24/03/2025 01:00:00","BZN|FR","Without Sequence","97.60","",""
"24/03/2025 01:00:00 - 24/03/2025 01:15:00","BZN|FR","Without Sequence","79.87","",""
"24/03/2025 01:15:00 - 24/03/2025 01:30:00","BZN|FR","Without Sequence","79.87","",""
"24/03/2025 01:30:00 - 24/03/2025 01:45:00","BZN|FR","Without Sequence","79.87","",""
"24/03/2025 01:45:00 - 24/03/2025 02:00:00","BZN|FR","Without Sequence","79.87","",""
"24/03/2025 02:00:00 - 24/03/2025 02:15:00","BZN|FR","Without Sequence","85.17","",""
"24/03/2025 02:15:00 - 24/03/2025 02:30:00","BZN|FR","Without Sequence","85.17","",""
"24/03/2025 02:30:00 - 24/03/2025 02:45:00","BZN|FR","Without Sequence","85.17","",""
"24/03/2025 02:45:00 - 24/03/2025 03:00:00","BZN|FR","Without Sequence","85.17","",""
"24/03/2025 03:00:00 - 24/03/2025 03:15:00","BZN|FR","Without Sequence","82.75","",""
"24/03/2025 03:15:00 - 24/03/2025 03:30:00","BZN|FR","Without Sequence","82.75","",""
"24/03/2025 03:30:00 - 24/03/2025 03:45:00","BZN|FR","Without Sequence","82.75","",""
"24/03/2025 03:45:00 - 24/03/2025 04:00:00","BZN|FR","Without Sequence","82.75","",""
"24/03/2025 04:00:00 - 24/03/2025 04:15:00","BZN|FR","Without Sequence","79.51","",""
"24/03/2025 04:15:00 - 24/03/2025 04:30:00","BZN|FR","Without Sequence","79.51","",""
"24/03/2025 04:30:00 - 24/03/2025 04:45:00","BZN|FR","Without Sequence","79.51","",""
"24/03/2025 04:45:00 - 24/03/2025 05:00:00","BZN|FR","Without Sequence","79.51","",""
"24/03/2025 05:00:00 - 24/03/2025 05:15:00","BZN|FR","Without Sequence","87.72","",""
"24/03/2025 05:15:00 - 24/03/2025 05:30:00","BZN|FR","Without Sequence","87.72","",""
"24/03/2025 05:30:00 - 24/03/2025 05:45:00","BZN|FR","Without Sequence","87.72","",""
"24/03/2025 05:45:00 - 24/03/2025 06:00:00","BZN|FR","Without Sequence","87.72","",""
"24/03/2025 06:00:00 - 24/03/2025 06:15:00","BZN|FR","Without Sequence","115.60","",""
"24/03/2025 06:15:00 - 24/03/2025 06:30:00","BZN|FR","Without Sequence","115.60","",""
"24/03/2025 06:30:00 - 24/03/2025 06:45:00","BZN|FR","Without Sequence","115.60","",""
"24/03/2025 06:45:00 - 24/03/2025 07:00:00","BZN|FR","Without Sequence","115.60","",""
"24/03/2025 07:00:00 - 24/03/2025 07:15:00","BZN|FR","Without Sequence","146.32","",""
"24/03/2025 07:15:00 - 24/03/2025 07:30:00","BZN|FR","Without Sequence","146.32","",""
"24/03/2025 07:30:00 - 24/03/2025 07:45:00","BZN|FR","Without Sequence","146.32","",""
"24/03/2025 07:45:00 - 24/03/2025 08:00:00","BZN|FR","Without Sequence","146.32","",""
"24/03/2025 08:00:00 - 24/03/2025 08:15:00","BZN|FR","Without Sequence","145.52","",""
"24/03/2025 08:15:00 - 24/03/2025 08:30:00","BZN|FR","Without Sequence","145.52","",""
"24/03/2025 08:30:00 - 24/03/2025 08:45:00","BZN|FR","Without Sequence","145.52","",""
"24/03/2025 08:45:00 - 24/03/2025 09:00:00","BZN|FR","Without Sequence","145.52","",""
"24/03/2025 09:00:00 - 24/03/2025 09:15:00","BZN|FR","Without Sequence","119.47","",""
"24/03/2025 09:15:00 - 24/03/2025 09:30:00","BZN|FR","Without Sequence","119.47","",""
"24/03/2025 09:30:00 - 24/03/2025 09:45:00","BZN|FR","Without Sequence","119.47","",""
"24/03/2025 09:45:00 - 24/03/2025 10:00:00","BZN|FR","Without Sequence","119.47","",""
"24/03/2025 10:00:00 - 24/03/2025 10:15:00","BZN|FR","Without Sequence","107.06","",""
"24/03/2025 10:15:00 - 24/03/2025 10:30:00","BZN|FR","Without Sequence","107.06","",""
"24/03/2025 10:30:00 - 24/03/2025 10:45:00","BZN|FR","Without Sequence","107.06","",""
"24/03/2025 10:45:00 - 24/03/2025 11:00:00","BZN|FR","Without Sequence","107.06","",""
"24/03/2025 11:00:00 - 24/03/2025 11:15:00","BZN|FR","Without Sequence","79.09","",""
"24/03/2025 11:15:00 - 24/03/2025 11:30:00","BZN|FR","Without Sequence","79.09","",""
"24/03/2025 11:30:00 - 24/03/2025 11:45:00","BZN|FR","Without Sequence","79.09","",""
"24/03/2025 11:45:00 - 24/03/2025 12:00:00","BZN|FR","Without Sequence","79.09","",""
"24/03/2025 12:00:00 - 24/03/2025 12:15:00","BZN|FR","Without Sequence","74.96","",""
"24/03/2025 12:15:00 - 24/03/2025 12:30:00","BZN|FR","Without Sequence","74.96","",""
"24/03/2025 12:30:00 - 24/03/2025 12:45:00","BZN|FR","Without Sequence","74.96","",""
"24/03/2025 12:45:00 - 24/03/2025 13:00:00","BZN|FR","Without Sequence","74.96","",""
"24/03/2025 13:00:00 - 24/03/2025 13:15:00","BZN|FR","Without Sequence","68.64","",""
"24/03/2025 13:15:00 - 24/03/2025 13:30:00","BZN|FR","Without Sequence","68.64","",""
"24/03/2025 13:30:00 - 24/03/2025 13:45:00","BZN|FR","Without Sequence","68.64","",""
"24/03/2025 13:45:00 - 24/03/2025 14:00:00","BZN|FR","Without Sequence","68.64","",""
"24/03/2025 14:00:00 - 24/03/2025 14:15:00","BZN|FR","Without Sequence","62.76","",""
"24/03/2025 14:15:00 - 24/03/2025 14:30:00","BZN|FR","Without Sequence","62.76","",""
"24/03/2025 14:30:00 - 24/03/2025 14:45:00","BZN|FR","Without Sequence","62.76","",""
"24/03/2025 14:45:00 - 24/03/2025 15:00:00","BZN|FR","Without Sequence","62.76","",""
"24/03/2025 15:00:00 - 24/03/2025 15:15:00","BZN|FR","Without Sequence","61.64","",""
"24/03/2025 15:15:00 - 24/03/2025 15:30:00","BZN|FR","Without Sequence","61.64","",""
"24/03/2025 15:30:00 - 24/03/2025 15:45:00","BZN|FR","Without Sequence","61.64","",""
"24/03/2025 15:45:00 - 24/03/2025 16:00:00","BZN|FR","Without Sequence","61.64","",""
"24/03/2025 16:00:00 - 24/03/2025 16:15:00","BZN|FR","Without Sequence","76.60","",""
"24/03/2025 16:15:00 - 24/03/2025 16:30:00","BZN|FR","Without Sequence","76.60","",""
"24/03/2025 16:30:00 - 24/03/2025 16:45:00","BZN|FR","Without Sequence","76.60","",""
"24/03/2025 16:45:00 - 24/03/2025 17:00:00","BZN|FR","Without Sequence","76.60","",""
"24/03/2025 17:00:00 - 24/03/2025 17:15:00","BZN|FR","Without Sequence","94.64","",""
"24/03/2025 17:15:00 - 24/03/2025 17:30:00","BZN|FR","Without Sequence","94.64","",""
"24/03/2025 17:30:00 - 24/03/2025 17:45:00","BZN|FR","Without Sequence","94.64","",""
"24/03/2025 17:45:00 - 24/03/2025 18:00:00","BZN|FR","Without Sequence","94.64","",""
"24/03/2025 18:00:00 - 24/03/2025 18:15:00","BZN|FR","Without Sequence","136.68","",""
"24/03/2025 18:15:00 - 24/03/2025 18:30:00","BZN|FR","Without Sequence","136.68","",""
"24/03/2025 18:30:00 - 24/03/2025 18:45:00","BZN|FR","Without Sequence","136.68","",""
"24/03/2025 18:45:00 - 24/03/2025 19:00:00","BZN|FR","Without Sequence","136.68","",""
"24/03/2025 19:00:00 - 24/03/2025 19:15:00","BZN|FR","Without Sequence","179.10","",""
"24/03/2025 19:15:00 - 24/03/2025 19:30:00","BZN|FR","Without Sequence","179.10","",""
"24/03/2025 19:30:00 - 24/03/2025 19:45:00","BZN|FR","Without Sequence","179.10","",""
"24/03/2025 19:45:00 - 24/03/2025 20:00:00","BZN|FR","Without Sequence","179.10","",""
"24/03/2025 20:00:00 - 24/03/2025 20:15:00","BZN|FR","Without Sequence","158.30","",""
"24/03/2025 20:15:00 - 24/03/2025 20:30:00","BZN|FR","Without Sequence","158.30","",""
"24/03/2025 20:30:00 - 24/03/2025 20:45:00","BZN|FR","Without Sequence","158.30","",""
"24/03/2025 20:45:00 - 24/03/2025 21:00:00","BZN|FR","Without Sequence","158.30","",""
"24/03/2025 21:00:00 - 24/03/2025 21:15:00","BZN|FR","Without Sequence","120.96","",""
"24/03/2025 21:15:00 - 24/03/2025 21:30:00","BZN|FR","Without Sequence","120.96","",""
"24/03/2025 21:30:00 - 24/03/2025 21:45:00","BZN|FR","Without Sequence","120.96","",""
"24/03/2025 21:45:00 - 24/03/2025 22:00:00","BZN|FR","Without Sequence","120.96","",""
"24/03/2025 22:00:00 - 24/03/2025 22:15:00","BZN|FR","Without Sequence","107.92","",""
"24/03/2025 22:15:00 - 24/03/2025 22:30:00","BZN|FR","Without Sequence","107.92","",""
"24/03/2025 22:30:00 - 24/03/2025 22:45:00","BZN|FR","Without Sequence","107.92","",""
"24/03/2025 22:45:00 - 24/03/2025 23:00:00","BZN|FR","Without Sequence","107.92","",""
"24/03/2025 23:00:00 - 24/03/2025 23:15:00","BZN|FR","Without Sequence","103.43","",""
"24/03/2025 23:15:00 - 24/03/2025 23:30:00","BZN|FR","Without Sequence","103.43","",""
"24/03/2025 23:30:00 - 24/03/2025 23:45:00","BZN|FR","Without Sequence","103.43","",""
"24/03/2025 23:45:00 - 25/03/2025 00:00:00","BZN|FR","Without Sequence","103.43","",""
"25/03/2025 00:00:00 - 25/03/2025 00:15:00","BZN|FR","Without Sequence","90.45","",""
"25/03/2025 00:15:00 - 25/03/2025 00:30:00","BZN|FR","Without Sequence","90.45","",""
"25/03/2025 00:30:00 - 25/03/2025 00:45:00","BZN|FR","Without Sequence","90.45","",""
"25/03/2025 00:45:00 - 25/03/2025 01:00:00","BZN|FR","Without Sequence","90.45","",""
"25/03/2025 01:00:00 - 25/03/2025 01:15:00","BZN|FR","Without Sequence","84.94","",""
"25/03/2025 01:15:00 - 25/03/2025 01:30:00","BZN|FR","Without Sequence","84.94","",""
"25/03/2025 01:30:00 - 25/03/2025 01:45:00","BZN|FR","Without Sequence","84.94","",""
"25/03/2025 01:45:00 - 25/03/2025 02:00:00","BZN|FR","Without Sequence","84.94","",""
"25/03/2025 02:00:00 - 25/03/2025 02:15:00","BZN|FR","Without Sequence","82.08","",""
"25/03/2025 02:15:00 - 25/03/2025 02:30:00","BZN|FR","Without Sequence","82.08","",""
"25/03/2025 02:30:00 - 25/03/2025 02:45:00","BZN|FR","Without Sequence","82.08","",""
"25/03/2025 02:45:00 - 25/03/2025 03:00:00","BZN|FR","Without Sequence","82.08","",""
"25/03/2025 03:00:00 - 25/03/2025 03:15:00","BZN|FR","Without Sequence","73.33","",""
"25/03/2025 03:15:00 - 25/03/2025 03:30:00","BZN|FR","Without Sequence","73.33","",""
"25/03/2025 03:30:00 - 25/03/2025 03:45:00","BZN|FR","Without Sequence","73.33","",""
"25/03/2025 03:45:00 - 25/03/2025 04:00:00","BZN|FR","Without Sequence","73.33","",""
"25/03/2025 04:00:00 - 25/03/2025 04:15:00","BZN|FR","Without Sequence","76.61","",""
"25/03/2025 04:15:00 - 25/03/2025 04:30:00","BZN|FR","Without Sequence","76.61","",""
"25/03/2025 04:30:00 - 25/03/2025 04:45:00","BZN|FR","Without Sequence","76.61","",""
"25/03/2025 04:45:00 - 25/03/2025 05:00:00","BZN|FR","Without Sequence","76.61","",""
"25/03/2025 05:00:00 - 25/03/2025 05:15:00","BZN|FR","Without Sequence","84.95","",""
"25/03/2025 05:15:00 - 25/03/2025 05:30:00","BZN|FR","Without Sequence","84.95","",""
"25/03/2025 05:30:00 - 25/03/2025 05:45:00","BZN|FR","Without Sequence","84.95","",""
"25/03/2025 05:45:00 - 25/03/2025 06:00:00","BZN|FR","Without Sequence","84.95","",""
"25/03/2025 06:00:00 - 25/03/2025 06:15:00","BZN|FR","Without Sequence","102.19","",""
"25/03/2025 06:15:00 - 25/03/2025 06:30:00","BZN|FR","Without Sequence","102.19","",""
"25/03/2025 06:30:00 - 25/03/2025 06:45:00","BZN|FR","Without Sequence","102.19","",""
"25/03/2025 06:45:00 - 25/03/2025 07:00:00","BZN|FR","Without Sequence","102.19","",""
"25/03/2025 07:00:00 - 25/03/2025 07:15:00","BZN|FR","Without Sequence","124.85","",""
"25/03/2025 07:15:00 - 25/03/2025 07:30:00","BZN|FR","Without Sequence","124.85","",""
"25/03/2025 07:30:00 - 25/03/2025 07:45:00","BZN|FR","Without Sequence","124.85","",""
"25/03/2025 07:45:00 - 25/03/2025 08:00:00","BZN|FR","Without Sequence","124.85","",""
"25/03/2025 08:00:00 - 25/03/2025 08:15:00","BZN|FR","Without Sequence","108.20","",""
"25/03/2025 08:15:00 - 25/03/2025 08:30:00","BZN|FR","Without Sequence","108.20","",""
"25/03/2025 08:30:00 - 25/03/2025 08:45:00","BZN|FR","Without Sequence","108.20","",""
"25/03/2025 08:45:00 - 25/03/2025 09:00:00","BZN|FR","Without Sequence","108.20","",""
"25/03/2025 09:00:00 - 25/03/2025 09:15:00","BZN|FR","Without Sequence","104.12","",""
"25/03/2025 09:15:00 - 25/03/2025 09:30:00","BZN|FR","Without Sequence","104.12","",""
"25/03/2025 09:30:00 - 25/03/2025 09:45:00","BZN|FR","Without Sequence","104.12","",""
"25/03/2025 09:45:00 - 25/03/2025 10:00:00","BZN|FR","Without Sequence","104.12","",""
"25/03/2025 10:00:00 - 25/03/2025 10:15:00","BZN|FR","Without Sequence","82.15","",""
"25/03/2025 10:15:00 - 25/03/2025 10:30:00","BZN|FR","Without Sequence","82.15","",""
"25/03/2025 10:30:00 - 25/03/2025 10:45:00","BZN|FR","Without Sequence","82.15","",""
"25/03/2025 10:45:00 - 25/03/2025 11:00:00","BZN|FR","Without Sequence","82.15","",""
"25/03/2025 11:00:00 - 25/03/2025 11:15:00","BZN|FR","Without Sequence","76.17","",""
"25/03/2025 11:15:00 - 25/03/2025 11:30:00","BZN|FR","Without Sequence","76.17","",""
"25/03/2025 11:30:00 - 25/03/2025 11:45:00","BZN|FR","Without Sequence","76.17","",""
"25/03/2025 11:45:00 - 25/03/2025 12:00:00","BZN|FR","Without Sequence","76.17","",""
"25/03/2025 12:00:00 - 25/03/2025 12:15:00","BZN|FR","Without Sequence","73.17","",""
"25/03/2025 12:15:00 - 25/03/2025 12:30:00","BZN|FR","Without Sequence","73.17","",""
"25/03/2025 12:30:00 - 25/03/2025 12:45:00","BZN|FR","Without Sequence","73.17","",""
"25/03/2025 12:45:00 - 25/03/2025 13:00:00","BZN|FR","Without Sequence","73.17","",""
"25/03/2025 13:00:00 - 25/03/2025 13:15:00","BZN|FR","Without Sequence","65.48","",""
"25/03/2025 13:15:00 - 25/03/2025 13:30:00","BZN|FR","Without Sequence","65.48","",""
"25/03/2025 13:30:00 - 25/03/2025 13:45:00","BZN|FR","Without Sequence","65.48","",""
"25/03/2025 13:45:00 - 25/03/2025 14:00:00","BZN|FR","Without Sequence","65.48","",""
"25/03/2025 14:00:00 - 25/03/2025 14:15:00","BZN|FR","Without Sequence","57.92","",""
"25/03/2025 14:15:00 - 25/03/2025 14:30:00","BZN|FR","Without Sequence","57.92","",""
"25/03/2025 14:30:00 - 25/03/2025 14:45:00","BZN|FR","Without Sequence","57.92","",""
"25/03/2025 14:45:00 - 25/03/2025 15:00:00","BZN|FR","Without Sequence","57.92","",""
"25/03/2025 15:00:00 - 25/03/2025 15:15:00","BZN|FR","Without Sequence","56.78","",""
"25/03/2025 15:15:00 - 25/03/2025 15:30:00","BZN|FR","Without Sequence","56.78","",""
"25/03/2025 15:30:00 - 25/03/2025 15:45:00","BZN|FR","Without Sequence","56.78","",""
"25/03/2025 15:45:00 - 25/03/2025 16:00:00","BZN|FR","Without Sequence","56.78","",""
"25/03/2025 16:00:00 - 25/03/2025 16:15:00","BZN|FR","Without Sequence","63.81","",""
"25/03/2025 16:15:00 - 25/03/2025 16:30:00","BZN|FR","Without Sequence","63.81","",""
"25/03/2025 16:30:00 - 25/03/2025 16:45:00","BZN|FR","Without Sequence","63.81","",""
"25/03/2025 16:45:00 - 25/03/2025 17:00:00","BZN|FR","Without Sequence","63.81","",""
"25/03/2025 17:00:00 - 25/03/2025 17:15:00","BZN|FR","Without Sequence","77.18","",""
"25/03/2025 17:15:00 - 25/03/2025 17:30:00","BZN|FR","Without Sequence","77.18","",""
"25/03/2025 17:30:00 - 25/03/2025 17:45:00","BZN|FR","Without Sequence","77.18","",""
"25/03/2025 17:45:00 - 25/03/2025 18:00:00","BZN|FR","Without Sequence","77.18","",""
"25/03/2025 18:00:00 - 25/03/2025 18:15:00","BZN|FR","Without Sequence","113.20","",""
"25/03/2025 18:15:00 - 25/03/2025 18:30:00","BZN|FR","Without Sequence","113.20","",""
"25/03/2025 18:30:00 - 25/03/2025 18:45:00","BZN|FR","Without Sequence","113.20","",""
"25/03/2025 18:45:00 - 25/03/2025 19:00:00","BZN|FR","Without Sequence","113.20","",""
"25/03/2025 19:00:00 - 25/03/2025 19:15:00","BZN|FR","Without Sequence","160.86","",""
"25/03/2025 19:15:00 - 25/03/2025 19:30:00","BZN|FR","Without Sequence","160.86","",""
"25/03/2025 19:30:00 - 25/03/2025 19:45:00","BZN|FR","Without Sequence","160.86","",""
"25/03/2025 19:45:00 - 25/03/2025 20:00:00","BZN|FR","Without Sequence","160.86","",""
"25/03/2025 20:00:00 - 25/03/2025 20:15:00","BZN|FR","Without Sequence","148.60","",""
"25/03/2025 20:15:00 - 25/03/2025 20:30:00","BZN|FR","Without Sequence","148.60","",""
"25/03/2025 20:30:00 - 25/03/2025 20:45:00","BZN|FR","Without Sequence","148.60","",""
"25/03/2025 20:45:00 - 25/03/2025 21:00:00","BZN|FR","Without Sequence","148.60","",""
"25/03/2025 21:00:00 - 25/03/2025 21:15:00","BZN|FR","Without Sequence","123.86","",""
"25/03/2025 21:15:00 - 25/03/2025 21:30:00","BZN|FR","Without Sequence","123.86","",""
"25/03/2025 21:30:00 - 25/03/2025 21:45:00","BZN|FR","Without Sequence","123.86","",""
"25/03/2025 21:45:00 - 25/03/2025 22:00:00","BZN|FR","Without Sequence","123.86","",""
"25/03/2025 22:00:00 - 25/03/2025 22:15:00","BZN|FR","Without Sequence","104.25","",""
"25/03/2025 22:15:00 - 25/03/2025 22:30:00","BZN|FR","Without Sequence","104.25","",""
"25/03/2025 22:30:00 - 25/03/2025 22:45:00","BZN|FR","Without Sequence","104.25","",""
"25/03/2025 22:45:00 - 25/03/2025 23:00:00","BZN|FR","Without Sequence","104.25","",""
"25/03/2025 23:00:00 - 25/03/2025 23:15:00","BZN|FR","Without Sequence","102.05","",""
"25/03/2025 23:15:00 - 25/03/2025 23:30:00","BZN|FR","Without Sequence","102.05","",""
"25/03/2025 23:30:00 - 25/03/2025 23:45:00","BZN|FR","Without Sequence","102.05","",""
"25/03/2025 23:45:00 - 26/03/2025 00:00:00","BZN|FR","Without Sequence","102.05","",""
"26/03/2025 00:00:00 - 26/03/2025 00:15:00","BZN|FR","Without Sequence","101.02","",""
"26/03/2025 00:15:00 - 26/03/2025 00:30:00","BZN|FR","Without Sequence","101.02","",""
"26/03/2025 00:30:00 - 26/03/2025 00:45:00","BZN|FR","Without Sequence","101.02","",""
"26/03/2025 00:45:00 - 26/03/2025 01:00:00","BZN|FR","Without Sequence","101.02","",""
"26/03/2025 01:00:00 - 26/03/2025 01:15:00","BZN|FR","Without Sequence","97.96","",""
"26/03/2025 01:15:00 - 26/03/2025 01:30:00","BZN|FR","Without Sequence","97.96","",""
"26/03/2025 01:30:00 - 26/03/2025 01:45:00","BZN|FR","Without Sequence","97.96","",""
"26/03/2025 01:45:00 - 26/03/2025 02:00:00","BZN|FR","Without Sequence","97.96","",""
"26/03/2025 02:00:00 - 26/03/2025 02:15:00","BZN|FR","Without Sequence","97.23","",""
"26/03/2025 02:15:00 - 26/03/2025 02:30:00","BZN|FR","Without Sequence","97.23","",""
"26/03/2025 02:30:00 - 26/03/2025 02:45:00","BZN|FR","Without Sequence","97.23","",""
"26/03/2025 02:45:00 - 26/03/2025 03:00:00","BZN|FR","Without Sequence","97.23","",""
"26/03/2025 03:00:00 - 26/03/2025 03:15:00","BZN|FR","Without Sequence","88.41","",""
"26/03/2025 03:15:00 - 26/03/2025 03:30:00","BZN|FR","Without Sequence","88.41","",""
"26/03/2025 03:30:00 - 26/03/2025 03:45:00","BZN|FR","Without Sequence","88.41","",""
"26/03/2025 03:45:00 - 26/03/2025 04:00:00","BZN|FR","Without Sequence","88.41","",""
"26/03/2025 04:00:00 - 26/03/2025 04:15:00","BZN|FR","Without Sequence","72.06","",""
"26/03/2025 04:15:00 - 26/03/2025 04:30:00","BZN|FR","Without Sequence","72.06","",""
"26/03/2025 04:30:00 - 26/03/2025 04:45:00","BZN|FR","Without Sequence","72.06","",""
"26/03/2025 04:45:00 - 26/03/2025 05:00:00","BZN|FR","Without Sequence","72.06","",""
"26/03/2025 05:00:00 - 26/03/2025 05:15:00","BZN|FR","Without Sequence","83.71","",""
"26/03/2025 05:15:00 - 26/03/2025 05:30:00","BZN|FR","Without Sequence","83.71","",""
"26/03/2025 05:30:00 - 26/03/2025 05:45:00","BZN|FR","Without Sequence","83.71","",""
"26/03/2025 05:45:00 - 26/03/2025 06:00:00","BZN|FR","Without Sequence","83.71","",""
"26/03/2025 06:00:00 - 26/03/2025 06:15:00","BZN|FR","Without Sequence","102.51","",""
"26/03/2025 06:15:00 - 26/03/2025 06:30:00","BZN|FR","Without Sequence","102.51","",""
"26/03/2025 06:30:00 - 26/03/2025 06:45:00","BZN|FR","Without Sequence","102.51","",""
"26/03/2025 06:45:00 - 26/03/2025 07:00:00","BZN|FR","Without Sequence","102.51","",""
"26/03/2025 07:00:00 - 26/03/2025 07:15:00","BZN|FR","Without Sequence","122.60","",""
"26/03/2025 07:15:00 - 26/03/2025 07:30:00","BZN|FR","Without Sequence","122.60","",""
"26/03/2025 07:30:00 - 26/03/2025 07:45:00","BZN|FR","Without Sequence","122.60","",""
"26/03/2025 07:45:00 - 26/03/2025 08:00:00","BZN|FR","Without Sequence","122.60","",""
"26/03/2025 08:00:00 - 26/03/2025 08:15:00","BZN|FR","Without Sequence","125.98","",""
"26/03/2025 08:15:00 - 26/03/2025 08:30:00","BZN|FR","Without Sequence","125.98","",""
"26/03/2025 08:30:00 - 26/03/2025 08:45:00","BZN|FR","Without Sequence","125.98","",""
"26/03/2025 08:45:00 - 26/03/2025 09:00:00","BZN|FR","Without Sequence","125.98","",""
"26/03/2025 09:00:00 - 26/03/2025 09:15:00","BZN|FR","Without Sequence","105.91","",""
"26/03/2025 09:15:00 - 26/03/2025 09:30:00","BZN|FR","Without Sequence","105.91","",""
"26/03/2025 09:30:00 - 26/03/2025 09:45:00","BZN|FR","Without Sequence","105.91","",""
"26/03/2025 09:45:00 - 26/03/2025 10:00:00","BZN|FR","Without Sequence","105.91","",""
"26/03/2025 10:00:00 - 26/03/2025 10:15:00","BZN|FR","Without Sequence","91.93","",""
"26/03/2025 10:15:00 - 26/03/2025 10:30:00","BZN|FR","Without Sequence","91.93","",""
"26/03/2025 10:30:00 - 26/03/2025 10:45:00","BZN|FR","Without Sequence","91.93","",""
"26/03/2025 10:45:00 - 26/03/2025 11:00:00","BZN|FR","Without Sequence","91.93","",""
"26/03/2025 11:00:00 - 26/03/2025 11:15:00","BZN|FR","Without Sequence","91.00","",""
"26/03/2025 11:15:00 - 26/03/2025 11:30:00","BZN|FR","Without Sequence","91.00","",""
"26/03/2025 11:30:00 - 26/03/2025 11:45:00","BZN|FR","Without Sequence","91.00","",""
"26/03/2025 11:45:00 - 26/03/2025 12:00:00","BZN|FR","Without Sequence","91.00","",""
"26/03/2025 12:00:00 - 26/03/2025 12:15:00","BZN|FR","Without Sequence","92.00","",""
"26/03/2025 12:15:00 - 26/03/2025 12:30:00","BZN|FR","Without Sequence","92.00","",""
"26/03/2025 12:30:00 - 26/03/2025 12:45:00","BZN|FR","Without Sequence","92.00","",""
"26/03/2025 12:45:00 - 26/03/2025 13:00:00","BZN|FR","Without Sequence","92.00","",""
"26/03/2025 13:00:00 - 26/03/2025 13:15:00","BZN|FR","Without Sequence","80.86","",""
"26/03/2025 13:15:00 - 26/03/2025 13:30:00","BZN|FR","Without Sequence","80.86","",""
"26/03/2025 13:30:00 - 26/03/2025 13:45:00","BZN|FR","Without Sequence","80.86","",""
"26/03/2025 13:45:00 - 26/03/2025 14:00:00","BZN|FR","Without Sequence","80.86","",""
"26/03/2025 14:00:00 - 26/03/2025 14:15:00","BZN|FR","Without Sequence","73.84","",""
"26/03/2025 14:15:00 - 26/03/2025 14:30:00","BZN|FR","Without Sequence","73.84","",""
"26/03/2025 14:30:00 - 26/03/2025 14:45:00","BZN|FR","Without Sequence","73.84","",""
"26/03/2025 14:45:00 - 26/03/2025 15:00:00","BZN|FR","Without Sequence","73.84","",""
"26/03/2025 15:00:00 - 26/03/2025 15:15:00","BZN|FR","Without Sequence","75.73","",""
"26/03/2025 15:15:00 - 26/03/2025 15:30:00","BZN|FR","Without Sequence","75.73","",""
"26/03/2025 15:30:00 - 26/03/2025 15:45:00","BZN|FR","Without Sequence","75.73","",""
"26/03/2025 15:45:00 - 26/03/2025 16:00:00","BZN|FR","Without Sequence","75.73","",""
"26/03/2025 16:00:00 - 26/03/2025 16:15:00","BZN|FR","Without Sequence","80.66","",""
"26/03/2025 16:15:00 - 26/03/2025 16:30:00","BZN|FR","Without Sequence","80.66","",""
"26/03/2025 16:30:00 - 26/03/2025 16:45:00","BZN|FR","Without Sequence","80.66","",""
"26/03/2025 16:45:00 - 26/03/2025 17:00:00","BZN|FR","Without Sequence","80.66","",""
"26/03/2025 17:00:00 - 26/03/2025 17:15:00","BZN|FR","Without Sequence","90.79","",""
"26/03/2025 17:15:00 - 26/03/2025 17:30:00","BZN|FR","Without Sequence","90.79","",""
"26/03/2025 17:30:00 - 26/03/2025 17:45:00","BZN|FR","Without Sequence","90.79","",""
"26/03/2025 17:45:00 - 26/03/2025 18:00:00","BZN|FR","Without Sequence","90.79","",""
"26/03/2025 18:00:00 - 26/03/2025 18:15:00","BZN|FR","Without Sequence","124.20","",""
"26/03/2025 18:15:00 - 26/03/2025 18:30:00","BZN|FR","Without Sequence","124.20","",""
"26/03/2025 18:30:00 - 26/03/2025 18:45:00","BZN|FR","Without Sequence","124.20","",""
"26/03/2025 18:45:00 - 26/03/2025 19:00:00","BZN|FR","Without Sequence","124.20","",""
"26/03/2025 19:00:00 - 26/03/2025 19:15:00","BZN|FR","Without Sequence","153.43","",""
"26/03/2025 19:15:00 - 26/03/2025 19:30:00","BZN|FR","Without Sequence","153.43","",""
"26/03/2025 19:30:00 - 26/03/2025 19:45:00","BZN|FR","Without Sequence","153.43","",""
"26/03/2025 19:45:00 - 26/03/2025 20:00:00","BZN|FR","Without Sequence","153.43","",""
"26/03/2025 20:00:00 - 26/03/2025 20:15:00","BZN|FR","Without Sequence","126.66","",""
"26/03/2025 20:15:00 - 26/03/2025 20:30:00","BZN|FR","Without Sequence","126.66","",""
"26/03/2025 20:30:00 - 26/03/2025 20:45:00","BZN|FR","Without Sequence","126.66","",""
"26/03/2025 20:45:00 - 26/03/2025 21:00:00","BZN|FR","Without Sequence","126.66","",""
"26/03/2025 21:00:00 - 26/03/2025 21:15:00","BZN|FR","Without Sequence","104.94","",""
"26/03/2025 21:15:00 - 26/03/2025 21:30:00","BZN|FR","Without Sequence","104.94","",""
"26/03/2025 21:30:00 - 26/03/2025 21:45:00","BZN|FR","Without Sequence","104.94","",""
"26/03/2025 21:45:00 - 26/03/2025 22:00:00","BZN|FR","Without Sequence","104.94","",""
"26/03/2025 22:00:00 - 26/03/2025 22:15:00","BZN|FR","Without Sequence","97.33","",""
"26/03/2025 22:15:00 - 26/03/2025 22:30:00","BZN|FR","Without Sequence","97.33","",""
"26/03/2025 22:30:00 - 26/03/2025 22:45:00","BZN|FR","Without Sequence","97.33","",""
"26/03/2025 22:45:00 - 26/03/2025 23:00:00","BZN|FR","Without Sequence","97.33","",""
"26/03/2025 23:00:00 - 26/03/2025 23:15:00","BZN|FR","Without Sequence","92.42","",""
"26/03/2025 23:15:00 - 26/03/2025 23:30:00","BZN|FR","Without Sequence","92.42","",""
"26/03/2025 23:30:00 - 26/03/2025 23:45:00","BZN|FR","Without Sequence","92.42","",""
"26/03/2025 23:45:00 - 27/03/2025 00:00:00","BZN|FR","Without Sequence","92.42","",""
"27/03/2025 00:00:00 - 27/03/2025 00:15:00","BZN|FR","Without Sequence","93.52","",""
"27/03/2025 00:15:00 - 27/03/2025 00:30:00","BZN|FR","Without Sequence","93.52","",""
"27/03/2025 00:30:00 - 27/03/2025 00:45:00","BZN|FR","Without Sequence","93.52","",""
"27/03/2025 00:45:00 - 27/03/2025 01:00:00","BZN|FR","Without Sequence","93.52","",""
"27/03/2025 01:00:00 - 27/03/2025 01:15:00","BZN|FR","Without Sequence","82.08","",""
"27/03/2025 01:15:00 - 27/03/2025 01:30:00","BZN|FR","Without Sequence","82.08","",""
"27/03/2025 01:30:00 - 27/03/2025 01:45:00","BZN|FR","Without Sequence","82.08","",""
"27/03/2025 01:45:00 - 27/03/2025 02:00:00","BZN|FR","Without Sequence","82.08","",""
"27/03/2025 02:00:00 - 27/03/2025 02:15:00","BZN|FR","Without Sequence","85.44","",""
"27/03/2025 02:15:00 - 27/03/2025 02:30:00","BZN|FR","Without Sequence","85.44","",""
"27/03/2025 02:30:00 - 27/03/2025 02:45:00","BZN|FR","Without Sequence","85.44","",""
"27/03/2025 02:45:00 - 27/03/2025 03:00:00","BZN|FR","Without Sequence","85.44","",""
"27/03/2025 03:00:00 - 27/03/2025 03:15:00","BZN|FR","Without Sequence","70.54","",""
"27/03/2025 03:15:00 - 27/03/2025 03:30:00","BZN|FR","Without Sequence","70.54","",""
"27/03/2025 03:30:00 - 27/03/2025 03:45:00","BZN|FR","Without Sequence","70.54","",""
"27/03/2025 03:45:00 - 27/03/2025 04:00:00","BZN|FR","Without Sequence","70.54","",""
"27/03/2025 04:00:00 - 27/03/2025 04:15:00","BZN|FR","Without Sequence","67.04","",""
"27/03/2025 04:15:00 - 27/03/2025 04:30:00","BZN|FR","Without Sequence","67.04","",""
"27/03/2025 04:30:00 - 27/03/2025 04:45:00","BZN|FR","Without Sequence","67.04","",""
"27/03/2025 04:45:00 - 27/03/2025 05:00:00","BZN|FR","Without Sequence","67.04","",""
"27/03/2025 05:00:00 - 27/03/2025 05:15:00","BZN|FR","Without Sequence","87.56","",""
"27/03/2025 05:15:00 - 27/03/2025 05:30:00","BZN|FR","Without Sequence","87.56","",""
"27/03/2025 05:30:00 - 27/03/2025 05:45:00","BZN|FR","Without Sequence","87.56","",""
"27/03/2025 05:45:00 - 27/03/2025 06:00:00","BZN|FR","Without Sequence","87.56","",""
"27/03/2025 06:00:00 - 27/03/2025 06:15:00","BZN|FR","Without Sequence","103.80","",""
"27/03/2025 06:15:00 - 27/03/2025 06:30:00","BZN|FR","Without Sequence","103.80","",""
"27/03/2025 06:30:00 - 27/03/2025 06:45:00","BZN|FR","Without Sequence","103.80","",""
"27/03/2025 06:45:00 - 27/03/2025 07:00:00","BZN|FR","Without Sequence","103.80","",""
"27/03/2025 07:00:00 - 27/03/2025 07:15:00","BZN|FR","Without Sequence","125.03","",""
"27/03/2025 07:15:00 - 27/03/2025 07:30:00","BZN|FR","Without Sequence","125.03","",""
"27/03/2025 07:30:00 - 27/03/2025 07:45:00","BZN|FR","Without Sequence","125.03","",""
"27/03/2025 07:45:00 - 27/03/2025 08:00:00","BZN|FR","Without Sequence","125.03","",""
"27/03/2025 08:00:00 - 27/03/2025 08:15:00","BZN|FR","Without Sequence","123.50","",""
"27/03/2025 08:15:00 - 27/03/2025 08:30:00","BZN|FR","Without Sequence","123.50","",""
"27/03/2025 08:30:00 - 27/03/2025 08:45:00","BZN|FR","Without Sequence","123.50","",""
"27/03/2025 08:45:00 - 27/03/2025 09:00:00","BZN|FR","Without Sequence","123.50","",""
"27/03/2025 09:00:00 - 27/03/2025 09:15:00","BZN|FR","Without Sequence","89.92","",""
"27/03/2025 09:15:00 - 27/03/2025 09:30:00","BZN|FR","Without Sequence","89.92","",""
"27/03/2025 09:30:00 - 27/03/2025 09:45:00","BZN|FR","Without Sequence","89.92","",""
"27/03/2025 09:45:00 - 27/03/2025 10:00:00","BZN|FR","Without Sequence","89.92","",""
"27/03/2025 10:00:00 - 27/03/2025 10:15:00","BZN|FR","Without Sequence","54.25","",""
"27/03/2025 10:15:00 - 27/03/2025 10:30:00","BZN|FR","Without Sequence","54.25","",""
"27/03/2025 10:30:00 - 27/03/2025 10:45:00","BZN|FR","Without Sequence","54.25","",""
"27/03/2025 10:45:00 - 27/03/2025 11:00:00","BZN|FR","Without Sequence","54.25","",""
"27/03/2025 11:00:00 - 27/03/2025 11:15:00","BZN|FR","Without Sequence","43.79","",""
"27/03/2025 11:15:00 - 27/03/2025 11:30:00","BZN|FR","Without Sequence","43.79","",""
"27/03/2025 11:30:00 - 27/03/2025 11:45:00","BZN|FR","Without Sequence","43.79","",""
"27/03/2025 11:45:00 - 27/03/2025 12:00:00","BZN|FR","Without Sequence","43.79","",""
"27/03/2025 12:00:00 - 27/03/2025 12:15:00","BZN|FR","Without Sequence","27.97","",""
"27/03/2025 12:15:00 - 27/03/2025 12:30:00","BZN|FR","Without Sequence","27.97","",""
"27/03/2025 12:30:00 - 27/03/2025 12:45:00","BZN|FR","Without Sequence","27.97","",""
"27/03/2025 12:45:00 - 27/03/2025 13:00:00","BZN|FR","Without Sequence","27.97","",""
"27/03/2025 13:00:00 - 27/03/2025 13:15:00","BZN|FR","Without Sequence","6.67","",""
"27/03/2025 13:15:00 - 27/03/2025 13:30:00","BZN|FR","Without Sequence","6.67","",""
"27/03/2025 13:30:00 - 27/03/2025 13:45:00","BZN|FR","Without Sequence","6.67","",""
"27/03/2025 13:45:00 - 27/03/2025 14:00:00","BZN|FR","Without Sequence","6.67","",""
"27/03/2025 14:00:00 - 27/03/2025 14:15:00","BZN|FR","Without Sequence","24.72","",""
"27/03/2025 14:15:00 - 27/03/2025 14:30:00","BZN|FR","Without Sequence","24.72","",""
"27/03/2025 14:30:00 - 27/03/2025 14:45:00","BZN|FR","Without Sequence","24.72","",""
"27/03/2025 14:45:00 - 27/03/2025 15:00:00","BZN|FR","Without Sequence","24.72","",""
"27/03/2025 15:00:00 - 27/03/2025 15:15:00","BZN|FR","Without Sequence","32.06","",""
"27/03/2025 15:15:00 - 27/03/2025 15:30:00","BZN|FR","Without Sequence","32.06","",""
"27/03/2025 15:30:00 - 27/03/2025 15:45:00","BZN|FR","Without Sequence","32.06","",""
"27/03/2025 15:45:00 - 27/03/2025 16:00:00","BZN|FR","Without Sequence","32.06","",""
"27/03/2025 16:00:00 - 27/03/2025 16:15:00","BZN|FR","Without Sequence","47.14","",""
"27/03/2025 16:15:00 - 27/03/2025 16:30:00","BZN|FR","Without Sequence","47.14","",""
"27/03/2025 16:30:00 - 27/03/2025 16:45:00","BZN|FR","Without Sequence","47.14","",""
"27/03/2025 16:45:00 - 27/03/2025 17:00:00","BZN|FR","Without Sequence","47.14","",""
"27/03/2025 17:00:00 - 27/03/2025 17:15:00","BZN|FR","Without Sequence","67.61","",""
"27/03/2025 17:15:00 - 27/03/2025 17:30:00","BZN|FR","Without Sequence","67.61","",""
"27/03/2025 17:30:00 - 27/03/2025 17:45:00","BZN|FR","Without Sequence","67.61","",""
"27/03/2025 17:45:00 - 27/03/2025 18:00:00","BZN|FR","Without Sequence","67.61","",""
"27/03/2025 18:00:00 - 27/03/2025 18:15:00","BZN|FR","Without Sequence","111.64","",""
"27/03/2025 18:15:00 - 27/03/2025 18:30:00","BZN|FR","Without Sequence","111.64","",""
"27/03/2025 18:30:00 - 27/03/2025 18:45:00","BZN|FR","Without Sequence","111.64","",""
"27/03/2025 18:45:00 - 27/03/2025 19:00:00","BZN|FR","Without Sequence","111.64","",""
"27/03/2025 19:00:00 - 27/03/2025 19:15:00","BZN|FR","Without Sequence","150.00","",""
"27/03/2025 19:15:00 - 27/03/2025 19:30:00","BZN|FR","Without Sequence","150.00","",""
"27/03/2025 19:30:00 - 27/03/2025 19:45:00","BZN|FR","Without Sequence","150.00","",""
"27/03/2025 19:45:00 - 27/03/2025 20:00:00","BZN|FR","Without Sequence","150.00","",""
"27/03/2025 20:00:00 - 27/03/2025 20:15:00","BZN|FR","Without Sequence","135.57","",""
"27/03/2025 20:15:00 - 27/03/2025 20:30:00","BZN|FR","Without Sequence","135.57","",""
"27/03/2025 20:30:00 - 27/03/2025 20:45:00","BZN|FR","Without Sequence","135.57","",""
"27/03/2025 20:45:00 - 27/03/2025 21:00:00","BZN|FR","Without Sequence","135.57","",""
"27/03/2025 21:00:00 - 27/03/2025 21:15:00","BZN|FR","Without Sequence","117.75","",""
"27/03/2025 21:15:00 - 27/03/2025 21:30:00","BZN|FR","Without Sequence","117.75","",""
"27/03/2025 21:30:00 - 27/03/2025 21:45:00","BZN|FR","Without Sequence","117.75","",""
"27/03/2025 21:45:00 - 27/03/2025 22:00:00","BZN|FR","Without Sequence","117.75","",""
"27/03/2025 22:00:00 - 27/03/2025 22:15:00","BZN|FR","Without Sequence","106.10","",""
"27/03/2025 22:15:00 - 27/03/2025 22:30:00","BZN|FR","Without Sequence","106.10","",""
"27/03/2025 22:30:00 - 27/03/2025 22:45:00","BZN|FR","Without Sequence","106.10","",""
"27/03/2025 22:45:00 - 27/03/2025 23:00:00","BZN|FR","Without Sequence","106.10","",""
"27/03/2025 23:00:00 - 27/03/2025 23:15:00","BZN|FR","Without Sequence","93.20","",""
"27/03/2025 23:15:00 - 27/03/2025 23:30:00","BZN|FR","Without Sequence","93.20","",""
"27/03/2025 23:30:00 - 27/03/2025 23:45:00","BZN|FR","Without Sequence","93.20","",""
"27/03/2025 23:45:00 - 28/03/2025 00:00:00","BZN|FR","Without Sequence","93.20","",""
"28/03/2025 00:00:00 - 28/03/2025 00:15:00","BZN|FR","Without Sequence","73.54","",""
"28/03/2025 00:15:00 - 28/03/2025 00:30:00","BZN|FR","Without Sequence","73.54","",""
"28/03/2025 00:30:00 - 28/03/2025 00:45:00","BZN|FR","Without Sequence","73.54","",""
"28/03/2025 00:45:00 - 28/03/2025 01:00:00","BZN|FR","Without Sequence","73.54","",""
"28/03/2025 01:00:00 - 28/03/2025 01:15:00","BZN|FR","Without Sequence","77.47","",""
"28/03/2025 01:15:00 - 28/03/2025 01:30:00","BZN|FR","Without Sequence","77.47","",""
"28/03/2025 01:30:00 - 28/03/2025 01:45:00","BZN|FR","Without Sequence","77.47","",""
"28/03/2025 01:45:00 - 28/03/2025 02:00:00","BZN|FR","Without Sequence","77.47","",""
"28/03/2025 02:00:00 - 28/03/2025 02:15:00","BZN|FR","Without Sequence","78.84","",""
"28/03/2025 02:15:00 - 28/03/2025 02:30:00","BZN|FR","Without Sequence","78.84","",""
"28/03/2025 02:30:00 - 28/03/2025 02:45:00","BZN|FR","Without Sequence","78.84","",""
"28/03/2025 02:45:00 - 28/03/2025 03:00:00","BZN|FR","Without Sequence","78.84","",""
"28/03/2025 03:00:00 - 28/03/2025 03:15:00","BZN|FR","Without Sequence","69.49","",""
"28/03/2025 03:15:00 - 28/03/2025 03:30:00","BZN|FR","Without Sequence","69.49","",""
"28/03/2025 03:30:00 - 28/03/2025 03:45:00","BZN|FR","Without Sequence","69.49","",""
"28/03/2025 03:45:00 - 28/03/2025 04:00:00","BZN|FR","Without Sequence","69.49","",""
"28/03/2025 04:00:00 - 28/03/2025 04:15:00","BZN|FR","Without Sequence","72.10","",""
"28/03/2025 04:15:00 - 28/03/2025 04:30:00","BZN|FR","Without Sequence","72.10","",""
"28/03/2025 04:30:00 - 28/03/2025 04:45:00","BZN|FR","Without Sequence","72.10","",""
"28/03/2025 04:45:00 - 28/03/2025 05:00:00","BZN|FR","Without Sequence","72.10","",""
"28/03/2025 05:00:00 - 28/03/2025 05:15:00","BZN|FR","Without Sequence","66.69","",""
"28/03/2025 05:15:00 - 28/03/2025 05:30:00","BZN|FR","Without Sequence","66.69","",""
"28/03/2025 05:30:00 - 28/03/2025 05:45:00","BZN|FR","Without Sequence","66.69","",""
"28/03/2025 05:45:00 - 28/03/2025 06:00:00","BZN|FR","Without Sequence","66.69","",""
"28/03/2025 06:00:00 - 28/03/2025 06:15:00","BZN|FR","Without Sequence","96.54","",""
"28/03/2025 06:15:00 - 28/03/2025 06:30:00","BZN|FR","Without Sequence","96.54","",""
"28/03/2025 06:30:00 - 28/03/2025 06:45:00","BZN|FR","Without Sequence","96.54","",""
"28/03/2025 06:45:00 - 28/03/2025 07:00:00","BZN|FR","Without Sequence","96.54","",""
"28/03/2025 07:00:00 - 28/03/2025 07:15:00","BZN|FR","Without Sequence","122.20","",""
"28/03/2025 07:15:00 - 28/03/2025 07:30:00","BZN|FR","Without Sequence","122.20","",""
"28/03/2025 07:30:00 - 28/03/2025 07:45:00","BZN|FR","Without Sequence","122.20","",""
"28/03/2025 07:45:00 - 28/03/2025 08:00:00","BZN|FR","Without Sequence","122.20","",""
"28/03/2025 08:00:00 - 28/03/2025 08:15:00","BZN|FR","Without Sequence","102.08","",""
"28/03/2025 08:15:00 - 28/03/2025 08:30:00","BZN|FR","Without Sequence","102.08","",""
"28/03/2025 08:30:00 - 28/03/2025 08:45:00","BZN|FR","Without Sequence","102.08","",""
"28/03/2025 08:45:00 - 28/03/2025 09:00:00","BZN|FR","Without Sequence","102.08","",""
"28/03/2025 09:00:00 - 28/03/2025 09:15:00","BZN|FR","Without Sequence","77.88","",""
"28/03/2025 09:15:00 - 28/03/2025 09:30:00","BZN|FR","Without Sequence","77.88","",""
"28/03/2025 09:30:00 - 28/03/2025 09:45:00","BZN|FR","Without Sequence","77.88","",""
"28/03/2025 09:45:00 - 28/03/2025 10:00:00","BZN|FR","Without Sequence","77.88","",""
"28/03/2025 10:00:00 - 28/03/2025 10:15:00","BZN|FR","Without Sequence","34.40","",""
"28/03/2025 10:15:00 - 28/03/2025 10:30:00","BZN|FR","Without Sequence","34.40","",""
"28/03/2025 10:30:00 - 28/03/2025 10:45:00","BZN|FR","Without Sequence","34.40","",""
"28/03/2025 10:45:00 - 28/03/2025 11:00:00","BZN|FR","Without Sequence","34.40","",""
"28/03/2025 11:00:00 - 28/03/2025 11:15:00","BZN|FR","Without Sequence","10.02","",""
"28/03/2025 11:15:00 - 28/03/2025 11:30:00","BZN|FR","Without Sequence","10.02","",""
"28/03/2025 11:30:00 - 28/03/2025 11:45:00","BZN|FR","Without Sequence","10.02","",""
"28/03/2025 11:45:00 - 28/03/2025 12:00:00","BZN|FR","Without Sequence","10.02","",""
"28/03/2025 12:00:00 - 28/03/2025 12:15:00","BZN|FR","Without Sequence","8.94","",""
"28/03/2025 12:15:00 - 28/03/2025 12:30:00","BZN|FR","Without Sequence","8.94","",""
"28/03/2025 12:30:00 - 28/03/2025 12:45:00","BZN|FR","Without Sequence","8.94","",""
"28/03/2025 12:45:00 - 28/03/2025 13:00:00","BZN|FR","Without Sequence","8.94","",""
"28/03/2025 13:00:00 - 28/03/2025 13:15:00","BZN|FR","Without Sequence","8.02","",""
"28/03/2025 13:15:00 - 28/03/2025 13:30:00","BZN|FR","Without Sequence","8.02","",""
"28/03/2025 13:30:00 - 28/03/2025 13:45:00","BZN|FR","Without Sequence","8.02","",""
"28/03/2025 13:45:00 - 28/03/2025 14:00:00","BZN|FR","Without Sequence","8.02","",""
"28/03/2025 14:00:00 - 28/03/2025 14:15:00","BZN|FR","Without Sequence","14.48","",""
"28/03/2025 14:15:00 - 28/03/2025 14:30:00","BZN|FR","Without Sequence","14.48","",""
"28/03/2025 14:30:00 - 28/03/2025 14:45:00","BZN|FR","Without Sequence","14.48","",""
"28/03/2025 14:45:00 - 28/03/2025 15:00:00","BZN|FR","Without Sequence","14.48","",""
"28/03/2025 15:00:00 - 28/03/2025 15:15:00","BZN|FR","Without Sequence","49.91","",""
"28/03/2025 15:15:00 - 28/03/2025 15:30:00","BZN|FR","Without Sequence","49.91","",""
"28/03/2025 15:30:00 - 28/03/2025 15:45:00","BZN|FR","Without Sequence","49.91","",""
"28/03/2025 15:45:00 - 28/03/2025 16:00:00","BZN|FR","Without Sequence","49.91","",""
"28/03/2025 16:00:00 - 28/03/2025 16:15:00","BZN|FR","Without Sequence","53.84","",""
"28/03/2025 16:15:00 - 28/03/2025 16:30:00","BZN|FR","Without Sequence","53.84","",""
"28/03/2025 16:30:00 - 28/03/2025 16:45:00","BZN|FR","Without Sequence","53.84","",""
"28/03/2025 16:45:00 - 28/03/2025 17:00:00","BZN|FR","Without Sequence","53.84","",""
"28/03/2025 17:00:00 - 28/03/2025 17:15:00","BZN|FR","Without Sequence","57.48","",""
"28/03/2025 17:15:00 - 28/03/2025 17:30:00","BZN|FR","Without Sequence","57.48","",""
"28/03/2025 17:30:00 - 28/03/2025 17:45:00","BZN|FR","Without Sequence","57.48","",""
"28/03/2025 17:45:00 - 28/03/2025 18:00:00","BZN|FR","Without Sequence","57.48","",""
"28/03/2025 18:00:00 - 28/03/2025 18:15:00","BZN|FR","Without Sequence","76.28","",""
"28/03/2025 18:15:00 - 28/03/2025 18:30:00","BZN|FR","Without Sequence","76.28","",""
"28/03/2025 18:30:00 - 28/03/2025 18:45:00","BZN|FR","Without Sequence","76.28","",""
"28/03/2025 18:45:00 - 28/03/2025 19:00:00","BZN|FR","Without Sequence","76.28","",""
"28/03/2025 19:00:00 - 28/03/2025 19:15:00","BZN|FR","Without Sequence","92.55","",""
"28/03/2025 19:15:00 - 28/03/2025 19:30:00","BZN|FR","Without Sequence","92.55","",""
"28/03/2025 19:30:00 - 28/03/2025 19:45:00","BZN|FR","Without Sequence","92.55","",""
"28/03/2025 19:45:00 - 28/03/2025 20:00:00","BZN|FR","Without Sequence","92.55","",""
"28/03/2025 20:00:00 - 28/03/2025 20:15:00","BZN|FR","Without Sequence","85.36","",""
"28/03/2025 20:15:00 - 28/03/2025 20:30:00","BZN|FR","Without Sequence","85.36","",""
"28/03/2025 20:30:00 - 28/03/2025 20:45:00","BZN|FR","Without Sequence","85.36","",""
"28/03/2025 20:45:00 - 28/03/2025 21:00:00","BZN|FR","Without Sequence","85.36","",""
"28/03/2025 21:00:00 - 28/03/2025 21:15:00","BZN|FR","Without Sequence","63.53","",""
"28/03/2025 21:15:00 - 28/03/2025 21:30:00","BZN|FR","Without Sequence","63.53","",""
"28/03/2025 21:30:00 - 28/03/2025 21:45:00","BZN|FR","Without Sequence","63.53","",""
"28/03/2025 21:45:00 - 28/03/2025 22:00:00","BZN|FR","Without Sequence","63.53","",""
"28/03/2025 22:00:00 - 28/03/2025 22:15:00","BZN|FR","Without Sequence","59.20","",""
"28/03/2025 22:15:00 - 28/03/2025 22:30:00","BZN|FR","Without Sequence","59.20","",""
"28/03/2025 22:30:00 - 28/03/2025 22:45:00","BZN|FR","Without Sequence","59.20","",""
"28/03/2025 22:45:00 - 28/03/2025 23:00:00","BZN|FR","Without Sequence","59.20","",""
"28/03/2025 23:00:00 - 28/03/2025 23:15:00","BZN|FR","Without Sequence","73.48","",""
"28/03/2025 23:15:00 - 28/03/2025 23:30:00","BZN|FR","Without Sequence","73.48","",""
"28/03/2025 23:30:00 - 28/03/2025 23:45:00","BZN|FR","Without Sequence","73.48","",""
"28/03/2025 23:45:00 - 29/03/2025 00:00:00","BZN|FR","Without Sequence","73.48","",""
"29/03/2025 00:00:00 - 29/03/2025 00:15:00","BZN|FR","Without Sequence","26.28","",""
"29/03/2025 00:15:00 - 29/03/2025 00:30:00","BZN|FR","Without Sequence","26.28","",""
"29/03/2025 00:30:00 - 29/03/2025 00:45:00","BZN|FR","Without Sequence","26.28","",""
"29/03/2025 00:45:00 - 29/03/2025 01:00:00","BZN|FR","Without Sequence","26.28","",""
"29/03/2025 01:00:00 - 29/03/2025 01:15:00","BZN|FR","Without Sequence","39.26","",""
"29/03/2025 01:15:00 - 29/03/2025 01:30:00","BZN|FR","Without Sequence","39.26","",""
"29/03/2025 01:30:00 - 29/03/2025 01:45:00","BZN|FR","Without Sequence","39.26","",""
"29/03/2025 01:45:00 - 29/03/2025 02:00:00","BZN|FR","Without Sequence","39.26","",""
"29/03/2025 02:00:00 - 29/03/2025 02:15:00","BZN|FR","Without Sequence","40.39","",""
"29/03/2025 02:15:00 - 29/03/2025 02:30:00","BZN|FR","Without Sequence","40.39","",""
"29/03/2025 02:30:00 - 29/03/2025 02:45:00","BZN|FR","Without Sequence","40.39","",""
"29/03/2025 02:45:00 - 29/03/2025 03:00:00","BZN|FR","Without Sequence","40.39","",""
"29/03/2025 03:00:00 - 29/03/2025 03:15:00","BZN|FR","Without Sequence","37.19","",""
"29/03/2025 03:15:00 - 29/03/2025 03:30:00","BZN|FR","Without Sequence","37.19","",""
"29/03/2025 03:30:00 - 29/03/2025 03:45:00","BZN|FR","Without Sequence","37.19","",""
"29/03/2025 03:45:00 - 29/03/2025 04:00:00","BZN|FR","Without Sequence","37.19","",""
"29/03/2025 04:00:00 - 29/03/2025 04:15:00","BZN|FR","Without Sequence","34.85","",""
"29/03/2025 04:15:00 - 29/03/2025 04:30:00","BZN|FR","Without Sequence","34.85","",""
"29/03/2025 04:30:00 - 29/03/2025 04:45:00","BZN|FR","Without Sequence","34.85","",""
"29/03/2025 04:45:00 - 29/03/2025 05:00:00","BZN|FR","Without Sequence","34.85","",""
"29/03/2025 05:00:00 - 29/03/2025 05:15:00","BZN|FR","Without Sequence","37.99","",""
"29/03/2025 05:15:00 - 29/03/2025 05:30:00","BZN|FR","Without Sequence","37.99","",""
"29/03/2025 05:30:00 - 29/03/2025 05:45:00","BZN|FR","Without Sequence","37.99","",""
"29/03/2025 05:45:00 - 29/03/2025 06:00:00","BZN|FR","Without Sequence","37.99","",""
"29/03/2025 06:00:00 - 29/03/2025 06:15:00","BZN|FR","Without Sequence","39.64","",""
"29/03/2025 06:15:00 - 29/03/2025 06:30:00","BZN|FR","Without Sequence","39.64","",""
"29/03/2025 06:30:00 - 29/03/2025 06:45:00","BZN|FR","Without Sequence","39.64","",""
"29/03/2025 06:45:00 - 29/03/2025 07:00:00","BZN|FR","Without Sequence","39.64","",""
"29/03/2025 07:00:00 - 29/03/2025 07:15:00","BZN|FR","Without Sequence","53.08","",""
"29/03/2025 07:15:00 - 29/03/2025 07:30:00","BZN|FR","Without Sequence","53.08","",""
"29/03/2025 07:30:00 - 29/03/2025 07:45:00","BZN|FR","Without Sequence","53.08","",""
"29/03/2025 07:45:00 - 29/03/2025 08:00:00","BZN|FR","Without Sequence","53.08","",""
"29/03/2025 08:00:00 - 29/03/2025 08:15:00","BZN|FR","Without Sequence","50.39","",""
"29/03/2025 08:15:00 - 29/03/2025 08:30:00","BZN|FR","Without Sequence","50.39","",""
"29/03/2025 08:30:00 - 29/03/2025 08:45:00","BZN|FR","Without Sequence","50.39","",""
"29/03/2025 08:45:00 - 29/03/2025 09:00:00","BZN|FR","Without Sequence","50.39","",""
"29/03/2025 09:00:00 - 29/03/2025 09:15:00","BZN|FR","Without Sequence","41.76","",""
"29/03/2025 09:15:00 - 29/03/2025 09:30:00","BZN|FR","Without Sequence","41.76","",""
"29/03/2025 09:30:00 - 29/03/2025 09:45:00","BZN|FR","Without Sequence","41.76","",""
"29/03/2025 09:45:00 - 29/03/2025 10:00:00","BZN|FR","Without Sequence","41.76","",""
"29/03/2025 10:00:00 - 29/03/2025 10:15:00","BZN|FR","Without Sequence","27.10","",""
"29/03/2025 10:15:00 - 29/03/2025 10:30:00","BZN|FR","Without Sequence","27.10","",""
"29/03/2025 10:30:00 - 29/03/2025 10:45:00","BZN|FR","Without Sequence","27.10","",""
"29/03/2025 10:45:00 - 29/03/2025 11:00:00","BZN|FR","Without Sequence","27.10","",""
"29/03/2025 11:00:00 - 29/03/2025 11:15:00","BZN|FR","Without Sequence","32.46","",""
"29/03/2025 11:15:00 - 29/03/2025 11:30:00","BZN|FR","Without Sequence","32.46","",""
"29/03/2025 11:30:00 - 29/03/2025 11:45:00","BZN|FR","Without Sequence","32.46","",""
"29/03/2025 11:45:00 - 29/03/2025 12:00:00","BZN|FR","Without Sequence","32.46","",""
"29/03/2025 12:00:00 - 29/03/2025 12:15:00","BZN|FR","Without Sequence","34.56","",""
"29/03/2025 12:15:00 - 29/03/2025 12:30:00","BZN|FR","Without Sequence","34.56","",""
"29/03/2025 12:30:00 - 29/03/2025 12:45:00","BZN|FR","Without Sequence","34.56","",""
"29/03/2025 12:45:00 - 29/03/2025 13:00:00","BZN|FR","Without Sequence","34.56","",""
"29/03/2025 13:00:00 - 29/03/2025 13:15:00","BZN|FR","Without Sequence","7.00","",""
"29/03/2025 13:15:00 - 29/03/2025 13:30:00","BZN|FR","Without Sequence","7.00","",""
"29/03/2025 13:30:00 - 29/03/2025 13:45:00","BZN|FR","Without Sequence","7.00","",""
"29/03/2025 13:45:00 - 29/03/2025 14:00:00","BZN|FR","Without Sequence","7.00","",""
"29/03/2025 14:00:00 - 29/03/2025 14:15:00","BZN|FR","Without Sequence","3.94","",""
"29/03/2025 14:15:00 - 29/03/2025 14:30:00","BZN|FR","Without Sequence","3.94","",""
"29/03/2025 14:30:00 - 29/03/2025 14:45:00","BZN|FR","Without Sequence","3.94","",""
"29/03/2025 14:45:00 - 29/03/2025 15:00:00","BZN|FR","Without Sequence","3.94","",""
"29/03/2025 15:00:00 - 29/03/2025 15:15:00","BZN|FR","Without Sequence","21.34","",""
"29/03/2025 15:15:00 - 29/03/2025 15:30:00","BZN|FR","Without Sequence","21.34","",""
"29/03/2025 15:30:00 - 29/03/2025 15:45:00","BZN|FR","Without Sequence","21.34","",""
"29/03/2025 15:45:00 - 29/03/2025 16:00:00","BZN|FR","Without Sequence","21.34","",""
"29/03/2025 16:00:00 - 29/03/2025 16:15:00","BZN|FR","Without Sequence","15.87","",""
"29/03/2025 16:15:00 - 29/03/2025 16:30:00","BZN|FR","Without Sequence","15.87","",""
"29/03/2025 16:30:00 - 29/03/2025 16:45:00","BZN|FR","Without Sequence","15.87","",""
"29/03/2025 16:45:00 - 29/03/2025 17:00:00","BZN|FR","Without Sequence","15.87","",""
"29/03/2025 17:00:00 - 29/03/2025 17:15:00","BZN|FR","Without Sequence","35.45","",""
"29/03/2025 17:15:00 - 29/03/2025 17:30:00","BZN|FR","Without Sequence","35.45","",""
"29/03/2025 17:30:00 - 29/03/2025 17:45:00","BZN|FR","Without Sequence","35.45","",""
"29/03/2025 17:45:00 - 29/03/2025 18:00:00","BZN|FR","Without Sequence","35.45","",""
"29/03/2025 18:00:00 - 29/03/2025 18:15:00","BZN|FR","Without Sequence","79.93","",""
"29/03/2025 18:15:00 - 29/03/2025 18:30:00","BZN|FR","Without Sequence","79.93","",""
"29/03/2025 18:30:00 - 29/03/2025 18:45:00","BZN|FR","Without Sequence","79.93","",""
"29/03/2025 18:45:00 - 29/03/2025 19:00:00","BZN|FR","Without Sequence","79.93","",""
"29/03/2025 19:00:00 - 29/03/2025 19:15:00","BZN|FR","Without Sequence","93.47","",""
"29/03/2025 19:15:00 - 29/03/2025 19:30:00","BZN|FR","Without Sequence","93.47","",""
"29/03/2025 19:30:00 - 29/03/2025 19:45:00","BZN|FR","Without Sequence","93.47","",""
"29/03/2025 19:45:00 - 29/03/2025 20:00:00","BZN|FR","Without Sequence","93.47","",""
"29/03/2025 20:00:00 - 29/03/2025 20:15:00","BZN|FR","Without Sequence","79.32","",""
"29/03/2025 20:15:00 - 29/03/2025 20:30:00","BZN|FR","Without Sequence","79.32","",""
"29/03/2025 20:30:00 - 29/03/2025 20:45:00","BZN|FR","Without Sequence","79.32","",""
"29/03/2025 20:45:00 - 29/03/2025 21:00:00","BZN|FR","Without Sequence","79.32","",""
"29/03/2025 21:00:00 - 29/03/2025 21:15:00","BZN|FR","Without Sequence","57.35","",""
"29/03/2025 21:15:00 - 29/03/2025 21:30:00","BZN|FR","Without Sequence","57.35","",""
"29/03/2025 21:30:00 - 29/03/2025 21:45:00","BZN|FR","Without Sequence","57.35","",""
"29/03/2025 21:45:00 - 29/03/2025 22:00:00","BZN|FR","Without Sequence","57.35","",""
"29/03/2025 22:00:00 - 29/03/2025 22:15:00","BZN|FR","Without Sequence","54.39","",""
"29/03/2025 22:15:00 - 29/03/2025 22:30:00","BZN|FR","Without Sequence","54.39","",""
"29/03/2025 22:30:00 - 29/03/2025 22:45:00","BZN|FR","Without Sequence","54.39","",""
"29/03/2025 22:45:00 - 29/03/2025 23:00:00","BZN|FR","Without Sequence","54.39","",""
"29/03/2025 23:00:00 - 29/03/2025 23:15:00","BZN|FR","Without Sequence","45.61","",""
"29/03/2025 23:15:00 - 29/03/2025 23:30:00","BZN|FR","Without Sequence","45.61","",""
"29/03/2025 23:30:00 - 29/03/2025 23:45:00","BZN|FR","Without Sequence","45.61","",""
"29/03/2025 23:45:00 - 30/03/2025 00:00:00","BZN|FR","Without Sequence","45.61","",""
"30/03/2025 00:00:00 - 30/03/2025 00:15:00","BZN|FR","Without Sequence","46.01","",""
"30/03/2025 00:15:00 - 30/03/2025 00:30:00","BZN|FR","Without Sequence","46.01","",""
"30/03/2025 00:30:00 - 30/03/2025 00:45:00","BZN|FR","Without Sequence","46.01","",""
"30/03/2025 00:45:00 - 30/03/2025 01:00:00","BZN|FR","Without Sequence","46.01","",""
"30/03/2025 01:00:00 - 30/03/2025 01:15:00","BZN|FR","Without Sequence","15.85","",""
"30/03/2025 01:15:00 - 30/03/2025 01:30:00","BZN|FR","Without Sequence","15.85","",""
"30/03/2025 01:30:00 - 30/03/2025 01:45:00 (CET)","BZN|FR","Without Sequence","15.85","",""
"30/03/2025 01:45:00 (CET) - 30/03/2025 03:00:00 (CEST)","BZN|FR","Without Sequence","15.85","",""
"30/03/2025 03:00:00 (CEST) - 30/03/2025 03:15:00","BZN|FR","Without Sequence","5.07","",""
"30/03/2025 03:15:00 - 30/03/2025 03:30:00","BZN|FR","Without Sequence","5.07","",""
"30/03/2025 03:30:00 - 30/03/2025 03:45:00","BZN|FR","Without Sequence","5.07","",""
"30/03/2025 03:45:00 - 30/03/2025 04:00:00","BZN|FR","Without Sequence","5.07","",""
"30/03/2025 04:00:00 - 30/03/2025 04:15:00","BZN|FR","Without Sequence","1.20","",""
"30/03/2025 04:15:00 - 30/03/2025 04:30:00","BZN|FR","Without Sequence","1.20","",""
"30/03/2025 04:30:00 - 30/03/2025 04:45:00","BZN|FR","Without Sequence","1.20","",""
"30/03/2025 04:45:00 - 30/03/2025 05:00:00","BZN|FR","Without Sequence","1.20","",""
"30/03/2025 05:00:00 - 30/03/2025 05:15:00","BZN|FR","Without Sequence","0.09","",""
"30/03/2025 05:15:00 - 30/03/2025 05:30:00","BZN|FR","Without Sequence","0.09","",""
"30/03/2025 05:30:00 - 30/03/2025 05:45:00","BZN|FR","Without Sequence","0.09","",""
"30/03/2025 05:45:00 - 30/03/2025 06:00:00","BZN|FR","Without Sequence","0.09","",""
"30/03/2025 06:00:00 - 30/03/2025 06:15:00","BZN|FR","Without Sequence","0.17","",""
"30/03/2025 06:15:00 - 30/03/2025 06:30:00","BZN|FR","Without Sequence","0.17","",""
"30/03/2025 06:30:00 - 30/03/2025 06:45:00","BZN|FR","Without Sequence","0.17","",""
"30/03/2025 06:45:00 - 30/03/2025 07:00:00","BZN|FR","Without Sequence","0.17","",""
"30/03/2025 07:00:00 - 30/03/2025 07:15:00","BZN|FR","Without Sequence","0.13","",""
"30/03/2025 07:15:00 - 30/03/2025 07:30:00","BZN|FR","Without Sequence","0.13","",""
"30/03/2025 07:30:00 - 30/03/2025 07:45:00","BZN|FR","Without Sequence","0.13","",""
"30/03/2025 07:45:00 - 30/03/2025 08:00:00","BZN|FR","Without Sequence","0.13","",""
"30/03/2025 08:00:00 - 30/03/2025 08:15:00","BZN|FR","Without Sequence","0.19","",""
"30/03/2025 08:15:00 - 30/03/2025 08:30:00","BZN|FR","Without Sequence","0.19","",""
"30/03/2025 08:30:00 - 30/03/2025 08:45:00","BZN|FR","Without Sequence","0.19","",""
"30/03/2025 08:45:00 - 30/03/2025 09:00:00","BZN|FR","Without Sequence","0.19","",""
"30/03/2025 09:00:00 - 30/03/2025 09:15:00","BZN|FR","Without Sequence","-0.01","",""
"30/03/2025 09:15:00 - 30/03/2025 09:30:00","BZN|FR","Without Sequence","-0.01","",""
"30/03/2025 09:30:00 - 30/03/2025 09:45:00","BZN|FR","Without Sequence","-0.01","",""
"30/03/2025 09:45:00 - 30/03/2025 10:00:00","BZN|FR","Without Sequence","-0.01","",""
"30/03/2025 10:00:00 - 30/03/2025 10:15:00","BZN|FR","Without Sequence","-0.04","",""
"30/03/2025 10:15:00 - 30/03/2025 10:30:00","BZN|FR","Without Sequence","-0.04","",""
"30/03/2025 10:30:00 - 30/03/2025 10:45:00","BZN|FR","Without Sequence","-0.04","",""
"30/03/2025 10:45:00 - 30/03/2025 11:00:00","BZN|FR","Without Sequence","-0.04","",""
"30/03/2025 11:00:00 - 30/03/2025 11:15:00","BZN|FR","Without Sequence","-3.80","",""
"30/03/2025 11:15:00 - 30/03/2025 11:30:00","BZN|FR","Without Sequence","-3.80","",""
"30/03/2025 11:30:00 - 30/03/2025 11:45:00","BZN|FR","Without Sequence","-3.80","",""
"30/03/2025 11:45:00 - 30/03/2025 12:00:00","BZN|FR","Without Sequence","-3.80","",""
"30/03/2025 12:00:00 - 30/03/2025 12:15:00","BZN|FR","Without Sequence","-0.06","",""
"30/03/2025 12:15:00 - 30/03/2025 12:30:00","BZN|FR","Without Sequence","-0.06","",""
"30/03/2025 12:30:00 - 30/03/2025 12:45:00","BZN|FR","Without Sequence","-0.06","",""
"30/03/2025 12:45:00 - 30/03/2025 13:00:00","BZN|FR","Without Sequence","-0.06","",""
"30/03/2025 13:00:00 - 30/03/2025 13:15:00","BZN|FR","Without Sequence","-4.00","",""
"30/03/2025 13:15:00 - 30/03/2025 13:30:00","BZN|FR","Without Sequence","-4.00","",""
"30/03/2025 13:30:00 - 30/03/2025 13:45:00","BZN|FR","Without Sequence","-4.00","",""
"30/03/2025 13:45:00 - 30/03/2025 14:00:00","BZN|FR","Without Sequence","-4.00","",""
"30/03/2025 14:00:00 - 30/03/2025 14:15:00","BZN|FR","Without Sequence","-5.00","",""
"30/03/2025 14:15:00 - 30/03/2025 14:30:00","BZN|FR","Without Sequence","-5.00","",""
"30/03/2025 14:30:00 - 30/03/2025 14:45:00","BZN|FR","Without Sequence","-5.00","",""
"30/03/2025 14:45:00 - 30/03/2025 15:00:00","BZN|FR","Without Sequence","-5.00","",""
"30/03/2025 15:00:00 - 30/03/2025 15:15:00","BZN|FR","Without Sequence","-5.21","",""
"30/03/2025 15:15:00 - 30/03/2025 15:30:00","BZN|FR","Without Sequence","-5.21","",""
"30/03/2025 15:30:00 - 30/03/2025 15:45:00","BZN|FR","Without Sequence","-5.21","",""
"30/03/2025 15:45:00 - 30/03/2025 16:00:00","BZN|FR","Without Sequence","-5.21","",""
"30/03/2025 16:00:00 - 30/03/2025 16:15:00","BZN|FR","Without Sequence","-4.00","",""
"30/03/2025 16:15:00 - 30/03/2025 16:30:00","BZN|FR","Without Sequence","-4.00","",""
"30/03/2025 16:30:00 - 30/03/2025 16:45:00","BZN|FR","Without Sequence","-4.00","",""
"30/03/2025 16:45:00 - 30/03/2025 17:00:00","BZN|FR","Without Sequence","-4.00","",""
"30/03/2025 17:00:00 - 30/03/2025 17:15:00","BZN|FR","Without Sequence","0.24","",""
"30/03/2025 17:15:00 - 30/03/2025 17:30:00","BZN|FR","Without Sequence","0.24","",""
"30/03/2025 17:30:00 - 30/03/2025 17:45:00","BZN|FR","Without Sequence","0.24","",""
"30/03/2025 17:45:00 - 30/03/2025 18:00:00","BZN|FR","Without Sequence","0.24","",""
"30/03/2025 18:00:00 - 30/03/2025 18:15:00","BZN|FR","Without Sequence","39.82","",""
"30/03/2025 18:15:00 - 30/03/2025 18:30:00","BZN|FR","Without Sequence","39.82","",""
"30/03/2025 18:30:00 - 30/03/2025 18:45:00","BZN|FR","Without Sequence","39.82","",""
"30/03/2025 18:45:00 - 30/03/2025 19:00:00","BZN|FR","Without Sequence","39.82","",""
"30/03/2025 19:00:00 - 30/03/2025 19:15:00","BZN|FR","Without Sequence","64.84","",""
"30/03/2025 19:15:00 - 30/03/2025 19:30:00","BZN|FR","Without Sequence","64.84","",""
"30/03/2025 19:30:00 - 30/03/2025 19:45:00","BZN|FR","Without Sequence","64.84","",""
"30/03/2025 19:45:00 - 30/03/2025 20:00:00","BZN|FR","Without Sequence","64.84","",""
"30/03/2025 20:00:00 - 30/03/2025 20:15:00","BZN|FR","Without Sequence","64.47","",""
"30/03/2025 20:15:00 - 30/03/2025 20:30:00","BZN|FR","Without Sequence","64.47","",""
"30/03/2025 20:30:00 - 30/03/2025 20:45:00","BZN|FR","Without Sequence","64.47","",""
"30/03/2025 20:45:00 - 30/03/2025 21:00:00","BZN|FR","Without Sequence","64.47","",""
"30/03/2025 21:00:00 - 30/03/2025 21:15:00","BZN|FR","Without Sequence","60.19","",""
"30/03/2025 21:15:00 - 30/03/2025 21:30:00","BZN|FR","Without Sequence","60.19","",""
"30/03/2025 21:30:00 - 30/03/2025 21:45:00","BZN|FR","Without Sequence","60.19","",""
"30/03/2025 21:45:00 - 30/03/2025 22:00:00","BZN|FR","Without Sequence","60.19","",""
"30/03/2025 22:00:00 - 30/03/2025 22:15:00","BZN|FR","Without Sequence","64.52","",""
"30/03/2025 22:15:00 - 30/03/2025 22:30:00","BZN|FR","Without Sequence","64.52","",""
"30/03/2025 22:30:00 - 30/03/2025 22:45:00","BZN|FR","Without Sequence","64.52","",""
"30/03/2025 22:45:00 - 30/03/2025 23:00:00","BZN|FR","Without Sequence","64.52","",""
"30/03/2025 23:00:00 - 30/03/2025 23:15:00","BZN|FR","Without Sequence","57.51","",""
"30/03/2025 23:15:00 - 30/03/2025 23:30:00","BZN|FR","Without Sequence","57.51","",""
"30/03/2025 23:30:00 - 30/03/2025 23:45:00","BZN|FR","Without Sequence","57.51","",""
"30/03/2025 23:45:00 - 31/03/2025 00:00:00","BZN|FR","Without Sequence","57.51","",""
"31/03/2025 00:00:00 - 31/03/2025 00:15:00","BZN|FR","Without Sequence","66.34","",""
"31/03/2025 00:15:00 - 31/03/2025 00:30:00","BZN|FR","Without Sequence","66.34","",""
"31/03/2025 00:30:00 - 31/03/2025 00:45:00","BZN|FR","Without Sequence","66.34","",""
"31/03/2025 00:45:00 - 31/03/2025 01:00:00","BZN|FR","Without Sequence","66.34","",""
"31/03/2025 01:00:00 - 31/03/2025 01:15:00","BZN|FR","Without Sequence","53.74","",""
"31/03/2025 01:15:00 - 31/03/2025 01:30:00","BZN|FR","Without Sequence","53.74","",""
"31/03/2025 01:30:00 - 31/03/2025 01:45:00","BZN|FR","Without Sequence","53.74","",""
"31/03/2025 01:45:00 - 31/03/2025 02:00:00","BZN|FR","Without Sequence","53.74","",""
"31/03/2025 02:00:00 - 31/03/2025 02:15:00","BZN|FR","Without Sequence","45.98","",""
"31/03/2025 02:15:00 - 31/03/2025 02:30:00","BZN|FR","Without Sequence","45.98","",""
"31/03/2025 02:30:00 - 31/03/2025 02:45:00","BZN|FR","Without Sequence","45.98","",""
"31/03/2025 02:45:00 - 31/03/2025 03:00:00","BZN|FR","Without Sequence","45.98","",""
"31/03/2025 03:00:00 - 31/03/2025 03:15:00","BZN|FR","Without Sequence","35.63","",""
"31/03/2025 03:15:00 - 31/03/2025 03:30:00","BZN|FR","Without Sequence","35.63","",""
"31/03/2025 03:30:00 - 31/03/2025 03:45:00","BZN|FR","Without Sequence","35.63","",""
"31/03/2025 03:45:00 - 31/03/2025 04:00:00","BZN|FR","Without Sequence","35.63","",""
"31/03/2025 04:00:00 - 31/03/2025 04:15:00","BZN|FR","Without Sequence","28.83","",""
"31/03/2025 04:15:00 - 31/03/2025 04:30:00","BZN|FR","Without Sequence","28.83","",""
"31/03/2025 04:30:00 - 31/03/2025 04:45:00","BZN|FR","Without Sequence","28.83","",""
"31/03/2025 04:45:00 - 31/03/2025 05:00:00","BZN|FR","Without Sequence","28.83","",""
"31/03/2025 05:00:00 - 31/03/2025 05:15:00","BZN|FR","Without Sequence","39.93","",""
"31/03/2025 05:15:00 - 31/03/2025 05:30:00","BZN|FR","Without Sequence","39.93","",""
"31/03/2025 05:30:00 - 31/03/2025 05:45:00","BZN|FR","Without Sequence","39.93","",""
"31/03/2025 05:45:00 - 31/03/2025 06:00:00","BZN|FR","Without Sequence","39.93","",""
"31/03/2025 06:00:00 - 31/03/2025 06:15:00","BZN|FR","Without Sequence","85.37","",""
"31/03/2025 06:15:00 - 31/03/2025 06:30:00","BZN|FR","Without Sequence","85.37","",""
"31/03/2025 06:30:00 - 31/03/2025 06:45:00","BZN|FR","Without Sequence","85.37","",""
"31/03/2025 06:45:00 - 31/03/2025 07:00:00","BZN|FR","Without Sequence","85.37","",""
"31/03/2025 07:00:00 - 31/03/2025 07:15:00","BZN|FR","Without Sequence","147.78","",""
"31/03/2025 07:15:00 - 31/03/2025 07:30:00","BZN|FR","Without Sequence","147.78","",""
"31/03/2025 07:30:00 - 31/03/2025 07:45:00","BZN|FR","Without Sequence","147.78","",""
"31/03/2025 07:45:00 - 31/03/2025 08:00:00","BZN|FR","Without Sequence","147.78","",""
"31/03/2025 08:00:00 - 31/03/2025 08:15:00","BZN|FR","Without Sequence","174.47","",""
"31/03/2025 08:15:00 - 31/03/2025 08:30:00","BZN|FR","Without Sequence","174.47","",""
"31/03/2025 08:30:00 - 31/03/2025 08:45:00","BZN|FR","Without Sequence","174.47","",""
"31/03/2025 08:45:00 - 31/03/2025 09:00:00","BZN|FR","Without Sequence","174.47","",""
"31/03/2025 09:00:00 - 31/03/2025 09:15:00","BZN|FR","Without Sequence","94.70","",""
"31/03/2025 09:15:00 - 31/03/2025 09:30:00","BZN|FR","Without Sequence","94.70","",""
"31/03/2025 09:30:00 - 31/03/2025 09:45:00","BZN|FR","Without Sequence","94.70","",""
"31/03/2025 09:45:00 - 31/03/2025 10:00:00","BZN|FR","Without Sequence","94.70","",""
"31/03/2025 10:00:00 - 31/03/2025 10:15:00","BZN|FR","Without Sequence","56.04","",""
"31/03/2025 10:15:00 - 31/03/2025 10:30:00","BZN|FR","Without Sequence","56.04","",""
"31/03/2025 10:30:00 - 31/03/2025 10:45:00","BZN|FR","Without Sequence","56.04","",""
"31/03/2025 10:45:00 - 31/03/2025 11:00:00","BZN|FR","Without Sequence","56.04","",""
"31/03/2025 11:00:00 - 31/03/2025 11:15:00","BZN|FR","Without Sequence","26.70","",""
"31/03/2025 11:15:00 - 31/03/2025 11:30:00","BZN|FR","Without Sequence","26.70","",""
"31/03/2025 11:30:00 - 31/03/2025 11:45:00","BZN|FR","Without Sequence","26.70","",""
"31/03/2025 11:45:00 - 31/03/2025 12:00:00","BZN|FR","Without Sequence","26.70","",""
"31/03/2025 12:00:00 - 31/03/2025 12:15:00","BZN|FR","Without Sequence","13.62","",""
"31/03/2025 12:15:00 - 31/03/2025 12:30:00","BZN|FR","Without Sequence","13.62","",""
"31/03/2025 12:30:00 - 31/03/2025 12:45:00","BZN|FR","Without Sequence","13.62","",""
"31/03/2025 12:45:00 - 31/03/2025 13:00:00","BZN|FR","Without Sequence","13.62","",""
"31/03/2025 13:00:00 - 31/03/2025 13:15:00","BZN|FR","Without Sequence","5.06","",""
"31/03/2025 13:15:00 - 31/03/2025 13:30:00","BZN|FR","Without Sequence","5.06","",""
"31/03/2025 13:30:00 - 31/03/2025 13:45:00","BZN|FR","Without Sequence","5.06","",""
"31/03/2025 13:45:00 - 31/03/2025 14:00:00","BZN|FR","Without Sequence","5.06","",""
"31/03/2025 14:00:00 - 31/03/2025 14:15:00","BZN|FR","Without Sequence","-0.01","",""
"31/03/2025 14:15:00 - 31/03/2025 14:30:00","BZN|FR","Without Sequence","-0.01","",""
"31/03/2025 14:30:00 - 31/03/2025 14:45:00","BZN|FR","Without Sequence","-0.01","",""
"31/03/2025 14:45:00 - 31/03/2025 15:00:00","BZN|FR","Without Sequence","-0.01","",""
"31/03/2025 15:00:00 - 31/03/2025 15:15:00","BZN|FR","Without Sequence","-0.01","",""
"31/03/2025 15:15:00 - 31/03/2025 15:30:00","BZN|FR","Without Sequence","-0.01","",""
"31/03/2025 15:30:00 - 31/03/2025 15:45:00","BZN|FR","Without Sequence","-0.01","",""
"31/03/2025 15:45:00 - 31/03/2025 16:00:00","BZN|FR","Without Sequence","-0.01","",""
"31/03/2025 16:00:00 - 31/03/2025 16:15:00","BZN|FR","Without Sequence","0.00","",""
"31/03/2025 16:15:00 - 31/03/2025 16:30:00","BZN|FR","Without Sequence","0.00","",""
"31/03/2025 16:30:00 - 31/03/2025 16:45:00","BZN|FR","Without Sequence","0.00","",""
"31/03/2025 16:45:00 - 31/03/2025 17:00:00","BZN|FR","Without Sequence","0.00","",""
"31/03/2025 17:00:00 - 31/03/2025 17:15:00","BZN|FR","Without Sequence","9.40","",""
"31/03/2025 17:15:00 - 31/03/2025 17:30:00","BZN|FR","Without Sequence","9.40","",""
"31/03/2025 17:30:00 - 31/03/2025 17:45:00","BZN|FR","Without Sequence","9.40","",""
"31/03/2025 17:45:00 - 31/03/2025 18:00:00","BZN|FR","Without Sequence","9.40","",""
"31/03/2025 18:00:00 - 31/03/2025 18:15:00","BZN|FR","Without Sequence","51.48","",""
"31/03/2025 18:15:00 - 31/03/2025 18:30:00","BZN|FR","Without Sequence","51.48","",""
"31/03/2025 18:30:00 - 31/03/2025 18:45:00","BZN|FR","Without Sequence","51.48","",""
"31/03/2025 18:45:00 - 31/03/2025 19:00:00","BZN|FR","Without Sequence","51.48","",""
"31/03/2025 19:00:00 - 31/03/2025 19:15:00","BZN|FR","Without Sequence","73.79","",""
"31/03/2025 19:15:00 - 31/03/2025 19:30:00","BZN|FR","Without Sequence","73.79","",""
"31/03/2025 19:30:00 - 31/03/2025 19:45:00","BZN|FR","Without Sequence","73.79","",""
"31/03/2025 19:45:00 - 31/03/2025 20:00:00","BZN|FR","Without Sequence","73.79","",""
"31/03/2025 20:00:00 - 31/03/2025 20:15:00","BZN|FR","Without Sequence","146.79","",""
"31/03/2025 20:15:00 - 31/03/2025 20:30:00","BZN|FR","Without Sequence","146.79","",""
"31/03/2025 20:30:00 - 31/03/2025 20:45:00","BZN|FR","Without Sequence","146.79","",""
"31/03/2025 20:45:00 - 31/03/2025 21:00:00","BZN|FR","Without Sequence","146.79","",""
"31/03/2025 21:00:00 - 31/03/2025 21:15:00","BZN|FR","Without Sequence","98.46","",""
"31/03/2025 21:15:00 - 31/03/2025 21:30:00","BZN|FR","Without Sequence","98.46","",""
"31/03/2025 21:30:00 - 31/03/2025 21:45:00","BZN|FR","Without Sequence","98.46","",""
"31/03/2025 21:45:00 - 31/03/2025 22:00:00","BZN|FR","Without Sequence","98.46","",""
"31/03/2025 22:00:00 - 31/03/2025 22:15:00","BZN|FR","Without Sequence","96.87","",""
"31/03/2025 22:15:00 - 31/03/2025 22:30:00","BZN|FR","Without Sequence","96.87","",""
"31/03/2025 22:30:00 - 31/03/2025 22:45:00","BZN|FR","Without Sequence","96.87","",""
"31/03/2025 22:45:00 - 31/03/2025 23:00:00","BZN|FR","Without Sequence","96.87","",""
"31/03/2025 23:00:00 - 31/03/2025 23:15:00","BZN|FR","Without Sequence","95.01","",""
"31/03/2025 23:15:00 - 31/03/2025 23:30:00","BZN|FR","Without Sequence","95.01","",""
"31/03/2025 23:30:00 - 31/03/2025 23:45:00","BZN|FR","Without Sequence","95.01","",""
"31/03/2025 23:45:00 - 01/04/2025 00:00:00","BZN|FR","Without Sequence","95.01","",""
"01/04/2025 00:00:00 - 01/04/2025 00:15:00","BZN|FR","Without Sequence","90.00","",""
"01/04/2025 00:15:00 - 01/04/2025 00:30:00","BZN|FR","Without Sequence","90.00","",""
"01/04/2025 00:30:00 - 01/04/2025 00:45:00","BZN|FR","Without Sequence","90.00","",""
"01/04/2025 00:45:00 - 01/04/2025 01:00:00","BZN|FR","Without Sequence","90.00","",""
"01/04/2025 01:00:00 - 01/04/2025 01:15:00","BZN|FR","Without Sequence","75.78","",""
"01/04/2025 01:15:00 - 01/04/2025 01:30:00","BZN|FR","Without Sequence","75.78","",""
"01/04/2025 01:30:00 - 01/04/2025 01:45:00","BZN|FR","Without Sequence","75.78","",""
"01/04/2025 01:45:00 - 01/04/2025 02:00:00","BZN|FR","Without Sequence","75.78","",""
"01/04/2025 02:00:00 - 01/04/2025 02:15:00","BZN|FR","Without Sequence","70.03","",""
"01/04/2025 02:15:00 - 01/04/2025 02:30:00","BZN|FR","Without Sequence","70.03","",""
"01/04/2025 02:30:00 - 01/04/2025 02:45:00","BZN|FR","Without Sequence","70.03","",""
"01/04/2025 02:45:00 - 01/04/2025 03:00:00","BZN|FR","Without Sequence","70.03","",""
"01/04/2025 03:00:00 - 01/04/2025 03:15:00","BZN|FR","Without Sequence","60.48","",""
"01/04/2025 03:15:00 - 01/04/2025 03:30:00","BZN|FR","Without Sequence","60.48","",""
"01/04/2025 03:30:00 - 01/04/2025 03:45:00","BZN|FR","Without Sequence","60.48","",""
"01/04/2025 03:45:00 - 01/04/2025 04:00:00","BZN|FR","Without Sequence","60.48","",""
"01/04/2025 04:00:00 - 01/04/2025 04:15:00","BZN|FR","Without Sequence","61.59","",""
"01/04/2025 04:15:00 - 01/04/2025 04:30:00","BZN|FR","Without Sequence","61.59","",""
"01/04/2025 04:30:00 - 01/04/2025 04:45:00","BZN|FR","Without Sequence","61.59","",""
"01/04/2025 04:45:00 - 01/04/2025 05:00:00","BZN|FR","Without Sequence","61.59","",""
"01/04/2025 05:00:00 - 01/04/2025 05:15:00","BZN|FR","Without Sequence","68.20","",""
"01/04/2025 05:15:00 - 01/04/2025 05:30:00","BZN|FR","Without Sequence","68.20","",""
"01/04/2025 05:30:00 - 01/04/2025 05:45:00","BZN|FR","Without Sequence","68.20","",""
"01/04/2025 05:45:00 - 01/04/2025 06:00:00","BZN|FR","Without Sequence","68.20","",""
"01/04/2025 06:00:00 - 01/04/2025 06:15:00","BZN|FR","Without Sequence","84.20","",""
"01/04/2025 06:15:00 - 01/04/2025 06:30:00","BZN|FR","Without Sequence","84.20","",""
"01/04/2025 06:30:00 - 01/04/2025 06:45:00","BZN|FR","Without Sequence","84.20","",""
"01/04/2025 06:45:00 - 01/04/2025 07:00:00","BZN|FR","Without Sequence","84.20","",""
"01/04/2025 07:00:00 - 01/04/2025 07:15:00","BZN|FR","Without Sequence","155.50","",""
"01/04/2025 07:15:00 - 01/04/2025 07:30:00","BZN|FR","Without Sequence","155.50","",""
"01/04/2025 07:30:00 - 01/04/2025 07:45:00","BZN|FR","Without Sequence","155.50","",""
"01/04/2025 07:45:00 - 01/04/2025 08:00:00","BZN|FR","Without Sequence","155.50","",""
"01/04/2025 08:00:00 - 01/04/2025 08:15:00","BZN|FR","Without Sequence","159.37","",""
"01/04/2025 08:15:00 - 01/04/2025 08:30:00","BZN|FR","Without Sequence","159.37","",""
"01/04/2025 08:30:00 - 01/04/2025 08:45:00","BZN|FR","Without Sequence","159.37","",""
"01/04/2025 08:45:00 - 01/04/2025 09:00:00","BZN|FR","Without Sequence","159.37","",""
"01/04/2025 09:00:00 - 01/04/2025 09:15:00","BZN|FR","Without Sequence","87.97","",""
"01/04/2025 09:15:00 - 01/04/2025 09:30:00","BZN|FR","Without Sequence","87.97","",""
"01/04/2025 09:30:00 - 01/04/2025 09:45:00","BZN|FR","Without Sequence","87.97","",""
"01/04/2025 09:45:00 - 01/04/2025 10:00:00","BZN|FR","Without Sequence","87.97","",""
"01/04/2025 10:00:00 - 01/04/2025 10:15:00","BZN|FR","Without Sequence","38.10","",""
"01/04/2025 10:15:00 - 01/04/2025 10:30:00","BZN|FR","Without Sequence","38.10","",""
"01/04/2025 10:30:00 - 01/04/2025 10:45:00","BZN|FR","Without Sequence","38.10","",""
"01/04/2025 10:45:00 - 01/04/2025 11:00:00","BZN|FR","Without Sequence","38.10","",""
"01/04/2025 11:00:00 - 01/04/2025 11:15:00","BZN|FR","Without Sequence","0.00","",""
"01/04/2025 11:15:00 - 01/04/2025 11:30:00","BZN|FR","Without Sequence","0.00","",""
"01/04/2025 11:30:00 - 01/04/2025 11:45:00","BZN|FR","Without Sequence","0.00","",""
"01/04/2025 11:45:00 - 01/04/2025 12:00:00","BZN|FR","Without Sequence","0.00","",""
"01/04/2025 12:00:00 - 01/04/2025 12:15:00","BZN|FR","Without Sequence","0.00","",""
"01/04/2025 12:15:00 - 01/04/2025 12:30:00","BZN|FR","Without Sequence","0.00","",""
"01/04/2025 12:30:00 - 01/04/2025 12:45:00","BZN|FR","Without Sequence","0.00","",""
"01/04/2025 12:45:00 - 01/04/2025 13:00:00","BZN|FR","Without Sequence","0.00","",""
"01/04/2025 13:00:00 - 01/04/2025 13:15:00","BZN|FR","Without Sequence","-0.01","",""
"01/04/2025 13:15:00 - 01/04/2025 13:30:00","BZN|FR","Without Sequence","-0.01","",""
"01/04/2025 13:30:00 - 01/04/2025 13:45:00","BZN|FR","Without Sequence","-0.01","",""
"01/04/2025 13:45:00 - 01/04/2025 14:00:00","BZN|FR","Without Sequence","-0.01","",""
"01/04/2025 14:00:00 - 01/04/2025 14:15:00","BZN|FR","Without Sequence","-0.03","",""
"01/04/2025 14:15:00 - 01/04/2025 14:30:00","BZN|FR","Without Sequence","-0.03","",""
"01/04/2025 14:30:00 - 01/04/2025 14:45:00","BZN|FR","Without Sequence","-0.03","",""
"01/04/2025 14:45:00 - 01/04/2025 15:00:00","BZN|FR","Without Sequence","-0.03","",""
"01/04/2025 15:00:00 - 01/04/2025 15:15:00","BZN|FR","Without Sequence","-0.07","",""
"01/04/2025 15:15:00 - 01/04/2025 15:30:00","BZN|FR","Without Sequence","-0.07","",""
"01/04/2025 15:30:00 - 01/04/2025 15:45:00","BZN|FR","Without Sequence","-0.07","",""
"01/04/2025 15:45:00 - 01/04/2025 16:00:00","BZN|FR","Without Sequence","-0.07","",""
"01/04/2025 16:00:00 - 01/04/2025 16:15:00","BZN|FR","Without Sequence","-0.01","",""
"01/04/2025 16:15:00 - 01/04/2025 16:30:00","BZN|FR","Without Sequence","-0.01","",""
"01/04/2025 16:30:00 - 01/04/2025 16:45:00","BZN|FR","Without Sequence","-0.01","",""
"01/04/2025 16:45:00 - 01/04/2025 17:00:00","BZN|FR","Without Sequence","-0.01","",""
"01/04/2025 17:00:00 - 01/04/2025 17:15:00","BZN|FR","Without Sequence","-0.01","",""
"01/04/2025 17:15:00 - 01/04/2025 17:30:00","BZN|FR","Without Sequence","-0.01","",""
"01/04/2025 17:30:00 - 01/04/2025 17:45:00","BZN|FR","Without Sequence","-0.01","",""
"01/04/2025 17:45:00 - 01/04/2025 18:00:00","BZN|FR","Without Sequence","-0.01","",""
"01/04/2025 18:00:00 - 01/04/2025 18:15:00","BZN|FR","Without Sequence","17.90","",""
"01/04/2025 18:15:00 - 01/04/2025 18:30:00","BZN|FR","Without Sequence","17.90","",""
"01/04/2025 18:30:00 - 01/04/2025 18:45:00","BZN|FR","Without Sequence","17.90","",""
"01/04/2025 18:45:00 - 01/04/2025 19:00:00","BZN|FR","Without Sequence","17.90","",""
"01/04/2025 19:00:00 - 01/04/2025 19:15:00","BZN|FR","Without Sequence","53.71","",""
"01/04/2025 19:15:00 - 01/04/2025 19:30:00","BZN|FR","Without Sequence","53.71","",""
"01/04/2025 19:30:00 - 01/04/2025 19:45:00","BZN|FR","Without Sequence","53.71","",""
"01/04/2025 19:45:00 - 01/04/2025 20:00:00","BZN|FR","Without Sequence","53.71","",""
"01/04/2025 20:00:00 - 01/04/2025 20:15:00","BZN|FR","Without Sequence","94.70","",""
"01/04/2025 20:15:00 - 01/04/2025 20:30:00","BZN|FR","Without Sequence","94.70","",""
"01/04/2025 20:30:00 - 01/04/2025 20:45:00","BZN|FR","Without Sequence","94.70","",""
"01/04/2025 20:45:00 - 01/04/2025 21:00:00","BZN|FR","Without Sequence","94.70","",""
"01/04/2025 21:00:00 - 01/04/2025 21:15:00","BZN|FR","Without Sequence","69.80","",""
"01/04/2025 21:15:00 - 01/04/2025 21:30:00","BZN|FR","Without Sequence","69.80","",""
"01/04/2025 21:30:00 - 01/04/2025 21:45:00","BZN|FR","Without Sequence","69.80","",""
"01/04/2025 21:45:00 - 01/04/2025 22:00:00","BZN|FR","Without Sequence","69.80","",""
"01/04/2025 22:00:00 - 01/04/2025 22:15:00","BZN|FR","Without Sequence","75.73","",""
"01/04/2025 22:15:00 - 01/04/2025 22:30:00","BZN|FR","Without Sequence","75.73","",""
"01/04/2025 22:30:00 - 01/04/2025 22:45:00","BZN|FR","Without Sequence","75.73","",""
"01/04/2025 22:45:00 - 01/04/2025 23:00:00","BZN|FR","Without Sequence","75.73","",""
"01/04/2025 23:00:00 - 01/04/2025 23:15:00","BZN|FR","Without Sequence","58.44","",""
"01/04/2025 23:15:00 - 01/04/2025 23:30:00","BZN|FR","Without Sequence","58.44","",""
"01/04/2025 23:30:00 - 01/04/2025 23:45:00","BZN|FR","Without Sequence","58.44","",""
"01/04/2025 23:45:00 - 02/04/2025 00:00:00","BZN|FR","Without Sequence","58.44","",""
"02/04/2025 00:00:00 - 02/04/2025 00:15:00","BZN|FR","Without Sequence","38.11","",""
"02/04/2025 00:15:00 - 02/04/2025 00:30:00","BZN|FR","Without Sequence","38.11","",""
"02/04/2025 00:30:00 - 02/04/2025 00:45:00","BZN|FR","Without Sequence","38.11","",""
"02/04/2025 00:45:00 - 02/04/2025 01:00:00","BZN|FR","Without Sequence","38.11","",""
"02/04/2025 01:00:00 - 02/04/2025 01:15:00","BZN|FR","Without Sequence","26.34","",""
"02/04/2025 01:15:00 - 02/04/2025 01:30:00","BZN|FR","Without Sequence","26.34","",""
"02/04/2025 01:30:00 - 02/04/2025 01:45:00","BZN|FR","Without Sequence","26.34","",""
"02/04/2025 01:45:00 - 02/04/2025 02:00:00","BZN|FR","Without Sequence","26.34","",""
"02/04/2025 02:00:00 - 02/04/2025 02:15:00","BZN|FR","Without Sequence","26.10","",""
"02/04/2025 02:15:00 - 02/04/2025 02:30:00","BZN|FR","Without Sequence","26.10","",""
"02/04/2025 02:30:00 - 02/04/2025 02:45:00","BZN|FR","Without Sequence","26.10","",""
"02/04/2025 02:45:00 - 02/04/2025 03:00:00","BZN|FR","Without Sequence","26.10","",""
"02/04/2025 03:00:00 - 02/04/2025 03:15:00","BZN|FR","Without Sequence","20.00","",""
"02/04/2025 03:15:00 - 02/04/2025 03:30:00","BZN|FR","Without Sequence","20.00","",""
"02/04/2025 03:30:00 - 02/04/2025 03:45:00","BZN|FR","Without Sequence","20.00","",""
"02/04/2025 03:45:00 - 02/04/2025 04:00:00","BZN|FR","Without Sequence","20.00","",""
"02/04/2025 04:00:00 - 02/04/2025 04:15:00","BZN|FR","Without Sequence","20.00","",""
"02/04/2025 04:15:00 - 02/04/2025 04:30:00","BZN|FR","Without Sequence","20.00","",""
"02/04/2025 04:30:00 - 02/04/2025 04:45:00","BZN|FR","Without Sequence","20.00","",""
"02/04/2025 04:45:00 - 02/04/2025 05:00:00","BZN|FR","Without Sequence","20.00","",""
"02/04/2025 05:00:00 - 02/04/2025 05:15:00","BZN|FR","Without Sequence","26.34","",""
"02/04/2025 05:15:00 - 02/04/2025 05:30:00","BZN|FR","Without Sequence","26.34","",""
"02/04/2025 05:30:00 - 02/04/2025 05:45:00","BZN|FR","Without Sequence","26.34","",""
"02/04/2025 05:45:00 - 02/04/2025 06:00:00","BZN|FR","Without Sequence","26.34","",""
"02/04/2025 06:00:00 - 02/04/2025 06:15:00","BZN|FR","Without Sequence","39.87","",""
"02/04/2025 06:15:00 - 02/04/2025 06:30:00","BZN|FR","Without Sequence","39.87","",""
"02/04/2025 06:30:00 - 02/04/2025 06:45:00","BZN|FR","Without Sequence","39.87","",""
"02/04/2025 06:45:00 - 02/04/2025 07:00:00","BZN|FR","Without Sequence","39.87","",""
"02/04/2025 07:00:00 - 02/04/2025 07:15:00","BZN|FR","Without Sequence","90.08","",""
"02/04/2025 07:15:00 - 02/04/2025 07:30:00","BZN|FR","Without Sequence","90.08","",""
"02/04/2025 07:30:00 - 02/04/2025 07:45:00","BZN|FR","Without Sequence","90.08","",""
"02/04/2025 07:45:00 - 02/04/2025 08:00:00","BZN|FR","Without Sequence","90.08","",""
"02/04/2025 08:00:00 - 02/04/2025 08:15:00","BZN|FR","Without Sequence","104.90","",""
"02/04/2025 08:15:00 - 02/04/2025 08:30:00","BZN|FR","Without Sequence","104.90","",""
"02/04/2025 08:30:00 - 02/04/2025 08:45:00","BZN|FR","Without Sequence","104.90","",""
"02/04/2025 08:45:00 - 02/04/2025 09:00:00","BZN|FR","Without Sequence","104.90","",""
"02/04/2025 09:00:00 - 02/04/2025 09:15:00","BZN|FR","Without Sequence","54.33","",""
"02/04/2025 09:15:00 - 02/04/2025 09:30:00","BZN|FR","Without Sequence","54.33","",""
"02/04/2025 09:30:00 - 02/04/2025 09:45:00","BZN|FR","Without Sequence","54.33","",""
"02/04/2025 09:45:00 - 02/04/2025 10:00:00","BZN|FR","Without Sequence","54.33","",""
"02/04/2025 10:00:00 - 02/04/2025 10:15:00","BZN|FR","Without Sequence","21.15","",""
"02/04/2025 10:15:00 - 02/04/2025 10:30:00","BZN|FR","Without Sequence","21.15","",""
"02/04/2025 10:30:00 - 02/04/2025 10:45:00","BZN|FR","Without Sequence","21.15","",""
"02/04/2025 10:45:00 - 02/04/2025 11:00:00","BZN|FR","Without Sequence","21.15","",""
"02/04/2025 11:00:00 - 02/04/2025 11:15:00","BZN|FR","Without Sequence","0.89","",""
"02/04/2025 11:15:00 - 02/04/2025 11:30:00","BZN|FR","Without Sequence","0.89","",""
"02/04/2025 11:30:00 - 02/04/2025 11:45:00","BZN|FR","Without Sequence","0.89","",""
"02/04/2025 11:45:00 - 02/04/2025 12:00:00","BZN|FR","Without Sequence","0.89","",""
"02/04/2025 12:00:00 - 02/04/2025 12:15:00","BZN|FR","Without Sequence","0.00","",""
"02/04/2025 12:15:00 - 02/04/2025 12:30:00","BZN|FR","Without Sequence","0.00","",""
"02/04/2025 12:30:00 - 02/04/2025 12:45:00","BZN|FR","Without Sequence","0.00","",""
"02/04/2025 12:45:00 - 02/04/2025 13:00:00","BZN|FR","Without Sequence","0.00","",""
"02/04/2025 13:00:00 - 02/04/2025 13:15:00","BZN|FR","Without Sequence","0.00","",""
"02/04/2025 13:15:00 - 02/04/2025 13:30:00","BZN|FR","Without Sequence","0.00","",""
"02/04/2025 13:30:00 - 02/04/2025 13:45:00","BZN|FR","Without Sequence","0.00","",""
"02/04/2025 13:45:00 - 02/04/2025 14:00:00","BZN|FR","Without Sequence","0.00","",""
"02/04/2025 14:00:00 - 02/04/2025 14:15:00","BZN|FR","Without Sequence","-0.01","",""
"02/04/2025 14:15:00 - 02/04/2025 14:30:00","BZN|FR","Without Sequence","-0.01","",""
"02/04/2025 14:30:00 - 02/04/2025 14:45:00","BZN|FR","Without Sequence","-0.01","",""
"02/04/2025 14:45:00 - 02/04/2025 15:00:00","BZN|FR","Without Sequence","-0.01","",""
"02/04/2025 15:00:00 - 02/04/2025 15:15:00","BZN|FR","Without Sequence","-0.02","",""
"02/04/2025 15:15:00 - 02/04/2025 15:30:00","BZN|FR","Without Sequence","-0.02","",""
"02/04/2025 15:30:00 - 02/04/2025 15:45:00","BZN|FR","Without Sequence","-0.02","",""
"02/04/2025 15:45:00 - 02/04/2025 16:00:00","BZN|FR","Without Sequence","-0.02","",""
"02/04/2025 16:00:00 - 02/04/2025 16:15:00","BZN|FR","Without Sequence","-0.01","",""
"02/04/2025 16:15:00 - 02/04/2025 16:30:00","BZN|FR","Without Sequence","-0.01","",""
"02/04/2025 16:30:00 - 02/04/2025 16:45:00","BZN|FR","Without Sequence","-0.01","",""
"02/04/2025 16:45:00 - 02/04/2025 17:00:00","BZN|FR","Without Sequence","-0.01","",""
"02/04/2025 17:00:00 - 02/04/2025 17:15:00","BZN|FR","Without Sequence","0.04","",""
"02/04/2025 17:15:00 - 02/04/2025 17:30:00","BZN|FR","Without Sequence","0.04","",""
"02/04/2025 17:30:00 - 02/04/2025 17:45:00","BZN|FR","Without Sequence","0.04","",""
"02/04/2025 17:45:00 - 02/04/2025 18:00:00","BZN|FR","Without Sequence","0.04","",""
"02/04/2025 18:00:00 - 02/04/2025 18:15:00","BZN|FR","Without Sequence","7.96","",""
"02/04/2025 18:15:00 - 02/04/2025 18:30:00","BZN|FR","Without Sequence","7.96","",""
"02/04/2025 18:30:00 - 02/04/2025 18:45:00","BZN|FR","Without Sequence","7.96","",""
"02/04/2025 18:45:00 - 02/04/2025 19:00:00","BZN|FR","Without Sequence","7.96","",""
"02/04/2025 19:00:00 - 02/04/2025 19:15:00","BZN|FR","Without Sequence","36.08","",""
"02/04/2025 19:15:00 - 02/04/2025 19:30:00","BZN|FR","Without Sequence","36.08","",""
"02/04/2025 19:30:00 - 02/04/2025 19:45:00","BZN|FR","Without Sequence","36.08","",""
"02/04/2025 19:45:00 - 02/04/2025 20:00:00","BZN|FR","Without Sequence","36.08","",""
"02/04/2025 20:00:00 - 02/04/2025 20:15:00","BZN|FR","Without Sequence","53.11","",""
"02/04/2025 20:15:00 - 02/04/2025 20:30:00","BZN|FR","Without Sequence","53.11","",""
"02/04/2025 20:30:00 - 02/04/2025 20:45:00","BZN|FR","Without Sequence","53.11","",""
"02/04/2025 20:45:00 - 02/04/2025 21:00:00","BZN|FR","Without Sequence","53.11","",""
"02/04/2025 21:00:00 - 02/04/2025 21:15:00","BZN|FR","Without Sequence","49.23","",""
"02/04/2025 21:15:00 - 02/04/2025 21:30:00","BZN|FR","Without Sequence","49.23","",""
"02/04/2025 21:30:00 - 02/04/2025 21:45:00","BZN|FR","Without Sequence","49.23","",""
"02/04/2025 21:45:00 - 02/04/2025 22:00:00","BZN|FR","Without Sequence","49.23","",""
"02/04/2025 22:00:00 - 02/04/2025 22:15:00","BZN|FR","Without Sequence","32.95","",""
"02/04/2025 22:15:00 - 02/04/2025 22:30:00","BZN|FR","Without Sequence","32.95","",""
"02/04/2025 22:30:00 - 02/04/2025 22:45:00","BZN|FR","Without Sequence","32.95","",""
"02/04/2025 22:45:00 - 02/04/2025 23:00:00","BZN|FR","Without Sequence","32.95","",""
"02/04/2025 23:00:00 - 02/04/2025 23:15:00","BZN|FR","Without Sequence","34.92","",""
"02/04/2025 23:15:00 - 02/04/2025 23:30:00","BZN|FR","Without Sequence","34.92","",""
"02/04/2025 23:30:00 - 02/04/2025 23:45:00","BZN|FR","Without Sequence","34.92","",""
"02/04/2025 23:45:00 - 03/04/2025 00:00:00","BZN|FR","Without Sequence","34.92","",""
"03/04/2025 00:00:00 - 03/04/2025 00:15:00","BZN|FR","Without Sequence","39.99","",""
"03/04/2025 00:15:00 - 03/04/2025 00:30:00","BZN|FR","Without Sequence","39.99","",""
"03/04/2025 00:30:00 - 03/04/2025 00:45:00","BZN|FR","Without Sequence","39.99","",""
"03/04/2025 00:45:00 - 03/04/2025 01:00:00","BZN|FR","Without Sequence","39.99","",""
"03/04/2025 01:00:00 - 03/04/2025 01:15:00","BZN|FR","Without Sequence","19.07","",""
"03/04/2025 01:15:00 - 03/04/2025 01:30:00","BZN|FR","Without Sequence","19.07","",""
"03/04/2025 01:30:00 - 03/04/2025 01:45:00","BZN|FR","Without Sequence","19.07","",""
"03/04/2025 01:45:00 - 03/04/2025 02:00:00","BZN|FR","Without Sequence","19.07","",""
"03/04/2025 02:00:00 - 03/04/2025 02:15:00","BZN|FR","Without Sequence","16.32","",""
"03/04/2025 02:15:00 - 03/04/2025 02:30:00","BZN|FR","Without Sequence","16.32","",""
"03/04/2025 02:30:00 - 03/04/2025 02:45:00","BZN|FR","Without Sequence","16.32","",""
"03/04/2025 02:45:00 - 03/04/2025 03:00:00","BZN|FR","Without Sequence","16.32","",""
"03/04/2025 03:00:00 - 03/04/2025 03:15:00","BZN|FR","Without Sequence","12.27","",""
"03/04/2025 03:15:00 - 03/04/2025 03:30:00","BZN|FR","Without Sequence","12.27","",""
"03/04/2025 03:30:00 - 03/04/2025 03:45:00","BZN|FR","Without Sequence","12.27","",""
"03/04/2025 03:45:00 - 03/04/2025 04:00:00","BZN|FR","Without Sequence","12.27","",""
"03/04/2025 04:00:00 - 03/04/2025 04:15:00","BZN|FR","Without Sequence","9.07","",""
"03/04/2025 04:15:00 - 03/04/2025 04:30:00","BZN|FR","Without Sequence","9.07","",""
"03/04/2025 04:30:00 - 03/04/2025 04:45:00","BZN|FR","Without Sequence","9.07","",""
"03/04/2025 04:45:00 - 03/04/2025 05:00:00","BZN|FR","Without Sequence","9.07","",""
"03/04/2025 05:00:00 - 03/04/2025 05:15:00","BZN|FR","Without Sequence","14.25","",""
"03/04/2025 05:15:00 - 03/04/2025 05:30:00","BZN|FR","Without Sequence","14.25","",""
"03/04/2025 05:30:00 - 03/04/2025 05:45:00","BZN|FR","Without Sequence","14.25","",""
"03/04/2025 05:45:00 - 03/04/2025 06:00:00","BZN|FR","Without Sequence","14.25","",""
"03/04/2025 06:00:00 - 03/04/2025 06:15:00","BZN|FR","Without Sequence","59.77","",""
"03/04/2025 06:15:00 - 03/04/2025 06:30:00","BZN|FR","Without Sequence","59.77","",""
"03/04/2025 06:30:00 - 03/04/2025 06:45:00","BZN|FR","Without Sequence","59.77","",""
"03/04/2025 06:45:00 - 03/04/2025 07:00:00","BZN|FR","Without Sequence","59.77","",""
"03/04/2025 07:00:00 - 03/04/2025 07:15:00","BZN|FR","Without Sequence","107.56","",""
"03/04/2025 07:15:00 - 03/04/2025 07:30:00","BZN|FR","Without Sequence","107.56","",""
"03/04/2025 07:30:00 - 03/04/2025 07:45:00","BZN|FR","Without Sequence","107.56","",""
"03/04/2025 07:45:00 - 03/04/2025 08:00:00","BZN|FR","Without Sequence","107.56","",""
"03/04/2025 08:00:00 - 03/04/2025 08:15:00","BZN|FR","Without Sequence","133.30","",""
"03/04/2025 08:15:00 - 03/04/2025 08:30:00","BZN|FR","Without Sequence","133.30","",""
"03/04/2025 08:30:00 - 03/04/2025 08:45:00","BZN|FR","Without Sequence","133.30","",""
"03/04/2025 08:45:00 - 03/04/2025 09:00:00","BZN|FR","Without Sequence","133.30","",""
"03/04/2025 09:00:00 - 03/04/2025 09:15:00","BZN|FR","Without Sequence","79.11","",""
"03/04/2025 09:15:00 - 03/04/2025 09:30:00","BZN|FR","Without Sequence","79.11","",""
"03/04/2025 09:30:00 - 03/04/2025 09:45:00","BZN|FR","Without Sequence","79.11","",""
"03/04/2025 09:45:00 - 03/04/2025 10:00:00","BZN|FR","Without Sequence","79.11","",""
"03/04/2025 10:00:00 - 03/04/2025 10:15:00","BZN|FR","Without Sequence","28.96","",""
"03/04/2025 10:15:00 - 03/04/2025 10:30:00","BZN|FR","Without Sequence","28.96","",""
"03/04/2025 10:30:00 - 03/04/2025 10:45:00","BZN|FR","Without Sequence","28.96","",""
"03/04/2025 10:45:00 - 03/04/2025 11:00:00","BZN|FR","Without Sequence","28.96","",""
"03/04/2025 11:00:00 - 03/04/2025 11:15:00","BZN|FR","Without Sequence","0.04","",""
"03/04/2025 11:15:00 - 03/04/2025 11:30:00","BZN|FR","Without Sequence","0.04","",""
"03/04/2025 11:30:00 - 03/04/2025 11:45:00","BZN|FR","Without Sequence","0.04","",""
"03/04/2025 11:45:00 - 03/04/2025 12:00:00","BZN|FR","Without Sequence","0.04","",""
"03/04/2025 12:00:00 - 03/04/2025 12:15:00","BZN|FR","Without Sequence","-0.01","",""
"03/04/2025 12:15:00 - 03/04/2025 12:30:00","BZN|FR","Without Sequence","-0.01","",""
"03/04/2025 12:30:00 - 03/04/2025 12:45:00","BZN|FR","Without Sequence","-0.01","",""
"03/04/2025 12:45:00 - 03/04/2025 13:00:00","BZN|FR","Without Sequence","-0.01","",""
"03/04/2025 13:00:00 - 03/04/2025 13:15:00","BZN|FR","Without Sequence","-0.01","",""
"03/04/2025 13:15:00 - 03/04/2025 13:30:00","BZN|FR","Without Sequence","-0.01","",""
"03/04/2025 13:30:00 - 03/04/2025 13:45:00","BZN|FR","Without Sequence","-0.01","",""
"03/04/2025 13:45:00 - 03/04/2025 14:00:00","BZN|FR","Without Sequence","-0.01","",""
"03/04/2025 14:00:00 - 03/04/2025 14:15:00","BZN|FR","Without Sequence","-0.01","",""
"03/04/2025 14:15:00 - 03/04/2025 14:30:00","BZN|FR","Without Sequence","-0.01","",""
"03/04/2025 14:30:00 - 03/04/2025 14:45:00","BZN|FR","Without Sequence","-0.01","",""
"03/04/2025 14:45:00 - 03/04/2025 15:00:00","BZN|FR","Without Sequence","-0.01","",""
"03/04/2025 15:00:00 - 03/04/2025 15:15:00","BZN|FR","Without Sequence","-0.01","",""
"03/04/2025 15:15:00 - 03/04/2025 15:30:00","BZN|FR","Without Sequence","-0.01","",""
"03/04/2025 15:30:00 - 03/04/2025 15:45:00","BZN|FR","Without Sequence","-0.01","",""
"03/04/2025 15:45:00 - 03/04/2025 16:00:00","BZN|FR","Without Sequence","-0.01","",""
"03/04/2025 16:00:00 - 03/04/2025 16:15:00","BZN|FR","Without Sequence","1.87","",""
"03/04/2025 16:15:00 - 03/04/2025 16:30:00","BZN|FR","Without Sequence","1.87","",""
"03/04/2025 16:30:00 - 03/04/2025 16:45:00","BZN|FR","Without Sequence","1.87","",""
"03/04/2025 16:45:00 - 03/04/2025 17:00:00","BZN|FR","Without Sequence","1.87","",""
"03/04/2025 17:00:00 - 03/04/2025 17:15:00","BZN|FR","Without Sequence","36.50","",""
"03/04/2025 17:15:00 - 03/04/2025 17:30:00","BZN|FR","Without Sequence","36.50","",""
"03/04/2025 17:30:00 - 03/04/2025 17:45:00","BZN|FR","Without Sequence","36.50","",""
"03/04/2025 17:45:00 - 03/04/2025 18:00:00","BZN|FR","Without Sequence","36.50","",""
"03/04/2025 18:00:00 - 03/04/2025 18:15:00","BZN|FR","Without Sequence","88.81","",""
"03/04/2025 18:15:00 - 03/04/2025 18:30:00","BZN|FR","Without Sequence","88.81","",""
"03/04/2025 18:30:00 - 03/04/2025 18:45:00","BZN|FR","Without Sequence","88.81","",""
"03/04/2025 18:45:00 - 03/04/2025 19:00:00","BZN|FR","Without Sequence","88.81","",""
"03/04/2025 19:00:00 - 03/04/2025 19:15:00","BZN|FR","Without Sequence","134.65","",""
"03/04/2025 19:15:00 - 03/04/2025 19:30:00","BZN|FR","Without Sequence","134.65","",""
"03/04/2025 19:30:00 - 03/04/2025 19:45:00","BZN|FR","Without Sequence","134.65","",""
"03/04/2025 19:45:00 - 03/04/2025 20:00:00","BZN|FR","Without Sequence","134.65","",""
"03/04/2025 20:00:00 - 03/04/2025 20:15:00","BZN|FR","Without Sequence","128.86","",""
"03/04/2025 20:15:00 - 03/04/2025 20:30:00","BZN|FR","Without Sequence","128.86","",""
"03/04/2025 20:30:00 - 03/04/2025 20:45:00","BZN|FR","Without Sequence","128.86","",""
"03/04/2025 20:45:00 - 03/04/2025 21:00:00","BZN|FR","Without Sequence","128.86","",""
"03/04/2025 21:00:00 - 03/04/2025 21:15:00","BZN|FR","Without Sequence","90.49","",""
"03/04/2025 21:15:00 - 03/04/2025 21:30:00","BZN|FR","Without Sequence","90.49","",""
"03/04/2025 21:30:00 - 03/04/2025 21:45:00","BZN|FR","Without Sequence","90.49","",""
"03/04/2025 21:45:00 - 03/04/2025 22:00:00","BZN|FR","Without Sequence","90.49","",""
"03/04/2025 22:00:00 - 03/04/2025 22:15:00","BZN|FR","Without Sequence","88.71","",""
"03/04/2025 22:15:00 - 03/04/2025 22:30:00","BZN|FR","Without Sequence","88.71","",""
"03/04/2025 22:30:00 - 03/04/2025 22:45:00","BZN|FR","Without Sequence","88.71","",""
"03/04/2025 22:45:00 - 03/04/2025 23:00:00","BZN|FR","Without Sequence","88.71","",""
"03/04/2025 23:00:00 - 03/04/2025 23:15:00","BZN|FR","Without Sequence","79.97","",""
"03/04/2025 23:15:00 - 03/04/2025 23:30:00","BZN|FR","Without Sequence","79.97","",""
"03/04/2025 23:30:00 - 03/04/2025 23:45:00","BZN|FR","Without Sequence","79.97","",""
"03/04/2025 23:45:00 - 04/04/2025 00:00:00","BZN|FR","Without Sequence","79.97","",""
"04/04/2025 00:00:00 - 04/04/2025 00:15:00","BZN|FR","Without Sequence","64.08","",""
"04/04/2025 00:15:00 - 04/04/2025 00:30:00","BZN|FR","Without Sequence","64.08","",""
"04/04/2025 00:30:00 - 04/04/2025 00:45:00","BZN|FR","Without Sequence","64.08","",""
"04/04/2025 00:45:00 - 04/04/2025 01:00:00","BZN|FR","Without Sequence","64.08","",""
"04/04/2025 01:00:00 - 04/04/2025 01:15:00","BZN|FR","Without Sequence","51.65","",""
"04/04/2025 01:15:00 - 04/04/2025 01:30:00","BZN|FR","Without Sequence","51.65","",""
"04/04/2025 01:30:00 - 04/04/2025 01:45:00","BZN|FR","Without Sequence","51.65","",""
"04/04/2025 01:45:00 - 04/04/2025 02:00:00","BZN|FR","Without Sequence","51.65","",""
"04/04/2025 02:00:00 - 04/04/2025 02:15:00","BZN|FR","Without Sequence","41.53","",""
"04/04/2025 02:15:00 - 04/04/2025 02:30:00","BZN|FR","Without Sequence","41.53","",""
"04/04/2025 02:30:00 - 04/04/2025 02:45:00","BZN|FR","Without Sequence","41.53","",""
"04/04/2025 02:45:00 - 04/04/2025 03:00:00","BZN|FR","Without Sequence","41.53","",""
"04/04/2025 03:00:00 - 04/04/2025 03:15:00","BZN|FR","Without Sequence","46.78","",""
"04/04/2025 03:15:00 - 04/04/2025 03:30:00","BZN|FR","Without Sequence","46.78","",""
"04/04/2025 03:30:00 - 04/04/2025 03:45:00","BZN|FR","Without Sequence","46.78","",""
"04/04/2025 03:45:00 - 04/04/2025 04:00:00","BZN|FR","Without Sequence","46.78","",""
"04/04/2025 04:00:00 - 04/04/2025 04:15:00","BZN|FR","Without Sequence","35.74","",""
"04/04/2025 04:15:00 - 04/04/2025 04:30:00","BZN|FR","Without Sequence","35.74","",""
"04/04/2025 04:30:00 - 04/04/2025 04:45:00","BZN|FR","Without Sequence","35.74","",""
"04/04/2025 04:45:00 - 04/04/2025 05:00:00","BZN|FR","Without Sequence","35.74","",""
"04/04/2025 05:00:00 - 04/04/2025 05:15:00","BZN|FR","Without Sequence","23.46","",""
"04/04/2025 05:15:00 - 04/04/2025 05:30:00","BZN|FR","Without Sequence","23.46","",""
"04/04/2025 05:30:00 - 04/04/2025 05:45:00","BZN|FR","Without Sequence","23.46","",""
"04/04/2025 05:45:00 - 04/04/2025 06:00:00","BZN|FR","Without Sequence","23.46","",""
"04/04/2025 06:00:00 - 04/04/2025 06:15:00","BZN|FR","Without Sequence","42.80","",""
"04/04/2025 06:15:00 - 04/04/2025 06:30:00","BZN|FR","Without Sequence","42.80","",""
"04/04/2025 06:30:00 - 04/04/2025 06:45:00","BZN|FR","Without Sequence","42.80","",""
"04/04/2025 06:45:00 - 04/04/2025 07:00:00","BZN|FR","Without Sequence","42.80","",""
"04/04/2025 07:00:00 - 04/04/2025 07:15:00","BZN|FR","Without Sequence","81.91","",""
"04/04/2025 07:15:00 - 04/04/2025 07:30:00","BZN|FR","Without Sequence","81.91","",""
"04/04/2025 07:30:00 - 04/04/2025 07:45:00","BZN|FR","Without Sequence","81.91","",""
"04/04/2025 07:45:00 - 04/04/2025 08:00:00","BZN|FR","Without Sequence","81.91","",""
"04/04/2025 08:00:00 - 04/04/2025 08:15:00","BZN|FR","Without Sequence","100.14","",""
"04/04/2025 08:15:00 - 04/04/2025 08:30:00","BZN|FR","Without Sequence","100.14","",""
"04/04/2025 08:30:00 - 04/04/2025 08:45:00","BZN|FR","Without Sequence","100.14","",""
"04/04/2025 08:45:00 - 04/04/2025 09:00:00","BZN|FR","Without Sequence","100.14","",""
"04/04/2025 09:00:00 - 04/04/2025 09:15:00","BZN|FR","Without Sequence","80.30","",""
"04/04/2025 09:15:00 - 04/04/2025 09:30:00","BZN|FR","Without Sequence","80.30","",""
"04/04/2025 09:30:00 - 04/04/2025 09:45:00","BZN|FR","Without Sequence","80.30","",""
"04/04/2025 09:45:00 - 04/04/2025 10:00:00","BZN|FR","Without Sequence","80.30","",""
"04/04/2025 10:00:00 - 04/04/2025 10:15:00","BZN|FR","Without Sequence","39.88","",""
"04/04/2025 10:15:00 - 04/04/2025 10:30:00","BZN|FR","Without Sequence","39.88","",""
"04/04/2025 10:30:00 - 04/04/2025 10:45:00","BZN|FR","Without Sequence","39.88","",""
"04/04/2025 10:45:00 - 04/04/2025 11:00:00","BZN|FR","Without Sequence","39.88","",""
"04/04/2025 11:00:00 - 04/04/2025 11:15:00","BZN|FR","Without Sequence","7.82","",""
"04/04/2025 11:15:00 - 04/04/2025 11:30:00","BZN|FR","Without Sequence","7.82","",""
"04/04/2025 11:30:00 - 04/04/2025 11:45:00","BZN|FR","Without Sequence","7.82","",""
"04/04/2025 11:45:00 - 04/04/2025 12:00:00","BZN|FR","Without Sequence","7.82","",""
"04/04/2025 12:00:00 - 04/04/2025 12:15:00","BZN|FR","Without Sequence","0.00","",""
"04/04/2025 12:15:00 - 04/04/2025 12:30:00","BZN|FR","Without Sequence","0.00","",""
"04/04/2025 12:30:00 - 04/04/2025 12:45:00","BZN|FR","Without Sequence","0.00","",""
"04/04/2025 12:45:00 - 04/04/2025 13:00:00","BZN|FR","Without Sequence","0.00","",""
"04/04/2025 13:00:00 - 04/04/2025 13:15:00","BZN|FR","Without Sequence","-0.01","",""
"04/04/2025 13:15:00 - 04/04/2025 13:30:00","BZN|FR","Without Sequence","-0.01","",""
"04/04/2025 13:30:00 - 04/04/2025 13:45:00","BZN|FR","Without Sequence","-0.01","",""
"04/04/2025 13:45:00 - 04/04/2025 14:00:00","BZN|FR","Without Sequence","-0.01","",""
"04/04/2025 14:00:00 - 04/04/2025 14:15:00","BZN|FR","Without Sequence","-0.02","",""
"04/04/2025 14:15:00 - 04/04/2025 14:30:00","BZN|FR","Without Sequence","-0.02","",""
"04/04/2025 14:30:00 - 04/04/2025 14:45:00","BZN|FR","Without Sequence","-0.02","",""
"04/04/2025 14:45:00 - 04/04/2025 15:00:00","BZN|FR","Without Sequence","-0.02","",""
"04/04/2025 15:00:00 - 04/04/2025 15:15:00","BZN|FR","Without Sequence","-0.01","",""
"04/04/2025 15:15:00 - 04/04/2025 15:30:00","BZN|FR","Without Sequence","-0.01","",""
"04/04/2025 15:30:00 - 04/04/2025 15:45:00","BZN|FR","Without Sequence","-0.01","",""
"04/04/2025 15:45:00 - 04/04/2025 16:00:00","BZN|FR","Without Sequence","-0.01","",""
"04/04/2025 16:00:00 - 04/04/2025 16:15:00","BZN|FR","Without Sequence","0.00","",""
"04/04/2025 16:15:00 - 04/04/2025 16:30:00","BZN|FR","Without Sequence","0.00","",""
"04/04/2025 16:30:00 - 04/04/2025 16:45:00","BZN|FR","Without Sequence","0.00","",""
"04/04/2025 16:45:00 - 04/04/2025 17:00:00","BZN|FR","Without Sequence","0.00","",""
"04/04/2025 17:00:00 - 04/04/2025 17:15:00","BZN|FR","Without Sequence","19.50","",""
"04/04/2025 17:15:00 - 04/04/2025 17:30:00","BZN|FR","Without Sequence","19.50","",""
"04/04/2025 17:30:00 - 04/04/2025 17:45:00","BZN|FR","Without Sequence","19.50","",""
"04/04/2025 17:45:00 - 04/04/2025 18:00:00","BZN|FR","Without Sequence","19.50","",""
"04/04/2025 18:00:00 - 04/04/2025 18:15:00","BZN|FR","Without Sequence","32.83","",""
"04/04/2025 18:15:00 - 04/04/2025 18:30:00","BZN|FR","Without Sequence","32.83","",""
"04/04/2025 18:30:00 - 04/04/2025 18:45:00","BZN|FR","Without Sequence","32.83","",""
"04/04/2025 18:45:00 - 04/04/2025 19:00:00","BZN|FR","Without Sequence","32.83","",""
"04/04/2025 19:00:00 - 04/04/2025 19:15:00","BZN|FR","Without Sequence","54.23","",""
"04/04/2025 19:15:00 - 04/04/2025 19:30:00","BZN|FR","Without Sequence","54.23","",""
"04/04/2025 19:30:00 - 04/04/2025 19:45:00","BZN|FR","Without Sequence","54.23","",""
"04/04/2025 19:45:00 - 04/04/2025 20:00:00","BZN|FR","Without Sequence","54.23","",""
"04/04/2025 20:00:00 - 04/04/2025 20:15:00","BZN|FR","Without Sequence","52.33","",""
"04/04/2025 20:15:00 - 04/04/2025 20:30:00","BZN|FR","Without Sequence","52.33","",""
"04/04/2025 20:30:00 - 04/04/2025 20:45:00","BZN|FR","Without Sequence","52.33","",""
"04/04/2025 20:45:00 - 04/04/2025 21:00:00","BZN|FR","Without Sequence","52.33","",""
"04/04/2025 21:00:00 - 04/04/2025 21:15:00","BZN|FR","Without Sequence","50.02","",""
"04/04/2025 21:15:00 - 04/04/2025 21:30:00","BZN|FR","Without Sequence","50.02","",""
"04/04/2025 21:30:00 - 04/04/2025 21:45:00","BZN|FR","Without Sequence","50.02","",""
"04/04/2025 21:45:00 - 04/04/2025 22:00:00","BZN|FR","Without Sequence","50.02","",""
"04/04/2025 22:00:00 - 04/04/2025 22:15:00","BZN|FR","Without Sequence","51.40","",""
"04/04/2025 22:15:00 - 04/04/2025 22:30:00","BZN|FR","Without Sequence","51.40","",""
"04/04/2025 22:30:00 - 04/04/2025 22:45:00","BZN|FR","Without Sequence","51.40","",""
"04/04/2025 22:45:00 - 04/04/2025 23:00:00","BZN|FR","Without Sequence","51.40","",""
"04/04/2025 23:00:00 - 04/04/2025 23:15:00","BZN|FR","Without Sequence","56.82","",""
"04/04/2025 23:15:00 - 04/04/2025 23:30:00","BZN|FR","Without Sequence","56.82","",""
"04/04/2025 23:30:00 - 04/04/2025 23:45:00","BZN|FR","Without Sequence","56.82","",""
"04/04/2025 23:45:00 - 05/04/2025 00:00:00","BZN|FR","Without Sequence","56.82","",""
"05/04/2025 00:00:00 - 05/04/2025 00:15:00","BZN|FR","Without Sequence","48.64","",""
"05/04/2025 00:15:00 - 05/04/2025 00:30:00","BZN|FR","Without Sequence","48.64","",""
"05/04/2025 00:30:00 - 05/04/2025 00:45:00","BZN|FR","Without Sequence","48.64","",""
"05/04/2025 00:45:00 - 05/04/2025 01:00:00","BZN|FR","Without Sequence","48.64","",""
"05/04/2025 01:00:00 - 05/04/2025 01:15:00","BZN|FR","Without Sequence","54.03","",""
"05/04/2025 01:15:00 - 05/04/2025 01:30:00","BZN|FR","Without Sequence","54.03","",""
"05/04/2025 01:30:00 - 05/04/2025 01:45:00","BZN|FR","Without Sequence","54.03","",""
"05/04/2025 01:45:00 - 05/04/2025 02:00:00","BZN|FR","Without Sequence","54.03","",""
"05/04/2025 02:00:00 - 05/04/2025 02:15:00","BZN|FR","Without Sequence","37.30","",""
"05/04/2025 02:15:00 - 05/04/2025 02:30:00","BZN|FR","Without Sequence","37.30","",""
"05/04/2025 02:30:00 - 05/04/2025 02:45:00","BZN|FR","Without Sequence","37.30","",""
"05/04/2025 02:45:00 - 05/04/2025 03:00:00","BZN|FR","Without Sequence","37.30","",""
"05/04/2025 03:00:00 - 05/04/2025 03:15:00","BZN|FR","Without Sequence","20.67","",""
"05/04/2025 03:15:00 - 05/04/2025 03:30:00","BZN|FR","Without Sequence","20.67","",""
"05/04/2025 03:30:00 - 05/04/2025 03:45:00","BZN|FR","Without Sequence","20.67","",""
"05/04/2025 03:45:00 - 05/04/2025 04:00:00","BZN|FR","Without Sequence","20.67","",""
"05/04/2025 04:00:00 - 05/04/2025 04:15:00","BZN|FR","Without Sequence","13.20","",""
"05/04/2025 04:15:00 - 05/04/2025 04:30:00","BZN|FR","Without Sequence","13.20","",""
"05/04/2025 04:30:00 - 05/04/2025 04:45:00","BZN|FR","Without Sequence","13.20","",""
"05/04/2025 04:45:00 - 05/04/2025 05:00:00","BZN|FR","Without Sequence","13.20","",""
"05/04/2025 05:00:00 - 05/04/2025 05:15:00","BZN|FR","Without Sequence","16.40","",""
"05/04/2025 05:15:00 - 05/04/2025 05:30:00","BZN|FR","Without Sequence","16.40","",""
"05/04/2025 05:30:00 - 05/04/2025 05:45:00","BZN|FR","Without Sequence","16.40","",""
"05/04/2025 05:45:00 - 05/04/2025 06:00:00","BZN|FR","Without Sequence","16.40","",""
"05/04/2025 06:00:00 - 05/04/2025 06:15:00","BZN|FR","Without Sequence","25.96","",""
"05/04/2025 06:15:00 - 05/04/2025 06:30:00","BZN|FR","Without Sequence","25.96","",""
"05/04/2025 06:30:00 - 05/04/2025 06:45:00","BZN|FR","Without Sequence","25.96","",""
"05/04/2025 06:45:00 - 05/04/2025 07:00:00","BZN|FR","Without Sequence","25.96","",""
"05/04/2025 07:00:00 - 05/04/2025 07:15:00","BZN|FR","Without Sequence","23.43","",""
"05/04/2025 07:15:00 - 05/04/2025 07:30:00","BZN|FR","Without Sequence","23.43","",""
"05/04/2025 07:30:00 - 05/04/2025 07:45:00","BZN|FR","Without Sequence","23.43","",""
"05/04/2025 07:45:00 - 05/04/2025 08:00:00","BZN|FR","Without Sequence","23.43","",""
"05/04/2025 08:00:00 - 05/04/2025 08:15:00","BZN|FR","Without Sequence","29.10","",""
"05/04/2025 08:15:00 - 05/04/2025 08:30:00","BZN|FR","Without Sequence","29.10","",""
"05/04/2025 08:30:00 - 05/04/2025 08:45:00","BZN|FR","Without Sequence","29.10","",""
"05/04/2025 08:45:00 - 05/04/2025 09:00:00","BZN|FR","Without Sequence","29.10","",""
"05/04/2025 09:00:00 - 05/04/2025 09:15:00","BZN|FR","Without Sequence","42.50","",""
"05/04/2025 09:15:00 - 05/04/2025 09:30:00","BZN|FR","Without Sequence","42.50","",""
"05/04/2025 09:30:00 - 05/04/2025 09:45:00","BZN|FR","Without Sequence","42.50","",""
"05/04/2025 09:45:00 - 05/04/2025 10:00:00","BZN|FR","Without Sequence","42.50","",""
"05/04/2025 10:00:00 - 05/04/2025 10:15:00","BZN|FR","Without Sequence","0.66","",""
"05/04/2025 10:15:00 - 05/04/2025 10:30:00","BZN|FR","Without Sequence","0.66","",""
"05/04/2025 10:30:00 - 05/04/2025 10:45:00","BZN|FR","Without Sequence","0.66","",""
"05/04/2025 10:45:00 - 05/04/2025 11:00:00","BZN|FR","Without Sequence","0.66","",""
"05/04/2025 11:00:00 - 05/04/2025 11:15:00","BZN|FR","Without Sequence","-0.13","",""
"05/04/2025 11:15:00 - 05/04/2025 11:30:00","BZN|FR","Without Sequence","-0.13","",""
"05/04/2025 11:30:00 - 05/04/2025 11:45:00","BZN|FR","Without Sequence","-0.13","",""
"05/04/2025 11:45:00 - 05/04/2025 12:00:00","BZN|FR","Without Sequence","-0.13","",""
"05/04/2025 12:00:00 - 05/04/2025 12:15:00","BZN|FR","Without Sequence","-0.30","",""
"05/04/2025 12:15:00 - 05/04/2025 12:30:00","BZN|FR","Without Sequence","-0.30","",""
"05/04/2025 12:30:00 - 05/04/2025 12:45:00","BZN|FR","Without Sequence","-0.30","",""
"05/04/2025 12:45:00 - 05/04/2025 13:00:00","BZN|FR","Without Sequence","-0.30","",""
"05/04/2025 13:00:00 - 05/04/2025 13:15:00","BZN|FR","Without Sequence","-38.53","",""
"05/04/2025 13:15:00 - 05/04/2025 13:30:00","BZN|FR","Without Sequence","-38.53","",""
"05/04/2025 13:30:00 - 05/04/2025 13:45:00","BZN|FR","Without Sequence","-38.53","",""
"05/04/2025 13:45:00 - 05/04/2025 14:00:00","BZN|FR","Without Sequence","-38.53","",""
"05/04/2025 14:00:00 - 05/04/2025 14:15:00","BZN|FR","Without Sequence","-44.02","",""
"05/04/2025 14:15:00 - 05/04/2025 14:30:00","BZN|FR","Without Sequence","-44.02","",""
"05/04/2025 14:30:00 - 05/04/2025 14:45:00","BZN|FR","Without Sequence","-44.02","",""
"05/04/2025 14:45:00 - 05/04/2025 15:00:00","BZN|FR","Without Sequence","-44.02","",""
"05/04/2025 15:00:00 - 05/04/2025 15:15:00","BZN|FR","Without Sequence","-29.89","",""
"05/04/2025 15:15:00 - 05/04/2025 15:30:00","BZN|FR","Without Sequence","-29.89","",""
"05/04/2025 15:30:00 - 05/04/2025 15:45:00","BZN|FR","Without Sequence","-29.89","",""
"05/04/2025 15:45:00 - 05/04/2025 16:00:00","BZN|FR","Without Sequence","-29.89","",""
"05/04/2025 16:00:00 - 05/04/2025 16:15:00","BZN|FR","Without Sequence","-4.17","",""
"05/04/2025 16:15:00 - 05/04/2025 16:30:00","BZN|FR","Without Sequence","-4.17","",""
"05/04/2025 16:30:00 - 05/04/2025 16:45:00","BZN|FR","Without Sequence","-4.17","",""
"05/04/2025 16:45:00 - 05/04/2025 17:00:00","BZN|FR","Without Sequence","-4.17","",""
"05/04/2025 17:00:00 - 05/04/2025 17:15:00","BZN|FR","Without Sequence","0.10","",""
"05/04/2025 17:15:00 - 05/04/2025 17:30:00","BZN|FR","Without Sequence","0.10","",""
"05/04/2025 17:30:00 - 05/04/2025 17:45:00","BZN|FR","Without Sequence","0.10","",""
"05/04/2025 17:45:00 - 05/04/2025 18:00:00","BZN|FR","Without Sequence","0.10","",""
"05/04/2025 18:00:00 - 05/04/2025 18:15:00","BZN|FR","Without Sequence","35.20","",""
"05/04/2025 18:15:00 - 05/04/2025 18:30:00","BZN|FR","Without Sequence","35.20","",""
"05/04/2025 18:30:00 - 05/04/2025 18:45:00","BZN|FR","Without Sequence","35.20","",""
"05/04/2025 18:45:00 - 05/04/2025 19:00:00","BZN|FR","Without Sequence","35.20","",""
"05/04/2025 19:00:00 - 05/04/2025 19:15:00","BZN|FR","Without Sequence","46.49","",""
"05/04/2025 19:15:00 - 05/04/2025 19:30:00","BZN|FR","Without Sequence","46.49","",""
"05/04/2025 19:30:00 - 05/04/2025 19:45:00","BZN|FR","Without Sequence","46.49","",""
"05/04/2025 19:45:00 - 05/04/2025 20:00:00","BZN|FR","Without Sequence","46.49","",""
"05/04/2025 20:00:00 - 05/04/2025 20:15:00","BZN|FR","Without Sequence","95.61","",""
"05/04/2025 20:15:00 - 05/04/2025 20:30:00","BZN|FR","Without Sequence","95.61","",""
"05/04/2025 20:30:00 - 05/04/2025 20:45:00","BZN|FR","Without Sequence","95.61","",""
"05/04/2025 20:45:00 - 05/04/2025 21:00:00","BZN|FR","Without Sequence","95.61","",""
"05/04/2025 21:00:00 - 05/04/2025 21:15:00","BZN|FR","Without Sequence","85.23","",""
"05/04/2025 21:15:00 - 05/04/2025 21:30:00","BZN|FR","Without Sequence","85.23","",""
"05/04/2025 21:30:00 - 05/04/2025 21:45:00","BZN|FR","Without Sequence","85.23","",""
"05/04/2025 21:45:00 - 05/04/2025 22:00:00","BZN|FR","Without Sequence","85.23","",""
"05/04/2025 22:00:00 - 05/04/2025 22:15:00","BZN|FR","Without Sequence","78.99","",""
"05/04/2025 22:15:00 - 05/04/2025 22:30:00","BZN|FR","Without Sequence","78.99","",""
"05/04/2025 22:30:00 - 05/04/2025 22:45:00","BZN|FR","Without Sequence","78.99","",""
"05/04/2025 22:45:00 - 05/04/2025 23:00:00","BZN|FR","Without Sequence","78.99","",""
"05/04/2025 23:00:00 - 05/04/2025 23:15:00","BZN|FR","Without Sequence","68.75","",""
"05/04/2025 23:15:00 - 05/04/2025 23:30:00","BZN|FR","Without Sequence","68.75","",""
"05/04/2025 23:30:00 - 05/04/2025 23:45:00","BZN|FR","Without Sequence","68.75","",""
"05/04/2025 23:45:00 - 06/04/2025 00:00:00","BZN|FR","Without Sequence","68.75","",""
"06/04/2025 00:00:00 - 06/04/2025 00:15:00","BZN|FR","Without Sequence","70.45","",""
"06/04/2025 00:15:00 - 06/04/2025 00:30:00","BZN|FR","Without Sequence","70.45","",""
"06/04/2025 00:30:00 - 06/04/2025 00:45:00","BZN|FR","Without Sequence","70.45","",""
"06/04/2025 00:45:00 - 06/04/2025 01:00:00","BZN|FR","Without Sequence","70.45","",""
"06/04/2025 01:00:00 - 06/04/2025 01:15:00","BZN|FR","Without Sequence","46.21","",""
"06/04/2025 01:15:00 - 06/04/2025 01:30:00","BZN|FR","Without Sequence","46.21","",""
"06/04/2025 01:30:00 - 06/04/2025 01:45:00","BZN|FR","Without Sequence","46.21","",""
"06/04/2025 01:45:00 - 06/04/2025 02:00:00","BZN|FR","Without Sequence","46.21","",""
"06/04/2025 02:00:00 - 06/04/2025 02:15:00","BZN|FR","Without Sequence","35.01","",""
"06/04/2025 02:15:00 - 06/04/2025 02:30:00","BZN|FR","Without Sequence","35.01","",""
"06/04/2025 02:30:00 - 06/04/2025 02:45:00","BZN|FR","Without Sequence","35.01","",""
"06/04/2025 02:45:00 - 06/04/2025 03:00:00","BZN|FR","Without Sequence","35.01","",""
"06/04/2025 03:00:00 - 06/04/2025 03:15:00","BZN|FR","Without Sequence","27.01","",""
"06/04/2025 03:15:00 - 06/04/2025 03:30:00","BZN|FR","Without Sequence","27.01","",""
"06/04/2025 03:30:00 - 06/04/2025 03:45:00","BZN|FR","Without Sequence","27.01","",""
"06/04/2025 03:45:00 - 06/04/2025 04:00:00","BZN|FR","Without Sequence","27.01","",""
"06/04/2025 04:00:00 - 06/04/2025 04:15:00","BZN|FR","Without Sequence","25.50","",""
"06/04/2025 04:15:00 - 06/04/2025 04:30:00","BZN|FR","Without Sequence","25.50","",""
"06/04/2025 04:30:00 - 06/04/2025 04:45:00","BZN|FR","Without Sequence","25.50","",""
"06/04/2025 04:45:00 - 06/04/2025 05:00:00","BZN|FR","Without Sequence","25.50","",""
"06/04/2025 05:00:00 - 06/04/2025 05:15:00","BZN|FR","Without Sequence","25.57","",""
"06/04/2025 05:15:00 - 06/04/2025 05:30:00","BZN|FR","Without Sequence","25.57","",""
"06/04/2025 05:30:00 - 06/04/2025 05:45:00","BZN|FR","Without Sequence","25.57","",""
"06/04/2025 05:45:00 - 06/04/2025 06:00:00","BZN|FR","Without Sequence","25.57","",""
"06/04/2025 06:00:00 - 06/04/2025 06:15:00","BZN|FR","Without Sequence","26.51","",""
"06/04/2025 06:15:00 - 06/04/2025 06:30:00","BZN|FR","Without Sequence","26.51","",""
"06/04/2025 06:30:00 - 06/04/2025 06:45:00","BZN|FR","Without Sequence","26.51","",""
"06/04/2025 06:45:00 - 06/04/2025 07:00:00","BZN|FR","Without Sequence","26.51","",""
"06/04/2025 07:00:00 - 06/04/2025 07:15:00","BZN|FR","Without Sequence","28.87","",""
"06/04/2025 07:15:00 - 06/04/2025 07:30:00","BZN|FR","Without Sequence","28.87","",""
"06/04/2025 07:30:00 - 06/04/2025 07:45:00","BZN|FR","Without Sequence","28.87","",""
"06/04/2025 07:45:00 - 06/04/2025 08:00:00","BZN|FR","Without Sequence","28.87","",""
"06/04/2025 08:00:00 - 06/04/2025 08:15:00","BZN|FR","Without Sequence","26.25","",""
"06/04/2025 08:15:00 - 06/04/2025 08:30:00","BZN|FR","Without Sequence","26.25","",""
"06/04/2025 08:30:00 - 06/04/2025 08:45:00","BZN|FR","Without Sequence","26.25","",""
"06/04/2025 08:45:00 - 06/04/2025 09:00:00","BZN|FR","Without Sequence","26.25","",""
"06/04/2025 09:00:00 - 06/04/2025 09:15:00","BZN|FR","Without Sequence","0.10","",""
"06/04/2025 09:15:00 - 06/04/2025 09:30:00","BZN|FR","Without Sequence","0.10","",""
"06/04/2025 09:30:00 - 06/04/2025 09:45:00","BZN|FR","Without Sequence","0.10","",""
"06/04/2025 09:45:00 - 06/04/2025 10:00:00","BZN|FR","Without Sequence","0.10","",""
"06/04/2025 10:00:00 - 06/04/2025 10:15:00","BZN|FR","Without Sequence","-2.00","",""
"06/04/2025 10:15:00 - 06/04/2025 10:30:00","BZN|FR","Without Sequence","-2.00","",""
"06/04/2025 10:30:00 - 06/04/2025 10:45:00","BZN|FR","Without Sequence","-2.00","",""
"06/04/2025 10:45:00 - 06/04/2025 11:00:00","BZN|FR","Without Sequence","-2.00","",""
"06/04/2025 11:00:00 - 06/04/2025 11:15:00","BZN|FR","Without Sequence","-27.49","",""
"06/04/2025 11:15:00 - 06/04/2025 11:30:00","BZN|FR","Without Sequence","-27.49","",""
"06/04/2025 11:30:00 - 06/04/2025 11:45:00","BZN|FR","Without Sequence","-27.49","",""
"06/04/2025 11:45:00 - 06/04/2025 12:00:00","BZN|FR","Without Sequence","-27.49","",""
"06/04/2025 12:00:00 - 06/04/2025 12:15:00","BZN|FR","Without Sequence","-59.82","",""
"06/04/2025 12:15:00 - 06/04/2025 12:30:00","BZN|FR","Without Sequence","-59.82","",""
"06/04/2025 12:30:00 - 06/04/2025 12:45:00","BZN|FR","Without Sequence","-59.82","",""
"06/04/2025 12:45:00 - 06/04/2025 13:00:00","BZN|FR","Without Sequence","-59.82","",""
"06/04/2025 13:00:00 - 06/04/2025 13:15:00","BZN|FR","Without Sequence","-106.48","",""
"06/04/2025 13:15:00 - 06/04/2025 13:30:00","BZN|FR","Without Sequence","-106.48","",""
"06/04/2025 13:30:00 - 06/04/2025 13:45:00","BZN|FR","Without Sequence","-106.48","",""
"06/04/2025 13:45:00 - 06/04/2025 14:00:00","BZN|FR","Without Sequence","-106.48","",""
"06/04/2025 14:00:00 - 06/04/2025 14:15:00","BZN|FR","Without Sequence","-115.46","",""
"06/04/2025 14:15:00 - 06/04/2025 14:30:00","BZN|FR","Without Sequence","-115.46","",""
"06/04/2025 14:30:00 - 06/04/2025 14:45:00","BZN|FR","Without Sequence","-115.46","",""
"06/04/2025 14:45:00 - 06/04/2025 15:00:00","BZN|FR","Without Sequence","-115.46","",""
"06/04/2025 15:00:00 - 06/04/2025 15:15:00","BZN|FR","Without Sequence","-70.55","",""
"06/04/2025 15:15:00 - 06/04/2025 15:30:00","BZN|FR","Without Sequence","-70.55","",""
"06/04/2025 15:30:00 - 06/04/2025 15:45:00","BZN|FR","Without Sequence","-70.55","",""
"06/04/2025 15:45:00 - 06/04/2025 16:00:00","BZN|FR","Without Sequence","-70.55","",""
"06/04/2025 16:00:00 - 06/04/2025 16:15:00","BZN|FR","Without Sequence","-19.15","",""
"06/04/2025 16:15:00 - 06/04/2025 16:30:00","BZN|FR","Without Sequence","-19.15","",""
"06/04/2025 16:30:00 - 06/04/2025 16:45:00","BZN|FR","Without Sequence","-19.15","",""
"06/04/2025 16:45:00 - 06/04/2025 17:00:00","BZN|FR","Without Sequence","-19.15","",""
"06/04/2025 17:00:00 - 06/04/2025 17:15:00","BZN|FR","Without Sequence","-0.01","",""
"06/04/2025 17:15:00 - 06/04/2025 17:30:00","BZN|FR","Without Sequence","-0.01","",""
"06/04/2025 17:30:00 - 06/04/2025 17:45:00","BZN|FR","Without Sequence","-0.01","",""
"06/04/2025 17:45:00 - 06/04/2025 18:00:00","BZN|FR","Without Sequence","-0.01","",""
"06/04/2025 18:00:00 - 06/04/2025 18:15:00","BZN|FR","Without Sequence","17.62","",""
"06/04/2025 18:15:00 - 06/04/2025 18:30:00","BZN|FR","Without Sequence","17.62","",""
"06/04/2025 18:30:00 - 06/04/2025 18:45:00","BZN|FR","Without Sequence","17.62","",""
"06/04/2025 18:45:00 - 06/04/2025 19:00:00","BZN|FR","Without Sequence","17.62","",""
"06/04/2025 19:00:00 - 06/04/2025 19:15:00","BZN|FR","Without Sequence","50.94","",""
"06/04/2025 19:15:00 - 06/04/2025 19:30:00","BZN|FR","Without Sequence","50.94","",""
"06/04/2025 19:30:00 - 06/04/2025 19:45:00","BZN|FR","Without Sequence","50.94","",""
"06/04/2025 19:45:00 - 06/04/2025 20:00:00","BZN|FR","Without Sequence","50.94","",""
"06/04/2025 20:00:00 - 06/04/2025 20:15:00","BZN|FR","Without Sequence","75.00","",""
"06/04/2025 20:15:00 - 06/04/2025 20:30:00","BZN|FR","Without Sequence","75.00","",""
"06/04/2025 20:30:00 - 06/04/2025 20:45:00","BZN|FR","Without Sequence","75.00","",""
"06/04/2025 20:45:00 - 06/04/2025 21:00:00","BZN|FR","Without Sequence","75.00","",""
"06/04/2025 21:00:00 - 06/04/2025 21:15:00","BZN|FR","Without Sequence","80.00","",""
"06/04/2025 21:15:00 - 06/04/2025 21:30:00","BZN|FR","Without Sequence","80.00","",""
"06/04/2025 21:30:00 - 06/04/2025 21:45:00","BZN|FR","Without Sequence","80.00","",""
"06/04/2025 21:45:00 - 06/04/2025 22:00:00","BZN|FR","Without Sequence","80.00","",""
"06/04/2025 22:00:00 - 06/04/2025 22:15:00","BZN|FR","Without Sequence","70.01","",""
"06/04/2025 22:15:00 - 06/04/2025 22:30:00","BZN|FR","Without Sequence","70.01","",""
"06/04/2025 22:30:00 - 06/04/2025 22:45:00","BZN|FR","Without Sequence","70.01","",""
"06/04/2025 22:45:00 - 06/04/2025 23:00:00","BZN|FR","Without Sequence","70.01","",""
"06/04/2025 23:00:00 - 06/04/2025 23:15:00","BZN|FR","Without Sequence","66.38","",""
"06/04/2025 23:15:00 - 06/04/2025 23:30:00","BZN|FR","Without Sequence","66.38","",""
"06/04/2025 23:30:00 - 06/04/2025 23:45:00","BZN|FR","Without Sequence","66.38","",""
"06/04/2025 23:45:00 - 07/04/2025 00:00:00","BZN|FR","Without Sequence","66.38","",""
"07/04/2025 00:00:00 - 07/04/2025 00:15:00","BZN|FR","Without Sequence","48.37","",""
"07/04/2025 00:15:00 - 07/04/2025 00:30:00","BZN|FR","Without Sequence","48.37","",""
"07/04/2025 00:30:00 - 07/04/2025 00:45:00","BZN|FR","Without Sequence","48.37","",""
"07/04/2025 00:45:00 - 07/04/2025 01:00:00","BZN|FR","Without Sequence","48.37","",""
"07/04/2025 01:00:00 - 07/04/2025 01:15:00","BZN|FR","Without Sequence","41.90","",""
"07/04/2025 01:15:00 - 07/04/2025 01:30:00","BZN|FR","Without Sequence","41.90","",""
"07/04/2025 01:30:00 - 07/04/2025 01:45:00","BZN|FR","Without Sequence","41.90","",""
"07/04/2025 01:45:00 - 07/04/2025 02:00:00","BZN|FR","Without Sequence","41.90","",""
"07/04/2025 02:00:00 - 07/04/2025 02:15:00","BZN|FR","Without Sequence","43.32","",""
"07/04/2025 02:15:00 - 07/04/2025 02:30:00","BZN|FR","Without Sequence","43.32","",""
"07/04/2025 02:30:00 - 07/04/2025 02:45:00","BZN|FR","Without Sequence","43.32","",""
"07/04/2025 02:45:00 - 07/04/2025 03:00:00","BZN|FR","Without Sequence","43.32","",""
"07/04/2025 03:00:00 - 07/04/2025 03:15:00","BZN|FR","Without Sequence","39.54","",""
"07/04/2025 03:15:00 - 07/04/2025 03:30:00","BZN|FR","Without Sequence","39.54","",""
"07/04/2025 03:30:00 - 07/04/2025 03:45:00","BZN|FR","Without Sequence","39.54","",""
"07/04/2025 03:45:00 - 07/04/2025 04:00:00","BZN|FR","Without Sequence","39.54","",""
"07/04/2025 04:00:00 - 07/04/2025 04:15:00","BZN|FR","Without Sequence","39.74","",""
"07/04/2025 04:15:00 - 07/04/2025 04:30:00","BZN|FR","Without Sequence","39.74","",""
"07/04/2025 04:30:00 - 07/04/2025 04:45:00","BZN|FR","Without Sequence","39.74","",""
"07/04/2025 04:45:00 - 07/04/2025 05:00:00","BZN|FR","Without Sequence","39.74","",""
"07/04/2025 05:00:00 - 07/04/2025 05:15:00","BZN|FR","Without Sequence","46.22","",""
"07/04/2025 05:15:00 - 07/04/2025 05:30:00","BZN|FR","Without Sequence","46.22","",""
"07/04/2025 05:30:00 - 07/04/2025 05:45:00","BZN|FR","Without Sequence","46.22","",""
"07/04/2025 05:45:00 - 07/04/2025 06:00:00","BZN|FR","Without Sequence","46.22","",""
"07/04/2025 06:00:00 - 07/04/2025 06:15:00","BZN|FR","Without Sequence","79.02","",""
"07/04/2025 06:15:00 - 07/04/2025 06:30:00","BZN|FR","Without Sequence","79.02","",""
"07/04/2025 06:30:00 - 07/04/2025 06:45:00","BZN|FR","Without Sequence","79.02","",""
"07/04/2025 06:45:00 - 07/04/2025 07:00:00","BZN|FR","Without Sequence","79.02","",""
"07/04/2025 07:00:00 - 07/04/2025 07:15:00","BZN|FR","Without Sequence","159.86","",""
"07/04/2025 07:15:00 - 07/04/2025 07:30:00","BZN|FR","Without Sequence","159.86","",""
"07/04/2025 07:30:00 - 07/04/2025 07:45:00","BZN|FR","Without Sequence","159.86","",""
"07/04/2025 07:45:00 - 07/04/2025 08:00:00","BZN|FR","Without Sequence","159.86","",""
"07/04/2025 08:00:00 - 07/04/2025 08:15:00","BZN|FR","Without Sequence","143.04","",""
"07/04/2025 08:15:00 - 07/04/2025 08:30:00","BZN|FR","Without Sequence","143.04","",""
"07/04/2025 08:30:00 - 07/04/2025 08:45:00","BZN|FR","Without Sequence","143.04","",""
"07/04/2025 08:45:00 - 07/04/2025 09:00:00","BZN|FR","Without Sequence","143.04","",""
"07/04/2025 09:00:00 - 07/04/2025 09:15:00","BZN|FR","Without Sequence","85.70","",""
"07/04/2025 09:15:00 - 07/04/2025 09:30:00","BZN|FR","Without Sequence","85.70","",""
"07/04/2025 09:30:00 - 07/04/2025 09:45:00","BZN|FR","Without Sequence","85.70","",""
"07/04/2025 09:45:00 - 07/04/2025 10:00:00","BZN|FR","Without Sequence","85.70","",""
"07/04/2025 10:00:00 - 07/04/2025 10:15:00","BZN|FR","Without Sequence","63.12","",""
"07/04/2025 10:15:00 - 07/04/2025 10:30:00","BZN|FR","Without Sequence","63.12","",""
"07/04/2025 10:30:00 - 07/04/2025 10:45:00","BZN|FR","Without Sequence","63.12","",""
"07/04/2025 10:45:00 - 07/04/2025 11:00:00","BZN|FR","Without Sequence","63.12","",""
"07/04/2025 11:00:00 - 07/04/2025 11:15:00","BZN|FR","Without Sequence","35.14","",""
"07/04/2025 11:15:00 - 07/04/2025 11:30:00","BZN|FR","Without Sequence","35.14","",""
"07/04/2025 11:30:00 - 07/04/2025 11:45:00","BZN|FR","Without Sequence","35.14","",""
"07/04/2025 11:45:00 - 07/04/2025 12:00:00","BZN|FR","Without Sequence","35.14","",""
"07/04/2025 12:00:00 - 07/04/2025 12:15:00","BZN|FR","Without Sequence","11.80","",""
"07/04/2025 12:15:00 - 07/04/2025 12:30:00","BZN|FR","Without Sequence","11.80","",""
"07/04/2025 12:30:00 - 07/04/2025 12:45:00","BZN|FR","Without Sequence","11.80","",""
"07/04/2025 12:45:00 - 07/04/2025 13:00:00","BZN|FR","Without Sequence","11.80","",""
"07/04/2025 13:00:00 - 07/04/2025 13:15:00","BZN|FR","Without Sequence","3.34","",""
"07/04/2025 13:15:00 - 07/04/2025 13:30:00","BZN|FR","Without Sequence","3.34","",""
"07/04/2025 13:30:00 - 07/04/2025 13:45:00","BZN|FR","Without Sequence","3.34","",""
"07/04/2025 13:45:00 - 07/04/2025 14:00:00","BZN|FR","Without Sequence","3.34","",""
"07/04/2025 14:00:00 - 07/04/2025 14:15:00","BZN|FR","Without Sequence","0.00","",""
"07/04/2025 14:15:00 - 07/04/2025 14:30:00","BZN|FR","Without Sequence","0.00","",""
"07/04/2025 14:30:00 - 07/04/2025 14:45:00","BZN|FR","Without Sequence","0.00","",""
"07/04/2025 14:45:00 - 07/04/2025 15:00:00","BZN|FR","Without Sequence","0.00","",""
"07/04/2025 15:00:00 - 07/04/2025 15:15:00","BZN|FR","Without Sequence","0.00","",""
"07/04/2025 15:15:00 - 07/04/2025 15:30:00","BZN|FR","Without Sequence","0.00","",""
"07/04/2025 15:30:00 - 07/04/2025 15:45:00","BZN|FR","Without Sequence","0.00","",""
"07/04/2025 15:45:00 - 07/04/2025 16:00:00","BZN|FR","Without Sequence","0.00","",""
"07/04/2025 16:00:00 - 07/04/2025 16:15:00","BZN|FR","Without Sequence","16.62","",""
"07/04/2025 16:15:00 - 07/04/2025 16:30:00","BZN|FR","Without Sequence","16.62","",""
"07/04/2025 16:30:00 - 07/04/2025 16:45:00","BZN|FR","Without Sequence","16.62","",""
"07/04/2025 16:45:00 - 07/04/2025 17:00:00","BZN|FR","Without Sequence","16.62","",""
"07/04/2025 17:00:00 - 07/04/2025 17:15:00","BZN|FR","Without Sequence","40.35","",""
"07/04/2025 17:15:00 - 07/04/2025 17:30:00","BZN|FR","Without Sequence","40.35","",""
"07/04/2025 17:30:00 - 07/04/2025 17:45:00","BZN|FR","Without Sequence","40.35","",""
"07/04/2025 17:45:00 - 07/04/2025 18:00:00","BZN|FR","Without Sequence","40.35","",""
"07/04/2025 18:00:00 - 07/04/2025 18:15:00","BZN|FR","Without Sequence","48.04","",""
"07/04/2025 18:15:00 - 07/04/2025 18:30:00","BZN|FR","Without Sequence","48.04","",""
"07/04/2025 18:30:00 - 07/04/2025 18:45:00","BZN|FR","Without Sequence","48.04","",""
"07/04/2025 18:45:00 - 07/04/2025 19:00:00","BZN|FR","Without Sequence","48.04","",""
"07/04/2025 19:00:00 - 07/04/2025 19:15:00","BZN|FR","Without Sequence","74.16","",""
"07/04/2025 19:15:00 - 07/04/2025 19:30:00","BZN|FR","Without Sequence","74.16","",""
"07/04/2025 19:30:00 - 07/04/2025 19:45:00","BZN|FR","Without Sequence","74.16","",""
"07/04/2025 19:45:00 - 07/04/2025 20:00:00","BZN|FR","Without Sequence","74.16","",""
"07/04/2025 20:00:00 - 07/04/2025 20:15:00","BZN|FR","Without Sequence","156.00","",""
"07/04/2025 20:15:00 - 07/04/2025 20:30:00","BZN|FR","Without Sequence","156.00","",""
"07/04/2025 20:30:00 - 07/04/2025 20:45:00","BZN|FR","Without Sequence","156.00","",""
"07/04/2025 20:45:00 - 07/04/2025 21:00:00","BZN|FR","Without Sequence","156.00","",""
"07/04/2025 21:00:00 - 07/04/2025 21:15:00","BZN|FR","Without Sequence","136.34","",""
"07/04/2025 21:15:00 - 07/04/2025 21:30:00","BZN|FR","Without Sequence","136.34","",""
"07/04/2025 21:30:00 - 07/04/2025 21:45:00","BZN|FR","Without Sequence","136.34","",""
"07/04/2025 21:45:00 - 07/04/2025 22:00:00","BZN|FR","Without Sequence","136.34","",""
"07/04/2025 22:00:00 - 07/04/2025 22:15:00","BZN|FR","Without Sequence","118.34","",""
"07/04/2025 22:15:00 - 07/04/2025 22:30:00","BZN|FR","Without Sequence","118.34","",""
"07/04/2025 22:30:00 - 07/04/2025 22:45:00","BZN|FR","Without Sequence","118.34","",""
"07/04/2025 22:45:00 - 07/04/2025 23:00:00","BZN|FR","Without Sequence","118.34","",""
"07/04/2025 23:00:00 - 07/04/2025 23:15:00","BZN|FR","Without Sequence","99.84","",""
"07/04/2025 23:15:00 - 07/04/2025 23:30:00","BZN|FR","Without Sequence","99.84","",""
"07/04/2025 23:30:00 - 07/04/2025 23:45:00","BZN|FR","Without Sequence","99.84","",""
"07/04/2025 23:45:00 - 08/04/2025 00:00:00","BZN|FR","Without Sequence","99.84","",""
"08/04/2025 00:00:00 - 08/04/2025 00:15:00","BZN|FR","Without Sequence","83.00","",""
"08/04/2025 00:15:00 - 08/04/2025 00:30:00","BZN|FR","Without Sequence","83.00","",""
"08/04/2025 00:30:00 - 08/04/2025 00:45:00","BZN|FR","Without Sequence","83.00","",""
"08/04/2025 00:45:00 - 08/04/2025 01:00:00","BZN|FR","Without Sequence","83.00","",""
"08/04/2025 01:00:00 - 08/04/2025 01:15:00","BZN|FR","Without Sequence","71.80","",""
"08/04/2025 01:15:00 - 08/04/2025 01:30:00","BZN|FR","Without Sequence","71.80","",""
"08/04/2025 01:30:00 - 08/04/2025 01:45:00","BZN|FR","Without Sequence","71.80","",""
"08/04/2025 01:45:00 - 08/04/2025 02:00:00","BZN|FR","Without Sequence","71.80","",""
"08/04/2025 02:00:00 - 08/04/2025 02:15:00","BZN|FR","Without Sequence","69.07","",""
"08/04/2025 02:15:00 - 08/04/2025 02:30:00","BZN|FR","Without Sequence","69.07","",""
"08/04/2025 02:30:00 - 08/04/2025 02:45:00","BZN|FR","Without Sequence","69.07","",""
"08/04/2025 02:45:00 - 08/04/2025 03:00:00","BZN|FR","Without Sequence","69.07","",""
"08/04/2025 03:00:00 - 08/04/2025 03:15:00","BZN|FR","Without Sequence","57.65","",""
"08/04/2025 03:15:00 - 08/04/2025 03:30:00","BZN|FR","Without Sequence","57.65","",""
"08/04/2025 03:30:00 - 08/04/2025 03:45:00","BZN|FR","Without Sequence","57.65","",""
"08/04/2025 03:45:00 - 08/04/2025 04:00:00","BZN|FR","Without Sequence","57.65","",""
"08/04/2025 04:00:00 - 08/04/2025 04:15:00","BZN|FR","Without Sequence","51.22","",""
"08/04/2025 04:15:00 - 08/04/2025 04:30:00","BZN|FR","Without Sequence","51.22","",""
"08/04/2025 04:30:00 - 08/04/2025 04:45:00","BZN|FR","Without Sequence","51.22","",""
"08/04/2025 04:45:00 - 08/04/2025 05:00:00","BZN|FR","Without Sequence","51.22","",""
"08/04/2025 05:00:00 - 08/04/2025 05:15:00","BZN|FR","Without Sequence","53.16","",""
"08/04/2025 05:15:00 - 08/04/2025 05:30:00","BZN|FR","Without Sequence","53.16","",""
"08/04/2025 05:30:00 - 08/04/2025 05:45:00","BZN|FR","Without Sequence","53.16","",""
"08/04/2025 05:45:00 - 08/04/2025 06:00:00","BZN|FR","Without Sequence","53.16","",""
"08/04/2025 06:00:00 - 08/04/2025 06:15:00","BZN|FR","Without Sequence","76.08","",""
"08/04/2025 06:15:00 - 08/04/2025 06:30:00","BZN|FR","Without Sequence","76.08","",""
"08/04/2025 06:30:00 - 08/04/2025 06:45:00","BZN|FR","Without Sequence","76.08","",""
"08/04/2025 06:45:00 - 08/04/2025 07:00:00","BZN|FR","Without Sequence","76.08","",""
"08/04/2025 07:00:00 - 08/04/2025 07:15:00","BZN|FR","Without Sequence","131.82","",""
"08/04/2025 07:15:00 - 08/04/2025 07:30:00","BZN|FR","Without Sequence","131.82","",""
"08/04/2025 07:30:00 - 08/04/2025 07:45:00","BZN|FR","Without Sequence","131.82","",""
"08/04/2025 07:45:00 - 08/04/2025 08:00:00","BZN|FR","Without Sequence","131.82","",""
"08/04/2025 08:00:00 - 08/04/2025 08:15:00","BZN|FR","Without Sequence","136.77","",""
"08/04/2025 08:15:00 - 08/04/2025 08:30:00","BZN|FR","Without Sequence","136.77","",""
"08/04/2025 08:30:00 - 08/04/2025 08:45:00","BZN|FR","Without Sequence","136.77","",""
"08/04/2025 08:45:00 - 08/04/2025 09:00:00","BZN|FR","Without Sequence","136.77","",""
"08/04/2025 09:00:00 - 08/04/2025 09:15:00","BZN|FR","Without Sequence","91.02","",""
"08/04/2025 09:15:00 - 08/04/2025 09:30:00","BZN|FR","Without Sequence","91.02","",""
"08/04/2025 09:30:00 - 08/04/2025 09:45:00","BZN|FR","Without Sequence","91.02","",""
"08/04/2025 09:45:00 - 08/04/2025 10:00:00","BZN|FR","Without Sequence","91.02","",""
"08/04/2025 10:00:00 - 08/04/2025 10:15:00","BZN|FR","Without Sequence","47.26","",""
"08/04/2025 10:15:00 - 08/04/2025 10:30:00","BZN|FR","Without Sequence","47.26","",""
"08/04/2025 10:30:00 - 08/04/2025 10:45:00","BZN|FR","Without Sequence","47.26","",""
"08/04/2025 10:45:00 - 08/04/2025 11:00:00","BZN|FR","Without Sequence","47.26","",""
"08/04/2025 11:00:00 - 08/04/2025 11:15:00","BZN|FR","Without Sequence","8.17","",""
"08/04/2025 11:15:00 - 08/04/2025 11:30:00","BZN|FR","Without Sequence","8.17","",""
"08/04/2025 11:30:00 - 08/04/2025 11:45:00","BZN|FR","Without Sequence","8.17","",""
"08/04/2025 11:45:00 - 08/04/2025 12:00:00","BZN|FR","Without Sequence","8.17","",""
"08/04/2025 12:00:00 - 08/04/2025 12:15:00","BZN|FR","Without Sequence","11.92","",""
"08/04/2025 12:15:00 - 08/04/2025 12:30:00","BZN|FR","Without Sequence","11.92","",""
"08/04/2025 12:30:00 - 08/04/2025 12:45:00","BZN|FR","Without Sequence","11.92","",""
"08/04/2025 12:45:00 - 08/04/2025 13:00:00","BZN|FR","Without Sequence","11.92","",""
"08/04/2025 13:00:00 - 08/04/2025 13:15:00","BZN|FR","Without Sequence","0.00","",""
"08/04/2025 13:15:00 - 08/04/2025 13:30:00","BZN|FR","Without Sequence","0.00","",""
"08/04/2025 13:30:00 - 08/04/2025 13:45:00","BZN|FR","Without Sequence","0.00","",""
"08/04/2025 13:45:00 - 08/04/2025 14:00:00","BZN|FR","Without Sequence","0.00","",""
"08/04/2025 14:00:00 - 08/04/2025 14:15:00","BZN|FR","Without Sequence","-0.01","",""
"08/04/2025 14:15:00 - 08/04/2025 14:30:00","BZN|FR","Without Sequence","-0.01","",""
"08/04/2025 14:30:00 - 08/04/2025 14:45:00","BZN|FR","Without Sequence","-0.01","",""
"08/04/2025 14:45:00 - 08/04/2025 15:00:00","BZN|FR","Without Sequence","-0.01","",""
"08/04/2025 15:00:00 - 08/04/2025 15:15:00","BZN|FR","Without Sequence","0.00","",""
"08/04/2025 15:15:00 - 08/04/2025 15:30:00","BZN|FR","Without Sequence","0.00","",""
"08/04/2025 15:30:00 - 08/04/2025 15:45:00","BZN|FR","Without Sequence","0.00","",""
"08/04/2025 15:45:00 - 08/04/2025 16:00:00","BZN|FR","Without Sequence","0.00","",""
"08/04/2025 16:00:00 - 08/04/2025 16:15:00","BZN|FR","Without Sequence","8.14","",""
"08/04/2025 16:15:00 - 08/04/2025 16:30:00","BZN|FR","Without Sequence","8.14","",""
"08/04/2025 16:30:00 - 08/04/2025 16:45:00","BZN|FR","Without Sequence","8.14","",""
"08/04/2025 16:45:00 - 08/04/2025 17:00:00","BZN|FR","Without Sequence","8.14","",""
"08/04/2025 17:00:00 - 08/04/2025 17:15:00","BZN|FR","Without Sequence","34.29","",""
"08/04/2025 17:15:00 - 08/04/2025 17:30:00","BZN|FR","Without Sequence","34.29","",""
"08/04/2025 17:30:00 - 08/04/2025 17:45:00","BZN|FR","Without Sequence","34.29","",""
"08/04/2025 17:45:00 - 08/04/2025 18:00:00","BZN|FR","Without Sequence","34.29","",""
"08/04/2025 18:00:00 - 08/04/2025 18:15:00","BZN|FR","Without Sequence","56.26","",""
"08/04/2025 18:15:00 - 08/04/2025 18:30:00","BZN|FR","Without Sequence","56.26","",""
"08/04/2025 18:30:00 - 08/04/2025 18:45:00","BZN|FR","Without Sequence","56.26","",""
"08/04/2025 18:45:00 - 08/04/2025 19:00:00","BZN|FR","Without Sequence","56.26","",""
"08/04/2025 19:00:00 - 08/04/2025 19:15:00","BZN|FR","Without Sequence","83.08","",""
"08/04/2025 19:15:00 - 08/04/2025 19:30:00","BZN|FR","Without Sequence","83.08","",""
"08/04/2025 19:30:00 - 08/04/2025 19:45:00","BZN|FR","Without Sequence","83.08","",""
"08/04/2025 19:45:00 - 08/04/2025 20:00:00","BZN|FR","Without Sequence","83.08","",""
"08/04/2025 20:00:00 - 08/04/2025 20:15:00","BZN|FR","Without Sequence","117.60","",""
"08/04/2025 20:15:00 - 08/04/2025 20:30:00","BZN|FR","Without Sequence","117.60","",""
"08/04/2025 20:30:00 - 08/04/2025 20:45:00","BZN|FR","Without Sequence","117.60","",""
"08/04/2025 20:45:00 - 08/04/2025 21:00:00","BZN|FR","Without Sequence","117.60","",""
"08/04/2025 21:00:00 - 08/04/2025 21:15:00","BZN|FR","Without Sequence","123.49","",""
"08/04/2025 21:15:00 - 08/04/2025 21:30:00","BZN|FR","Without Sequence","123.49","",""
"08/04/2025 21:30:00 - 08/04/2025 21:45:00","BZN|FR","Without Sequence","123.49","",""
"08/04/2025 21:45:00 - 08/04/2025 22:00:00","BZN|FR","Without Sequence","123.49","",""
"08/04/2025 22:00:00 - 08/04/2025 22:15:00","BZN|FR","Without Sequence","85.95","",""
"08/04/2025 22:15:00 - 08/04/2025 22:30:00","BZN|FR","Without Sequence","85.95","",""
"08/04/2025 22:30:00 - 08/04/2025 22:45:00","BZN|FR","Without Sequence","85.95","",""
"08/04/2025 22:45:00 - 08/04/2025 23:00:00","BZN|FR","Without Sequence","85.95","",""
"08/04/2025 23:00:00 - 08/04/2025 23:15:00","BZN|FR","Without Sequence","69.22","",""
"08/04/2025 23:15:00 - 08/04/2025 23:30:00","BZN|FR","Without Sequence","69.22","",""
"08/04/2025 23:30:00 - 08/04/2025 23:45:00","BZN|FR","Without Sequence","69.22","",""
"08/04/2025 23:45:00 - 09/04/2025 00:00:00","BZN|FR","Without Sequence","69.22","",""
"09/04/2025 00:00:00 - 09/04/2025 00:15:00","BZN|FR","Without Sequence","50.13","",""
"09/04/2025 00:15:00 - 09/04/2025 00:30:00","BZN|FR","Without Sequence","50.13","",""
"09/04/2025 00:30:00 - 09/04/2025 00:45:00","BZN|FR","Without Sequence","50.13","",""
"09/04/2025 00:45:00 - 09/04/2025 01:00:00","BZN|FR","Without Sequence","50.13","",""
"09/04/2025 01:00:00 - 09/04/2025 01:15:00","BZN|FR","Without Sequence","37.00","",""
"09/04/2025 01:15:00 - 09/04/2025 01:30:00","BZN|FR","Without Sequence","37.00","",""
"09/04/2025 01:30:00 - 09/04/2025 01:45:00","BZN|FR","Without Sequence","37.00","",""
"09/04/2025 01:45:00 - 09/04/2025 02:00:00","BZN|FR","Without Sequence","37.00","",""
"09/04/2025 02:00:00 - 09/04/2025 02:15:00","BZN|FR","Without Sequence","33.68","",""
"09/04/2025 02:15:00 - 09/04/2025 02:30:00","BZN|FR","Without Sequence","33.68","",""
"09/04/2025 02:30:00 - 09/04/2025 02:45:00","BZN|FR","Without Sequence","33.68","",""
"09/04/2025 02:45:00 - 09/04/2025 03:00:00","BZN|FR","Without Sequence","33.68","",""
"09/04/2025 03:00:00 - 09/04/2025 03:15:00","BZN|FR","Without Sequence","37.54","",""
"09/04/2025 03:15:00 - 09/04/2025 03:30:00","BZN|FR","Without Sequence","37.54","",""
"09/04/2025 03:30:00 - 09/04/2025 03:45:00","BZN|FR","Without Sequence","37.54","",""
"09/04/2025 03:45:00 - 09/04/2025 04:00:00","BZN|FR","Without Sequence","37.54","",""
"09/04/2025 04:00:00 - 09/04/2025 04:15:00","BZN|FR","Without Sequence","28.46","",""
"09/04/2025 04:15:00 - 09/04/2025 04:30:00","BZN|FR","Without Sequence","28.46","",""
"09/04/2025 04:30:00 - 09/04/2025 04:45:00","BZN|FR","Without Sequence","28.46","",""
"09/04/2025 04:45:00 - 09/04/2025 05:00:00","BZN|FR","Without Sequence","28.46","",""
"09/04/2025 05:00:00 - 09/04/2025 05:15:00","BZN|FR","Without Sequence","36.78","",""
"09/04/2025 05:15:00 - 09/04/2025 05:30:00","BZN|FR","Without Sequence","36.78","",""
"09/04/2025 05:30:00 - 09/04/2025 05:45:00","BZN|FR","Without Sequence","36.78","",""
"09/04/2025 05:45:00 - 09/04/2025 06:00:00","BZN|FR","Without Sequence","36.78","",""
"09/04/2025 06:00:00 - 09/04/2025 06:15:00","BZN|FR","Without Sequence","41.24","",""
"09/04/2025 06:15:00 - 09/04/2025 06:30:00","BZN|FR","Without Sequence","41.24","",""
"09/04/2025 06:30:00 - 09/04/2025 06:45:00","BZN|FR","Without Sequence","41.24","",""
"09/04/2025 06:45:00 - 09/04/2025 07:00:00","BZN|FR","Without Sequence","41.24","",""
"09/04/2025 07:00:00 - 09/04/2025 07:15:00","BZN|FR","Without Sequence","86.96","",""
"09/04/2025 07:15:00 - 09/04/2025 07:30:00","BZN|FR","Without Sequence","86.96","",""
"09/04/2025 07:30:00 - 09/04/2025 07:45:00","BZN|FR","Without Sequence","86.96","",""
"09/04/2025 07:45:00 - 09/04/2025 08:00:00","BZN|FR","Without Sequence","86.96","",""
"09/04/2025 08:00:00 - 09/04/2025 08:15:00","BZN|FR","Without Sequence","98.21","",""
"09/04/2025 08:15:00 - 09/04/2025 08:30:00","BZN|FR","Without Sequence","98.21","",""
"09/04/2025 08:30:00 - 09/04/2025 08:45:00","BZN|FR","Without Sequence","98.21","",""
"09/04/2025 08:45:00 - 09/04/2025 09:00:00","BZN|FR","Without Sequence","98.21","",""
"09/04/2025 09:00:00 - 09/04/2025 09:15:00","BZN|FR","Without Sequence","62.16","",""
"09/04/2025 09:15:00 - 09/04/2025 09:30:00","BZN|FR","Without Sequence","62.16","",""
"09/04/2025 09:30:00 - 09/04/2025 09:45:00","BZN|FR","Without Sequence","62.16","",""
"09/04/2025 09:45:00 - 09/04/2025 10:00:00","BZN|FR","Without Sequence","62.16","",""
"09/04/2025 10:00:00 - 09/04/2025 10:15:00","BZN|FR","Without Sequence","15.00","",""
"09/04/2025 10:15:00 - 09/04/2025 10:30:00","BZN|FR","Without Sequence","15.00","",""
"09/04/2025 10:30:00 - 09/04/2025 10:45:00","BZN|FR","Without Sequence","15.00","",""
"09/04/2025 10:45:00 - 09/04/2025 11:00:00","BZN|FR","Without Sequence","15.00","",""
"09/04/2025 11:00:00 - 09/04/2025 11:15:00","BZN|FR","Without Sequence","-0.01","",""
"09/04/2025 11:15:00 - 09/04/2025 11:30:00","BZN|FR","Without Sequence","-0.01","",""
"09/04/2025 11:30:00 - 09/04/2025 11:45:00","BZN|FR","Without Sequence","-0.01","",""
"09/04/2025 11:45:00 - 09/04/2025 12:00:00","BZN|FR","Without Sequence","-0.01","",""
"09/04/2025 12:00:00 - 09/04/2025 12:15:00","BZN|FR","Without Sequence","-0.01","",""
"09/04/2025 12:15:00 - 09/04/2025 12:30:00","BZN|FR","Without Sequence","-0.01","",""
"09/04/2025 12:30:00 - 09/04/2025 12:45:00","BZN|FR","Without Sequence","-0.01","",""
"09/04/2025 12:45:00 - 09/04/2025 13:00:00","BZN|FR","Without Sequence","-0.01","",""
"09/04/2025 13:00:00 - 09/04/2025 13:15:00","BZN|FR","Without Sequence","-0.02","",""
"09/04/2025 13:15:00 - 09/04/2025 13:30:00","BZN|FR","Without Sequence","-0.02","",""
"09/04/2025 13:30:00 - 09/04/2025 13:45:00","BZN|FR","Without Sequence","-0.02","",""
"09/04/2025 13:45:00 - 09/04/2025 14:00:00","BZN|FR","Without Sequence","-0.02","",""
"09/04/2025 14:00:00 - 09/04/2025 14:15:00","BZN|FR","Without Sequence","-0.04","",""
"09/04/2025 14:15:00 - 09/04/2025 14:30:00","BZN|FR","Without Sequence","-0.04","",""
"09/04/2025 14:30:00 - 09/04/2025 14:45:00","BZN|FR","Without Sequence","-0.04","",""
"09/04/2025 14:45:00 - 09/04/2025 15:00:00","BZN|FR","Without Sequence","-0.04","",""
"09/04/2025 15:00:00 - 09/04/2025 15:15:00","BZN|FR","Without Sequence","-0.02","",""
"09/04/2025 15:15:00 - 09/04/2025 15:30:00","BZN|FR","Without Sequence","-0.02","",""
"09/04/2025 15:30:00 - 09/04/2025 15:45:00","BZN|FR","Without Sequence","-0.02","",""
"09/04/2025 15:45:00 - 09/04/2025 16:00:00","BZN|FR","Without Sequence","-0.02","",""
"09/04/2025 16:00:00 - 09/04/2025 16:15:00","BZN|FR","Without Sequence","-0.02","",""
"09/04/2025 16:15:00 - 09/04/2025 16:30:00","BZN|FR","Without Sequence","-0.02","",""
"09/04/2025 16:30:00 - 09/04/2025 16:45:00","BZN|FR","Without Sequence","-0.02","",""
"09/04/2025 16:45:00 - 09/04/2025 17:00:00","BZN|FR","Without Sequence","-0.02","",""
"09/04/2025 17:00:00 - 09/04/2025 17:15:00","BZN|FR","Without Sequence","0.00","",""
"09/04/2025 17:15:00 - 09/04/2025 17:30:00","BZN|FR","Without Sequence","0.00","",""
"09/04/2025 17:30:00 - 09/04/2025 17:45:00","BZN|FR","Without Sequence","0.00","",""
"09/04/2025 17:45:00 - 09/04/2025 18:00:00","BZN|FR","Without Sequence","0.00","",""
"09/04/2025 18:00:00 - 09/04/2025 18:15:00","BZN|FR","Without Sequence","35.94","",""
"09/04/2025 18:15:00 - 09/04/2025 18:30:00","BZN|FR","Without Sequence","35.94","",""
"09/04/2025 18:30:00 - 09/04/2025 18:45:00","BZN|FR","Without Sequence","35.94","",""
"09/04/2025 18:45:00 - 09/04/2025 19:00:00","BZN|FR","Without Sequence","35.94","",""
"09/04/2025 19:00:00 - 09/04/2025 19:15:00","BZN|FR","Without Sequence","46.57","",""
"09/04/2025 19:15:00 - 09/04/2025 19:30:00","BZN|FR","Without Sequence","46.57","",""
"09/04/2025 19:30:00 - 09/04/2025 19:45:00","BZN|FR","Without Sequence","46.57","",""
"09/04/2025 19:45:00 - 09/04/2025 20:00:00","BZN|FR","Without Sequence","46.57","",""
"09/04/2025 20:00:00 - 09/04/2025 20:15:00","BZN|FR","Without Sequence","70.00","",""
"09/04/2025 20:15:00 - 09/04/2025 20:30:00","BZN|FR","Without Sequence","70.00","",""
"09/04/2025 20:30:00 - 09/04/2025 20:45:00","BZN|FR","Without Sequence","70.00","",""
"09/04/2025 20:45:00 - 09/04/2025 21:00:00","BZN|FR","Without Sequence","70.00","",""
"09/04/2025 21:00:00 - 09/04/2025 21:15:00","BZN|FR","Without Sequence","61.96","",""
"09/04/2025 21:15:00 - 09/04/2025 21:30:00","BZN|FR","Without Sequence","61.96","",""
"09/04/2025 21:30:00 - 09/04/2025 21:45:00","BZN|FR","Without Sequence","61.96","",""
"09/04/2025 21:45:00 - 09/04/2025 22:00:00","BZN|FR","Without Sequence","61.96","",""
"09/04/2025 22:00:00 - 09/04/2025 22:15:00","BZN|FR","Without Sequence","53.96","",""
"09/04/2025 22:15:00 - 09/04/2025 22:30:00","BZN|FR","Without Sequence","53.96","",""
"09/04/2025 22:30:00 - 09/04/2025 22:45:00","BZN|FR","Without Sequence","53.96","",""
"09/04/2025 22:45:00 - 09/04/2025 23:00:00","BZN|FR","Without Sequence","53.96","",""
"09/04/2025 23:00:00 - 09/04/2025 23:15:00","BZN|FR","Without Sequence","36.64","",""
"09/04/2025 23:15:00 - 09/04/2025 23:30:00","BZN|FR","Without Sequence","36.64","",""
"09/04/2025 23:30:00 - 09/04/2025 23:45:00","BZN|FR","Without Sequence","36.64","",""
"09/04/2025 23:45:00 - 10/04/2025 00:00:00","BZN|FR","Without Sequence","36.64","",""
"10/04/2025 00:00:00 - 10/04/2025 00:15:00","BZN|FR","Without Sequence","33.68","",""
"10/04/2025 00:15:00 - 10/04/2025 00:30:00","BZN|FR","Without Sequence","33.68","",""
"10/04/2025 00:30:00 - 10/04/2025 00:45:00","BZN|FR","Without Sequence","33.68","",""
"10/04/2025 00:45:00 - 10/04/2025 01:00:00","BZN|FR","Without Sequence","33.68","",""
"10/04/2025 01:00:00 - 10/04/2025 01:15:00","BZN|FR","Without Sequence","28.46","",""
"10/04/2025 01:15:00 - 10/04/2025 01:30:00","BZN|FR","Without Sequence","28.46","",""
"10/04/2025 01:30:00 - 10/04/2025 01:45:00","BZN|FR","Without Sequence","28.46","",""
"10/04/2025 01:45:00 - 10/04/2025 02:00:00","BZN|FR","Without Sequence","28.46","",""
"10/04/2025 02:00:00 - 10/04/2025 02:15:00","BZN|FR","Without Sequence","25.83","",""
"10/04/2025 02:15:00 - 10/04/2025 02:30:00","BZN|FR","Without Sequence","25.83","",""
"10/04/2025 02:30:00 - 10/04/2025 02:45:00","BZN|FR","Without Sequence","25.83","",""
"10/04/2025 02:45:00 - 10/04/2025 03:00:00","BZN|FR","Without Sequence","25.83","",""
"10/04/2025 03:00:00 - 10/04/2025 03:15:00","BZN|FR","Without Sequence","21.30","",""
"10/04/2025 03:15:00 - 10/04/2025 03:30:00","BZN|FR","Without Sequence","21.30","",""
"10/04/2025 03:30:00 - 10/04/2025 03:45:00","BZN|FR","Without Sequence","21.30","",""
"10/04/2025 03:45:00 - 10/04/2025 04:00:00","BZN|FR","Without Sequence","21.30","",""
"10/04/2025 04:00:00 - 10/04/2025 04:15:00","BZN|FR","Without Sequence","18.36","",""
"10/04/2025 04:15:00 - 10/04/2025 04:30:00","BZN|FR","Without Sequence","18.36","",""
"10/04/2025 04:30:00 - 10/04/2025 04:45:00","BZN|FR","Without Sequence","18.36","",""
"10/04/2025 04:45:00 - 10/04/2025 05:00:00","BZN|FR","Without Sequence","18.36","",""
"10/04/2025 05:00:00 - 10/04/2025 05:15:00","BZN|FR","Without Sequence","29.34","",""
"10/04/2025 05:15:00 - 10/04/2025 05:30:00","BZN|FR","Without Sequence","29.34","",""
"10/04/2025 05:30:00 - 10/04/2025 05:45:00","BZN|FR","Without Sequence","29.34","",""
"10/04/2025 05:45:00 - 10/04/2025 06:00:00","BZN|FR","Without Sequence","29.34","",""
"10/04/2025 06:00:00 - 10/04/2025 06:15:00","BZN|FR","Without Sequence","41.42","",""
"10/04/2025 06:15:00 - 10/04/2025 06:30:00","BZN|FR","Without Sequence","41.42","",""
"10/04/2025 06:30:00 - 10/04/2025 06:45:00","BZN|FR","Without Sequence","41.42","",""
"10/04/2025 06:45:00 - 10/04/2025 07:00:00","BZN|FR","Without Sequence","41.42","",""
"10/04/2025 07:00:00 - 10/04/2025 07:15:00","BZN|FR","Without Sequence","45.56","",""
"10/04/2025 07:15:00 - 10/04/2025 07:30:00","BZN|FR","Without Sequence","45.56","",""
"10/04/2025 07:30:00 - 10/04/2025 07:45:00","BZN|FR","Without Sequence","45.56","",""
"10/04/2025 07:45:00 - 10/04/2025 08:00:00","BZN|FR","Without Sequence","45.56","",""
"10/04/2025 08:00:00 - 10/04/2025 08:15:00","BZN|FR","Without Sequence","72.07","",""
"10/04/2025 08:15:00 - 10/04/2025 08:30:00","BZN|FR","Without Sequence","72.07","",""
"10/04/2025 08:30:00 - 10/04/2025 08:45:00","BZN|FR","Without Sequence","72.07","",""
"10/04/2025 08:45:00 - 10/04/2025 09:00:00","BZN|FR","Without Sequence","72.07","",""
"10/04/2025 09:00:00 - 10/04/2025 09:15:00","BZN|FR","Without Sequence","64.44","",""
"10/04/2025 09:15:00 - 10/04/2025 09:30:00","BZN|FR","Without Sequence","64.44","",""
"10/04/2025 09:30:00 - 10/04/2025 09:45:00","BZN|FR","Without Sequence","64.44","",""
"10/04/2025 09:45:00 - 10/04/2025 10:00:00","BZN|FR","Without Sequence","64.44","",""
"10/04/2025 10:00:00 - 10/04/2025 10:15:00","BZN|FR","Without Sequence","28.04","",""
"10/04/2025 10:15:00 - 10/04/2025 10:30:00","BZN|FR","Without Sequence","28.04","",""
"10/04/2025 10:30:00 - 10/04/2025 10:45:00","BZN|FR","Without Sequence","28.04","",""
"10/04/2025 10:45:00 - 10/04/2025 11:00:00","BZN|FR","Without Sequence","28.04","",""
"10/04/2025 11:00:00 - 10/04/2025 11:15:00","BZN|FR","Without Sequence","15.33","",""
"10/04/2025 11:15:00 - 10/04/2025 11:30:00","BZN|FR","Without Sequence","15.33","",""
"10/04/2025 11:30:00 - 10/04/2025 11:45:00","BZN|FR","Without Sequence","15.33","",""
"10/04/2025 11:45:00 - 10/04/2025 12:00:00","BZN|FR","Without Sequence","15.33","",""
"10/04/2025 12:00:00 - 10/04/2025 12:15:00","BZN|FR","Without Sequence","0.00","",""
"10/04/2025 12:15:00 - 10/04/2025 12:30:00","BZN|FR","Without Sequence","0.00","",""
"10/04/2025 12:30:00 - 10/04/2025 12:45:00","BZN|FR","Without Sequence","0.00","",""
"10/04/2025 12:45:00 - 10/04/2025 13:00:00","BZN|FR","Without Sequence","0.00","",""
"10/04/2025 13:00:00 - 10/04/2025 13:15:00","BZN|FR","Without Sequence","0.00","",""
"10/04/2025 13:15:00 - 10/04/2025 13:30:00","BZN|FR","Without Sequence","0.00","",""
"10/04/2025 13:30:00 - 10/04/2025 13:45:00","BZN|FR","Without Sequence","0.00","",""
"10/04/2025 13:45:00 - 10/04/2025 14:00:00","BZN|FR","Without Sequence","0.00","",""
"10/04/2025 14:00:00 - 10/04/2025 14:15:00","BZN|FR","Without Sequence","-0.01","",""
"10/04/2025 14:15:00 - 10/04/2025 14:30:00","BZN|FR","Without Sequence","-0.01","",""
"10/04/2025 14:30:00 - 10/04/2025 14:45:00","BZN|FR","Without Sequence","-0.01","",""
"10/04/2025 14:45:00 - 10/04/2025 15:00:00","BZN|FR","Without Sequence","-0.01","",""
"10/04/2025 15:00:00 - 10/04/2025 15:15:00","BZN|FR","Without Sequence","-0.01","",""
"10/04/2025 15:15:00 - 10/04/2025 15:30:00","BZN|FR","Without Sequence","-0.01","",""
"10/04/2025 15:30:00 - 10/04/2025 15:45:00","BZN|FR","Without Sequence","-0.01","",""
"10/04/2025 15:45:00 - 10/04/2025 16:00:00","BZN|FR","Without Sequence","-0.01","",""
"10/04/2025 16:00:00 - 10/04/2025 16:15:00","BZN|FR","Without Sequence","0.00","",""
"10/04/2025 16:15:00 - 10/04/2025 16:30:00","BZN|FR","Without Sequence","0.00","",""
"10/04/2025 16:30:00 - 10/04/2025 16:45:00","BZN|FR","Without Sequence","0.00","",""
"10/04/2025 16:45:00 - 10/04/2025 17:00:00","BZN|FR","Without Sequence","0.00","",""
"10/04/2025 17:00:00 - 10/04/2025 17:15:00","BZN|FR","Without Sequence","10.28","",""
"10/04/2025 17:15:00 - 10/04/2025 17:30:00","BZN|FR","Without Sequence","10.28","",""
"10/04/2025 17:30:00 - 10/04/2025 17:45:00","BZN|FR","Without Sequence","10.28","",""
"10/04/2025 17:45:00 - 10/04/2025 18:00:00","BZN|FR","Without Sequence","10.28","",""
"10/04/2025 18:00:00 - 10/04/2025 18:15:00","BZN|FR","Without Sequence","37.46","",""
"10/04/2025 18:15:00 - 10/04/2025 18:30:00","BZN|FR","Without Sequence","37.46","",""
"10/04/2025 18:30:00 - 10/04/2025 18:45:00","BZN|FR","Without Sequence","37.46","",""
"10/04/2025 18:45:00 - 10/04/2025 19:00:00","BZN|FR","Without Sequence","37.46","",""
"10/04/2025 19:00:00 - 10/04/2025 19:15:00","BZN|FR","Without Sequence","51.96","",""
"10/04/2025 19:15:00 - 10/04/2025 19:30:00","BZN|FR","Without Sequence","51.96","",""
"10/04/2025 19:30:00 - 10/04/2025 19:45:00","BZN|FR","Without Sequence","51.96","",""
"10/04/2025 19:45:00 - 10/04/2025 20:00:00","BZN|FR","Without Sequence","51.96","",""
"10/04/2025 20:00:00 - 10/04/2025 20:15:00","BZN|FR","Without Sequence","52.01","",""
"10/04/2025 20:15:00 - 10/04/2025 20:30:00","BZN|FR","Without Sequence","52.01","",""
"10/04/2025 20:30:00 - 10/04/2025 20:45:00","BZN|FR","Without Sequence","52.01","",""
"10/04/2025 20:45:00 - 10/04/2025 21:00:00","BZN|FR","Without Sequence","52.01","",""
"10/04/2025 21:00:00 - 10/04/2025 21:15:00","BZN|FR","Without Sequence","50.82","",""
"10/04/2025 21:15:00 - 10/04/2025 21:30:00","BZN|FR","Without Sequence","50.82","",""
"10/04/2025 21:30:00 - 10/04/2025 21:45:00","BZN|FR","Without Sequence","50.82","",""
"10/04/2025 21:45:00 - 10/04/2025 22:00:00","BZN|FR","Without Sequence","50.82","",""
"10/04/2025 22:00:00 - 10/04/2025 22:15:00","BZN|FR","Without Sequence","44.83","",""
"10/04/2025 22:15:00 - 10/04/2025 22:30:00","BZN|FR","Without Sequence","44.83","",""
"10/04/2025 22:30:00 - 10/04/2025 22:45:00","BZN|FR","Without Sequence","44.83","",""
"10/04/2025 22:45:00 - 10/04/2025 23:00:00","BZN|FR","Without Sequence","44.83","",""
"10/04/2025 23:00:00 - 10/04/2025 23:15:00","BZN|FR","Without Sequence","40.60","",""
"10/04/2025 23:15:00 - 10/04/2025 23:30:00","BZN|FR","Without Sequence","40.60","",""
"10/04/2025 23:30:00 - 10/04/2025 23:45:00","BZN|FR","Without Sequence","40.60","",""
"10/04/2025 23:45:00 - 11/04/2025 00:00:00","BZN|FR","Without Sequence","40.60","",""
"11/04/2025 00:00:00 - 11/04/2025 00:15:00","BZN|FR","Without Sequence","21.63","",""
"11/04/2025 00:15:00 - 11/04/2025 00:30:00","BZN|FR","Without Sequence","21.63","",""
"11/04/2025 00:30:00 - 11/04/2025 00:45:00","BZN|FR","Without Sequence","21.63","",""
"11/04/2025 00:45:00 - 11/04/2025 01:00:00","BZN|FR","Without Sequence","21.63","",""
"11/04/2025 01:00:00 - 11/04/2025 01:15:00","BZN|FR","Without Sequence","20.48","",""
"11/04/2025 01:15:00 - 11/04/2025 01:30:00","BZN|FR","Without Sequence","20.48","",""
"11/04/2025 01:30:00 - 11/04/2025 01:45:00","BZN|FR","Without Sequence","20.48","",""
"11/04/2025 01:45:00 - 11/04/2025 02:00:00","BZN|FR","Without Sequence","20.48","",""
"11/04/2025 02:00:00 - 11/04/2025 02:15:00","BZN|FR","Without Sequence","46.55","",""
"11/04/2025 02:15:00 - 11/04/2025 02:30:00","BZN|FR","Without Sequence","46.55","",""
"11/04/2025 02:30:00 - 11/04/2025 02:45:00","BZN|FR","Without Sequence","46.55","",""
"11/04/2025 02:45:00 - 11/04/2025 03:00:00","BZN|FR","Without Sequence","46.55","",""
"11/04/2025 03:00:00 - 11/04/2025 03:15:00","BZN|FR","Without Sequence","35.93","",""
"11/04/2025 03:15:00 - 11/04/2025 03:30:00","BZN|FR","Without Sequence","35.93","",""
"11/04/2025 03:30:00 - 11/04/2025 03:45:00","BZN|FR","Without Sequence","35.93","",""
"11/04/2025 03:45:00 - 11/04/2025 04:00:00","BZN|FR","Without Sequence","35.93","",""
"11/04/2025 04:00:00 - 11/04/2025 04:15:00","BZN|FR","Without Sequence","37.04","",""
"11/04/2025 04:15:00 - 11/04/2025 04:30:00","BZN|FR","Without Sequence","37.04","",""
"11/04/2025 04:30:00 - 11/04/2025 04:45:00","BZN|FR","Without Sequence","37.04","",""
"11/04/2025 04:45:00 - 11/04/2025 05:00:00","BZN|FR","Without Sequence","37.04","",""
"11/04/2025 05:00:00 - 11/04/2025 05:15:00","BZN|FR","Without Sequence","40.19","",""
"11/04/2025 05:15:00 - 11/04/2025 05:30:00","BZN|FR","Without Sequence","40.19","",""
"11/04/2025 05:30:00 - 11/04/2025 05:45:00","BZN|FR","Without Sequence","40.19","",""
"11/04/2025 05:45:00 - 11/04/2025 06:00:00","BZN|FR","Without Sequence","40.19","",""
"11/04/2025 06:00:00 - 11/04/2025 06:15:00","BZN|FR","Without Sequence","59.58","",""
"11/04/2025 06:15:00 - 11/04/2025 06:30:00","BZN|FR","Without Sequence","59.58","",""
"11/04/2025 06:30:00 - 11/04/2025 06:45:00","BZN|FR","Without Sequence","59.58","",""
"11/04/2025 06:45:00 - 11/04/2025 07:00:00","BZN|FR","Without Sequence","59.58","",""
"11/04/2025 07:00:00 - 11/04/2025 07:15:00","BZN|FR","Without Sequence","112.46","",""
"11/04/2025 07:15:00 - 11/04/2025 07:30:00","BZN|FR","Without Sequence","112.46","",""
"11/04/2025 07:30:00 - 11/04/2025 07:45:00","BZN|FR","Without Sequence","112.46","",""
"11/04/2025 07:45:00 - 11/04/2025 08:00:00","BZN|FR","Without Sequence","112.46","",""
"11/04/2025 08:00:00 - 11/04/2025 08:15:00","BZN|FR","Without Sequence","112.31","",""
"11/04/2025 08:15:00 - 11/04/2025 08:30:00","BZN|FR","Without Sequence","112.31","",""
"11/04/2025 08:30:00 - 11/04/2025 08:45:00","BZN|FR","Without Sequence","112.31","",""
"11/04/2025 08:45:00 - 11/04/2025 09:00:00","BZN|FR","Without Sequence","112.31","",""
"11/04/2025 09:00:00 - 11/04/2025 09:15:00","BZN|FR","Without Sequence","75.17","",""
"11/04/2025 09:15:00 - 11/04/2025 09:30:00","BZN|FR","Without Sequence","75.17","",""
"11/04/2025 09:30:00 - 11/04/2025 09:45:00","BZN|FR","Without Sequence","75.17","",""
"11/04/2025 09:45:00 - 11/04/2025 10:00:00","BZN|FR","Without Sequence","75.17","",""
"11/04/2025 10:00:00 - 11/04/2025 10:15:00","BZN|FR","Without Sequence","26.50","",""
"11/04/2025 10:15:00 - 11/04/2025 10:30:00","BZN|FR","Without Sequence","26.50","",""
"11/04/2025 10:30:00 - 11/04/2025 10:45:00","BZN|FR","Without Sequence","26.50","",""
"11/04/2025 10:45:00 - 11/04/2025 11:00:00","BZN|FR","Without Sequence","26.50","",""
"11/04/2025 11:00:00 - 11/04/2025 11:15:00","BZN|FR","Without Sequence","1.05","",""
"11/04/2025 11:15:00 - 11/04/2025 11:30:00","BZN|FR","Without Sequence","1.05","",""
"11/04/2025 11:30:00 - 11/04/2025 11:45:00","BZN|FR","Without Sequence","1.05","",""
"11/04/2025 11:45:00 - 11/04/2025 12:00:00","BZN|FR","Without Sequence","1.05","",""
"11/04/2025 12:00:00 - 11/04/2025 12:15:00","BZN|FR","Without Sequence","0.00","",""
"11/04/2025 12:15:00 - 11/04/2025 12:30:00","BZN|FR","Without Sequence","0.00","",""
"11/04/2025 12:30:00 - 11/04/2025 12:45:00","BZN|FR","Without Sequence","0.00","",""
"11/04/2025 12:45:00 - 11/04/2025 13:00:00","BZN|FR","Without Sequence","0.00","",""
"11/04/2025 13:00:00 - 11/04/2025 13:15:00","BZN|FR","Without Sequence","-0.13","",""
"11/04/2025 13:15:00 - 11/04/2025 13:30:00","BZN|FR","Without Sequence","-0.13","",""
"11/04/2025 13:30:00 - 11/04/2025 13:45:00","BZN|FR","Without Sequence","-0.13","",""
"11/04/2025 13:45:00 - 11/04/2025 14:00:00","BZN|FR","Without Sequence","-0.13","",""
"11/04/2025 14:00:00 - 11/04/2025 14:15:00","BZN|FR","Without Sequence","-1.67","",""
"11/04/2025 14:15:00 - 11/04/2025 14:30:00","BZN|FR","Without Sequence","-1.67","",""
"11/04/2025 14:30:00 - 11/04/2025 14:45:00","BZN|FR","Without Sequence","-1.67","",""
"11/04/2025 14:45:00 - 11/04/2025 15:00:00","BZN|FR","Without Sequence","-1.67","",""
"11/04/2025 15:00:00 - 11/04/2025 15:15:00","BZN|FR","Without Sequence","-0.09","",""
"11/04/2025 15:15:00 - 11/04/2025 15:30:00","BZN|FR","Without Sequence","-0.09","",""
"11/04/2025 15:30:00 - 11/04/2025 15:45:00","BZN|FR","Without Sequence","-0.09","",""
"11/04/2025 15:45:00 - 11/04/2025 16:00:00","BZN|FR","Without Sequence","-0.09","",""
"11/04/2025 16:00:00 - 11/04/2025 16:15:00","BZN|FR","Without Sequence","0.01","",""
"11/04/2025 16:15:00 - 11/04/2025 16:30:00","BZN|FR","Without Sequence","0.01","",""
"11/04/2025 16:30:00 - 11/04/2025 16:45:00","BZN|FR","Without Sequence","0.01","",""
"11/04/2025 16:45:00 - 11/04/2025 17:00:00","BZN|FR","Without Sequence","0.01","",""
"11/04/2025 17:00:00 - 11/04/2025 17:15:00","BZN|FR","Without Sequence","22.01","",""
"11/04/2025 17:15:00 - 11/04/2025 17:30:00","BZN|FR","Without Sequence","22.01","",""
"11/04/2025 17:30:00 - 11/04/2025 17:45:00","BZN|FR","Without Sequence","22.01","",""
"11/04/2025 17:45:00 - 11/04/2025 18:00:00","BZN|FR","Without Sequence","22.01","",""
"11/04/2025 18:00:00 - 11/04/2025 18:15:00","BZN|FR","Without Sequence","38.17","",""
"11/04/2025 18:15:00 - 11/04/2025 18:30:00","BZN|FR","Without Sequence","38.17","",""
"11/04/2025 18:30:00 - 11/04/2025 18:45:00","BZN|FR","Without Sequence","38.17","",""
"11/04/2025 18:45:00 - 11/04/2025 19:00:00","BZN|FR","Without Sequence","38.17","",""
"11/04/2025 19:00:00 - 11/04/2025 19:15:00","BZN|FR","Without Sequence","52.85","",""
"11/04/2025 19:15:00 - 11/04/2025 19:30:00","BZN|FR","Without Sequence","52.85","",""
"11/04/2025 19:30:00 - 11/04/2025 19:45:00","BZN|FR","Without Sequence","52.85","",""
"11/04/2025 19:45:00 - 11/04/2025 20:00:00","BZN|FR","Without Sequence","52.85","",""
"11/04/2025 20:00:00 - 11/04/2025 20:15:00","BZN|FR","Without Sequence","52.01","",""
"11/04/2025 20:15:00 - 11/04/2025 20:30:00","BZN|FR","Without Sequence","52.01","",""
"11/04/2025 20:30:00 - 11/04/2025 20:45:00","BZN|FR","Without Sequence","52.01","",""
"11/04/2025 20:45:00 - 11/04/2025 21:00:00","BZN|FR","Without Sequence","52.01","",""
"11/04/2025 21:00:00 - 11/04/2025 21:15:00","BZN|FR","Without Sequence","58.02","",""
"11/04/2025 21:15:00 - 11/04/2025 21:30:00","BZN|FR","Without Sequence","58.02","",""
"11/04/2025 21:30:00 - 11/04/2025 21:45:00","BZN|FR","Without Sequence","58.02","",""
"11/04/2025 21:45:00 - 11/04/2025 22:00:00","BZN|FR","Without Sequence","58.02","",""
"11/04/2025 22:00:00 - 11/04/2025 22:15:00","BZN|FR","Without Sequence","41.91","",""
"11/04/2025 22:15:00 - 11/04/2025 22:30:00","BZN|FR","Without Sequence","41.91","",""
"11/04/2025 22:30:00 - 11/04/2025 22:45:00","BZN|FR","Without Sequence","41.91","",""
"11/04/2025 22:45:00 - 11/04/2025 23:00:00","BZN|FR","Without Sequence","41.91","",""
"11/04/2025 23:00:00 - 11/04/2025 23:15:00","BZN|FR","Without Sequence","35.00","",""
"11/04/2025 23:15:00 - 11/04/2025 23:30:00","BZN|FR","Without Sequence","35.00","",""
"11/04/2025 23:30:00 - 11/04/2025 23:45:00","BZN|FR","Without Sequence","35.00","",""
"11/04/2025 23:45:00 - 12/04/2025 00:00:00","BZN|FR","Without Sequence","35.00","",""
"12/04/2025 00:00:00 - 12/04/2025 00:15:00","BZN|FR","Without Sequence","35.01","",""
"12/04/2025 00:15:00 - 12/04/2025 00:30:00","BZN|FR","Without Sequence","35.01","",""
"12/04/2025 00:30:00 - 12/04/2025 00:45:00","BZN|FR","Without Sequence","35.01","",""
"12/04/2025 00:45:00 - 12/04/2025 01:00:00","BZN|FR","Without Sequence","35.01","",""
"12/04/2025 01:00:00 - 12/04/2025 01:15:00","BZN|FR","Without Sequence","29.24","",""
"12/04/2025 01:15:00 - 12/04/2025 01:30:00","BZN|FR","Without Sequence","29.24","",""
"12/04/2025 01:30:00 - 12/04/2025 01:45:00","BZN|FR","Without Sequence","29.24","",""
"12/04/2025 01:45:00 - 12/04/2025 02:00:00","BZN|FR","Without Sequence","29.24","",""
"12/04/2025 02:00:00 - 12/04/2025 02:15:00","BZN|FR","Without Sequence","31.22","",""
"12/04/2025 02:15:00 - 12/04/2025 02:30:00","BZN|FR","Without Sequence","31.22","",""
"12/04/2025 02:30:00 - 12/04/2025 02:45:00","BZN|FR","Without Sequence","31.22","",""
"12/04/2025 02:45:00 - 12/04/2025 03:00:00","BZN|FR","Without Sequence","31.22","",""
"12/04/2025 03:00:00 - 12/04/2025 03:15:00","BZN|FR","Without Sequence","29.24","",""
"12/04/2025 03:15:00 - 12/04/2025 03:30:00","BZN|FR","Without Sequence","29.24","",""
"12/04/2025 03:30:00 - 12/04/2025 03:45:00","BZN|FR","Without Sequence","29.24","",""
"12/04/2025 03:45:00 - 12/04/2025 04:00:00","BZN|FR","Without Sequence","29.24","",""
"12/04/2025 04:00:00 - 12/04/2025 04:15:00","BZN|FR","Without Sequence","29.09","",""
"12/04/2025 04:15:00 - 12/04/2025 04:30:00","BZN|FR","Without Sequence","29.09","",""
"12/04/2025 04:30:00 - 12/04/2025 04:45:00","BZN|FR","Without Sequence","29.09","",""
"12/04/2025 04:45:00 - 12/04/2025 05:00:00","BZN|FR","Without Sequence","29.09","",""
"12/04/2025 05:00:00 - 12/04/2025 05:15:00","BZN|FR","Without Sequence","30.38","",""
"12/04/2025 05:15:00 - 12/04/2025 05:30:00","BZN|FR","Without Sequence","30.38","",""
"12/04/2025 05:30:00 - 12/04/2025 05:45:00","BZN|FR","Without Sequence","30.38","",""
"12/04/2025 05:45:00 - 12/04/2025 06:00:00","BZN|FR","Without Sequence","30.38","",""
"12/04/2025 06:00:00 - 12/04/2025 06:15:00","BZN|FR","Without Sequence","32.68","",""
"12/04/2025 06:15:00 - 12/04/2025 06:30:00","BZN|FR","Without Sequence","32.68","",""
"12/04/2025 06:30:00 - 12/04/2025 06:45:00","BZN|FR","Without Sequence","32.68","",""
"12/04/2025 06:45:00 - 12/04/2025 07:00:00","BZN|FR","Without Sequence","32.68","",""
"12/04/2025 07:00:00 - 12/04/2025 07:15:00","BZN|FR","Without Sequence","29.24","",""
"12/04/2025 07:15:00 - 12/04/2025 07:30:00","BZN|FR","Without Sequence","29.24","",""
"12/04/2025 07:30:00 - 12/04/2025 07:45:00","BZN|FR","Without Sequence","29.24","",""
"12/04/2025 07:45:00 - 12/04/2025 08:00:00","BZN|FR","Without Sequence","29.24","",""
"12/04/2025 08:00:00 - 12/04/2025 08:15:00","BZN|FR","Without Sequence","30.95","",""
"12/04/2025 08:15:00 - 12/04/2025 08:30:00","BZN|FR","Without Sequence","30.95","",""
"12/04/2025 08:30:00 - 12/04/2025 08:45:00","BZN|FR","Without Sequence","30.95","",""
"12/04/2025 08:45:00 - 12/04/2025 09:00:00","BZN|FR","Without Sequence","30.95","",""
"12/04/2025 09:00:00 - 12/04/2025 09:15:00","BZN|FR","Without Sequence","33.00","",""
"12/04/2025 09:15:00 - 12/04/2025 09:30:00","BZN|FR","Without Sequence","33.00","",""
"12/04/2025 09:30:00 - 12/04/2025 09:45:00","BZN|FR","Without Sequence","33.00","",""
"12/04/2025 09:45:00 - 12/04/2025 10:00:00","BZN|FR","Without Sequence","33.00","",""
"12/04/2025 10:00:00 - 12/04/2025 10:15:00","BZN|FR","Without Sequence","20.19","",""
"12/04/2025 10:15:00 - 12/04/2025 10:30:00","BZN|FR","Without Sequence","20.19","",""
"12/04/2025 10:30:00 - 12/04/2025 10:45:00","BZN|FR","Without Sequence","20.19","",""
"12/04/2025 10:45:00 - 12/04/2025 11:00:00","BZN|FR","Without Sequence","20.19","",""
"12/04/2025 11:00:00 - 12/04/2025 11:15:00","BZN|FR","Without Sequence","0.00","",""
"12/04/2025 11:15:00 - 12/04/2025 11:30:00","BZN|FR","Without Sequence","0.00","",""
"12/04/2025 11:30:00 - 12/04/2025 11:45:00","BZN|FR","Without Sequence","0.00","",""
"12/04/2025 11:45:00 - 12/04/2025 12:00:00","BZN|FR","Without Sequence","0.00","",""
"12/04/2025 12:00:00 - 12/04/2025 12:15:00","BZN|FR","Without Sequence","0.00","",""
"12/04/2025 12:15:00 - 12/04/2025 12:30:00","BZN|FR","Without Sequence","0.00","",""
"12/04/2025 12:30:00 - 12/04/2025 12:45:00","BZN|FR","Without Sequence","0.00","",""
"12/04/2025 12:45:00 - 12/04/2025 13:00:00","BZN|FR","Without Sequence","0.00","",""
"12/04/2025 13:00:00 - 12/04/2025 13:15:00","BZN|FR","Without Sequence","-0.01","",""
"12/04/2025 13:15:00 - 12/04/2025 13:30:00","BZN|FR","Without Sequence","-0.01","",""
"12/04/2025 13:30:00 - 12/04/2025 13:45:00","BZN|FR","Without Sequence","-0.01","",""
"12/04/2025 13:45:00 - 12/04/2025 14:00:00","BZN|FR","Without Sequence","-0.01","",""
"12/04/2025 14:00:00 - 12/04/2025 14:15:00","BZN|FR","Without Sequence","-6.26","",""
"12/04/2025 14:15:00 - 12/04/2025 14:30:00","BZN|FR","Without Sequence","-6.26","",""
"12/04/2025 14:30:00 - 12/04/2025 14:45:00","BZN|FR","Without Sequence","-6.26","",""
"12/04/2025 14:45:00 - 12/04/2025 15:00:00","BZN|FR","Without Sequence","-6.26","",""
"12/04/2025 15:00:00 - 12/04/2025 15:15:00","BZN|FR","Without Sequence","-0.06","",""
"12/04/2025 15:15:00 - 12/04/2025 15:30:00","BZN|FR","Without Sequence","-0.06","",""
"12/04/2025 15:30:00 - 12/04/2025 15:45:00","BZN|FR","Without Sequence","-0.06","",""
"12/04/2025 15:45:00 - 12/04/2025 16:00:00","BZN|FR","Without Sequence","-0.06","",""
"12/04/2025 16:00:00 - 12/04/2025 16:15:00","BZN|FR","Without Sequence","0.00","",""
"12/04/2025 16:15:00 - 12/04/2025 16:30:00","BZN|FR","Without Sequence","0.00","",""
"12/04/2025 16:30:00 - 12/04/2025 16:45:00","BZN|FR","Without Sequence","0.00","",""
"12/04/2025 16:45:00 - 12/04/2025 17:00:00","BZN|FR","Without Sequence","0.00","",""
"12/04/2025 17:00:00 - 12/04/2025 17:15:00","BZN|FR","Without Sequence","18.08","",""
"12/04/2025 17:15:00 - 12/04/2025 17:30:00","BZN|FR","Without Sequence","18.08","",""
"12/04/2025 17:30:00 - 12/04/2025 17:45:00","BZN|FR","Without Sequence","18.08","",""
"12/04/2025 17:45:00 - 12/04/2025 18:00:00","BZN|FR","Without Sequence","18.08","",""
"12/04/2025 18:00:00 - 12/04/2025 18:15:00","BZN|FR","Without Sequence","22.57","",""
"12/04/2025 18:15:00 - 12/04/2025 18:30:00","BZN|FR","Without Sequence","22.57","",""
"12/04/2025 18:30:00 - 12/04/2025 18:45:00","BZN|FR","Without Sequence","22.57","",""
"12/04/2025 18:45:00 - 12/04/2025 19:00:00","BZN|FR","Without Sequence","22.57","",""
"12/04/2025 19:00:00 - 12/04/2025 19:15:00","BZN|FR","Without Sequence","33.84","",""
"12/04/2025 19:15:00 - 12/04/2025 19:30:00","BZN|FR","Without Sequence","33.84","",""
"12/04/2025 19:30:00 - 12/04/2025 19:45:00","BZN|FR","Without Sequence","33.84","",""
"12/04/2025 19:45:00 - 12/04/2025 20:00:00","BZN|FR","Without Sequence","33.84","",""
"12/04/2025 20:00:00 - 12/04/2025 20:15:00","BZN|FR","Without Sequence","50.02","",""
"12/04/2025 20:15:00 - 12/04/2025 20:30:00","BZN|FR","Without Sequence","50.02","",""
"12/04/2025 20:30:00 - 12/04/2025 20:45:00","BZN|FR","Without Sequence","50.02","",""
"12/04/2025 20:45:00 - 12/04/2025 21:00:00","BZN|FR","Without Sequence","50.02","",""
"12/04/2025 21:00:00 - 12/04/2025 21:15:00","BZN|FR","Without Sequence","53.52","",""
"12/04/2025 21:15:00 - 12/04/2025 21:30:00","BZN|FR","Without Sequence","53.52","",""
"12/04/2025 21:30:00 - 12/04/2025 21:45:00","BZN|FR","Without Sequence","53.52","",""
"12/04/2025 21:45:00 - 12/04/2025 22:00:00","BZN|FR","Without Sequence","53.52","",""
"12/04/2025 22:00:00 - 12/04/2025 22:15:00","BZN|FR","Without Sequence","49.43","",""
"12/04/2025 22:15:00 - 12/04/2025 22:30:00","BZN|FR","Without Sequence","49.43","",""
"12/04/2025 22:30:00 - 12/04/2025 22:45:00","BZN|FR","Without Sequence","49.43","",""
"12/04/2025 22:45:00 - 12/04/2025 23:00:00","BZN|FR","Without Sequence","49.43","",""
"12/04/2025 23:00:00 - 12/04/2025 23:15:00","BZN|FR","Without Sequence","45.59","",""
"12/04/2025 23:15:00 - 12/04/2025 23:30:00","BZN|FR","Without Sequence","45.59","",""
"12/04/2025 23:30:00 - 12/04/2025 23:45:00","BZN|FR","Without Sequence","45.59","",""
"12/04/2025 23:45:00 - 13/04/2025 00:00:00","BZN|FR","Without Sequence","45.59","",""
"13/04/2025 00:00:00 - 13/04/2025 00:15:00","BZN|FR","Without Sequence","34.99","",""
"13/04/2025 00:15:00 - 13/04/2025 00:30:00","BZN|FR","Without Sequence","34.99","",""
"13/04/2025 00:30:00 - 13/04/2025 00:45:00","BZN|FR","Without Sequence","34.99","",""
"13/04/2025 00:45:00 - 13/04/2025 01:00:00","BZN|FR","Without Sequence","34.99","",""
"13/04/2025 01:00:00 - 13/04/2025 01:15:00","BZN|FR","Without Sequence","35.00","",""
"13/04/2025 01:15:00 - 13/04/2025 01:30:00","BZN|FR","Without Sequence","35.00","",""
"13/04/2025 01:30:00 - 13/04/2025 01:45:00","BZN|FR","Without Sequence","35.00","",""
"13/04/2025 01:45:00 - 13/04/2025 02:00:00","BZN|FR","Without Sequence","35.00","",""
"13/04/2025 02:00:00 - 13/04/2025 02:15:00","BZN|FR","Without Sequence","31.30","",""
"13/04/2025 02:15:00 - 13/04/2025 02:30:00","BZN|FR","Without Sequence","31.30","",""
"13/04/2025 02:30:00 - 13/04/2025 02:45:00","BZN|FR","Without Sequence","31.30","",""
"13/04/2025 02:45:00 - 13/04/2025 03:00:00","BZN|FR","Without Sequence","31.30","",""
"13/04/2025 03:00:00 - 13/04/2025 03:15:00","BZN|FR","Without Sequence","20.08","",""
"13/04/2025 03:15:00 - 13/04/2025 03:30:00","BZN|FR","Without Sequence","20.08","",""
"13/04/2025 03:30:00 - 13/04/2025 03:45:00","BZN|FR","Without Sequence","20.08","",""
"13/04/2025 03:45:00 - 13/04/2025 04:00:00","BZN|FR","Without Sequence","20.08","",""
"13/04/2025 04:00:00 - 13/04/2025 04:15:00","BZN|FR","Without Sequence","15.31","",""
"13/04/2025 04:15:00 - 13/04/2025 04:30:00","BZN|FR","Without Sequence","15.31","",""
"13/04/2025 04:30:00 - 13/04/2025 04:45:00","BZN|FR","Without Sequence","15.31","",""
"13/04/2025 04:45:00 - 13/04/2025 05:00:00","BZN|FR","Without Sequence","15.31","",""
"13/04/2025 05:00:00 - 13/04/2025 05:15:00","BZN|FR","Without Sequence","14.99","",""
"13/04/2025 05:15:00 - 13/04/2025 05:30:00","BZN|FR","Without Sequence","14.99","",""
"13/04/2025 05:30:00 - 13/04/2025 05:45:00","BZN|FR","Without Sequence","14.99","",""
"13/04/2025 05:45:00 - 13/04/2025 06:00:00","BZN|FR","Without Sequence","14.99","",""
"13/04/2025 06:00:00 - 13/04/2025 06:15:00","BZN|FR","Without Sequence","21.63","",""
"13/04/2025 06:15:00 - 13/04/2025 06:30:00","BZN|FR","Without Sequence","21.63","",""
"13/04/2025 06:30:00 - 13/04/2025 06:45:00","BZN|FR","Without Sequence","21.63","",""
"13/04/2025 06:45:00 - 13/04/2025 07:00:00","BZN|FR","Without Sequence","21.63","",""
"13/04/2025 07:00:00 - 13/04/2025 07:15:00","BZN|FR","Without Sequence","27.75","",""
"13/04/2025 07:15:00 - 13/04/2025 07:30:00","BZN|FR","Without Sequence","27.75","",""
"13/04/2025 07:30:00 - 13/04/2025 07:45:00","BZN|FR","Without Sequence","27.75","",""
"13/04/2025 07:45:00 - 13/04/2025 08:00:00","BZN|FR","Without Sequence","27.75","",""
"13/04/2025 08:00:00 - 13/04/2025 08:15:00","BZN|FR","Without Sequence","17.23","",""
"13/04/2025 08:15:00 - 13/04/2025 08:30:00","BZN|FR","Without Sequence","17.23","",""
"13/04/2025 08:30:00 - 13/04/2025 08:45:00","BZN|FR","Without Sequence","17.23","",""
"13/04/2025 08:45:00 - 13/04/2025 09:00:00","BZN|FR","Without Sequence","17.23","",""
"13/04/2025 09:00:00 - 13/04/2025 09:15:00","BZN|FR","Without Sequence","8.43","",""
"13/04/2025 09:15:00 - 13/04/2025 09:30:00","BZN|FR","Without Sequence","8.43","",""
"13/04/2025 09:30:00 - 13/04/2025 09:45:00","BZN|FR","Without Sequence","8.43","",""
"13/04/2025 09:45:00 - 13/04/2025 10:00:00","BZN|FR","Without Sequence","8.43","",""
"13/04/2025 10:00:00 - 13/04/2025 10:15:00","BZN|FR","Without Sequence","0.00","",""
"13/04/2025 10:15:00 - 13/04/2025 10:30:00","BZN|FR","Without Sequence","0.00","",""
"13/04/2025 10:30:00 - 13/04/2025 10:45:00","BZN|FR","Without Sequence","0.00","",""
"13/04/2025 10:45:00 - 13/04/2025 11:00:00","BZN|FR","Without Sequence","0.00","",""
"13/04/2025 11:00:00 - 13/04/2025 11:15:00","BZN|FR","Without Sequence","-0.02","",""
"13/04/2025 11:15:00 - 13/04/2025 11:30:00","BZN|FR","Without Sequence","-0.02","",""
"13/04/2025 11:30:00 - 13/04/2025 11:45:00","BZN|FR","Without Sequence","-0.02","",""
"13/04/2025 11:45:00 - 13/04/2025 12:00:00","BZN|FR","Without Sequence","-0.02","",""
"13/04/2025 12:00:00 - 13/04/2025 12:15:00","BZN|FR","Without Sequence","-0.07","",""
"13/04/2025 12:15:00 - 13/04/2025 12:30:00","BZN|FR","Without Sequence","-0.07","",""
"13/04/2025 12:30:00 - 13/04/2025 12:45:00","BZN|FR","Without Sequence","-0.07","",""
"13/04/2025 12:45:00 - 13/04/2025 13:00:00","BZN|FR","Without Sequence","-0.07","",""
"13/04/2025 13:00:00 - 13/04/2025 13:15:00","BZN|FR","Without Sequence","-18.84","",""
"13/04/2025 13:15:00 - 13/04/2025 13:30:00","BZN|FR","Without Sequence","-18.84","",""
"13/04/2025 13:30:00 - 13/04/2025 13:45:00","BZN|FR","Without Sequence","-18.84","",""
"13/04/2025 13:45:00 - 13/04/2025 14:00:00","BZN|FR","Without Sequence","-18.84","",""
"13/04/2025 14:00:00 - 13/04/2025 14:15:00","BZN|FR","Without Sequence","-25.38","",""
"13/04/2025 14:15:00 - 13/04/2025 14:30:00","BZN|FR","Without Sequence","-25.38","",""
"13/04/2025 14:30:00 - 13/04/2025 14:45:00","BZN|FR","Without Sequence","-25.38","",""
"13/04/2025 14:45:00 - 13/04/2025 15:00:00","BZN|FR","Without Sequence","-25.38","",""
"13/04/2025 15:00:00 - 13/04/2025 15:15:00","BZN|FR","Without Sequence","-9.93","",""
"13/04/2025 15:15:00 - 13/04/2025 15:30:00","BZN|FR","Without Sequence","-9.93","",""
"13/04/2025 15:30:00 - 13/04/2025 15:45:00","BZN|FR","Without Sequence","-9.93","",""
"13/04/2025 15:45:00 - 13/04/2025 16:00:00","BZN|FR","Without Sequence","-9.93","",""
"13/04/2025 16:00:00 - 13/04/2025 16:15:00","BZN|FR","Without Sequence","-0.01","",""
"13/04/2025 16:15:00 - 13/04/2025 16:30:00","BZN|FR","Without Sequence","-0.01","",""
"13/04/2025 16:30:00 - 13/04/2025 16:45:00","BZN|FR","Without Sequence","-0.01","",""
"13/04/2025 16:45:00 - 13/04/2025 17:00:00","BZN|FR","Without Sequence","-0.01","",""
"13/04/2025 17:00:00 - 13/04/2025 17:15:00","BZN|FR","Without Sequence","12.93","",""
"13/04/2025 17:15:00 - 13/04/2025 17:30:00","BZN|FR","Without Sequence","12.93","",""
"13/04/2025 17:30:00 - 13/04/2025 17:45:00","BZN|FR","Without Sequence","12.93","",""
"13/04/2025 17:45:00 - 13/04/2025 18:00:00","BZN|FR","Without Sequence","12.93","",""
"13/04/2025 18:00:00 - 13/04/2025 18:15:00","BZN|FR","Without Sequence","32.21","",""
"13/04/2025 18:15:00 - 13/04/2025 18:30:00","BZN|FR","Without Sequence","32.21","",""
"13/04/2025 18:30:00 - 13/04/2025 18:45:00","BZN|FR","Without Sequence","32.21","",""
"13/04/2025 18:45:00 - 13/04/2025 19:00:00","BZN|FR","Without Sequence","32.21","",""
"13/04/2025 19:00:00 - 13/04/2025 19:15:00","BZN|FR","Without Sequence","31.62","",""
"13/04/2025 19:15:00 - 13/04/2025 19:30:00","BZN|FR","Without Sequence","31.62","",""
"13/04/2025 19:30:00 - 13/04/2025 19:45:00","BZN|FR","Without Sequence","31.62","",""
"13/04/2025 19:45:00 - 13/04/2025 20:00:00","BZN|FR","Without Sequence","31.62","",""
"13/04/2025 20:00:00 - 13/04/2025 20:15:00","BZN|FR","Without Sequence","44.91","",""
"13/04/2025 20:15:00 - 13/04/2025 20:30:00","BZN|FR","Without Sequence","44.91","",""
"13/04/2025 20:30:00 - 13/04/2025 20:45:00","BZN|FR","Without Sequence","44.91","",""
"13/04/2025 20:45:00 - 13/04/2025 21:00:00","BZN|FR","Without Sequence","44.91","",""
"13/04/2025 21:00:00 - 13/04/2025 21:15:00","BZN|FR","Without Sequence","60.55","",""
"13/04/2025 21:15:00 - 13/04/2025 21:30:00","BZN|FR","Without Sequence","60.55","",""
"13/04/2025 21:30:00 - 13/04/2025 21:45:00","BZN|FR","Without Sequence","60.55","",""
"13/04/2025 21:45:00 - 13/04/2025 22:00:00","BZN|FR","Without Sequence","60.55","",""
"13/04/2025 22:00:00 - 13/04/2025 22:15:00","BZN|FR","Without Sequence","59.04","",""
"13/04/2025 22:15:00 - 13/04/2025 22:30:00","BZN|FR","Without Sequence","59.04","",""
"13/04/2025 22:30:00 - 13/04/2025 22:45:00","BZN|FR","Without Sequence","59.04","",""
"13/04/2025 22:45:00 - 13/04/2025 23:00:00","BZN|FR","Without Sequence","59.04","",""
"13/04/2025 23:00:00 - 13/04/2025 23:15:00","BZN|FR","Without Sequence","38.50","",""
"13/04/2025 23:15:00 - 13/04/2025 23:30:00","BZN|FR","Without Sequence","38.50","",""
"13/04/2025 23:30:00 - 13/04/2025 23:45:00","BZN|FR","Without Sequence","38.50","",""
"13/04/2025 23:45:00 - 14/04/2025 00:00:00","BZN|FR","Without Sequence","38.50","",""
"14/04/2025 00:00:00 - 14/04/2025 00:15:00","BZN|FR","Without Sequence","39.23","",""
"14/04/2025 00:15:00 - 14/04/2025 00:30:00","BZN|FR","Without Sequence","39.23","",""
"14/04/2025 00:30:00 - 14/04/2025 00:45:00","BZN|FR","Without Sequence","39.23","",""
"14/04/2025 00:45:00 - 14/04/2025 01:00:00","BZN|FR","Without Sequence","39.23","",""
"14/04/2025 01:00:00 - 14/04/2025 01:15:00","BZN|FR","Without Sequence","38.16","",""
"14/04/2025 01:15:00 - 14/04/2025 01:30:00","BZN|FR","Without Sequence","38.16","",""
"14/04/2025 01:30:00 - 14/04/2025 01:45:00","BZN|FR","Without Sequence","38.16","",""
"14/04/2025 01:45:00 - 14/04/2025 02:00:00","BZN|FR","Without Sequence","38.16","",""
"14/04/2025 02:00:00 - 14/04/2025 02:15:00","BZN|FR","Without Sequence","37.74","",""
"14/04/2025 02:15:00 - 14/04/2025 02:30:00","BZN|FR","Without Sequence","37.74","",""
"14/04/2025 02:30:00 - 14/04/2025 02:45:00","BZN|FR","Without Sequence","37.74","",""
"14/04/2025 02:45:00 - 14/04/2025 03:00:00","BZN|FR","Without Sequence","37.74","",""
"14/04/2025 03:00:00 - 14/04/2025 03:15:00","BZN|FR","Without Sequence","35.00","",""
"14/04/2025 03:15:00 - 14/04/2025 03:30:00","BZN|FR","Without Sequence","35.00","",""
"14/04/2025 03:30:00 - 14/04/2025 03:45:00","BZN|FR","Without Sequence","35.00","",""
"14/04/2025 03:45:00 - 14/04/2025 04:00:00","BZN|FR","Without Sequence","35.00","",""
"14/04/2025 04:00:00 - 14/04/2025 04:15:00","BZN|FR","Without Sequence","30.01","",""
"14/04/2025 04:15:00 - 14/04/2025 04:30:00","BZN|FR","Without Sequence","30.01","",""
"14/04/2025 04:30:00 - 14/04/2025 04:45:00","BZN|FR","Without Sequence","30.01","",""
"14/04/2025 04:45:00 - 14/04/2025 05:00:00","BZN|FR","Without Sequence","30.01","",""
"14/04/2025 05:00:00 - 14/04/2025 05:15:00","BZN|FR","Without Sequence","35.01","",""
"14/04/2025 05:15:00 - 14/04/2025 05:30:00","BZN|FR","Without Sequence","35.01","",""
"14/04/2025 05:30:00 - 14/04/2025 05:45:00","BZN|FR","Without Sequence","35.01","",""
"14/04/2025 05:45:00 - 14/04/2025 06:00:00","BZN|FR","Without Sequence","35.01","",""
"14/04/2025 06:00:00 - 14/04/2025 06:15:00","BZN|FR","Without Sequence","42.50","",""
"14/04/2025 06:15:00 - 14/04/2025 06:30:00","BZN|FR","Without Sequence","42.50","",""
"14/04/2025 06:30:00 - 14/04/2025 06:45:00","BZN|FR","Without Sequence","42.50","",""
"14/04/2025 06:45:00 - 14/04/2025 07:00:00","BZN|FR","Without Sequence","42.50","",""
"14/04/2025 07:00:00 - 14/04/2025 07:15:00","BZN|FR","Without Sequence","68.19","",""
"14/04/2025 07:15:00 - 14/04/2025 07:30:00","BZN|FR","Without Sequence","68.19","",""
"14/04/2025 07:30:00 - 14/04/2025 07:45:00","BZN|FR","Without Sequence","68.19","",""
"14/04/2025 07:45:00 - 14/04/2025 08:00:00","BZN|FR","Without Sequence","68.19","",""
"14/04/2025 08:00:00 - 14/04/2025 08:15:00","BZN|FR","Without Sequence","74.94","",""
"14/04/2025 08:15:00 - 14/04/2025 08:30:00","BZN|FR","Without Sequence","74.94","",""
"14/04/2025 08:30:00 - 14/04/2025 08:45:00","BZN|FR","Without Sequence","74.94","",""
"14/04/2025 08:45:00 - 14/04/2025 09:00:00","BZN|FR","Without Sequence","74.94","",""
"14/04/2025 09:00:00 - 14/04/2025 09:15:00","BZN|FR","Without Sequence","37.74","",""
"14/04/2025 09:15:00 - 14/04/2025 09:30:00","BZN|FR","Without Sequence","37.74","",""
"14/04/2025 09:30:00 - 14/04/2025 09:45:00","BZN|FR","Without Sequence","37.74","",""
"14/04/2025 09:45:00 - 14/04/2025 10:00:00","BZN|FR","Without Sequence","37.74","",""
"14/04/2025 10:00:00 - 14/04/2025 10:15:00","BZN|FR","Without Sequence","41.70","",""
"14/04/2025 10:15:00 - 14/04/2025 10:30:00","BZN|FR","Without Sequence","41.70","",""
"14/04/2025 10:30:00 - 14/04/2025 10:45:00","BZN|FR","Without Sequence","41.70","",""
"14/04/2025 10:45:00 - 14/04/2025 11:00:00","BZN|FR","Without Sequence","41.70","",""
"14/04/2025 11:00:00 - 14/04/2025 11:15:00","BZN|FR","Without Sequence","26.77","",""
"14/04/2025 11:15:00 - 14/04/2025 11:30:00","BZN|FR","Without Sequence","26.77","",""
"14/04/2025 11:30:00 - 14/04/2025 11:45:00","BZN|FR","Without Sequence","26.77","",""
"14/04/2025 11:45:00 - 14/04/2025 12:00:00","BZN|FR","Without Sequence","26.77","",""
"14/04/2025 12:00:00 - 14/04/2025 12:15:00","BZN|FR","Without Sequence","52.65","",""
"14/04/2025 12:15:00 - 14/04/2025 12:30:00","BZN|FR","Without Sequence","52.65","",""
"14/04/2025 12:30:00 - 14/04/2025 12:45:00","BZN|FR","Without Sequence","52.65","",""
"14/04/2025 12:45:00 - 14/04/2025 13:00:00","BZN|FR","Without Sequence","52.65","",""
"14/04/2025 13:00:00 - 14/04/2025 13:15:00","BZN|FR","Without Sequence","23.51","",""
"14/04/2025 13:15:00 - 14/04/2025 13:30:00","BZN|FR","Without Sequence","23.51","",""
"14/04/2025 13:30:00 - 14/04/2025 13:45:00","BZN|FR","Without Sequence","23.51","",""
"14/04/2025 13:45:00 - 14/04/2025 14:00:00","BZN|FR","Without Sequence","23.51","",""
"14/04/2025 14:00:00 - 14/04/2025 14:15:00","BZN|FR","Without Sequence","10.16","",""
"14/04/2025 14:15:00 - 14/04/2025 14:30:00","BZN|FR","Without Sequence","10.16","",""
"14/04/2025 14:30:00 - 14/04/2025 14:45:00","BZN|FR","Without Sequence","10.16","",""
"14/04/2025 14:45:00 - 14/04/2025 15:00:00","BZN|FR","Without Sequence","10.16","",""
"14/04/2025 15:00:00 - 14/04/2025 15:15:00","BZN|FR","Without Sequence","20.24","",""
"14/04/2025 15:15:00 - 14/04/2025 15:30:00","BZN|FR","Without Sequence","20.24","",""
"14/04/2025 15:30:00 - 14/04/2025 15:45:00","BZN|FR","Without Sequence","20.24","",""
"14/04/2025 15:45:00 - 14/04/2025 16:00:00","BZN|FR","Without Sequence","20.24","",""
"14/04/2025 16:00:00 - 14/04/2025 16:15:00","BZN|FR","Without Sequence","28.12","",""
"14/04/2025 16:15:00 - 14/04/2025 16:30:00","BZN|FR","Without Sequence","28.12","",""
"14/04/2025 16:30:00 - 14/04/2025 16:45:00","BZN|FR","Without Sequence","28.12","",""
"14/04/2025 16:45:00 - 14/04/2025 17:00:00","BZN|FR","Without Sequence","28.12","",""
"14/04/2025 17:00:00 - 14/04/2025 17:15:00","BZN|FR","Without Sequence","38.46","",""
"14/04/2025 17:15:00 - 14/04/2025 17:30:00","BZN|FR","Without Sequence","38.46","",""
"14/04/2025 17:30:00 - 14/04/2025 17:45:00","BZN|FR","Without Sequence","38.46","",""
"14/04/2025 17:45:00 - 14/04/2025 18:00:00","BZN|FR","Without Sequence","38.46","",""
"14/04/2025 18:00:00 - 14/04/2025 18:15:00","BZN|FR","Without Sequence","36.63","",""
"14/04/2025 18:15:00 - 14/04/2025 18:30:00","BZN|FR","Without Sequence","36.63","",""
"14/04/2025 18:30:00 - 14/04/2025 18:45:00","BZN|FR","Without Sequence","36.63","",""
"14/04/2025 18:45:00 - 14/04/2025 19:00:00","BZN|FR","Without Sequence","36.63","",""
"14/04/2025 19:00:00 - 14/04/2025 19:15:00","BZN|FR","Without Sequence","47.02","",""
"14/04/2025 19:15:00 - 14/04/2025 19:30:00","BZN|FR","Without Sequence","47.02","",""
"14/04/2025 19:30:00 - 14/04/2025 19:45:00","BZN|FR","Without Sequence","47.02","",""
"14/04/2025 19:45:00 - 14/04/2025 20:00:00","BZN|FR","Without Sequence","47.02","",""
"14/04/2025 20:00:00 - 14/04/2025 20:15:00","BZN|FR","Without Sequence","37.81","",""
"14/04/2025 20:15:00 - 14/04/2025 20:30:00","BZN|FR","Without Sequence","37.81","",""
"14/04/2025 20:30:00 - 14/04/2025 20:45:00","BZN|FR","Without Sequence","37.81","",""
"14/04/2025 20:45:00 - 14/04/2025 21:00:00","BZN|FR","Without Sequence","37.81","",""
"14/04/2025 21:00:00 - 14/04/2025 21:15:00","BZN|FR","Without Sequence","35.00","",""
"14/04/2025 21:15:00 - 14/04/2025 21:30:00","BZN|FR","Without Sequence","35.00","",""
"14/04/2025 21:30:00 - 14/04/2025 21:45:00","BZN|FR","Without Sequence","35.00","",""
"14/04/2025 21:45:00 - 14/04/2025 22:00:00","BZN|FR","Without Sequence","35.00","",""
"14/04/2025 22:00:00 - 14/04/2025 22:15:00","BZN|FR","Without Sequence","19.75","",""
"14/04/2025 22:15:00 - 14/04/2025 22:30:00","BZN|FR","Without Sequence","19.75","",""
"14/04/2025 22:30:00 - 14/04/2025 22:45:00","BZN|FR","Without Sequence","19.75","",""
"14/04/2025 22:45:00 - 14/04/2025 23:00:00","BZN|FR","Without Sequence","19.75","",""
"14/04/2025 23:00:00 - 14/04/2025 23:15:00","BZN|FR","Without Sequence","13.00","",""
"14/04/2025 23:15:00 - 14/04/2025 23:30:00","BZN|FR","Without Sequence","13.00","",""
"14/04/2025 23:30:00 - 14/04/2025 23:45:00","BZN|FR","Without Sequence","13.00","",""
"14/04/2025 23:45:00 - 15/04/2025 00:00:00","BZN|FR","Without Sequence","13.00","",""
"15/04/2025 00:00:00 - 15/04/2025 00:15:00","BZN|FR","Without Sequence","14.00","",""
"15/04/2025 00:15:00 - 15/04/2025 00:30:00","BZN|FR","Without Sequence","14.00","",""
"15/04/2025 00:30:00 - 15/04/2025 00:45:00","BZN|FR","Without Sequence","14.00","",""
"15/04/2025 00:45:00 - 15/04/2025 01:00:00","BZN|FR","Without Sequence","14.00","",""
"15/04/2025 01:00:00 - 15/04/2025 01:15:00","BZN|FR","Without Sequence","7.50","",""
"15/04/2025 01:15:00 - 15/04/2025 01:30:00","BZN|FR","Without Sequence","7.50","",""
"15/04/2025 01:30:00 - 15/04/2025 01:45:00","BZN|FR","Without Sequence","7.50","",""
"15/04/2025 01:45:00 - 15/04/2025 02:00:00","BZN|FR","Without Sequence","7.50","",""
"15/04/2025 02:00:00 - 15/04/2025 02:15:00","BZN|FR","Without Sequence","5.64","",""
"15/04/2025 02:15:00 - 15/04/2025 02:30:00","BZN|FR","Without Sequence","5.64","",""
"15/04/2025 02:30:00 - 15/04/2025 02:45:00","BZN|FR","Without Sequence","5.64","",""
"15/04/2025 02:45:00 - 15/04/2025 03:00:00","BZN|FR","Without Sequence","5.64","",""
"15/04/2025 03:00:00 - 15/04/2025 03:15:00","BZN|FR","Without Sequence","4.50","",""
"15/04/2025 03:15:00 - 15/04/2025 03:30:00","BZN|FR","Without Sequence","4.50","",""
"15/04/2025 03:30:00 - 15/04/2025 03:45:00","BZN|FR","Without Sequence","4.50","",""
"15/04/2025 03:45:00 - 15/04/2025 04:00:00","BZN|FR","Without Sequence","4.50","",""
"15/04/2025 04:00:00 - 15/04/2025 04:15:00","BZN|FR","Without Sequence","3.60","",""
"15/04/2025 04:15:00 - 15/04/2025 04:30:00","BZN|FR","Without Sequence","3.60","",""
"15/04/2025 04:30:00 - 15/04/2025 04:45:00","BZN|FR","Without Sequence","3.60","",""
"15/04/2025 04:45:00 - 15/04/2025 05:00:00","BZN|FR","Without Sequence","3.60","",""
"15/04/2025 05:00:00 - 15/04/2025 05:15:00","BZN|FR","Without Sequence","7.08","",""
"15/04/2025 05:15:00 - 15/04/2025 05:30:00","BZN|FR","Without Sequence","7.08","",""
"15/04/2025 05:30:00 - 15/04/2025 05:45:00","BZN|FR","Without Sequence","7.08","",""
"15/04/2025 05:45:00 - 15/04/2025 06:00:00","BZN|FR","Without Sequence","7.08","",""
"15/04/2025 06:00:00 - 15/04/2025 06:15:00","BZN|FR","Without Sequence","36.42","",""
"15/04/2025 06:15:00 - 15/04/2025 06:30:00","BZN|FR","Without Sequence","36.42","",""
"15/04/2025 06:30:00 - 15/04/2025 06:45:00","BZN|FR","Without Sequence","36.42","",""
"15/04/2025 06:45:00 - 15/04/2025 07:00:00","BZN|FR","Without Sequence","36.42","",""
"15/04/2025 07:00:00 - 15/04/2025 07:15:00","BZN|FR","Without Sequence","34.45","",""
"15/04/2025 07:15:00 - 15/04/2025 07:30:00","BZN|FR","Without Sequence","34.45","",""
"15/04/2025 07:30:00 - 15/04/2025 07:45:00","BZN|FR","Without Sequence","34.45","",""
"15/04/2025 07:45:00 - 15/04/2025 08:00:00","BZN|FR","Without Sequence","34.45","",""
"15/04/2025 08:00:00 - 15/04/2025 08:15:00","BZN|FR","Without Sequence","35.00","",""
"15/04/2025 08:15:00 - 15/04/2025 08:30:00","BZN|FR","Without Sequence","35.00","",""
"15/04/2025 08:30:00 - 15/04/2025 08:45:00","BZN|FR","Without Sequence","35.00","",""
"15/04/2025 08:45:00 - 15/04/2025 09:00:00","BZN|FR","Without Sequence","35.00","",""
"15/04/2025 09:00:00 - 15/04/2025 09:15:00","BZN|FR","Without Sequence","48.47","",""
"15/04/2025 09:15:00 - 15/04/2025 09:30:00","BZN|FR","Without Sequence","48.47","",""
"15/04/2025 09:30:00 - 15/04/2025 09:45:00","BZN|FR","Without Sequence","48.47","",""
"15/04/2025 09:45:00 - 15/04/2025 10:00:00","BZN|FR","Without Sequence","48.47","",""
"15/04/2025 10:00:00 - 15/04/2025 10:15:00","BZN|FR","Without Sequence","41.61","",""
"15/04/2025 10:15:00 - 15/04/2025 10:30:00","BZN|FR","Without Sequence","41.61","",""
"15/04/2025 10:30:00 - 15/04/2025 10:45:00","BZN|FR","Without Sequence","41.61","",""
"15/04/2025 10:45:00 - 15/04/2025 11:00:00","BZN|FR","Without Sequence","41.61","",""
"15/04/2025 11:00:00 - 15/04/2025 11:15:00","BZN|FR","Without Sequence","8.55","",""
"15/04/2025 11:15:00 - 15/04/2025 11:30:00","BZN|FR","Without Sequence","8.55","",""
"15/04/2025 11:30:00 - 15/04/2025 11:45:00","BZN|FR","Without Sequence","8.55","",""
"15/04/2025 11:45:00 - 15/04/2025 12:00:00","BZN|FR","Without Sequence","8.55","",""
"15/04/2025 12:00:00 - 15/04/2025 12:15:00","BZN|FR","Without Sequence","0.08","",""
"15/04/2025 12:15:00 - 15/04/2025 12:30:00","BZN|FR","Without Sequence","0.08","",""
"15/04/2025 12:30:00 - 15/04/2025 12:45:00","BZN|FR","Without Sequence","0.08","",""
"15/04/2025 12:45:00 - 15/04/2025 13:00:00","BZN|FR","Without Sequence","0.08","",""
"15/04/2025 13:00:00 - 15/04/2025 13:15:00","BZN|FR","Without Sequence","0.00","",""
"15/04/2025 13:15:00 - 15/04/2025 13:30:00","BZN|FR","Without Sequence","0.00","",""
"15/04/2025 13:30:00 - 15/04/2025 13:45:00","BZN|FR","Without Sequence","0.00","",""
"15/04/2025 13:45:00 - 15/04/2025 14:00:00","BZN|FR","Without Sequence","0.00","",""
"15/04/2025 14:00:00 - 15/04/2025 14:15:00","BZN|FR","Without Sequence","-0.01","",""
"15/04/2025 14:15:00 - 15/04/2025 14:30:00","BZN|FR","Without Sequence","-0.01","",""
"15/04/2025 14:30:00 - 15/04/2025 14:45:00","BZN|FR","Without Sequence","-0.01","",""
"15/04/2025 14:45:00 - 15/04/2025 15:00:00","BZN|FR","Without Sequence","-0.01","",""
"15/04/2025 15:00:00 - 15/04/2025 15:15:00","BZN|FR","Without Sequence","-0.01","",""
"15/04/2025 15:15:00 - 15/04/2025 15:30:00","BZN|FR","Without Sequence","-0.01","",""
"15/04/2025 15:30:00 - 15/04/2025 15:45:00","BZN|FR","Without Sequence","-0.01","",""
"15/04/2025 15:45:00 - 15/04/2025 16:00:00","BZN|FR","Without Sequence","-0.01","",""
"15/04/2025 16:00:00 - 15/04/2025 16:15:00","BZN|FR","Without Sequence","-0.01","",""
"15/04/2025 16:15:00 - 15/04/2025 16:30:00","BZN|FR","Without Sequence","-0.01","",""
"15/04/2025 16:30:00 - 15/04/2025 16:45:00","BZN|FR","Without Sequence","-0.01","",""
"15/04/2025 16:45:00 - 15/04/2025 17:00:00","BZN|FR","Without Sequence","-0.01","",""
"15/04/2025 17:00:00 - 15/04/2025 17:15:00","BZN|FR","Without Sequence","0.00","",""
"15/04/2025 17:15:00 - 15/04/2025 17:30:00","BZN|FR","Without Sequence","0.00","",""
"15/04/2025 17:30:00 - 15/04/2025 17:45:00","BZN|FR","Without Sequence","0.00","",""
"15/04/2025 17:45:00 - 15/04/2025 18:00:00","BZN|FR","Without Sequence","0.00","",""
"15/04/2025 18:00:00 - 15/04/2025 18:15:00","BZN|FR","Without Sequence","11.26","",""
"15/04/2025 18:15:00 - 15/04/2025 18:30:00","BZN|FR","Without Sequence","11.26","",""
"15/04/2025 18:30:00 - 15/04/2025 18:45:00","BZN|FR","Without Sequence","11.26","",""
"15/04/2025 18:45:00 - 15/04/2025 19:00:00","BZN|FR","Without Sequence","11.26","",""
"15/04/2025 19:00:00 - 15/04/2025 19:15:00","BZN|FR","Without Sequence","23.50","",""
"15/04/2025 19:15:00 - 15/04/2025 19:30:00","BZN|FR","Without Sequence","23.50","",""
"15/04/2025 19:30:00 - 15/04/2025 19:45:00","BZN|FR","Without Sequence","23.50","",""
"15/04/2025 19:45:00 - 15/04/2025 20:00:00","BZN|FR","Without Sequence","23.50","",""
"15/04/2025 20:00:00 - 15/04/2025 20:15:00","BZN|FR","Without Sequence","33.47","",""
"15/04/2025 20:15:00 - 15/04/2025 20:30:00","BZN|FR","Without Sequence","33.47","",""
"15/04/2025 20:30:00 - 15/04/2025 20:45:00","BZN|FR","Without Sequence","33.47","",""
"15/04/2025 20:45:00 - 15/04/2025 21:00:00","BZN|FR","Without Sequence","33.47","",""
"15/04/2025 21:00:00 - 15/04/2025 21:15:00","BZN|FR","Without Sequence","35.00","",""
"15/04/2025 21:15:00 - 15/04/2025 21:30:00","BZN|FR","Without Sequence","35.00","",""
"15/04/2025 21:30:00 - 15/04/2025 21:45:00","BZN|FR","Without Sequence","35.00","",""
"15/04/2025 21:45:00 - 15/04/2025 22:00:00","BZN|FR","Without Sequence","35.00","",""
"15/04/2025 22:00:00 - 15/04/2025 22:15:00","BZN|FR","Without Sequence","21.96","",""
"15/04/2025 22:15:00 - 15/04/2025 22:30:00","BZN|FR","Without Sequence","21.96","",""
"15/04/2025 22:30:00 - 15/04/2025 22:45:00","BZN|FR","Without Sequence","21.96","",""
"15/04/2025 22:45:00 - 15/04/2025 23:00:00","BZN|FR","Without Sequence","21.96","",""
"15/04/2025 23:00:00 - 15/04/2025 23:15:00","BZN|FR","Without Sequence","31.90","",""
"15/04/2025 23:15:00 - 15/04/2025 23:30:00","BZN|FR","Without Sequence","31.90","",""
"15/04/2025 23:30:00 - 15/04/2025 23:45:00","BZN|FR","Without Sequence","31.90","",""
"15/04/2025 23:45:00 - 16/04/2025 00:00:00","BZN|FR","Without Sequence","31.90","",""
"16/04/2025 00:00:00 - 16/04/2025 00:15:00","BZN|FR","Without Sequence","55.89","",""
"16/04/2025 00:15:00 - 16/04/2025 00:30:00","BZN|FR","Without Sequence","55.89","",""
"16/04/2025 00:30:00 - 16/04/2025 00:45:00","BZN|FR","Without Sequence","55.89","",""
"16/04/2025 00:45:00 - 16/04/2025 01:00:00","BZN|FR","Without Sequence","55.89","",""
"16/04/2025 01:00:00 - 16/04/2025 01:15:00","BZN|FR","Without Sequence","36.90","",""
"16/04/2025 01:15:00 - 16/04/2025 01:30:00","BZN|FR","Without Sequence","36.90","",""
"16/04/2025 01:30:00 - 16/04/2025 01:45:00","BZN|FR","Without Sequence","36.90","",""
"16/04/2025 01:45:00 - 16/04/2025 02:00:00","BZN|FR","Without Sequence","36.90","",""
"16/04/2025 02:00:00 - 16/04/2025 02:15:00","BZN|FR","Without Sequence","31.98","",""
"16/04/2025 02:15:00 - 16/04/2025 02:30:00","BZN|FR","Without Sequence","31.98","",""
"16/04/2025 02:30:00 - 16/04/2025 02:45:00","BZN|FR","Without Sequence","31.98","",""
"16/04/2025 02:45:00 - 16/04/2025 03:00:00","BZN|FR","Without Sequence","31.98","",""
"16/04/2025 03:00:00 - 16/04/2025 03:15:00","BZN|FR","Without Sequence","12.96","",""
"16/04/2025 03:15:00 - 16/04/2025 03:30:00","BZN|FR","Without Sequence","12.96","",""
"16/04/2025 03:30:00 - 16/04/2025 03:45:00","BZN|FR","Without Sequence","12.96","",""
"16/04/2025 03:45:00 - 16/04/2025 04:00:00","BZN|FR","Without Sequence","12.96","",""
"16/04/2025 04:00:00 - 16/04/2025 04:15:00","BZN|FR","Without Sequence","10.16","",""
"16/04/2025 04:15:00 - 16/04/2025 04:30:00","BZN|FR","Without Sequence","10.16","",""
"16/04/2025 04:30:00 - 16/04/2025 04:45:00","BZN|FR","Without Sequence","10.16","",""
"16/04/2025 04:45:00 - 16/04/2025 05:00:00","BZN|FR","Without Sequence","10.16","",""
"16/04/2025 05:00:00 - 16/04/2025 05:15:00","BZN|FR","Without Sequence","36.02","",""
"16/04/2025 05:15:00 - 16/04/2025 05:30:00","BZN|FR","Without Sequence","36.02","",""
"16/04/2025 05:30:00 - 16/04/2025 05:45:00","BZN|FR","Without Sequence","36.02","",""
"16/04/2025 05:45:00 - 16/04/2025 06:00:00","BZN|FR","Without Sequence","36.02","",""
"16/04/2025 06:00:00 - 16/04/2025 06:15:00","BZN|FR","Without Sequence","43.83","",""
"16/04/2025 06:15:00 - 16/04/2025 06:30:00","BZN|FR","Without Sequence","43.83","",""
"16/04/2025 06:30:00 - 16/04/2025 06:45:00","BZN|FR","Without Sequence","43.83","",""
"16/04/2025 06:45:00 - 16/04/2025 07:00:00","BZN|FR","Without Sequence","43.83","",""
"16/04/2025 07:00:00 - 16/04/2025 07:15:00","BZN|FR","Without Sequence","73.97","",""
"16/04/2025 07:15:00 - 16/04/2025 07:30:00","BZN|FR","Without Sequence","73.97","",""
"16/04/2025 07:30:00 - 16/04/2025 07:45:00","BZN|FR","Without Sequence","73.97","",""
"16/04/2025 07:45:00 - 16/04/2025 08:00:00","BZN|FR","Without Sequence","73.97","",""
"16/04/2025 08:00:00 - 16/04/2025 08:15:00","BZN|FR","Without Sequence","109.94","",""
"16/04/2025 08:15:00 - 16/04/2025 08:30:00","BZN|FR","Without Sequence","109.94","",""
"16/04/2025 08:30:00 - 16/04/2025 08:45:00","BZN|FR","Without Sequence","109.94","",""
"16/04/2025 08:45:00 - 16/04/2025 09:00:00","BZN|FR","Without Sequence","109.94","",""
"16/04/2025 09:00:00 - 16/04/2025 09:15:00","BZN|FR","Without Sequence","94.06","",""
"16/04/2025 09:15:00 - 16/04/2025 09:30:00","BZN|FR","Without Sequence","94.06","",""
"16/04/2025 09:30:00 - 16/04/2025 09:45:00","BZN|FR","Without Sequence","94.06","",""
"16/04/2025 09:45:00 - 16/04/2025 10:00:00","BZN|FR","Without Sequence","94.06","",""
"16/04/2025 10:00:00 - 16/04/2025 10:15:00","BZN|FR","Without Sequence","57.58","",""
"16/04/2025 10:15:00 - 16/04/2025 10:30:00","BZN|FR","Without Sequence","57.58","",""
"16/04/2025 10:30:00 - 16/04/2025 10:45:00","BZN|FR","Without Sequence","57.58","",""
"16/04/2025 10:45:00 - 16/04/2025 11:00:00","BZN|FR","Without Sequence","57.58","",""
"16/04/2025 11:00:00 - 16/04/2025 11:15:00","BZN|FR","Without Sequence","39.07","",""
"16/04/2025 11:15:00 - 16/04/2025 11:30:00","BZN|FR","Without Sequence","39.07","",""
"16/04/2025 11:30:00 - 16/04/2025 11:45:00","BZN|FR","Without Sequence","39.07","",""
"16/04/2025 11:45:00 - 16/04/2025 12:00:00","BZN|FR","Without Sequence","39.07","",""
"16/04/2025 12:00:00 - 16/04/2025 12:15:00","BZN|FR","Without Sequence","34.32","",""
"16/04/2025 12:15:00 - 16/04/2025 12:30:00","BZN|FR","Without Sequence","34.32","",""
"16/04/2025 12:30:00 - 16/04/2025 12:45:00","BZN|FR","Without Sequence","34.32","",""
"16/04/2025 12:45:00 - 16/04/2025 13:00:00","BZN|FR","Without Sequence","34.32","",""
"16/04/2025 13:00:00 - 16/04/2025 13:15:00","BZN|FR","Without Sequence","21.15","",""
"16/04/2025 13:15:00 - 16/04/2025 13:30:00","BZN|FR","Without Sequence","21.15","",""
"16/04/2025 13:30:00 - 16/04/2025 13:45:00","BZN|FR","Without Sequence","21.15","",""
"16/04/2025 13:45:00 - 16/04/2025 14:00:00","BZN|FR","Without Sequence","21.15","",""
"16/04/2025 14:00:00 - 16/04/2025 14:15:00","BZN|FR","Without Sequence","14.36","",""
"16/04/2025 14:15:00 - 16/04/2025 14:30:00","BZN|FR","Without Sequence","14.36","",""
"16/04/2025 14:30:00 - 16/04/2025 14:45:00","BZN|FR","Without Sequence","14.36","",""
"16/04/2025 14:45:00 - 16/04/2025 15:00:00","BZN|FR","Without Sequence","14.36","",""
"16/04/2025 15:00:00 - 16/04/2025 15:15:00","BZN|FR","Without Sequence","9.60","",""
"16/04/2025 15:15:00 - 16/04/2025 15:30:00","BZN|FR","Without Sequence","9.60","",""
"16/04/2025 15:30:00 - 16/04/2025 15:45:00","BZN|FR","Without Sequence","9.60","",""
"16/04/2025 15:45:00 - 16/04/2025 16:00:00","BZN|FR","Without Sequence","9.60","",""
"16/04/2025 16:00:00 - 16/04/2025 16:15:00","BZN|FR","Without Sequence","14.41","",""
"16/04/2025 16:15:00 - 16/04/2025 16:30:00","BZN|FR","Without Sequence","14.41","",""
"16/04/2025 16:30:00 - 16/04/2025 16:45:00","BZN|FR","Without Sequence","14.41","",""
"16/04/2025 16:45:00 - 16/04/2025 17:00:00","BZN|FR","Without Sequence","14.41","",""
"16/04/2025 17:00:00 - 16/04/2025 17:15:00","BZN|FR","Without Sequence","42.26","",""
"16/04/2025 17:15:00 - 16/04/2025 17:30:00","BZN|FR","Without Sequence","42.26","",""
"16/04/2025 17:30:00 - 16/04/2025 17:45:00","BZN|FR","Without Sequence","42.26","",""
"16/04/2025 17:45:00 - 16/04/2025 18:00:00","BZN|FR","Without Sequence","42.26","",""
"16/04/2025 18:00:00 - 16/04/2025 18:15:00","BZN|FR","Without Sequence","90.91","",""
"16/04/2025 18:15:00 - 16/04/2025 18:30:00","BZN|FR","Without Sequence","90.91","",""
"16/04/2025 18:30:00 - 16/04/2025 18:45:00","BZN|FR","Without Sequence","90.91","",""
"16/04/2025 18:45:00 - 16/04/2025 19:00:00","BZN|FR","Without Sequence","90.91","",""
"16/04/2025 19:00:00 - 16/04/2025 19:15:00","BZN|FR","Without Sequence","115.92","",""
"16/04/2025 19:15:00 - 16/04/2025 19:30:00","BZN|FR","Without Sequence","115.92","",""
"16/04/2025 19:30:00 - 16/04/2025 19:45:00","BZN|FR","Without Sequence","115.92","",""
"16/04/2025 19:45:00 - 16/04/2025 20:00:00","BZN|FR","Without Sequence","115.92","",""
"16/04/2025 20:00:00 - 16/04/2025 20:15:00","BZN|FR","Without Sequence","120.13","",""
"16/04/2025 20:15:00 - 16/04/2025 20:30:00","BZN|FR","Without Sequence","120.13","",""
"16/04/2025 20:30:00 - 16/04/2025 20:45:00","BZN|FR","Without Sequence","120.13","",""
"16/04/2025 20:45:00 - 16/04/2025 21:00:00","BZN|FR","Without Sequence","120.13","",""
"16/04/2025 21:00:00 - 16/04/2025 21:15:00","BZN|FR","Without Sequence","99.59","",""
"16/04/2025 21:15:00 - 16/04/2025 21:30:00","BZN|FR","Without Sequence","99.59","",""
"16/04/2025 21:30:00 - 16/04/2025 21:45:00","BZN|FR","Without Sequence","99.59","",""
"16/04/2025 21:45:00 - 16/04/2025 22:00:00","BZN|FR","Without Sequence","99.59","",""
"16/04/2025 22:00:00 - 16/04/2025 22:15:00","BZN|FR","Without Sequence","103.90","",""
"16/04/2025 22:15:00 - 16/04/2025 22:30:00","BZN|FR","Without Sequence","103.90","",""
"16/04/2025 22:30:00 - 16/04/2025 22:45:00","BZN|FR","Without Sequence","103.90","",""
"16/04/2025 22:45:00 - 16/04/2025 23:00:00","BZN|FR","Without Sequence","103.90","",""
"16/04/2025 23:00:00 - 16/04/2025 23:15:00","BZN|FR","Without Sequence","98.59","",""
"16/04/2025 23:15:00 - 16/04/2025 23:30:00","BZN|FR","Without Sequence","98.59","",""
"16/04/2025 23:30:00 - 16/04/2025 23:45:00","BZN|FR","Without Sequence","98.59","",""
"16/04/2025 23:45:00 - 17/04/2025 00:00:00","BZN|FR","Without Sequence","98.59","",""
"17/04/2025 00:00:00 - 17/04/2025 00:15:00","BZN|FR","Without Sequence","59.87","",""
"17/04/2025 00:15:00 - 17/04/2025 00:30:00","BZN|FR","Without Sequence","59.87","",""
"17/04/2025 00:30:00 - 17/04/2025 00:45:00","BZN|FR","Without Sequence","59.87","",""
"17/04/2025 00:45:00 - 17/04/2025 01:00:00","BZN|FR","Without Sequence","59.87","",""
"17/04/2025 01:00:00 - 17/04/2025 01:15:00","BZN|FR","Without Sequence","56.83","",""
"17/04/2025 01:15:00 - 17/04/2025 01:30:00","BZN|FR","Without Sequence","56.83","",""
"17/04/2025 01:30:00 - 17/04/2025 01:45:00","BZN|FR","Without Sequence","56.83","",""
"17/04/2025 01:45:00 - 17/04/2025 02:00:00","BZN|FR","Without Sequence","56.83","",""
"17/04/2025 02:00:00 - 17/04/2025 02:15:00","BZN|FR","Without Sequence","46.03","",""
"17/04/2025 02:15:00 - 17/04/2025 02:30:00","BZN|FR","Without Sequence","46.03","",""
"17/04/2025 02:30:00 - 17/04/2025 02:45:00","BZN|FR","Without Sequence","46.03","",""
"17/04/2025 02:45:00 - 17/04/2025 03:00:00","BZN|FR","Without Sequence","46.03","",""
"17/04/2025 03:00:00 - 17/04/2025 03:15:00","BZN|FR","Without Sequence","36.15","",""
"17/04/2025 03:15:00 - 17/04/2025 03:30:00","BZN|FR","Without Sequence","36.15","",""
"17/04/2025 03:30:00 - 17/04/2025 03:45:00","BZN|FR","Without Sequence","36.15","",""
"17/04/2025 03:45:00 - 17/04/2025 04:00:00","BZN|FR","Without Sequence","36.15","",""
"17/04/2025 04:00:00 - 17/04/2025 04:15:00","BZN|FR","Without Sequence","32.11","",""
"17/04/2025 04:15:00 - 17/04/2025 04:30:00","BZN|FR","Without Sequence","32.11","",""
"17/04/2025 04:30:00 - 17/04/2025 04:45:00","BZN|FR","Without Sequence","32.11","",""
"17/04/2025 04:45:00 - 17/04/2025 05:00:00","BZN|FR","Without Sequence","32.11","",""
"17/04/2025 05:00:00 - 17/04/2025 05:15:00","BZN|FR","Without Sequence","31.01","",""
"17/04/2025 05:15:00 - 17/04/2025 05:30:00","BZN|FR","Without Sequence","31.01","",""
"17/04/2025 05:30:00 - 17/04/2025 05:45:00","BZN|FR","Without Sequence","31.01","",""
"17/04/2025 05:45:00 - 17/04/2025 06:00:00","BZN|FR","Without Sequence","31.01","",""
"17/04/2025 06:00:00 - 17/04/2025 06:15:00","BZN|FR","Without Sequence","68.98","",""
"17/04/2025 06:15:00 - 17/04/2025 06:30:00","BZN|FR","Without Sequence","68.98","",""
"17/04/2025 06:30:00 - 17/04/2025 06:45:00","BZN|FR","Without Sequence","68.98","",""
"17/04/2025 06:45:00 - 17/04/2025 07:00:00","BZN|FR","Without Sequence","68.98","",""
"17/04/2025 07:00:00 - 17/04/2025 07:15:00","BZN|FR","Without Sequence","111.80","",""
"17/04/2025 07:15:00 - 17/04/2025 07:30:00","BZN|FR","Without Sequence","111.80","",""
"17/04/2025 07:30:00 - 17/04/2025 07:45:00","BZN|FR","Without Sequence","111.80","",""
"17/04/2025 07:45:00 - 17/04/2025 08:00:00","BZN|FR","Without Sequence","111.80","",""
"17/04/2025 08:00:00 - 17/04/2025 08:15:00","BZN|FR","Without Sequence","129.00","",""
"17/04/2025 08:15:00 - 17/04/2025 08:30:00","BZN|FR","Without Sequence","129.00","",""
"17/04/2025 08:30:00 - 17/04/2025 08:45:00","BZN|FR","Without Sequence","129.00","",""
"17/04/2025 08:45:00 - 17/04/2025 09:00:00","BZN|FR","Without Sequence","129.00","",""
"17/04/2025 09:00:00 - 17/04/2025 09:15:00","BZN|FR","Without Sequence","118.55","",""
"17/04/2025 09:15:00 - 17/04/2025 09:30:00","BZN|FR","Without Sequence","118.55","",""
"17/04/2025 09:30:00 - 17/04/2025 09:45:00","BZN|FR","Without Sequence","118.55","",""
"17/04/2025 09:45:00 - 17/04/2025 10:00:00","BZN|FR","Without Sequence","118.55","",""
"17/04/2025 10:00:00 - 17/04/2025 10:15:00","BZN|FR","Without Sequence","65.01","",""
"17/04/2025 10:15:00 - 17/04/2025 10:30:00","BZN|FR","Without Sequence","65.01","",""
"17/04/2025 10:30:00 - 17/04/2025 10:45:00","BZN|FR","Without Sequence","65.01","",""
"17/04/2025 10:45:00 - 17/04/2025 11:00:00","BZN|FR","Without Sequence","65.01","",""
"17/04/2025 11:00:00 - 17/04/2025 11:15:00","BZN|FR","Without Sequence","47.86","",""
"17/04/2025 11:15:00 - 17/04/2025 11:30:00","BZN|FR","Without Sequence","47.86","",""
"17/04/2025 11:30:00 - 17/04/2025 11:45:00","BZN|FR","Without Sequence","47.86","",""
"17/04/2025 11:45:00 - 17/04/2025 12:00:00","BZN|FR","Without Sequence","47.86","",""
"17/04/2025 12:00:00 - 17/04/2025 12:15:00","BZN|FR","Without Sequence","51.62","",""
"17/04/2025 12:15:00 - 17/04/2025 12:30:00","BZN|FR","Without Sequence","51.62","",""
"17/04/2025 12:30:00 - 17/04/2025 12:45:00","BZN|FR","Without Sequence","51.62","",""
"17/04/2025 12:45:00 - 17/04/2025 13:00:00","BZN|FR","Without Sequence","51.62","",""
"17/04/2025 13:00:00 - 17/04/2025 13:15:00","BZN|FR","Without Sequence","22.28","",""
"17/04/2025 13:15:00 - 17/04/2025 13:30:00","BZN|FR","Without Sequence","22.28","",""
"17/04/2025 13:30:00 - 17/04/2025 13:45:00","BZN|FR","Without Sequence","22.28","",""
"17/04/2025 13:45:00 - 17/04/2025 14:00:00","BZN|FR","Without Sequence","22.28","",""
"17/04/2025 14:00:00 - 17/04/2025 14:15:00","BZN|FR","Without Sequence","9.56","",""
"17/04/2025 14:15:00 - 17/04/2025 14:30:00","BZN|FR","Without Sequence","9.56","",""
"17/04/2025 14:30:00 - 17/04/2025 14:45:00","BZN|FR","Without Sequence","9.56","",""
"17/04/2025 14:45:00 - 17/04/2025 15:00:00","BZN|FR","Without Sequence","9.56","",""
"17/04/2025 15:00:00 - 17/04/2025 15:15:00","BZN|FR","Without Sequence","13.70","",""
"17/04/2025 15:15:00 - 17/04/2025 15:30:00","BZN|FR","Without Sequence","13.70","",""
"17/04/2025 15:30:00 - 17/04/2025 15:45:00","BZN|FR","Without Sequence","13.70","",""
"17/04/2025 15:45:00 - 17/04/2025 16:00:00","BZN|FR","Without Sequence","13.70","",""
"17/04/2025 16:00:00 - 17/04/2025 16:15:00","BZN|FR","Without Sequence","15.55","",""
"17/04/2025 16:15:00 - 17/04/2025 16:30:00","BZN|FR","Without Sequence","15.55","",""
"17/04/2025 16:30:00 - 17/04/2025 16:45:00","BZN|FR","Without Sequence","15.55","",""
"17/04/2025 16:45:00 - 17/04/2025 17:00:00","BZN|FR","Without Sequence","15.55","",""
"17/04/2025 17:00:00 - 17/04/2025 17:15:00","BZN|FR","Without Sequence","41.94","",""
"17/04/2025 17:15:00 - 17/04/2025 17:30:00","BZN|FR","Without Sequence","41.94","",""
"17/04/2025 17:30:00 - 17/04/2025 17:45:00","BZN|FR","Without Sequence","41.94","",""
"17/04/2025 17:45:00 - 17/04/2025 18:00:00","BZN|FR","Without Sequence","41.94","",""
"17/04/2025 18:00:00 - 17/04/2025 18:15:00","BZN|FR","Without Sequence","65.85","",""
"17/04/2025 18:15:00 - 17/04/2025 18:30:00","BZN|FR","Without Sequence","65.85","",""
"17/04/2025 18:30:00 - 17/04/2025 18:45:00","BZN|FR","Without Sequence","65.85","",""
"17/04/2025 18:45:00 - 17/04/2025 19:00:00","BZN|FR","Without Sequence","65.85","",""
"17/04/2025 19:00:00 - 17/04/2025 19:15:00","BZN|FR","Without Sequence","88.36","",""
"17/04/2025 19:15:00 - 17/04/2025 19:30:00","BZN|FR","Without Sequence","88.36","",""
"17/04/2025 19:30:00 - 17/04/2025 19:45:00","BZN|FR","Without Sequence","88.36","",""
"17/04/2025 19:45:00 - 17/04/2025 20:00:00","BZN|FR","Without Sequence","88.36","",""
"17/04/2025 20:00:00 - 17/04/2025 20:15:00","BZN|FR","Without Sequence","90.12","",""
"17/04/2025 20:15:00 - 17/04/2025 20:30:00","BZN|FR","Without Sequence","90.12","",""
"17/04/2025 20:30:00 - 17/04/2025 20:45:00","BZN|FR","Without Sequence","90.12","",""
"17/04/2025 20:45:00 - 17/04/2025 21:00:00","BZN|FR","Without Sequence","90.12","",""
"17/04/2025 21:00:00 - 17/04/2025 21:15:00","BZN|FR","Without Sequence","107.50","",""
"17/04/2025 21:15:00 - 17/04/2025 21:30:00","BZN|FR","Without Sequence","107.50","",""
"17/04/2025 21:30:00 - 17/04/2025 21:45:00","BZN|FR","Without Sequence","107.50","",""
"17/04/2025 21:45:00 - 17/04/2025 22:00:00","BZN|FR","Without Sequence","107.50","",""
"17/04/2025 22:00:00 - 17/04/2025 22:15:00","BZN|FR","Without Sequence","98.90","",""
"17/04/2025 22:15:00 - 17/04/2025 22:30:00","BZN|FR","Without Sequence","98.90","",""
"17/04/2025 22:30:00 - 17/04/2025 22:45:00","BZN|FR","Without Sequence","98.90","",""
"17/04/2025 22:45:00 - 17/04/2025 23:00:00","BZN|FR","Without Sequence","98.90","",""
"17/04/2025 23:00:00 - 17/04/2025 23:15:00","BZN|FR","Without Sequence","91.47","",""
"17/04/2025 23:15:00 - 17/04/2025 23:30:00","BZN|FR","Without Sequence","91.47","",""
"17/04/2025 23:30:00 - 17/04/2025 23:45:00","BZN|FR","Without Sequence","91.47","",""
"17/04/2025 23:45:00 - 18/04/2025 00:00:00","BZN|FR","Without Sequence","91.47","",""
"18/04/2025 00:00:00 - 18/04/2025 00:15:00","BZN|FR","Without Sequence","51.95","",""
"18/04/2025 00:15:00 - 18/04/2025 00:30:00","BZN|FR","Without Sequence","51.95","",""
"18/04/2025 00:30:00 - 18/04/2025 00:45:00","BZN|FR","Without Sequence","51.95","",""
"18/04/2025 00:45:00 - 18/04/2025 01:00:00","BZN|FR","Without Sequence","51.95","",""
"18/04/2025 01:00:00 - 18/04/2025 01:15:00","BZN|FR","Without Sequence","30.91","",""
"18/04/2025 01:15:00 - 18/04/2025 01:30:00","BZN|FR","Without Sequence","30.91","",""
"18/04/2025 01:30:00 - 18/04/2025 01:45:00","BZN|FR","Without Sequence","30.91","",""
"18/04/2025 01:45:00 - 18/04/2025 02:00:00","BZN|FR","Without Sequence","30.91","",""
"18/04/2025 02:00:00 - 18/04/2025 02:15:00","BZN|FR","Without Sequence","36.80","",""
"18/04/2025 02:15:00 - 18/04/2025 02:30:00","BZN|FR","Without Sequence","36.80","",""
"18/04/2025 02:30:00 - 18/04/2025 02:45:00","BZN|FR","Without Sequence","36.80","",""
"18/04/2025 02:45:00 - 18/04/2025 03:00:00","BZN|FR","Without Sequence","36.80","",""
"18/04/2025 03:00:00 - 18/04/2025 03:15:00","BZN|FR","Without Sequence","37.58","",""
"18/04/2025 03:15:00 - 18/04/2025 03:30:00","BZN|FR","Without Sequence","37.58","",""
"18/04/2025 03:30:00 - 18/04/2025 03:45:00","BZN|FR","Without Sequence","37.58","",""
"18/04/2025 03:45:00 - 18/04/2025 04:00:00","BZN|FR","Without Sequence","37.58","",""
"18/04/2025 04:00:00 - 18/04/2025 04:15:00","BZN|FR","Without Sequence","20.98","",""
"18/04/2025 04:15:00 - 18/04/2025 04:30:00","BZN|FR","Without Sequence","20.98","",""
"18/04/2025 04:30:00 - 18/04/2025 04:45:00","BZN|FR","Without Sequence","20.98","",""
"18/04/2025 04:45:00 - 18/04/2025 05:00:00","BZN|FR","Without Sequence","20.98","",""
"18/04/2025 05:00:00 - 18/04/2025 05:15:00","BZN|FR","Without Sequence","47.88","",""
"18/04/2025 05:15:00 - 18/04/2025 05:30:00","BZN|FR","Without Sequence","47.88","",""
"18/04/2025 05:30:00 - 18/04/2025 05:45:00","BZN|FR","Without Sequence","47.88","",""
"18/04/2025 05:45:00 - 18/04/2025 06:00:00","BZN|FR","Without Sequence","47.88","",""
"18/04/2025 06:00:00 - 18/04/2025 06:15:00","BZN|FR","Without Sequence","48.35","",""
"18/04/2025 06:15:00 - 18/04/2025 06:30:00","BZN|FR","Without Sequence","48.35","",""
"18/04/2025 06:30:00 - 18/04/2025 06:45:00","BZN|FR","Without Sequence","48.35","",""
"18/04/2025 06:45:00 - 18/04/2025 07:00:00","BZN|FR","Without Sequence","48.35","",""
"18/04/2025 07:00:00 - 18/04/2025 07:15:00","BZN|FR","Without Sequence","74.64","",""
"18/04/2025 07:15:00 - 18/04/2025 07:30:00","BZN|FR","Without Sequence","74.64","",""
"18/04/2025 07:30:00 - 18/04/2025 07:45:00","BZN|FR","Without Sequence","74.64","",""
"18/04/2025 07:45:00 - 18/04/2025 08:00:00","BZN|FR","Without Sequence","74.64","",""
"18/04/2025 08:00:00 - 18/04/2025 08:15:00","BZN|FR","Without Sequence","65.62","",""
"18/04/2025 08:15:00 - 18/04/2025 08:30:00","BZN|FR","Without Sequence","65.62","",""
"18/04/2025 08:30:00 - 18/04/2025 08:45:00","BZN|FR","Without Sequence","65.62","",""
"18/04/2025 08:45:00 - 18/04/2025 09:00:00","BZN|FR","Without Sequence","65.62","",""
"18/04/2025 09:00:00 - 18/04/2025 09:15:00","BZN|FR","Without Sequence","42.39","",""
"18/04/2025 09:15:00 - 18/04/2025 09:30:00","BZN|FR","Without Sequence","42.39","",""
"18/04/2025 09:30:00 - 18/04/2025 09:45:00","BZN|FR","Without Sequence","42.39","",""
"18/04/2025 09:45:00 - 18/04/2025 10:00:00","BZN|FR","Without Sequence","42.39","",""
"18/04/2025 10:00:00 - 18/04/2025 10:15:00","BZN|FR","Without Sequence","29.35","",""
"18/04/2025 10:15:00 - 18/04/2025 10:30:00","BZN|FR","Without Sequence","29.35","",""
"18/04/2025 10:30:00 - 18/04/2025 10:45:00","BZN|FR","Without Sequence","29.35","",""
"18/04/2025 10:45:00 - 18/04/2025 11:00:00","BZN|FR","Without Sequence","29.35","",""
"18/04/2025 11:00:00 - 18/04/2025 11:15:00","BZN|FR","Without Sequence","14.49","",""
"18/04/2025 11:15:00 - 18/04/2025 11:30:00","BZN|FR","Without Sequence","14.49","",""
"18/04/2025 11:30:00 - 18/04/2025 11:45:00","BZN|FR","Without Sequence","14.49","",""
"18/04/2025 11:45:00 - 18/04/2025 12:00:00","BZN|FR","Without Sequence","14.49","",""
"18/04/2025 12:00:00 - 18/04/2025 12:15:00","BZN|FR","Without Sequence","9.32","",""
"18/04/2025 12:15:00 - 18/04/2025 12:30:00","BZN|FR","Without Sequence","9.32","",""
"18/04/2025 12:30:00 - 18/04/2025 12:45:00","BZN|FR","Without Sequence","9.32","",""
"18/04/2025 12:45:00 - 18/04/2025 13:00:00","BZN|FR","Without Sequence","9.32","",""
"18/04/2025 13:00:00 - 18/04/2025 13:15:00","BZN|FR","Without Sequence","0.00","",""
"18/04/2025 13:15:00 - 18/04/2025 13:30:00","BZN|FR","Without Sequence","0.00","",""
"18/04/2025 13:30:00 - 18/04/2025 13:45:00","BZN|FR","Without Sequence","0.00","",""
"18/04/2025 13:45:00 - 18/04/2025 14:00:00","BZN|FR","Without Sequence","0.00","",""
"18/04/2025 14:00:00 - 18/04/2025 14:15:00","BZN|FR","Without Sequence","-0.01","",""
"18/04/2025 14:15:00 - 18/04/2025 14:30:00","BZN|FR","Without Sequence","-0.01","",""
"18/04/2025 14:30:00 - 18/04/2025 14:45:00","BZN|FR","Without Sequence","-0.01","",""
"18/04/2025 14:45:00 - 18/04/2025 15:00:00","BZN|FR","Without Sequence","-0.01","",""
"18/04/2025 15:00:00 - 18/04/2025 15:15:00","BZN|FR","Without Sequence","-0.01","",""
"18/04/2025 15:15:00 - 18/04/2025 15:30:00","BZN|FR","Without Sequence","-0.01","",""
"18/04/2025 15:30:00 - 18/04/2025 15:45:00","BZN|FR","Without Sequence","-0.01","",""
"18/04/2025 15:45:00 - 18/04/2025 16:00:00","BZN|FR","Without Sequence","-0.01","",""
"18/04/2025 16:00:00 - 18/04/2025 16:15:00","BZN|FR","Without Sequence","-0.01","",""
"18/04/2025 16:15:00 - 18/04/2025 16:30:00","BZN|FR","Without Sequence","-0.01","",""
"18/04/2025 16:30:00 - 18/04/2025 16:45:00","BZN|FR","Without Sequence","-0.01","",""
"18/04/2025 16:45:00 - 18/04/2025 17:00:00","BZN|FR","Without Sequence","-0.01","",""
"18/04/2025 17:00:00 - 18/04/2025 17:15:00","BZN|FR","Without Sequence","3.90","",""
"18/04/2025 17:15:00 - 18/04/2025 17:30:00","BZN|FR","Without Sequence","3.90","",""
"18/04/2025 17:30:00 - 18/04/2025 17:45:00","BZN|FR","Without Sequence","3.90","",""
"18/04/2025 17:45:00 - 18/04/2025 18:00:00","BZN|FR","Without Sequence","3.90","",""
"18/04/2025 18:00:00 - 18/04/2025 18:15:00","BZN|FR","Without Sequence","24.52","",""
"18/04/2025 18:15:00 - 18/04/2025 18:30:00","BZN|FR","Without Sequence","24.52","",""
"18/04/2025 18:30:00 - 18/04/2025 18:45:00","BZN|FR","Without Sequence","24.52","",""
"18/04/2025 18:45:00 - 18/04/2025 19:00:00","BZN|FR","Without Sequence","24.52","",""
"18/04/2025 19:00:00 - 18/04/2025 19:15:00","BZN|FR","Without Sequence","42.18","",""
"18/04/2025 19:15:00 - 18/04/2025 19:30:00","BZN|FR","Without Sequence","42.18","",""
"18/04/2025 19:30:00 - 18/04/2025 19:45:00","BZN|FR","Without Sequence","42.18","",""
"18/04/2025 19:45:00 - 18/04/2025 20:00:00","BZN|FR","Without Sequence","42.18","",""
"18/04/2025 20:00:00 - 18/04/2025 20:15:00","BZN|FR","Without Sequence","56.57","",""
"18/04/2025 20:15:00 - 18/04/2025 20:30:00","BZN|FR","Without Sequence","56.57","",""
"18/04/2025 20:30:00 - 18/04/2025 20:45:00","BZN|FR","Without Sequence","56.57","",""
"18/04/2025 20:45:00 - 18/04/2025 21:00:00","BZN|FR","Without Sequence","56.57","",""
"18/04/2025 21:00:00 - 18/04/2025 21:15:00","BZN|FR","Without Sequence","58.75","",""
"18/04/2025 21:15:00 - 18/04/2025 21:30:00","BZN|FR","Without Sequence","58.75","",""
"18/04/2025 21:30:00 - 18/04/2025 21:45:00","BZN|FR","Without Sequence","58.75","",""
"18/04/2025 21:45:00 - 18/04/2025 22:00:00","BZN|FR","Without Sequence","58.75","",""
"18/04/2025 22:00:00 - 18/04/2025 22:15:00","BZN|FR","Without Sequence","52.75","",""
"18/04/2025 22:15:00 - 18/04/2025 22:30:00","BZN|FR","Without Sequence","52.75","",""
"18/04/2025 22:30:00 - 18/04/2025 22:45:00","BZN|FR","Without Sequence","52.75","",""
"18/04/2025 22:45:00 - 18/04/2025 23:00:00","BZN|FR","Without Sequence","52.75","",""
"18/04/2025 23:00:00 - 18/04/2025 23:15:00","BZN|FR","Without Sequence","39.03","",""
"18/04/2025 23:15:00 - 18/04/2025 23:30:00","BZN|FR","Without Sequence","39.03","",""
"18/04/2025 23:30:00 - 18/04/2025 23:45:00","BZN|FR","Without Sequence","39.03","",""
"18/04/2025 23:45:00 - 19/04/2025 00:00:00","BZN|FR","Without Sequence","39.03","",""
"19/04/2025 00:00:00 - 19/04/2025 00:15:00","BZN|FR","Without Sequence","19.19","",""
"19/04/2025 00:15:00 - 19/04/2025 00:30:00","BZN|FR","Without Sequence","19.19","",""
"19/04/2025 00:30:00 - 19/04/2025 00:45:00","BZN|FR","Without Sequence","19.19","",""
"19/04/2025 00:45:00 - 19/04/2025 01:00:00","BZN|FR","Without Sequence","19.19","",""
"19/04/2025 01:00:00 - 19/04/2025 01:15:00","BZN|FR","Without Sequence","16.29","",""
"19/04/2025 01:15:00 - 19/04/2025 01:30:00","BZN|FR","Without Sequence","16.29","",""
"19/04/2025 01:30:00 - 19/04/2025 01:45:00","BZN|FR","Without Sequence","16.29","",""
"19/04/2025 01:45:00 - 19/04/2025 02:00:00","BZN|FR","Without Sequence","16.29","",""
"19/04/2025 02:00:00 - 19/04/2025 02:15:00","BZN|FR","Without Sequence","18.85","",""
"19/04/2025 02:15:00 - 19/04/2025 02:30:00","BZN|FR","Without Sequence","18.85","",""
"19/04/2025 02:30:00 - 19/04/2025 02:45:00","BZN|FR","Without Sequence","18.85","",""
"19/04/2025 02:45:00 - 19/04/2025 03:00:00","BZN|FR","Without Sequence","18.85","",""
"19/04/2025 03:00:00 - 19/04/2025 03:15:00","BZN|FR","Without Sequence","13.20","",""
"19/04/2025 03:15:00 - 19/04/2025 03:30:00","BZN|FR","Without Sequence","13.20","",""
"19/04/2025 03:30:00 - 19/04/2025 03:45:00","BZN|FR","Without Sequence","13.20","",""
"19/04/2025 03:45:00 - 19/04/2025 04:00:00","BZN|FR","Without Sequence","13.20","",""
"19/04/2025 04:00:00 - 19/04/2025 04:15:00","BZN|FR","Without Sequence","18.90","",""
"19/04/2025 04:15:00 - 19/04/2025 04:30:00","BZN|FR","Without Sequence","18.90","",""
"19/04/2025 04:30:00 - 19/04/2025 04:45:00","BZN|FR","Without Sequence","18.90","",""
"19/04/2025 04:45:00 - 19/04/2025 05:00:00","BZN|FR","Without Sequence","18.90","",""
"19/04/2025 05:00:00 - 19/04/2025 05:15:00","BZN|FR","Without Sequence","15.36","",""
"19/04/2025 05:15:00 - 19/04/2025 05:30:00","BZN|FR","Without Sequence","15.36","",""
"19/04/2025 05:30:00 - 19/04/2025 05:45:00","BZN|FR","Without Sequence","15.36","",""
"19/04/2025 05:45:00 - 19/04/2025 06:00:00","BZN|FR","Without Sequence","15.36","",""
"19/04/2025 06:00:00 - 19/04/2025 06:15:00","BZN|FR","Without Sequence","17.46","",""
"19/04/2025 06:15:00 - 19/04/2025 06:30:00","BZN|FR","Without Sequence","17.46","",""
"19/04/2025 06:30:00 - 19/04/2025 06:45:00","BZN|FR","Without Sequence","17.46","",""
"19/04/2025 06:45:00 - 19/04/2025 07:00:00","BZN|FR","Without Sequence","17.46","",""
"19/04/2025 07:00:00 - 19/04/2025 07:15:00","BZN|FR","Without Sequence","15.86","",""
"19/04/2025 07:15:00 - 19/04/2025 07:30:00","BZN|FR","Without Sequence","15.86","",""
"19/04/2025 07:30:00 - 19/04/2025 07:45:00","BZN|FR","Without Sequence","15.86","",""
"19/04/2025 07:45:00 - 19/04/2025 08:00:00","BZN|FR","Without Sequence","15.86","",""
"19/04/2025 08:00:00 - 19/04/2025 08:15:00","BZN|FR","Without Sequence","26.38","",""
"19/04/2025 08:15:00 - 19/04/2025 08:30:00","BZN|FR","Without Sequence","26.38","",""
"19/04/2025 08:30:00 - 19/04/2025 08:45:00","BZN|FR","Without Sequence","26.38","",""
"19/04/2025 08:45:00 - 19/04/2025 09:00:00","BZN|FR","Without Sequence","26.38","",""
"19/04/2025 09:00:00 - 19/04/2025 09:15:00","BZN|FR","Without Sequence","44.18","",""
"19/04/2025 09:15:00 - 19/04/2025 09:30:00","BZN|FR","Without Sequence","44.18","",""
"19/04/2025 09:30:00 - 19/04/2025 09:45:00","BZN|FR","Without Sequence","44.18","",""
"19/04/2025 09:45:00 - 19/04/2025 10:00:00","BZN|FR","Without Sequence","44.18","",""
"19/04/2025 10:00:00 - 19/04/2025 10:15:00","BZN|FR","Without Sequence","28.94","",""
"19/04/2025 10:15:00 - 19/04/2025 10:30:00","BZN|FR","Without Sequence","28.94","",""
"19/04/2025 10:30:00 - 19/04/2025 10:45:00","BZN|FR","Without Sequence","28.94","",""
"19/04/2025 10:45:00 - 19/04/2025 11:00:00","BZN|FR","Without Sequence","28.94","",""
"19/04/2025 11:00:00 - 19/04/2025 11:15:00","BZN|FR","Without Sequence","4.54","",""
"19/04/2025 11:15:00 - 19/04/2025 11:30:00","BZN|FR","Without Sequence","4.54","",""
"19/04/2025 11:30:00 - 19/04/2025 11:45:00","BZN|FR","Without Sequence","4.54","",""
"19/04/2025 11:45:00 - 19/04/2025 12:00:00","BZN|FR","Without Sequence","4.54","",""
"19/04/2025 12:00:00 - 19/04/2025 12:15:00","BZN|FR","Without Sequence","0.00","",""
"19/04/2025 12:15:00 - 19/04/2025 12:30:00","BZN|FR","Without Sequence","0.00","",""
"19/04/2025 12:30:00 - 19/04/2025 12:45:00","BZN|FR","Without Sequence","0.00","",""
"19/04/2025 12:45:00 - 19/04/2025 13:00:00","BZN|FR","Without Sequence","0.00","",""
"19/04/2025 13:00:00 - 19/04/2025 13:15:00","BZN|FR","Without Sequence","-0.01","",""
"19/04/2025 13:15:00 - 19/04/2025 13:30:00","BZN|FR","Without Sequence","-0.01","",""
"19/04/2025 13:30:00 - 19/04/2025 13:45:00","BZN|FR","Without Sequence","-0.01","",""
"19/04/2025 13:45:00 - 19/04/2025 14:00:00","BZN|FR","Without Sequence","-0.01","",""
"19/04/2025 14:00:00 - 19/04/2025 14:15:00","BZN|FR","Without Sequence","-0.02","",""
"19/04/2025 14:15:00 - 19/04/2025 14:30:00","BZN|FR","Without Sequence","-0.02","",""
"19/04/2025 14:30:00 - 19/04/2025 14:45:00","BZN|FR","Without Sequence","-0.02","",""
"19/04/2025 14:45:00 - 19/04/2025 15:00:00","BZN|FR","Without Sequence","-0.02","",""
"19/04/2025 15:00:00 - 19/04/2025 15:15:00","BZN|FR","Without Sequence","-0.08","",""
"19/04/2025 15:15:00 - 19/04/2025 15:30:00","BZN|FR","Without Sequence","-0.08","",""
"19/04/2025 15:30:00 - 19/04/2025 15:45:00","BZN|FR","Without Sequence","-0.08","",""
"19/04/2025 15:45:00 - 19/04/2025 16:00:00","BZN|FR","Without Sequence","-0.08","",""
"19/04/2025 16:00:00 - 19/04/2025 16:15:00","BZN|FR","Without Sequence","0.20","",""
"19/04/2025 16:15:00 - 19/04/2025 16:30:00","BZN|FR","Without Sequence","0.20","",""
"19/04/2025 16:30:00 - 19/04/2025 16:45:00","BZN|FR","Without Sequence","0.20","",""
"19/04/2025 16:45:00 - 19/04/2025 17:00:00","BZN|FR","Without Sequence","0.20","",""
"19/04/2025 17:00:00 - 19/04/2025 17:15:00","BZN|FR","Without Sequence","14.07","",""
"19/04/2025 17:15:00 - 19/04/2025 17:30:00","BZN|FR","Without Sequence","14.07","",""
"19/04/2025 17:30:00 - 19/04/2025 17:45:00","BZN|FR","Without Sequence","14.07","",""
"19/04/2025 17:45:00 - 19/04/2025 18:00:00","BZN|FR","Without Sequence","14.07","",""
"19/04/2025 18:00:00 - 19/04/2025 18:15:00","BZN|FR","Without Sequence","38.16","",""
"19/04/2025 18:15:00 - 19/04/2025 18:30:00","BZN|FR","Without Sequence","38.16","",""
"19/04/2025 18:30:00 - 19/04/2025 18:45:00","BZN|FR","Without Sequence","38.16","",""
"19/04/2025 18:45:00 - 19/04/2025 19:00:00","BZN|FR","Without Sequence","38.16","",""
"19/04/2025 19:00:00 - 19/04/2025 19:15:00","BZN|FR","Without Sequence","43.07","",""
"19/04/2025 19:15:00 - 19/04/2025 19:30:00","BZN|FR","Without Sequence","43.07","",""
"19/04/2025 19:30:00 - 19/04/2025 19:45:00","BZN|FR","Without Sequence","43.07","",""
"19/04/2025 19:45:00 - 19/04/2025 20:00:00","BZN|FR","Without Sequence","43.07","",""
"19/04/2025 20:00:00 - 19/04/2025 20:15:00","BZN|FR","Without Sequence","41.26","",""
"19/04/2025 20:15:00 - 19/04/2025 20:30:00","BZN|FR","Without Sequence","41.26","",""
"19/04/2025 20:30:00 - 19/04/2025 20:45:00","BZN|FR","Without Sequence","41.26","",""
"19/04/2025 20:45:00 - 19/04/2025 21:00:00","BZN|FR","Without Sequence","41.26","",""
"19/04/2025 21:00:00 - 19/04/2025 21:15:00","BZN|FR","Without Sequence","39.92","",""
"19/04/2025 21:15:00 - 19/04/2025 21:30:00","BZN|FR","Without Sequence","39.92","",""
"19/04/2025 21:30:00 - 19/04/2025 21:45:00","BZN|FR","Without Sequence","39.92","",""
"19/04/2025 21:45:00 - 19/04/2025 22:00:00","BZN|FR","Without Sequence","39.92","",""
"19/04/2025 22:00:00 - 19/04/2025 22:15:00","BZN|FR","Without Sequence","62.61","",""
"19/04/2025 22:15:00 - 19/04/2025 22:30:00","BZN|FR","Without Sequence","62.61","",""
"19/04/2025 22:30:00 - 19/04/2025 22:45:00","BZN|FR","Without Sequence","62.61","",""
"19/04/2025 22:45:00 - 19/04/2025 23:00:00","BZN|FR","Without Sequence","62.61","",""
"19/04/2025 23:00:00 - 19/04/2025 23:15:00","BZN|FR","Without Sequence","63.40","",""
"19/04/2025 23:15:00 - 19/04/2025 23:30:00","BZN|FR","Without Sequence","63.40","",""
"19/04/2025 23:30:00 - 19/04/2025 23:45:00","BZN|FR","Without Sequence","63.40","",""
"19/04/2025 23:45:00 - 20/04/2025 00:00:00","BZN|FR","Without Sequence","63.40","",""
"20/04/2025 00:00:00 - 20/04/2025 00:15:00","BZN|FR","Without Sequence","70.80","",""
"20/04/2025 00:15:00 - 20/04/2025 00:30:00","BZN|FR","Without Sequence","70.80","",""
"20/04/2025 00:30:00 - 20/04/2025 00:45:00","BZN|FR","Without Sequence","70.80","",""
"20/04/2025 00:45:00 - 20/04/2025 01:00:00","BZN|FR","Without Sequence","70.80","",""
"20/04/2025 01:00:00 - 20/04/2025 01:15:00","BZN|FR","Without Sequence","43.80","",""
"20/04/2025 01:15:00 - 20/04/2025 01:30:00","BZN|FR","Without Sequence","43.80","",""
"20/04/2025 01:30:00 - 20/04/2025 01:45:00","BZN|FR","Without Sequence","43.80","",""
"20/04/2025 01:45:00 - 20/04/2025 02:00:00","BZN|FR","Without Sequence","43.80","",""
"20/04/2025 02:00:00 - 20/04/2025 02:15:00","BZN|FR","Without Sequence","37.26","",""
"20/04/2025 02:15:00 - 20/04/2025 02:30:00","BZN|FR","Without Sequence","37.26","",""
"20/04/2025 02:30:00 - 20/04/2025 02:45:00","BZN|FR","Without Sequence","37.26","",""
"20/04/2025 02:45:00 - 20/04/2025 03:00:00","BZN|FR","Without Sequence","37.26","",""
"20/04/2025 03:00:00 - 20/04/2025 03:15:00","BZN|FR","Without Sequence","25.06","",""
"20/04/2025 03:15:00 - 20/04/2025 03:30:00","BZN|FR","Without Sequence","25.06","",""
"20/04/2025 03:30:00 - 20/04/2025 03:45:00","BZN|FR","Without Sequence","25.06","",""
"20/04/2025 03:45:00 - 20/04/2025 04:00:00","BZN|FR","Without Sequence","25.06","",""
"20/04/2025 04:00:00 - 20/04/2025 04:15:00","BZN|FR","Without Sequence","17.14","",""
"20/04/2025 04:15:00 - 20/04/2025 04:30:00","BZN|FR","Without Sequence","17.14","",""
"20/04/2025 04:30:00 - 20/04/2025 04:45:00","BZN|FR","Without Sequence","17.14","",""
"20/04/2025 04:45:00 - 20/04/2025 05:00:00","BZN|FR","Without Sequence","17.14","",""
"20/04/2025 05:00:00 - 20/04/2025 05:15:00","BZN|FR","Without Sequence","18.21","",""
"20/04/2025 05:15:00 - 20/04/2025 05:30:00","BZN|FR","Without Sequence","18.21","",""
"20/04/2025 05:30:00 - 20/04/2025 05:45:00","BZN|FR","Without Sequence","18.21","",""
"20/04/2025 05:45:00 - 20/04/2025 06:00:00","BZN|FR","Without Sequence","18.21","",""
"20/04/2025 06:00:00 - 20/04/2025 06:15:00","BZN|FR","Without Sequence","21.87","",""
"20/04/2025 06:15:00 - 20/04/2025 06:30:00","BZN|FR","Without Sequence","21.87","",""
"20/04/2025 06:30:00 - 20/04/2025 06:45:00","BZN|FR","Without Sequence","21.87","",""
"20/04/2025 06:45:00 - 20/04/2025 07:00:00","BZN|FR","Without Sequence","21.87","",""
"20/04/2025 07:00:00 - 20/04/2025 07:15:00","BZN|FR","Without Sequence","20.01","",""
"20/04/2025 07:15:00 - 20/04/2025 07:30:00","BZN|FR","Without Sequence","20.01","",""
"20/04/2025 07:30:00 - 20/04/2025 07:45:00","BZN|FR","Without Sequence","20.01","",""
"20/04/2025 07:45:00 - 20/04/2025 08:00:00","BZN|FR","Without Sequence","20.01","",""
"20/04/2025 08:00:00 - 20/04/2025 08:15:00","BZN|FR","Without Sequence","24.74","",""
"20/04/2025 08:15:00 - 20/04/2025 08:30:00","BZN|FR","Without Sequence","24.74","",""
"20/04/2025 08:30:00 - 20/04/2025 08:45:00","BZN|FR","Without Sequence","24.74","",""
"20/04/2025 08:45:00 - 20/04/2025 09:00:00","BZN|FR","Without Sequence","24.74","",""
"20/04/2025 09:00:00 - 20/04/2025 09:15:00","BZN|FR","Without Sequence","13.45","",""
"20/04/2025 09:15:00 - 20/04/2025 09:30:00","BZN|FR","Without Sequence","13.45","",""
"20/04/2025 09:30:00 - 20/04/2025 09:45:00","BZN|FR","Without Sequence","13.45","",""
"20/04/2025 09:45:00 - 20/04/2025 10:00:00","BZN|FR","Without Sequence","13.45","",""
"20/04/2025 10:00:00 - 20/04/2025 10:15:00","BZN|FR","Without Sequence","0.00","",""
"20/04/2025 10:15:00 - 20/04/2025 10:30:00","BZN|FR","Without Sequence","0.00","",""
"20/04/2025 10:30:00 - 20/04/2025 10:45:00","BZN|FR","Without Sequence","0.00","",""
"20/04/2025 10:45:00 - 20/04/2025 11:00:00","BZN|FR","Without Sequence","0.00","",""
"20/04/2025 11:00:00 - 20/04/2025 11:15:00","BZN|FR","Without Sequence","-0.02","",""
"20/04/2025 11:15:00 - 20/04/2025 11:30:00","BZN|FR","Without Sequence","-0.02","",""
"20/04/2025 11:30:00 - 20/04/2025 11:45:00","BZN|FR","Without Sequence","-0.02","",""
"20/04/2025 11:45:00 - 20/04/2025 12:00:00","BZN|FR","Without Sequence","-0.02","",""
"20/04/2025 12:00:00 - 20/04/2025 12:15:00","BZN|FR","Without Sequence","-0.99","",""
"20/04/2025 12:15:00 - 20/04/2025 12:30:00","BZN|FR","Without Sequence","-0.99","",""
"20/04/2025 12:30:00 - 20/04/2025 12:45:00","BZN|FR","Without Sequence","-0.99","",""
"20/04/2025 12:45:00 - 20/04/2025 13:00:00","BZN|FR","Without Sequence","-0.99","",""
"20/04/2025 13:00:00 - 20/04/2025 13:15:00","BZN|FR","Without Sequence","-5.89","",""
"20/04/2025 13:15:00 - 20/04/2025 13:30:00","BZN|FR","Without Sequence","-5.89","",""
"20/04/2025 13:30:00 - 20/04/2025 13:45:00","BZN|FR","Without Sequence","-5.89","",""
"20/04/2025 13:45:00 - 20/04/2025 14:00:00","BZN|FR","Without Sequence","-5.89","",""
"20/04/2025 14:00:00 - 20/04/2025 14:15:00","BZN|FR","Without Sequence","-6.76","",""
"20/04/2025 14:15:00 - 20/04/2025 14:30:00","BZN|FR","Without Sequence","-6.76","",""
"20/04/2025 14:30:00 - 20/04/2025 14:45:00","BZN|FR","Without Sequence","-6.76","",""
"20/04/2025 14:45:00 - 20/04/2025 15:00:00","BZN|FR","Without Sequence","-6.76","",""
"20/04/2025 15:00:00 - 20/04/2025 15:15:00","BZN|FR","Without Sequence","-4.20","",""
"20/04/2025 15:15:00 - 20/04/2025 15:30:00","BZN|FR","Without Sequence","-4.20","",""
"20/04/2025 15:30:00 - 20/04/2025 15:45:00","BZN|FR","Without Sequence","-4.20","",""
"20/04/2025 15:45:00 - 20/04/2025 16:00:00","BZN|FR","Without Sequence","-4.20","",""
"20/04/2025 16:00:00 - 20/04/2025 16:15:00","BZN|FR","Without Sequence","0.00","",""
"20/04/2025 16:15:00 - 20/04/2025 16:30:00","BZN|FR","Without Sequence","0.00","",""
"20/04/2025 16:30:00 - 20/04/2025 16:45:00","BZN|FR","Without Sequence","0.00","",""
"20/04/2025 16:45:00 - 20/04/2025 17:00:00","BZN|FR","Without Sequence","0.00","",""
"20/04/2025 17:00:00 - 20/04/2025 17:15:00","BZN|FR","Without Sequence","18.04","",""
"20/04/2025 17:15:00 - 20/04/2025 17:30:00","BZN|FR","Without Sequence","18.04","",""
"20/04/2025 17:30:00 - 20/04/2025 17:45:00","BZN|FR","Without Sequence","18.04","",""
"20/04/2025 17:45:00 - 20/04/2025 18:00:00","BZN|FR","Without Sequence","18.04","",""
"20/04/2025 18:00:00 - 20/04/2025 18:15:00","BZN|FR","Without Sequence","34.42","",""
"20/04/2025 18:15:00 - 20/04/2025 18:30:00","BZN|FR","Without Sequence","34.42","",""
"20/04/2025 18:30:00 - 20/04/2025 18:45:00","BZN|FR","Without Sequence","34.42","",""
"20/04/2025 18:45:00 - 20/04/2025 19:00:00","BZN|FR","Without Sequence","34.42","",""
"20/04/2025 19:00:00 - 20/04/2025 19:15:00","BZN|FR","Without Sequence","53.55","",""
"20/04/2025 19:15:00 - 20/04/2025 19:30:00","BZN|FR","Without Sequence","53.55","",""
"20/04/2025 19:30:00 - 20/04/2025 19:45:00","BZN|FR","Without Sequence","53.55","",""
"20/04/2025 19:45:00 - 20/04/2025 20:00:00","BZN|FR","Without Sequence","53.55","",""
"20/04/2025 20:00:00 - 20/04/2025 20:15:00","BZN|FR","Without Sequence","63.09","",""
"20/04/2025 20:15:00 - 20/04/2025 20:30:00","BZN|FR","Without Sequence","63.09","",""
"20/04/2025 20:30:00 - 20/04/2025 20:45:00","BZN|FR","Without Sequence","63.09","",""
"20/04/2025 20:45:00 - 20/04/2025 21:00:00","BZN|FR","Without Sequence","63.09","",""
"20/04/2025 21:00:00 - 20/04/2025 21:15:00","BZN|FR","Without Sequence","82.30","",""
"20/04/2025 21:15:00 - 20/04/2025 21:30:00","BZN|FR","Without Sequence","82.30","",""
"20/04/2025 21:30:00 - 20/04/2025 21:45:00","BZN|FR","Without Sequence","82.30","",""
"20/04/2025 21:45:00 - 20/04/2025 22:00:00","BZN|FR","Without Sequence","82.30","",""
"20/04/2025 22:00:00 - 20/04/2025 22:15:00","BZN|FR","Without Sequence","96.27","",""
"20/04/2025 22:15:00 - 20/04/2025 22:30:00","BZN|FR","Without Sequence","96.27","",""
"20/04/2025 22:30:00 - 20/04/2025 22:45:00","BZN|FR","Without Sequence","96.27","",""
"20/04/2025 22:45:00 - 20/04/2025 23:00:00","BZN|FR","Without Sequence","96.27","",""
"20/04/2025 23:00:00 - 20/04/2025 23:15:00","BZN|FR","Without Sequence","103.17","",""
"20/04/2025 23:15:00 - 20/04/2025 23:30:00","BZN|FR","Without Sequence","103.17","",""
"20/04/2025 23:30:00 - 20/04/2025 23:45:00","BZN|FR","Without Sequence","103.17","",""
"20/04/2025 23:45:00 - 21/04/2025 00:00:00","BZN|FR","Without Sequence","103.17","",""
"21/04/2025 00:00:00 - 21/04/2025 00:15:00","BZN|FR","Without Sequence","78.27","",""
"21/04/2025 00:15:00 - 21/04/2025 00:30:00","BZN|FR","Without Sequence","78.27","",""
"21/04/2025 00:30:00 - 21/04/2025 00:45:00","BZN|FR","Without Sequence","78.27","",""
"21/04/2025 00:45:00 - 21/04/2025 01:00:00","BZN|FR","Without Sequence","78.27","",""
"21/04/2025 01:00:00 - 21/04/2025 01:15:00","BZN|FR","Without Sequence","68.16","",""
"21/04/2025 01:15:00 - 21/04/2025 01:30:00","BZN|FR","Without Sequence","68.16","",""
"21/04/2025 01:30:00 - 21/04/2025 01:45:00","BZN|FR","Without Sequence","68.16","",""
"21/04/2025 01:45:00 - 21/04/2025 02:00:00","BZN|FR","Without Sequence","68.16","",""
"21/04/2025 02:00:00 - 21/04/2025 02:15:00","BZN|FR","Without Sequence","61.54","",""
"21/04/2025 02:15:00 - 21/04/2025 02:30:00","BZN|FR","Without Sequence","61.54","",""
"21/04/2025 02:30:00 - 21/04/2025 02:45:00","BZN|FR","Without Sequence","61.54","",""
"21/04/2025 02:45:00 - 21/04/2025 03:00:00","BZN|FR","Without Sequence","61.54","",""
"21/04/2025 03:00:00 - 21/04/2025 03:15:00","BZN|FR","Without Sequence","34.64","",""
"21/04/2025 03:15:00 - 21/04/2025 03:30:00","BZN|FR","Without Sequence","34.64","",""
"21/04/2025 03:30:00 - 21/04/2025 03:45:00","BZN|FR","Without Sequence","34.64","",""
"21/04/2025 03:45:00 - 21/04/2025 04:00:00","BZN|FR","Without Sequence","34.64","",""
"21/04/2025 04:00:00 - 21/04/2025 04:15:00","BZN|FR","Without Sequence","25.00","",""
"21/04/2025 04:15:00 - 21/04/2025 04:30:00","BZN|FR","Without Sequence","25.00","",""
"21/04/2025 04:30:00 - 21/04/2025 04:45:00","BZN|FR","Without Sequence","25.00","",""
"21/04/2025 04:45:00 - 21/04/2025 05:00:00","BZN|FR","Without Sequence","25.00","",""
"21/04/2025 05:00:00 - 21/04/2025 05:15:00","BZN|FR","Without Sequence","29.97","",""
"21/04/2025 05:15:00 - 21/04/2025 05:30:00","BZN|FR","Without Sequence","29.97","",""
"21/04/2025 05:30:00 - 21/04/2025 05:45:00","BZN|FR","Without Sequence","29.97","",""
"21/04/2025 05:45:00 - 21/04/2025 06:00:00","BZN|FR","Without Sequence","29.97","",""
"21/04/2025 06:00:00 - 21/04/2025 06:15:00","BZN|FR","Without Sequence","60.05","",""
"21/04/2025 06:15:00 - 21/04/2025 06:30:00","BZN|FR","Without Sequence","60.05","",""
"21/04/2025 06:30:00 - 21/04/2025 06:45:00","BZN|FR","Without Sequence","60.05","",""
"21/04/2025 06:45:00 - 21/04/2025 07:00:00","BZN|FR","Without Sequence","60.05","",""
"21/04/2025 07:00:00 - 21/04/2025 07:15:00","BZN|FR","Without Sequence","72.13","",""
"21/04/2025 07:15:00 - 21/04/2025 07:30:00","BZN|FR","Without Sequence","72.13","",""
"21/04/2025 07:30:00 - 21/04/2025 07:45:00","BZN|FR","Without Sequence","72.13","",""
"21/04/2025 07:45:00 - 21/04/2025 08:00:00","BZN|FR","Without Sequence","72.13","",""
"21/04/2025 08:00:00 - 21/04/2025 08:15:00","BZN|FR","Without Sequence","65.12","",""
"21/04/2025 08:15:00 - 21/04/2025 08:30:00","BZN|FR","Without Sequence","65.12","",""
"21/04/2025 08:30:00 - 21/04/2025 08:45:00","BZN|FR","Without Sequence","65.12","",""
"21/04/2025 08:45:00 - 21/04/2025 09:00:00","BZN|FR","Without Sequence","65.12","",""
"21/04/2025 09:00:00 - 21/04/2025 09:15:00","BZN|FR","Without Sequence","33.98","",""
"21/04/2025 09:15:00 - 21/04/2025 09:30:00","BZN|FR","Without Sequence","33.98","",""
"21/04/2025 09:30:00 - 21/04/2025 09:45:00","BZN|FR","Without Sequence","33.98","",""
"21/04/2025 09:45:00 - 21/04/2025 10:00:00","BZN|FR","Without Sequence","33.98","",""
"21/04/2025 10:00:00 - 21/04/2025 10:15:00","BZN|FR","Without Sequence","25.74","",""
"21/04/2025 10:15:00 - 21/04/2025 10:30:00","BZN|FR","Without Sequence","25.74","",""
"21/04/2025 10:30:00 - 21/04/2025 10:45:00","BZN|FR","Without Sequence","25.74","",""
"21/04/2025 10:45:00 - 21/04/2025 11:00:00","BZN|FR","Without Sequence","25.74","",""
"21/04/2025 11:00:00 - 21/04/2025 11:15:00","BZN|FR","Without Sequence","17.74","",""
"21/04/2025 11:15:00 - 21/04/2025 11:30:00","BZN|FR","Without Sequence","17.74","",""
"21/04/2025 11:30:00 - 21/04/2025 11:45:00","BZN|FR","Without Sequence","17.74","",""
"21/04/2025 11:45:00 - 21/04/2025 12:00:00","BZN|FR","Without Sequence","17.74","",""
"21/04/2025 12:00:00 - 21/04/2025 12:15:00","BZN|FR","Without Sequence","11.83","",""
"21/04/2025 12:15:00 - 21/04/2025 12:30:00","BZN|FR","Without Sequence","11.83","",""
"21/04/2025 12:30:00 - 21/04/2025 12:45:00","BZN|FR","Without Sequence","11.83","",""
"21/04/2025 12:45:00 - 21/04/2025 13:00:00","BZN|FR","Without Sequence","11.83","",""
"21/04/2025 13:00:00 - 21/04/2025 13:15:00","BZN|FR","Without Sequence","8.12","",""
"21/04/2025 13:15:00 - 21/04/2025 13:30:00","BZN|FR","Without Sequence","8.12","",""
"21/04/2025 13:30:00 - 21/04/2025 13:45:00","BZN|FR","Without Sequence","8.12","",""
"21/04/2025 13:45:00 - 21/04/2025 14:00:00","BZN|FR","Without Sequence","8.12","",""
"21/04/2025 14:00:00 - 21/04/2025 14:15:00","BZN|FR","Without Sequence","6.56","",""
"21/04/2025 14:15:00 - 21/04/2025 14:30:00","BZN|FR","Without Sequence","6.56","",""
"21/04/2025 14:30:00 - 21/04/2025 14:45:00","BZN|FR","Without Sequence","6.56","",""
"21/04/2025 14:45:00 - 21/04/2025 15:00:00","BZN|FR","Without Sequence","6.56","",""
"21/04/2025 15:00:00 - 21/04/2025 15:15:00","BZN|FR","Without Sequence","9.27","",""
"21/04/2025 15:15:00 - 21/04/2025 15:30:00","BZN|FR","Without Sequence","9.27","",""
"21/04/2025 15:30:00 - 21/04/2025 15:45:00","BZN|FR","Without Sequence","9.27","",""
"21/04/2025 15:45:00 - 21/04/2025 16:00:00","BZN|FR","Without Sequence","9.27","",""
"21/04/2025 16:00:00 - 21/04/2025 16:15:00","BZN|FR","Without Sequence","11.94","",""
"21/04/2025 16:15:00 - 21/04/2025 16:30:00","BZN|FR","Without Sequence","11.94","",""
"21/04/2025 16:30:00 - 21/04/2025 16:45:00","BZN|FR","Without Sequence","11.94","",""
"21/04/2025 16:45:00 - 21/04/2025 17:00:00","BZN|FR","Without Sequence","11.94","",""
"21/04/2025 17:00:00 - 21/04/2025 17:15:00","BZN|FR","Without Sequence","20.33","",""
"21/04/2025 17:15:00 - 21/04/2025 17:30:00","BZN|FR","Without Sequence","20.33","",""
"21/04/2025 17:30:00 - 21/04/2025 17:45:00","BZN|FR","Without Sequence","20.33","",""
"21/04/2025 17:45:00 - 21/04/2025 18:00:00","BZN|FR","Without Sequence","20.33","",""
"21/04/2025 18:00:00 - 21/04/2025 18:15:00","BZN|FR","Without Sequence","44.86","",""
"21/04/2025 18:15:00 - 21/04/2025 18:30:00","BZN|FR","Without Sequence","44.86","",""
"21/04/2025 18:30:00 - 21/04/2025 18:45:00","BZN|FR","Without Sequence","44.86","",""
"21/04/2025 18:45:00 - 21/04/2025 19:00:00","BZN|FR","Without Sequence","44.86","",""
"21/04/2025 19:00:00 - 21/04/2025 19:15:00","BZN|FR","Without Sequence","107.78","",""
"21/04/2025 19:15:00 - 21/04/2025 19:30:00","BZN|FR","Without Sequence","107.78","",""
"21/04/2025 19:30:00 - 21/04/2025 19:45:00","BZN|FR","Without Sequence","107.78","",""
"21/04/2025 19:45:00 - 21/04/2025 20:00:00","BZN|FR","Without Sequence","107.78","",""
"21/04/2025 20:00:00 - 21/04/2025 20:15:00","BZN|FR","Without Sequence","134.09","",""
"21/04/2025 20:15:00 - 21/04/2025 20:30:00","BZN|FR","Without Sequence","134.09","",""
"21/04/2025 20:30:00 - 21/04/2025 20:45:00","BZN|FR","Without Sequence","134.09","",""
"21/04/2025 20:45:00 - 21/04/2025 21:00:00","BZN|FR","Without Sequence","134.09","",""
"21/04/2025 21:00:00 - 21/04/2025 21:15:00","BZN|FR","Without Sequence","132.10","",""
"21/04/2025 21:15:00 - 21/04/2025 21:30:00","BZN|FR","Without Sequence","132.10","",""
"21/04/2025 21:30:00 - 21/04/2025 21:45:00","BZN|FR","Without Sequence","132.10","",""
"21/04/2025 21:45:00 - 21/04/2025 22:00:00","BZN|FR","Without Sequence","132.10","",""
"21/04/2025 22:00:00 - 21/04/2025 22:15:00","BZN|FR","Without Sequence","122.77","",""
"21/04/2025 22:15:00 - 21/04/2025 22:30:00","BZN|FR","Without Sequence","122.77","",""
"21/04/2025 22:30:00 - 21/04/2025 22:45:00","BZN|FR","Without Sequence","122.77","",""
"21/04/2025 22:45:00 - 21/04/2025 23:00:00","BZN|FR","Without Sequence","122.77","",""
"21/04/2025 23:00:00 - 21/04/2025 23:15:00","BZN|FR","Without Sequence","102.93","",""
"21/04/2025 23:15:00 - 21/04/2025 23:30:00","BZN|FR","Without Sequence","102.93","",""
"21/04/2025 23:30:00 - 21/04/2025 23:45:00","BZN|FR","Without Sequence","102.93","",""
"21/04/2025 23:45:00 - 22/04/2025 00:00:00","BZN|FR","Without Sequence","102.93","",""
"22/04/2025 00:00:00 - 22/04/2025 00:15:00","BZN|FR","Without Sequence","85.10","",""
"22/04/2025 00:15:00 - 22/04/2025 00:30:00","BZN|FR","Without Sequence","85.10","",""
"22/04/2025 00:30:00 - 22/04/2025 00:45:00","BZN|FR","Without Sequence","85.10","",""
"22/04/2025 00:45:00 - 22/04/2025 01:00:00","BZN|FR","Without Sequence","85.10","",""
"22/04/2025 01:00:00 - 22/04/2025 01:15:00","BZN|FR","Without Sequence","76.05","",""
"22/04/2025 01:15:00 - 22/04/2025 01:30:00","BZN|FR","Without Sequence","76.05","",""
"22/04/2025 01:30:00 - 22/04/2025 01:45:00","BZN|FR","Without Sequence","76.05","",""
"22/04/2025 01:45:00 - 22/04/2025 02:00:00","BZN|FR","Without Sequence","76.05","",""
"22/04/2025 02:00:00 - 22/04/2025 02:15:00","BZN|FR","Without Sequence","71.73","",""
"22/04/2025 02:15:00 - 22/04/2025 02:30:00","BZN|FR","Without Sequence","71.73","",""
"22/04/2025 02:30:00 - 22/04/2025 02:45:00","BZN|FR","Without Sequence","71.73","",""
"22/04/2025 02:45:00 - 22/04/2025 03:00:00","BZN|FR","Without Sequence","71.73","",""
"22/04/2025 03:00:00 - 22/04/2025 03:15:00","BZN|FR","Without Sequence","70.41","",""
"22/04/2025 03:15:00 - 22/04/2025 03:30:00","BZN|FR","Without Sequence","70.41","",""
"22/04/2025 03:30:00 - 22/04/2025 03:45:00","BZN|FR","Without Sequence","70.41","",""
"22/04/2025 03:45:00 - 22/04/2025 04:00:00","BZN|FR","Without Sequence","70.41","",""
"22/04/2025 04:00:00 - 22/04/2025 04:15:00","BZN|FR","Without Sequence","73.06","",""
"22/04/2025 04:15:00 - 22/04/2025 04:30:00","BZN|FR","Without Sequence","73.06","",""
"22/04/2025 04:30:00 - 22/04/2025 04:45:00","BZN|FR","Without Sequence","73.06","",""
"22/04/2025 04:45:00 - 22/04/2025 05:00:00","BZN|FR","Without Sequence","73.06","",""
"22/04/2025 05:00:00 - 22/04/2025 05:15:00","BZN|FR","Without Sequence","66.00","",""
"22/04/2025 05:15:00 - 22/04/2025 05:30:00","BZN|FR","Without Sequence","66.00","",""
"22/04/2025 05:30:00 - 22/04/2025 05:45:00","BZN|FR","Without Sequence","66.00","",""
"22/04/2025 05:45:00 - 22/04/2025 06:00:00","BZN|FR","Without Sequence","66.00","",""
"22/04/2025 06:00:00 - 22/04/2025 06:15:00","BZN|FR","Without Sequence","84.48","",""
"22/04/2025 06:15:00 - 22/04/2025 06:30:00","BZN|FR","Without Sequence","84.48","",""
"22/04/2025 06:30:00 - 22/04/2025 06:45:00","BZN|FR","Without Sequence","84.48","",""
"22/04/2025 06:45:00 - 22/04/2025 07:00:00","BZN|FR","Without Sequence","84.48","",""
"22/04/2025 07:00:00 - 22/04/2025 07:15:00","BZN|FR","Without Sequence","120.62","",""
"22/04/2025 07:15:00 - 22/04/2025 07:30:00","BZN|FR","Without Sequence","120.62","",""
"22/04/2025 07:30:00 - 22/04/2025 07:45:00","BZN|FR","Without Sequence","120.62","",""
"22/04/2025 07:45:00 - 22/04/2025 08:00:00","BZN|FR","Without Sequence","120.62","",""
"22/04/2025 08:00:00 - 22/04/2025 08:15:00","BZN|FR","Without Sequence","126.60","",""
"22/04/2025 08:15:00 - 22/04/2025 08:30:00","BZN|FR","Without Sequence","126.60","",""
"22/04/2025 08:30:00 - 22/04/2025 08:45:00","BZN|FR","Without Sequence","126.60","",""
"22/04/2025 08:45:00 - 22/04/2025 09:00:00","BZN|FR","Without Sequence","126.60","",""
"22/04/2025 09:00:00 - 22/04/2025 09:15:00","BZN|FR","Without Sequence","88.00","",""
"22/04/2025 09:15:00 - 22/04/2025 09:30:00","BZN|FR","Without Sequence","88.00","",""
"22/04/2025 09:30:00 - 22/04/2025 09:45:00","BZN|FR","Without Sequence","88.00","",""
"22/04/2025 09:45:00 - 22/04/2025 10:00:00","BZN|FR","Without Sequence","88.00","",""
"22/04/2025 10:00:00 - 22/04/2025 10:15:00","BZN|FR","Without Sequence","69.70","",""
"22/04/2025 10:15:00 - 22/04/2025 10:30:00","BZN|FR","Without Sequence","69.70","",""
"22/04/2025 10:30:00 - 22/04/2025 10:45:00","BZN|FR","Without Sequence","69.70","",""
"22/04/2025 10:45:00 - 22/04/2025 11:00:00","BZN|FR","Without Sequence","69.70","",""
"22/04/2025 11:00:00 - 22/04/2025 11:15:00","BZN|FR","Without Sequence","68.04","",""
"22/04/2025 11:15:00 - 22/04/2025 11:30:00","BZN|FR","Without Sequence","68.04","",""
"22/04/2025 11:30:00 - 22/04/2025 11:45:00","BZN|FR","Without Sequence","68.04","",""
"22/04/2025 11:45:00 - 22/04/2025 12:00:00","BZN|FR","Without Sequence","68.04","",""
"22/04/2025 12:00:00 - 22/04/2025 12:15:00","BZN|FR","Without Sequence","47.83","",""
"22/04/2025 12:15:00 - 22/04/2025 12:30:00","BZN|FR","Without Sequence","47.83","",""
"22/04/2025 12:30:00 - 22/04/2025 12:45:00","BZN|FR","Without Sequence","47.83","",""
"22/04/2025 12:45:00 - 22/04/2025 13:00:00","BZN|FR","Without Sequence","47.83","",""
"22/04/2025 13:00:00 - 22/04/2025 13:15:00","BZN|FR","Without Sequence","25.04","",""
"22/04/2025 13:15:00 - 22/04/2025 13:30:00","BZN|FR","Without Sequence","25.04","",""
"22/04/2025 13:30:00 - 22/04/2025 13:45:00","BZN|FR","Without Sequence","25.04","",""
"22/04/2025 13:45:00 - 22/04/2025 14:00:00","BZN|FR","Without Sequence","25.04","",""
"22/04/2025 14:00:00 - 22/04/2025 14:15:00","BZN|FR","Without Sequence","30.84","",""
"22/04/2025 14:15:00 - 22/04/2025 14:30:00","BZN|FR","Without Sequence","30.84","",""
"22/04/2025 14:30:00 - 22/04/2025 14:45:00","BZN|FR","Without Sequence","30.84","",""
"22/04/2025 14:45:00 - 22/04/2025 15:00:00","BZN|FR","Without Sequence","30.84","",""
"22/04/2025 15:00:00 - 22/04/2025 15:15:00","BZN|FR","Without Sequence","30.98","",""
"22/04/2025 15:15:00 - 22/04/2025 15:30:00","BZN|FR","Without Sequence","30.98","",""
"22/04/2025 15:30:00 - 22/04/2025 15:45:00","BZN|FR","Without Sequence","30.98","",""
"22/04/2025 15:45:00 - 22/04/2025 16:00:00","BZN|FR","Without Sequence","30.98","",""
"22/04/2025 16:00:00 - 22/04/2025 16:15:00","BZN|FR","Without Sequence","19.41","",""
"22/04/2025 16:15:00 - 22/04/2025 16:30:00","BZN|FR","Without Sequence","19.41","",""
"22/04/2025 16:30:00 - 22/04/2025 16:45:00","BZN|FR","Without Sequence","19.41","",""
"22/04/2025 16:45:00 - 22/04/2025 17:00:00","BZN|FR","Without Sequence","19.41","",""
"22/04/2025 17:00:00 - 22/04/2025 17:15:00","BZN|FR","Without Sequence","42.58","",""
"22/04/2025 17:15:00 - 22/04/2025 17:30:00","BZN|FR","Without Sequence","42.58","",""
"22/04/2025 17:30:00 - 22/04/2025 17:45:00","BZN|FR","Without Sequence","42.58","",""
"22/04/2025 17:45:00 - 22/04/2025 18:00:00","BZN|FR","Without Sequence","42.58","",""
"22/04/2025 18:00:00 - 22/04/2025 18:15:00","BZN|FR","Without Sequence","52.75","",""
"22/04/2025 18:15:00 - 22/04/2025 18:30:00","BZN|FR","Without Sequence","52.75","",""
"22/04/2025 18:30:00 - 22/04/2025 18:45:00","BZN|FR","Without Sequence","52.75","",""
"22/04/2025 18:45:00 - 22/04/2025 19:00:00","BZN|FR","Without Sequence","52.75","",""
"22/04/2025 19:00:00 - 22/04/2025 19:15:00","BZN|FR","Without Sequence","81.88","",""
"22/04/2025 19:15:00 - 22/04/2025 19:30:00","BZN|FR","Without Sequence","81.88","",""
"22/04/2025 19:30:00 - 22/04/2025 19:45:00","BZN|FR","Without Sequence","81.88","",""
"22/04/2025 19:45:00 - 22/04/2025 20:00:00","BZN|FR","Without Sequence","81.88","",""
"22/04/2025 20:00:00 - 22/04/2025 20:15:00","BZN|FR","Without Sequence","99.99","",""
"22/04/2025 20:15:00 - 22/04/2025 20:30:00","BZN|FR","Without Sequence","99.99","",""
"22/04/2025 20:30:00 - 22/04/2025 20:45:00","BZN|FR","Without Sequence","99.99","",""
"22/04/2025 20:45:00 - 22/04/2025 21:00:00","BZN|FR","Without Sequence","99.99","",""
"22/04/2025 21:00:00 - 22/04/2025 21:15:00","BZN|FR","Without Sequence","130.04","",""
"22/04/2025 21:15:00 - 22/04/2025 21:30:00","BZN|FR","Without Sequence","130.04","",""
"22/04/2025 21:30:00 - 22/04/2025 21:45:00","BZN|FR","Without Sequence","130.04","",""
"22/04/2025 21:45:00 - 22/04/2025 22:00:00","BZN|FR","Without Sequence","130.04","",""
"22/04/2025 22:00:00 - 22/04/2025 22:15:00","BZN|FR","Without Sequence","105.03","",""
"22/04/2025 22:15:00 - 22/04/2025 22:30:00","BZN|FR","Without Sequence","105.03","",""
"22/04/2025 22:30:00 - 22/04/2025 22:45:00","BZN|FR","Without Sequence","105.03","",""
"22/04/2025 22:45:00 - 22/04/2025 23:00:00","BZN|FR","Without Sequence","105.03","",""
"22/04/2025 23:00:00 - 22/04/2025 23:15:00","BZN|FR","Without Sequence","75.81","",""
"22/04/2025 23:15:00 - 22/04/2025 23:30:00","BZN|FR","Without Sequence","75.81","",""
"22/04/2025 23:30:00 - 22/04/2025 23:45:00","BZN|FR","Without Sequence","75.81","",""
"22/04/2025 23:45:00 - 23/04/2025 00:00:00","BZN|FR","Without Sequence","75.81","",""
"23/04/2025 00:00:00 - 23/04/2025 00:15:00","BZN|FR","Without Sequence","72.84","",""
"23/04/2025 00:15:00 - 23/04/2025 00:30:00","BZN|FR","Without Sequence","72.84","",""
"23/04/2025 00:30:00 - 23/04/2025 00:45:00","BZN|FR","Without Sequence","72.84","",""
"23/04/2025 00:45:00 - 23/04/2025 01:00:00","BZN|FR","Without Sequence","72.84","",""
"23/04/2025 01:00:00 - 23/04/2025 01:15:00","BZN|FR","Without Sequence","62.40","",""
"23/04/2025 01:15:00 - 23/04/2025 01:30:00","BZN|FR","Without Sequence","62.40","",""
"23/04/2025 01:30:00 - 23/04/2025 01:45:00","BZN|FR","Without Sequence","62.40","",""
"23/04/2025 01:45:00 - 23/04/2025 02:00:00","BZN|FR","Without Sequence","62.40","",""
"23/04/2025 02:00:00 - 23/04/2025 02:15:00","BZN|FR","Without Sequence","60.98","",""
"23/04/2025 02:15:00 - 23/04/2025 02:30:00","BZN|FR","Without Sequence","60.98","",""
"23/04/2025 02:30:00 - 23/04/2025 02:45:00","BZN|FR","Without Sequence","60.98","",""
"23/04/2025 02:45:00 - 23/04/2025 03:00:00","BZN|FR","Without Sequence","60.98","",""
"23/04/2025 03:00:00 - 23/04/2025 03:15:00","BZN|FR","Without Sequence","53.17","",""
"23/04/2025 03:15:00 - 23/04/2025 03:30:00","BZN|FR","Without Sequence","53.17","",""
"23/04/2025 03:30:00 - 23/04/2025 03:45:00","BZN|FR","Without Sequence","53.17","",""
"23/04/2025 03:45:00 - 23/04/2025 04:00:00","BZN|FR","Without Sequence","53.17","",""
"23/04/2025 04:00:00 - 23/04/2025 04:15:00","BZN|FR","Without Sequence","50.92","",""
"23/04/2025 04:15:00 - 23/04/2025 04:30:00","BZN|FR","Without Sequence","50.92","",""
"23/04/2025 04:30:00 - 23/04/2025 04:45:00","BZN|FR","Without Sequence","50.92","",""
"23/04/2025 04:45:00 - 23/04/2025 05:00:00","BZN|FR","Without Sequence","50.92","",""
"23/04/2025 05:00:00 - 23/04/2025 05:15:00","BZN|FR","Without Sequence","53.17","",""
"23/04/2025 05:15:00 - 23/04/2025 05:30:00","BZN|FR","Without Sequence","53.17","",""
"23/04/2025 05:30:00 - 23/04/2025 05:45:00","BZN|FR","Without Sequence","53.17","",""
"23/04/2025 05:45:00 - 23/04/2025 06:00:00","BZN|FR","Without Sequence","53.17","",""
"23/04/2025 06:00:00 - 23/04/2025 06:15:00","BZN|FR","Without Sequence","73.00","",""
"23/04/2025 06:15:00 - 23/04/2025 06:30:00","BZN|FR","Without Sequence","73.00","",""
"23/04/2025 06:30:00 - 23/04/2025 06:45:00","BZN|FR","Without Sequence","73.00","",""
"23/04/2025 06:45:00 - 23/04/2025 07:00:00","BZN|FR","Without Sequence","73.00","",""
"23/04/2025 07:00:00 - 23/04/2025 07:15:00","BZN|FR","Without Sequence","80.24","",""
"23/04/2025 07:15:00 - 23/04/2025 07:30:00","BZN|FR","Without Sequence","80.24","",""
"23/04/2025 07:30:00 - 23/04/2025 07:45:00","BZN|FR","Without Sequence","80.24","",""
"23/04/2025 07:45:00 - 23/04/2025 08:00:00","BZN|FR","Without Sequence","80.24","",""
"23/04/2025 08:00:00 - 23/04/2025 08:15:00","BZN|FR","Without Sequence","67.11","",""
"23/04/2025 08:15:00 - 23/04/2025 08:30:00","BZN|FR","Without Sequence","67.11","",""
"23/04/2025 08:30:00 - 23/04/2025 08:45:00","BZN|FR","Without Sequence","67.11","",""
"23/04/2025 08:45:00 - 23/04/2025 09:00:00","BZN|FR","Without Sequence","67.11","",""
"23/04/2025 09:00:00 - 23/04/2025 09:15:00","BZN|FR","Without Sequence","68.93","",""
"23/04/2025 09:15:00 - 23/04/2025 09:30:00","BZN|FR","Without Sequence","68.93","",""
"23/04/2025 09:30:00 - 23/04/2025 09:45:00","BZN|FR","Without Sequence","68.93","",""
"23/04/2025 09:45:00 - 23/04/2025 10:00:00","BZN|FR","Without Sequence","68.93","",""
"23/04/2025 10:00:00 - 23/04/2025 10:15:00","BZN|FR","Without Sequence","82.08","",""
"23/04/2025 10:15:00 - 23/04/2025 10:30:00","BZN|FR","Without Sequence","82.08","",""
"23/04/2025 10:30:00 - 23/04/2025 10:45:00","BZN|FR","Without Sequence","82.08","",""
"23/04/2025 10:45:00 - 23/04/2025 11:00:00","BZN|FR","Without Sequence","82.08","",""
"23/04/2025 11:00:00 - 23/04/2025 11:15:00","BZN|FR","Without Sequence","47.20","",""
"23/04/2025 11:15:00 - 23/04/2025 11:30:00","BZN|FR","Without Sequence","47.20","",""
"23/04/2025 11:30:00 - 23/04/2025 11:45:00","BZN|FR","Without Sequence","47.20","",""
"23/04/2025 11:45:00 - 23/04/2025 12:00:00","BZN|FR","Without Sequence","47.20","",""
"23/04/2025 12:00:00 - 23/04/2025 12:15:00","BZN|FR","Without Sequence","55.58","",""
"23/04/2025 12:15:00 - 23/04/2025 12:30:00","BZN|FR","Without Sequence","55.58","",""
"23/04/2025 12:30:00 - 23/04/2025 12:45:00","BZN|FR","Without Sequence","55.58","",""
"23/04/2025 12:45:00 - 23/04/2025 13:00:00","BZN|FR","Without Sequence","55.58","",""
"23/04/2025 13:00:00 - 23/04/2025 13:15:00","BZN|FR","Without Sequence","52.96","",""
"23/04/2025 13:15:00 - 23/04/2025 13:30:00","BZN|FR","Without Sequence","52.96","",""
"23/04/2025 13:30:00 - 23/04/2025 13:45:00","BZN|FR","Without Sequence","52.96","",""
"23/04/2025 13:45:00 - 23/04/2025 14:00:00","BZN|FR","Without Sequence","52.96","",""
"23/04/2025 14:00:00 - 23/04/2025 14:15:00","BZN|FR","Without Sequence","45.06","",""
"23/04/2025 14:15:00 - 23/04/2025 14:30:00","BZN|FR","Without Sequence","45.06","",""
"23/04/2025 14:30:00 - 23/04/2025 14:45:00","BZN|FR","Without Sequence","45.06","",""
"23/04/2025 14:45:00 - 23/04/2025 15:00:00","BZN|FR","Without Sequence","45.06","",""
"23/04/2025 15:00:00 - 23/04/2025 15:15:00","BZN|FR","Without Sequence","40.36","",""
"23/04/2025 15:15:00 - 23/04/2025 15:30:00","BZN|FR","Without Sequence","40.36","",""
"23/04/2025 15:30:00 - 23/04/2025 15:45:00","BZN|FR","Without Sequence","40.36","",""
"23/04/2025 15:45:00 - 23/04/2025 16:00:00","BZN|FR","Without Sequence","40.36","",""
"23/04/2025 16:00:00 - 23/04/2025 16:15:00","BZN|FR","Without Sequence","35.75","",""
"23/04/2025 16:15:00 - 23/04/2025 16:30:00","BZN|FR","Without Sequence","35.75","",""
"23/04/2025 16:30:00 - 23/04/2025 16:45:00","BZN|FR","Without Sequence","35.75","",""
"23/04/2025 16:45:00 - 23/04/2025 17:00:00","BZN|FR","Without Sequence","35.75","",""
"23/04/2025 17:00:00 - 23/04/2025 17:15:00","BZN|FR","Without Sequence","48.47","",""
"23/04/2025 17:15:00 - 23/04/2025 17:30:00","BZN|FR","Without Sequence","48.47","",""
"23/04/2025 17:30:00 - 23/04/2025 17:45:00","BZN|FR","Without Sequence","48.47","",""
"23/04/2025 17:45:00 - 23/04/2025 18:00:00","BZN|FR","Without Sequence","48.47","",""
"23/04/2025 18:00:00 - 23/04/2025 18:15:00","BZN|FR","Without Sequence","68.45","",""
"23/04/2025 18:15:00 - 23/04/2025 18:30:00","BZN|FR","Without Sequence","68.45","",""
"23/04/2025 18:30:00 - 23/04/2025 18:45:00","BZN|FR","Without Sequence","68.45","",""
"23/04/2025 18:45:00 - 23/04/2025 19:00:00","BZN|FR","Without Sequence","68.45","",""
"23/04/2025 19:00:00 - 23/04/2025 19:15:00","BZN|FR","Without Sequence","105.29","",""
"23/04/2025 19:15:00 - 23/04/2025 19:30:00","BZN|FR","Without Sequence","105.29","",""
"23/04/2025 19:30:00 - 23/04/2025 19:45:00","BZN|FR","Without Sequence","105.29","",""
"23/04/2025 19:45:00 - 23/04/2025 20:00:00","BZN|FR","Without Sequence","105.29","",""
"23/04/2025 20:00:00 - 23/04/2025 20:15:00","BZN|FR","Without Sequence","88.73","",""
"23/04/2025 20:15:00 - 23/04/2025 20:30:00","BZN|FR","Without Sequence","88.73","",""
"23/04/2025 20:30:00 - 23/04/2025 20:45:00","BZN|FR","Without Sequence","88.73","",""
"23/04/2025 20:45:00 - 23/04/2025 21:00:00","BZN|FR","Without Sequence","88.73","",""
"23/04/2025 21:00:00 - 23/04/2025 21:15:00","BZN|FR","Without Sequence","116.70","",""
"23/04/2025 21:15:00 - 23/04/2025 21:30:00","BZN|FR","Without Sequence","116.70","",""
"23/04/2025 21:30:00 - 23/04/2025 21:45:00","BZN|FR","Without Sequence","116.70","",""
"23/04/2025 21:45:00 - 23/04/2025 22:00:00","BZN|FR","Without Sequence","116.70","",""
"23/04/2025 22:00:00 - 23/04/2025 22:15:00","BZN|FR","Without Sequence","105.58","",""
"23/04/2025 22:15:00 - 23/04/2025 22:30:00","BZN|FR","Without Sequence","105.58","",""
"23/04/2025 22:30:00 - 23/04/2025 22:45:00","BZN|FR","Without Sequence","105.58","",""
"23/04/2025 22:45:00 - 23/04/2025 23:00:00","BZN|FR","Without Sequence","105.58","",""
"23/04/2025 23:00:00 - 23/04/2025 23:15:00","BZN|FR","Without Sequence","80.24","",""
"23/04/2025 23:15:00 - 23/04/2025 23:30:00","BZN|FR","Without Sequence","80.24","",""
"23/04/2025 23:30:00 - 23/04/2025 23:45:00","BZN|FR","Without Sequence","80.24","",""
"23/04/2025 23:45:00 - 24/04/2025 00:00:00","BZN|FR","Without Sequence","80.24","",""
"24/04/2025 00:00:00 - 24/04/2025 00:15:00","BZN|FR","Without Sequence","80.82","",""
"24/04/2025 00:15:00 - 24/04/2025 00:30:00","BZN|FR","Without Sequence","80.82","",""
"24/04/2025 00:30:00 - 24/04/2025 00:45:00","BZN|FR","Without Sequence","80.82","",""
"24/04/2025 00:45:00 - 24/04/2025 01:00:00","BZN|FR","Without Sequence","80.82","",""
"24/04/2025 01:00:00 - 24/04/2025 01:15:00","BZN|FR","Without Sequence","67.62","",""
"24/04/2025 01:15:00 - 24/04/2025 01:30:00","BZN|FR","Without Sequence","67.62","",""
"24/04/2025 01:30:00 - 24/04/2025 01:45:00","BZN|FR","Without Sequence","67.62","",""
"24/04/2025 01:45:00 - 24/04/2025 02:00:00","BZN|FR","Without Sequence","67.62","",""
"24/04/2025 02:00:00 - 24/04/2025 02:15:00","BZN|FR","Without Sequence","70.52","",""
"24/04/2025 02:15:00 - 24/04/2025 02:30:00","BZN|FR","Without Sequence","70.52","",""
"24/04/2025 02:30:00 - 24/04/2025 02:45:00","BZN|FR","Without Sequence","70.52","",""
"24/04/2025 02:45:00 - 24/04/2025 03:00:00","BZN|FR","Without Sequence","70.52","",""
"24/04/2025 03:00:00 - 24/04/2025 03:15:00","BZN|FR","Without Sequence","69.20","",""
"24/04/2025 03:15:00 - 24/04/2025 03:30:00","BZN|FR","Without Sequence","69.20","",""
"24/04/2025 03:30:00 - 24/04/2025 03:45:00","BZN|FR","Without Sequence","69.20","",""
"24/04/2025 03:45:00 - 24/04/2025 04:00:00","BZN|FR","Without Sequence","69.20","",""
"24/04/2025 04:00:00 - 24/04/2025 04:15:00","BZN|FR","Without Sequence","60.63","",""
"24/04/2025 04:15:00 - 24/04/2025 04:30:00","BZN|FR","Without Sequence","60.63","",""
"24/04/2025 04:30:00 - 24/04/2025 04:45:00","BZN|FR","Without Sequence","60.63","",""
"24/04/2025 04:45:00 - 24/04/2025 05:00:00","BZN|FR","Without Sequence","60.63","",""
"24/04/2025 05:00:00 - 24/04/2025 05:15:00","BZN|FR","Without Sequence","67.54","",""
"24/04/2025 05:15:00 - 24/04/2025 05:30:00","BZN|FR","Without Sequence","67.54","",""
"24/04/2025 05:30:00 - 24/04/2025 05:45:00","BZN|FR","Without Sequence","67.54","",""
"24/04/2025 05:45:00 - 24/04/2025 06:00:00","BZN|FR","Without Sequence","67.54","",""
"24/04/2025 06:00:00 - 24/04/2025 06:15:00","BZN|FR","Without Sequence","93.51","",""
"24/04/2025 06:15:00 - 24/04/2025 06:30:00","BZN|FR","Without Sequence","93.51","",""
"24/04/2025 06:30:00 - 24/04/2025 06:45:00","BZN|FR","Without Sequence","93.51","",""
"24/04/2025 06:45:00 - 24/04/2025 07:00:00","BZN|FR","Without Sequence","93.51","",""
"24/04/2025 07:00:00 - 24/04/2025 07:15:00","BZN|FR","Without Sequence","104.01","",""
"24/04/2025 07:15:00 - 24/04/2025 07:30:00","BZN|FR","Without Sequence","104.01","",""
"24/04/2025 07:30:00 - 24/04/2025 07:45:00","BZN|FR","Without Sequence","104.01","",""
"24/04/2025 07:45:00 - 24/04/2025 08:00:00","BZN|FR","Without Sequence","104.01","",""
"24/04/2025 08:00:00 - 24/04/2025 08:15:00","BZN|FR","Without Sequence","114.63","",""
"24/04/2025 08:15:00 - 24/04/2025 08:30:00","BZN|FR","Without Sequence","114.63","",""
"24/04/2025 08:30:00 - 24/04/2025 08:45:00","BZN|FR","Without Sequence","114.63","",""
"24/04/2025 08:45:00 - 24/04/2025 09:00:00","BZN|FR","Without Sequence","114.63","",""
"24/04/2025 09:00:00 - 24/04/2025 09:15:00","BZN|FR","Without Sequence","89.00","",""
"24/04/2025 09:15:00 - 24/04/2025 09:30:00","BZN|FR","Without Sequence","89.00","",""
"24/04/2025 09:30:00 - 24/04/2025 09:45:00","BZN|FR","Without Sequence","89.00","",""
"24/04/2025 09:45:00 - 24/04/2025 10:00:00","BZN|FR","Without Sequence","89.00","",""
"24/04/2025 10:00:00 - 24/04/2025 10:15:00","BZN|FR","Without Sequence","70.92","",""
"24/04/2025 10:15:00 - 24/04/2025 10:30:00","BZN|FR","Without Sequence","70.92","",""
"24/04/2025 10:30:00 - 24/04/2025 10:45:00","BZN|FR","Without Sequence","70.92","",""
"24/04/2025 10:45:00 - 24/04/2025 11:00:00","BZN|FR","Without Sequence","70.92","",""
"24/04/2025 11:00:00 - 24/04/2025 11:15:00","BZN|FR","Without Sequence","82.74","",""
"24/04/2025 11:15:00 - 24/04/2025 11:30:00","BZN|FR","Without Sequence","82.74","",""
"24/04/2025 11:30:00 - 24/04/2025 11:45:00","BZN|FR","Without Sequence","82.74","",""
"24/04/2025 11:45:00 - 24/04/2025 12:00:00","BZN|FR","Without Sequence","82.74","",""
"24/04/2025 12:00:00 - 24/04/2025 12:15:00","BZN|FR","Without Sequence","78.89","",""
"24/04/2025 12:15:00 - 24/04/2025 12:30:00","BZN|FR","Without Sequence","78.89","",""
"24/04/2025 12:30:00 - 24/04/2025 12:45:00","BZN|FR","Without Sequence","78.89","",""
"24/04/2025 12:45:00 - 24/04/2025 13:00:00","BZN|FR","Without Sequence","78.89","",""
"24/04/2025 13:00:00 - 24/04/2025 13:15:00","BZN|FR","Without Sequence","69.13","",""
"24/04/2025 13:15:00 - 24/04/2025 13:30:00","BZN|FR","Without Sequence","69.13","",""
"24/04/2025 13:30:00 - 24/04/2025 13:45:00","BZN|FR","Without Sequence","69.13","",""
"24/04/2025 13:45:00 - 24/04/2025 14:00:00","BZN|FR","Without Sequence","69.13","",""
"24/04/2025 14:00:00 - 24/04/2025 14:15:00","BZN|FR","Without Sequence","60.68","",""
"24/04/2025 14:15:00 - 24/04/2025 14:30:00","BZN|FR","Without Sequence","60.68","",""
"24/04/2025 14:30:00 - 24/04/2025 14:45:00","BZN|FR","Without Sequence","60.68","",""
"24/04/2025 14:45:00 - 24/04/2025 15:00:00","BZN|FR","Without Sequence","60.68","",""
"24/04/2025 15:00:00 - 24/04/2025 15:15:00","BZN|FR","Without Sequence","44.00","",""
"24/04/2025 15:15:00 - 24/04/2025 15:30:00","BZN|FR","Without Sequence","44.00","",""
"24/04/2025 15:30:00 - 24/04/2025 15:45:00","BZN|FR","Without Sequence","44.00","",""
"24/04/2025 15:45:00 - 24/04/2025 16:00:00","BZN|FR","Without Sequence","44.00","",""
"24/04/2025 16:00:00 - 24/04/2025 16:15:00","BZN|FR","Without Sequence","34.75","",""
"24/04/2025 16:15:00 - 24/04/2025 16:30:00","BZN|FR","Without Sequence","34.75","",""
"24/04/2025 16:30:00 - 24/04/2025 16:45:00","BZN|FR","Without Sequence","34.75","",""
"24/04/2025 16:45:00 - 24/04/2025 17:00:00","BZN|FR","Without Sequence","34.75","",""
"24/04/2025 17:00:00 - 24/04/2025 17:15:00","BZN|FR","Without Sequence","51.16","",""
"24/04/2025 17:15:00 - 24/04/2025 17:30:00","BZN|FR","Without Sequence","51.16","",""
"24/04/2025 17:30:00 - 24/04/2025 17:45:00","BZN|FR","Without Sequence","51.16","",""
"24/04/2025 17:45:00 - 24/04/2025 18:00:00","BZN|FR","Without Sequence","51.16","",""
"24/04/2025 18:00:00 - 24/04/2025 18:15:00","BZN|FR","Without Sequence","77.63","",""
"24/04/2025 18:15:00 - 24/04/2025 18:30:00","BZN|FR","Without Sequence","77.63","",""
"24/04/2025 18:30:00 - 24/04/2025 18:45:00","BZN|FR","Without Sequence","77.63","",""
"24/04/2025 18:45:00 - 24/04/2025 19:00:00","BZN|FR","Without Sequence","77.63","",""
"24/04/2025 19:00:00 - 24/04/2025 19:15:00","BZN|FR","Without Sequence","83.40","",""
"24/04/2025 19:15:00 - 24/04/2025 19:30:00","BZN|FR","Without Sequence","83.40","",""
"24/04/2025 19:30:00 - 24/04/2025 19:45:00","BZN|FR","Without Sequence","83.40","",""
"24/04/2025 19:45:00 - 24/04/2025 20:00:00","BZN|FR","Without Sequence","83.40","",""
"24/04/2025 20:00:00 - 24/04/2025 20:15:00","BZN|FR","Without Sequence","102.35","",""
"24/04/2025 20:15:00 - 24/04/2025 20:30:00","BZN|FR","Without Sequence","102.35","",""
"24/04/2025 20:30:00 - 24/04/2025 20:45:00","BZN|FR","Without Sequence","102.35","",""
"24/04/2025 20:45:00 - 24/04/2025 21:00:00","BZN|FR","Without Sequence","102.35","",""
"24/04/2025 21:00:00 - 24/04/2025 21:15:00","BZN|FR","Without Sequence","114.48","",""
"24/04/2025 21:15:00 - 24/04/2025 21:30:00","BZN|FR","Without Sequence","114.48","",""
"24/04/2025 21:30:00 - 24/04/2025 21:45:00","BZN|FR","Without Sequence","114.48","",""
"24/04/2025 21:45:00 - 24/04/2025 22:00:00","BZN|FR","Without Sequence","114.48","",""
"24/04/2025 22:00:00 - 24/04/2025 22:15:00","BZN|FR","Without Sequence","106.53","",""
"24/04/2025 22:15:00 - 24/04/2025 22:30:00","BZN|FR","Without Sequence","106.53","",""
"24/04/2025 22:30:00 - 24/04/2025 22:45:00","BZN|FR","Without Sequence","106.53","",""
"24/04/2025 22:45:00 - 24/04/2025 23:00:00","BZN|FR","Without Sequence","106.53","",""
"24/04/2025 23:00:00 - 24/04/2025 23:15:00","BZN|FR","Without Sequence","93.10","",""
"24/04/2025 23:15:00 - 24/04/2025 23:30:00","BZN|FR","Without Sequence","93.10","",""
"24/04/2025 23:30:00 - 24/04/2025 23:45:00","BZN|FR","Without Sequence","93.10","",""
"24/04/2025 23:45:00 - 25/04/2025 00:00:00","BZN|FR","Without Sequence","93.10","",""
"25/04/2025 00:00:00 - 25/04/2025 00:15:00","BZN|FR","Without Sequence","74.24","",""
"25/04/2025 00:15:00 - 25/04/2025 00:30:00","BZN|FR","Without Sequence","74.24","",""
"25/04/2025 00:30:00 - 25/04/2025 00:45:00","BZN|FR","Without Sequence","74.24","",""
"25/04/2025 00:45:00 - 25/04/2025 01:00:00","BZN|FR","Without Sequence","74.24","",""
"25/04/2025 01:00:00 - 25/04/2025 01:15:00","BZN|FR","Without Sequence","65.01","",""
"25/04/2025 01:15:00 - 25/04/2025 01:30:00","BZN|FR","Without Sequence","65.01","",""
"25/04/2025 01:30:00 - 25/04/2025 01:45:00","BZN|FR","Without Sequence","65.01","",""
"25/04/2025 01:45:00 - 25/04/2025 02:00:00","BZN|FR","Without Sequence","65.01","",""
"25/04/2025 02:00:00 - 25/04/2025 02:15:00","BZN|FR","Without Sequence","69.39","",""
"25/04/2025 02:15:00 - 25/04/2025 02:30:00","BZN|FR","Without Sequence","69.39","",""
"25/04/2025 02:30:00 - 25/04/2025 02:45:00","BZN|FR","Without Sequence","69.39","",""
"25/04/2025 02:45:00 - 25/04/2025 03:00:00","BZN|FR","Without Sequence","69.39","",""
"25/04/2025 03:00:00 - 25/04/2025 03:15:00","BZN|FR","Without Sequence","61.31","",""
"25/04/2025 03:15:00 - 25/04/2025 03:30:00","BZN|FR","Without Sequence","61.31","",""
"25/04/2025 03:30:00 - 25/04/2025 03:45:00","BZN|FR","Without Sequence","61.31","",""
"25/04/2025 03:45:00 - 25/04/2025 04:00:00","BZN|FR","Without Sequence","61.31","",""
"25/04/2025 04:00:00 - 25/04/2025 04:15:00","BZN|FR","Without Sequence","65.20","",""
"25/04/2025 04:15:00 - 25/04/2025 04:30:00","BZN|FR","Without Sequence","65.20","",""
"25/04/2025 04:30:00 - 25/04/2025 04:45:00","BZN|FR","Without Sequence","65.20","",""
"25/04/2025 04:45:00 - 25/04/2025 05:00:00","BZN|FR","Without Sequence","65.20","",""
"25/04/2025 05:00:00 - 25/04/2025 05:15:00","BZN|FR","Without Sequence","72.99","",""
"25/04/2025 05:15:00 - 25/04/2025 05:30:00","BZN|FR","Without Sequence","72.99","",""
"25/04/2025 05:30:00 - 25/04/2025 05:45:00","BZN|FR","Without Sequence","72.99","",""
"25/04/2025 05:45:00 - 25/04/2025 06:00:00","BZN|FR","Without Sequence","72.99","",""
"25/04/2025 06:00:00 - 25/04/2025 06:15:00","BZN|FR","Without Sequence","92.52","",""
"25/04/2025 06:15:00 - 25/04/2025 06:30:00","BZN|FR","Without Sequence","92.52","",""
"25/04/2025 06:30:00 - 25/04/2025 06:45:00","BZN|FR","Without Sequence","92.52","",""
"25/04/2025 06:45:00 - 25/04/2025 07:00:00","BZN|FR","Without Sequence","92.52","",""
"25/04/2025 07:00:00 - 25/04/2025 07:15:00","BZN|FR","Without Sequence","113.39","",""
"25/04/2025 07:15:00 - 25/04/2025 07:30:00","BZN|FR","Without Sequence","113.39","",""
"25/04/2025 07:30:00 - 25/04/2025 07:45:00","BZN|FR","Without Sequence","113.39","",""
"25/04/2025 07:45:00 - 25/04/2025 08:00:00","BZN|FR","Without Sequence","113.39","",""
"25/04/2025 08:00:00 - 25/04/2025 08:15:00","BZN|FR","Without Sequence","99.00","",""
"25/04/2025 08:15:00 - 25/04/2025 08:30:00","BZN|FR","Without Sequence","99.00","",""
"25/04/2025 08:30:00 - 25/04/2025 08:45:00","BZN|FR","Without Sequence","99.00","",""
"25/04/2025 08:45:00 - 25/04/2025 09:00:00","BZN|FR","Without Sequence","99.00","",""
"25/04/2025 09:00:00 - 25/04/2025 09:15:00","BZN|FR","Without Sequence","80.50","",""
"25/04/2025 09:15:00 - 25/04/2025 09:30:00","BZN|FR","Without Sequence","80.50","",""
"25/04/2025 09:30:00 - 25/04/2025 09:45:00","BZN|FR","Without Sequence","80.50","",""
"25/04/2025 09:45:00 - 25/04/2025 10:00:00","BZN|FR","Without Sequence","80.50","",""
"25/04/2025 10:00:00 - 25/04/2025 10:15:00","BZN|FR","Without Sequence","60.56","",""
"25/04/2025 10:15:00 - 25/04/2025 10:30:00","BZN|FR","Without Sequence","60.56","",""
"25/04/2025 10:30:00 - 25/04/2025 10:45:00","BZN|FR","Without Sequence","60.56","",""
"25/04/2025 10:45:00 - 25/04/2025 11:00:00","BZN|FR","Without Sequence","60.56","",""
"25/04/2025 11:00:00 - 25/04/2025 11:15:00","BZN|FR","Without Sequence","45.58","",""
"25/04/2025 11:15:00 - 25/04/2025 11:30:00","BZN|FR","Without Sequence","45.58","",""
"25/04/2025 11:30:00 - 25/04/2025 11:45:00","BZN|FR","Without Sequence","45.58","",""
"25/04/2025 11:45:00 - 25/04/2025 12:00:00","BZN|FR","Without Sequence","45.58","",""
"25/04/2025 12:00:00 - 25/04/2025 12:15:00","BZN|FR","Without Sequence","40.25","",""
"25/04/2025 12:15:00 - 25/04/2025 12:30:00","BZN|FR","Without Sequence","40.25","",""
"25/04/2025 12:30:00 - 25/04/2025 12:45:00","BZN|FR","Without Sequence","40.25","",""
"25/04/2025 12:45:00 - 25/04/2025 13:00:00","BZN|FR","Without Sequence","40.25","",""
"25/04/2025 13:00:00 - 25/04/2025 13:15:00","BZN|FR","Without Sequence","15.11","",""
"25/04/2025 13:15:00 - 25/04/2025 13:30:00","BZN|FR","Without Sequence","15.11","",""
"25/04/2025 13:30:00 - 25/04/2025 13:45:00","BZN|FR","Without Sequence","15.11","",""
"25/04/2025 13:45:00 - 25/04/2025 14:00:00","BZN|FR","Without Sequence","15.11","",""
"25/04/2025 14:00:00 - 25/04/2025 14:15:00","BZN|FR","Without Sequence","12.23","",""
"25/04/2025 14:15:00 - 25/04/2025 14:30:00","BZN|FR","Without Sequence","12.23","",""
"25/04/2025 14:30:00 - 25/04/2025 14:45:00","BZN|FR","Without Sequence","12.23","",""
"25/04/2025 14:45:00 - 25/04/2025 15:00:00","BZN|FR","Without Sequence","12.23","",""
"25/04/2025 15:00:00 - 25/04/2025 15:15:00","BZN|FR","Without Sequence","0.00","",""
"25/04/2025 15:15:00 - 25/04/2025 15:30:00","BZN|FR","Without Sequence","0.00","",""
"25/04/2025 15:30:00 - 25/04/2025 15:45:00","BZN|FR","Without Sequence","0.00","",""
"25/04/2025 15:45:00 - 25/04/2025 16:00:00","BZN|FR","Without Sequence","0.00","",""
"25/04/2025 16:00:00 - 25/04/2025 16:15:00","BZN|FR","Without Sequence","0.00","",""
"25/04/2025 16:15:00 - 25/04/2025 16:30:00","BZN|FR","Without Sequence","0.00","",""
"25/04/2025 16:30:00 - 25/04/2025 16:45:00","BZN|FR","Without Sequence","0.00","",""
"25/04/2025 16:45:00 - 25/04/2025 17:00:00","BZN|FR","Without Sequence","0.00","",""
"25/04/2025 17:00:00 - 25/04/2025 17:15:00","BZN|FR","Without Sequence","52.13","",""
"25/04/2025 17:15:00 - 25/04/2025 17:30:00","BZN|FR","Without Sequence","52.13","",""
"25/04/2025 17:30:00 - 25/04/2025 17:45:00","BZN|FR","Without Sequence","52.13","",""
"25/04/2025 17:45:00 - 25/04/2025 18:00:00","BZN|FR","Without Sequence","52.13","",""
"25/04/2025 18:00:00 - 25/04/2025 18:15:00","BZN|FR","Without Sequence","73.56","",""
"25/04/2025 18:15:00 - 25/04/2025 18:30:00","BZN|FR","Without Sequence","73.56","",""
"25/04/2025 18:30:00 - 25/04/2025 18:45:00","BZN|FR","Without Sequence","73.56","",""
"25/04/2025 18:45:00 - 25/04/2025 19:00:00","BZN|FR","Without Sequence","73.56","",""
"25/04/2025 19:00:00 - 25/04/2025 19:15:00","BZN|FR","Without Sequence","100.57","",""
"25/04/2025 19:15:00 - 25/04/2025 19:30:00","BZN|FR","Without Sequence","100.57","",""
"25/04/2025 19:30:00 - 25/04/2025 19:45:00","BZN|FR","Without Sequence","100.57","",""
"25/04/2025 19:45:00 - 25/04/2025 20:00:00","BZN|FR","Without Sequence","100.57","",""
"25/04/2025 20:00:00 - 25/04/2025 20:15:00","BZN|FR","Without Sequence","120.33","",""
"25/04/2025 20:15:00 - 25/04/2025 20:30:00","BZN|FR","Without Sequence","120.33","",""
"25/04/2025 20:30:00 - 25/04/2025 20:45:00","BZN|FR","Without Sequence","120.33","",""
"25/04/2025 20:45:00 - 25/04/2025 21:00:00","BZN|FR","Without Sequence","120.33","",""
"25/04/2025 21:00:00 - 25/04/2025 21:15:00","BZN|FR","Without Sequence","109.63","",""
"25/04/2025 21:15:00 - 25/04/2025 21:30:00","BZN|FR","Without Sequence","109.63","",""
"25/04/2025 21:30:00 - 25/04/2025 21:45:00","BZN|FR","Without Sequence","109.63","",""
"25/04/2025 21:45:00 - 25/04/2025 22:00:00","BZN|FR","Without Sequence","109.63","",""
"25/04/2025 22:00:00 - 25/04/2025 22:15:00","BZN|FR","Without Sequence","100.37","",""
"25/04/2025 22:15:00 - 25/04/2025 22:30:00","BZN|FR","Without Sequence","100.37","",""
"25/04/2025 22:30:00 - 25/04/2025 22:45:00","BZN|FR","Without Sequence","100.37","",""
"25/04/2025 22:45:00 - 25/04/2025 23:00:00","BZN|FR","Without Sequence","100.37","",""
"25/04/2025 23:00:00 - 25/04/2025 23:15:00","BZN|FR","Without Sequence","92.09","",""
"25/04/2025 23:15:00 - 25/04/2025 23:30:00","BZN|FR","Without Sequence","92.09","",""
"25/04/2025 23:30:00 - 25/04/2025 23:45:00","BZN|FR","Without Sequence","92.09","",""
"25/04/2025 23:45:00 - 26/04/2025 00:00:00","BZN|FR","Without Sequence","92.09","",""
"26/04/2025 00:00:00 - 26/04/2025 00:15:00","BZN|FR","Without Sequence","50.41","",""
"26/04/2025 00:15:00 - 26/04/2025 00:30:00","BZN|FR","Without Sequence","50.41","",""
"26/04/2025 00:30:00 - 26/04/2025 00:45:00","BZN|FR","Without Sequence","50.41","",""
"26/04/2025 00:45:00 - 26/04/2025 01:00:00","BZN|FR","Without Sequence","50.41","",""
"26/04/2025 01:00:00 - 26/04/2025 01:15:00","BZN|FR","Without Sequence","40.52","",""
"26/04/2025 01:15:00 - 26/04/2025 01:30:00","BZN|FR","Without Sequence","40.52","",""
"26/04/2025 01:30:00 - 26/04/2025 01:45:00","BZN|FR","Without Sequence","40.52","",""
"26/04/2025 01:45:00 - 26/04/2025 02:00:00","BZN|FR","Without Sequence","40.52","",""
"26/04/2025 02:00:00 - 26/04/2025 02:15:00","BZN|FR","Without Sequence","25.76","",""
"26/04/2025 02:15:00 - 26/04/2025 02:30:00","BZN|FR","Without Sequence","25.76","",""
"26/04/2025 02:30:00 - 26/04/2025 02:45:00","BZN|FR","Without Sequence","25.76","",""
"26/04/2025 02:45:00 - 26/04/2025 03:00:00","BZN|FR","Without Sequence","25.76","",""
"26/04/2025 03:00:00 - 26/04/2025 03:15:00","BZN|FR","Without Sequence","32.17","",""
"26/04/2025 03:15:00 - 26/04/2025 03:30:00","BZN|FR","Without Sequence","32.17","",""
"26/04/2025 03:30:00 - 26/04/2025 03:45:00","BZN|FR","Without Sequence","32.17","",""
"26/04/2025 03:45:00 - 26/04/2025 04:00:00","BZN|FR","Without Sequence","32.17","",""
"26/04/2025 04:00:00 - 26/04/2025 04:15:00","BZN|FR","Without Sequence","32.88","",""
"26/04/2025 04:15:00 - 26/04/2025 04:30:00","BZN|FR","Without Sequence","32.88","",""
"26/04/2025 04:30:00 - 26/04/2025 04:45:00","BZN|FR","Without Sequence","32.88","",""
"26/04/2025 04:45:00 - 26/04/2025 05:00:00","BZN|FR","Without Sequence","32.88","",""
"26/04/2025 05:00:00 - 26/04/2025 05:15:00","BZN|FR","Without Sequence","41.26","",""
"26/04/2025 05:15:00 - 26/04/2025 05:30:00","BZN|FR","Without Sequence","41.26","",""
"26/04/2025 05:30:00 - 26/04/2025 05:45:00","BZN|FR","Without Sequence","41.26","",""
"26/04/2025 05:45:00 - 26/04/2025 06:00:00","BZN|FR","Without Sequence","41.26","",""
"26/04/2025 06:00:00 - 26/04/2025 06:15:00","BZN|FR","Without Sequence","41.14","",""
"26/04/2025 06:15:00 - 26/04/2025 06:30:00","BZN|FR","Without Sequence","41.14","",""
"26/04/2025 06:30:00 - 26/04/2025 06:45:00","BZN|FR","Without Sequence","41.14","",""
"26/04/2025 06:45:00 - 26/04/2025 07:00:00","BZN|FR","Without Sequence","41.14","",""
"26/04/2025 07:00:00 - 26/04/2025 07:15:00","BZN|FR","Without Sequence","40.28","",""
"26/04/2025 07:15:00 - 26/04/2025 07:30:00","BZN|FR","Without Sequence","40.28","",""
"26/04/2025 07:30:00 - 26/04/2025 07:45:00","BZN|FR","Without Sequence","40.28","",""
"26/04/2025 07:45:00 - 26/04/2025 08:00:00","BZN|FR","Without Sequence","40.28","",""
"26/04/2025 08:00:00 - 26/04/2025 08:15:00","BZN|FR","Without Sequence","47.52","",""
"26/04/2025 08:15:00 - 26/04/2025 08:30:00","BZN|FR","Without Sequence","47.52","",""
"26/04/2025 08:30:00 - 26/04/2025 08:45:00","BZN|FR","Without Sequence","47.52","",""
"26/04/2025 08:45:00 - 26/04/2025 09:00:00","BZN|FR","Without Sequence","47.52","",""
"26/04/2025 09:00:00 - 26/04/2025 09:15:00","BZN|FR","Without Sequence","34.45","",""
"26/04/2025 09:15:00 - 26/04/2025 09:30:00","BZN|FR","Without Sequence","34.45","",""
"26/04/2025 09:30:00 - 26/04/2025 09:45:00","BZN|FR","Without Sequence","34.45","",""
"26/04/2025 09:45:00 - 26/04/2025 10:00:00","BZN|FR","Without Sequence","34.45","",""
"26/04/2025 10:00:00 - 26/04/2025 10:15:00","BZN|FR","Without Sequence","2.55","",""
"26/04/2025 10:15:00 - 26/04/2025 10:30:00","BZN|FR","Without Sequence","2.55","",""
"26/04/2025 10:30:00 - 26/04/2025 10:45:00","BZN|FR","Without Sequence","2.55","",""
"26/04/2025 10:45:00 - 26/04/2025 11:00:00","BZN|FR","Without Sequence","2.55","",""
"26/04/2025 11:00:00 - 26/04/2025 11:15:00","BZN|FR","Without Sequence","-0.01","",""
"26/04/2025 11:15:00 - 26/04/2025 11:30:00","BZN|FR","Without Sequence","-0.01","",""
"26/04/2025 11:30:00 - 26/04/2025 11:45:00","BZN|FR","Without Sequence","-0.01","",""
"26/04/2025 11:45:00 - 26/04/2025 12:00:00","BZN|FR","Without Sequence","-0.01","",""
"26/04/2025 12:00:00 - 26/04/2025 12:15:00","BZN|FR","Without Sequence","-0.01","",""
"26/04/2025 12:15:00 - 26/04/2025 12:30:00","BZN|FR","Without Sequence","-0.01","",""
"26/04/2025 12:30:00 - 26/04/2025 12:45:00","BZN|FR","Without Sequence","-0.01","",""
"26/04/2025 12:45:00 - 26/04/2025 13:00:00","BZN|FR","Without Sequence","-0.01","",""
"26/04/2025 13:00:00 - 26/04/2025 13:15:00","BZN|FR","Without Sequence","-0.02","",""
"26/04/2025 13:15:00 - 26/04/2025 13:30:00","BZN|FR","Without Sequence","-0.02","",""
"26/04/2025 13:30:00 - 26/04/2025 13:45:00","BZN|FR","Without Sequence","-0.02","",""
"26/04/2025 13:45:00 - 26/04/2025 14:00:00","BZN|FR","Without Sequence","-0.02","",""
"26/04/2025 14:00:00 - 26/04/2025 14:15:00","BZN|FR","Without Sequence","-3.00","",""
"26/04/2025 14:15:00 - 26/04/2025 14:30:00","BZN|FR","Without Sequence","-3.00","",""
"26/04/2025 14:30:00 - 26/04/2025 14:45:00","BZN|FR","Without Sequence","-3.00","",""
"26/04/2025 14:45:00 - 26/04/2025 15:00:00","BZN|FR","Without Sequence","-3.00","",""
"26/04/2025 15:00:00 - 26/04/2025 15:15:00","BZN|FR","Without Sequence","-2.08","",""
"26/04/2025 15:15:00 - 26/04/2025 15:30:00","BZN|FR","Without Sequence","-2.08","",""
"26/04/2025 15:30:00 - 26/04/2025 15:45:00","BZN|FR","Without Sequence","-2.08","",""
"26/04/2025 15:45:00 - 26/04/2025 16:00:00","BZN|FR","Without Sequence","-2.08","",""
"26/04/2025 16:00:00 - 26/04/2025 16:15:00","BZN|FR","Without Sequence","-0.02","",""
"26/04/2025 16:15:00 - 26/04/2025 16:30:00","BZN|FR","Without Sequence","-0.02","",""
"26/04/2025 16:30:00 - 26/04/2025 16:45:00","BZN|FR","Without Sequence","-0.02","",""
"26/04/2025 16:45:00 - 26/04/2025 17:00:00","BZN|FR","Without Sequence","-0.02","",""
"26/04/2025 17:00:00 - 26/04/2025 17:15:00","BZN|FR","Without Sequence","30.99","",""
"26/04/2025 17:15:00 - 26/04/2025 17:30:00","BZN|FR","Without Sequence","30.99","",""
"26/04/2025 17:30:00 - 26/04/2025 17:45:00","BZN|FR","Without Sequence","30.99","",""
"26/04/2025 17:45:00 - 26/04/2025 18:00:00","BZN|FR","Without Sequence","30.99","",""
"26/04/2025 18:00:00 - 26/04/2025 18:15:00","BZN|FR","Without Sequence","57.37","",""
"26/04/2025 18:15:00 - 26/04/2025 18:30:00","BZN|FR","Without Sequence","57.37","",""
"26/04/2025 18:30:00 - 26/04/2025 18:45:00","BZN|FR","Without Sequence","57.37","",""
"26/04/2025 18:45:00 - 26/04/2025 19:00:00","BZN|FR","Without Sequence","57.37","",""
"26/04/2025 19:00:00 - 26/04/2025 19:15:00","BZN|FR","Without Sequence","89.02","",""
"26/04/2025 19:15:00 - 26/04/2025 19:30:00","BZN|FR","Without Sequence","89.02","",""
"26/04/2025 19:30:00 - 26/04/2025 19:45:00","BZN|FR","Without Sequence","89.02","",""
"26/04/2025 19:45:00 - 26/04/2025 20:00:00","BZN|FR","Without Sequence","89.02","",""
"26/04/2025 20:00:00 - 26/04/2025 20:15:00","BZN|FR","Without Sequence","88.27","",""
"26/04/2025 20:15:00 - 26/04/2025 20:30:00","BZN|FR","Without Sequence","88.27","",""
"26/04/2025 20:30:00 - 26/04/2025 20:45:00","BZN|FR","Without Sequence","88.27","",""
"26/04/2025 20:45:00 - 26/04/2025 21:00:00","BZN|FR","Without Sequence","88.27","",""
"26/04/2025 21:00:00 - 26/04/2025 21:15:00","BZN|FR","Without Sequence","71.68","",""
"26/04/2025 21:15:00 - 26/04/2025 21:30:00","BZN|FR","Without Sequence","71.68","",""
"26/04/2025 21:30:00 - 26/04/2025 21:45:00","BZN|FR","Without Sequence","71.68","",""
"26/04/2025 21:45:00 - 26/04/2025 22:00:00","BZN|FR","Without Sequence","71.68","",""
"26/04/2025 22:00:00 - 26/04/2025 22:15:00","BZN|FR","Without Sequence","85.26","",""
"26/04/2025 22:15:00 - 26/04/2025 22:30:00","BZN|FR","Without Sequence","85.26","",""
"26/04/2025 22:30:00 - 26/04/2025 22:45:00","BZN|FR","Without Sequence","85.26","",""
"26/04/2025 22:45:00 - 26/04/2025 23:00:00","BZN|FR","Without Sequence","85.26","",""
"26/04/2025 23:00:00 - 26/04/2025 23:15:00","BZN|FR","Without Sequence","74.05","",""
"26/04/2025 23:15:00 - 26/04/2025 23:30:00","BZN|FR","Without Sequence","74.05","",""
"26/04/2025 23:30:00 - 26/04/2025 23:45:00","BZN|FR","Without Sequence","74.05","",""
"26/04/2025 23:45:00 - 27/04/2025 00:00:00","BZN|FR","Without Sequence","74.05","",""
"27/04/2025 00:00:00 - 27/04/2025 00:15:00","BZN|FR","Without Sequence","61.66","",""
"27/04/2025 00:15:00 - 27/04/2025 00:30:00","BZN|FR","Without Sequence","61.66","",""
"27/04/2025 00:30:00 - 27/04/2025 00:45:00","BZN|FR","Without Sequence","61.66","",""
"27/04/2025 00:45:00 - 27/04/2025 01:00:00","BZN|FR","Without Sequence","61.66","",""
"27/04/2025 01:00:00 - 27/04/2025 01:15:00","BZN|FR","Without Sequence","47.45","",""
"27/04/2025 01:15:00 - 27/04/2025 01:30:00","BZN|FR","Without Sequence","47.45","",""
"27/04/2025 01:30:00 - 27/04/2025 01:45:00","BZN|FR","Without Sequence","47.45","",""
"27/04/2025 01:45:00 - 27/04/2025 02:00:00","BZN|FR","Without Sequence","47.45","",""
"27/04/2025 02:00:00 - 27/04/2025 02:15:00","BZN|FR","Without Sequence","49.97","",""
"27/04/2025 02:15:00 - 27/04/2025 02:30:00","BZN|FR","Without Sequence","49.97","",""
"27/04/2025 02:30:00 - 27/04/2025 02:45:00","BZN|FR","Without Sequence","49.97","",""
"27/04/2025 02:45:00 - 27/04/2025 03:00:00","BZN|FR","Without Sequence","49.97","",""
"27/04/2025 03:00:00 - 27/04/2025 03:15:00","BZN|FR","Without Sequence","48.22","",""
"27/04/2025 03:15:00 - 27/04/2025 03:30:00","BZN|FR","Without Sequence","48.22","",""
"27/04/2025 03:30:00 - 27/04/2025 03:45:00","BZN|FR","Without Sequence","48.22","",""
"27/04/2025 03:45:00 - 27/04/2025 04:00:00","BZN|FR","Without Sequence","48.22","",""
"27/04/2025 04:00:00 - 27/04/2025 04:15:00","BZN|FR","Without Sequence","48.40","",""
"27/04/2025 04:15:00 - 27/04/2025 04:30:00","BZN|FR","Without Sequence","48.40","",""
"27/04/2025 04:30:00 - 27/04/2025 04:45:00","BZN|FR","Without Sequence","48.40","",""
"27/04/2025 04:45:00 - 27/04/2025 05:00:00","BZN|FR","Without Sequence","48.40","",""
"27/04/2025 05:00:00 - 27/04/2025 05:15:00","BZN|FR","Without Sequence","50.99","",""
"27/04/2025 05:15:00 - 27/04/2025 05:30:00","BZN|FR","Without Sequence","50.99","",""
"27/04/2025 05:30:00 - 27/04/2025 05:45:00","BZN|FR","Without Sequence","50.99","",""
"27/04/2025 05:45:00 - 27/04/2025 06:00:00","BZN|FR","Without Sequence","50.99","",""
"27/04/2025 06:00:00 - 27/04/2025 06:15:00","BZN|FR","Without Sequence","52.22","",""
"27/04/2025 06:15:00 - 27/04/2025 06:30:00","BZN|FR","Without Sequence","52.22","",""
"27/04/2025 06:30:00 - 27/04/2025 06:45:00","BZN|FR","Without Sequence","52.22","",""
"27/04/2025 06:45:00 - 27/04/2025 07:00:00","BZN|FR","Without Sequence","52.22","",""
"27/04/2025 07:00:00 - 27/04/2025 07:15:00","BZN|FR","Without Sequence","55.00","",""
"27/04/2025 07:15:00 - 27/04/2025 07:30:00","BZN|FR","Without Sequence","55.00","",""
"27/04/2025 07:30:00 - 27/04/2025 07:45:00","BZN|FR","Without Sequence","55.00","",""
"27/04/2025 07:45:00 - 27/04/2025 08:00:00","BZN|FR","Without Sequence","55.00","",""
"27/04/2025 08:00:00 - 27/04/2025 08:15:00","BZN|FR","Without Sequence","35.91","",""
"27/04/2025 08:15:00 - 27/04/2025 08:30:00","BZN|FR","Without Sequence","35.91","",""
"27/04/2025 08:30:00 - 27/04/2025 08:45:00","BZN|FR","Without Sequence","35.91","",""
"27/04/2025 08:45:00 - 27/04/2025 09:00:00","BZN|FR","Without Sequence","35.91","",""
"27/04/2025 09:00:00 - 27/04/2025 09:15:00","BZN|FR","Without Sequence","0.04","",""
"27/04/2025 09:15:00 - 27/04/2025 09:30:00","BZN|FR","Without Sequence","0.04","",""
"27/04/2025 09:30:00 - 27/04/2025 09:45:00","BZN|FR","Without Sequence","0.04","",""
"27/04/2025 09:45:00 - 27/04/2025 10:00:00","BZN|FR","Without Sequence","0.04","",""
"27/04/2025 10:00:00 - 27/04/2025 10:15:00","BZN|FR","Without Sequence","-3.00","",""
"27/04/2025 10:15:00 - 27/04/2025 10:30:00","BZN|FR","Without Sequence","-3.00","",""
"27/04/2025 10:30:00 - 27/04/2025 10:45:00","BZN|FR","Without Sequence","-3.00","",""
"27/04/2025 10:45:00 - 27/04/2025 11:00:00","BZN|FR","Without Sequence","-3.00","",""
"27/04/2025 11:00:00 - 27/04/2025 11:15:00","BZN|FR","Without Sequence","-5.00","",""
"27/04/2025 11:15:00 - 27/04/2025 11:30:00","BZN|FR","Without Sequence","-5.00","",""
"27/04/2025 11:30:00 - 27/04/2025 11:45:00","BZN|FR","Without Sequence","-5.00","",""
"27/04/2025 11:45:00 - 27/04/2025 12:00:00","BZN|FR","Without Sequence","-5.00","",""
"27/04/2025 12:00:00 - 27/04/2025 12:15:00","BZN|FR","Without Sequence","-5.00","",""
"27/04/2025 12:15:00 - 27/04/2025 12:30:00","BZN|FR","Without Sequence","-5.00","",""
"27/04/2025 12:30:00 - 27/04/2025 12:45:00","BZN|FR","Without Sequence","-5.00","",""
"27/04/2025 12:45:00 - 27/04/2025 13:00:00","BZN|FR","Without Sequence","-5.00","",""
"27/04/2025 13:00:00 - 27/04/2025 13:15:00","BZN|FR","Without Sequence","-18.62","",""
"27/04/2025 13:15:00 - 27/04/2025 13:30:00","BZN|FR","Without Sequence","-18.62","",""
"27/04/2025 13:30:00 - 27/04/2025 13:45:00","BZN|FR","Without Sequence","-18.62","",""
"27/04/2025 13:45:00 - 27/04/2025 14:00:00","BZN|FR","Without Sequence","-18.62","",""
"27/04/2025 14:00:00 - 27/04/2025 14:15:00","BZN|FR","Without Sequence","-57.54","",""
"27/04/2025 14:15:00 - 27/04/2025 14:30:00","BZN|FR","Without Sequence","-57.54","",""
"27/04/2025 14:30:00 - 27/04/2025 14:45:00","BZN|FR","Without Sequence","-57.54","",""
"27/04/2025 14:45:00 - 27/04/2025 15:00:00","BZN|FR","Without Sequence","-57.54","",""
"27/04/2025 15:00:00 - 27/04/2025 15:15:00","BZN|FR","Without Sequence","-49.80","",""
"27/04/2025 15:15:00 - 27/04/2025 15:30:00","BZN|FR","Without Sequence","-49.80","",""
"27/04/2025 15:30:00 - 27/04/2025 15:45:00","BZN|FR","Without Sequence","-49.80","",""
"27/04/2025 15:45:00 - 27/04/2025 16:00:00","BZN|FR","Without Sequence","-49.80","",""
"27/04/2025 16:00:00 - 27/04/2025 16:15:00","BZN|FR","Without Sequence","-5.17","",""
"27/04/2025 16:15:00 - 27/04/2025 16:30:00","BZN|FR","Without Sequence","-5.17","",""
"27/04/2025 16:30:00 - 27/04/2025 16:45:00","BZN|FR","Without Sequence","-5.17","",""
"27/04/2025 16:45:00 - 27/04/2025 17:00:00","BZN|FR","Without Sequence","-5.17","",""
"27/04/2025 17:00:00 - 27/04/2025 17:15:00","BZN|FR","Without Sequence","18.35","",""
"27/04/2025 17:15:00 - 27/04/2025 17:30:00","BZN|FR","Without Sequence","18.35","",""
"27/04/2025 17:30:00 - 27/04/2025 17:45:00","BZN|FR","Without Sequence","18.35","",""
"27/04/2025 17:45:00 - 27/04/2025 18:00:00","BZN|FR","Without Sequence","18.35","",""
"27/04/2025 18:00:00 - 27/04/2025 18:15:00","BZN|FR","Without Sequence","51.08","",""
"27/04/2025 18:15:00 - 27/04/2025 18:30:00","BZN|FR","Without Sequence","51.08","",""
"27/04/2025 18:30:00 - 27/04/2025 18:45:00","BZN|FR","Without Sequence","51.08","",""
"27/04/2025 18:45:00 - 27/04/2025 19:00:00","BZN|FR","Without Sequence","51.08","",""
"27/04/2025 19:00:00 - 27/04/2025 19:15:00","BZN|FR","Without Sequence","84.95","",""
"27/04/2025 19:15:00 - 27/04/2025 19:30:00","BZN|FR","Without Sequence","84.95","",""
"27/04/2025 19:30:00 - 27/04/2025 19:45:00","BZN|FR","Without Sequence","84.95","",""
"27/04/2025 19:45:00 - 27/04/2025 20:00:00","BZN|FR","Without Sequence","84.95","",""
"27/04/2025 20:00:00 - 27/04/2025 20:15:00","BZN|FR","Without Sequence","83.05","",""
"27/04/2025 20:15:00 - 27/04/2025 20:30:00","BZN|FR","Without Sequence","83.05","",""
"27/04/2025 20:30:00 - 27/04/2025 20:45:00","BZN|FR","Without Sequence","83.05","",""
"27/04/2025 20:45:00 - 27/04/2025 21:00:00","BZN|FR","Without Sequence","83.05","",""
"27/04/2025 21:00:00 - 27/04/2025 21:15:00","BZN|FR","Without Sequence","100.70","",""
"27/04/2025 21:15:00 - 27/04/2025 21:30:00","BZN|FR","Without Sequence","100.70","",""
"27/04/2025 21:30:00 - 27/04/2025 21:45:00","BZN|FR","Without Sequence","100.70","",""
"27/04/2025 21:45:00 - 27/04/2025 22:00:00","BZN|FR","Without Sequence","100.70","",""
"27/04/2025 22:00:00 - 27/04/2025 22:15:00","BZN|FR","Without Sequence","99.00","",""
"27/04/2025 22:15:00 - 27/04/2025 22:30:00","BZN|FR","Without Sequence","99.00","",""
"27/04/2025 22:30:00 - 27/04/2025 22:45:00","BZN|FR","Without Sequence","99.00","",""
"27/04/2025 22:45:00 - 27/04/2025 23:00:00","BZN|FR","Without Sequence","99.00","",""
"27/04/2025 23:00:00 - 27/04/2025 23:15:00","BZN|FR","Without Sequence","88.13","",""
"27/04/2025 23:15:00 - 27/04/2025 23:30:00","BZN|FR","Without Sequence","88.13","",""
"27/04/2025 23:30:00 - 27/04/2025 23:45:00","BZN|FR","Without Sequence","88.13","",""
"27/04/2025 23:45:00 - 28/04/2025 00:00:00","BZN|FR","Without Sequence","88.13","",""
"28/04/2025 00:00:00 - 28/04/2025 00:15:00","BZN|FR","Without Sequence","55.70","",""
"28/04/2025 00:15:00 - 28/04/2025 00:30:00","BZN|FR","Without Sequence","55.70","",""
"28/04/2025 00:30:00 - 28/04/2025 00:45:00","BZN|FR","Without Sequence","55.70","",""
"28/04/2025 00:45:00 - 28/04/2025 01:00:00","BZN|FR","Without Sequence","55.70","",""
"28/04/2025 01:00:00 - 28/04/2025 01:15:00","BZN|FR","Without Sequence","40.11","",""
"28/04/2025 01:15:00 - 28/04/2025 01:30:00","BZN|FR","Without Sequence","40.11","",""
"28/04/2025 01:30:00 - 28/04/2025 01:45:00","BZN|FR","Without Sequence","40.11","",""
"28/04/2025 01:45:00 - 28/04/2025 02:00:00","BZN|FR","Without Sequence","40.11","",""
"28/04/2025 02:00:00 - 28/04/2025 02:15:00","BZN|FR","Without Sequence","60.35","",""
"28/04/2025 02:15:00 - 28/04/2025 02:30:00","BZN|FR","Without Sequence","60.35","",""
"28/04/2025 02:30:00 - 28/04/2025 02:45:00","BZN|FR","Without Sequence","60.35","",""
"28/04/2025 02:45:00 - 28/04/2025 03:00:00","BZN|FR","Without Sequence","60.35","",""
"28/04/2025 03:00:00 - 28/04/2025 03:15:00","BZN|FR","Without Sequence","48.39","",""
"28/04/2025 03:15:00 - 28/04/2025 03:30:00","BZN|FR","Without Sequence","48.39","",""
"28/04/2025 03:30:00 - 28/04/2025 03:45:00","BZN|FR","Without Sequence","48.39","",""
"28/04/2025 03:45:00 - 28/04/2025 04:00:00","BZN|FR","Without Sequence","48.39","",""
"28/04/2025 04:00:00 - 28/04/2025 04:15:00","BZN|FR","Without Sequence","53.79","",""
"28/04/2025 04:15:00 - 28/04/2025 04:30:00","BZN|FR","Without Sequence","53.79","",""
"28/04/2025 04:30:00 - 28/04/2025 04:45:00","BZN|FR","Without Sequence","53.79","",""
"28/04/2025 04:45:00 - 28/04/2025 05:00:00","BZN|FR","Without Sequence","53.79","",""
"28/04/2025 05:00:00 - 28/04/2025 05:15:00","BZN|FR","Without Sequence","60.38","",""
"28/04/2025 05:15:00 - 28/04/2025 05:30:00","BZN|FR","Without Sequence","60.38","",""
"28/04/2025 05:30:00 - 28/04/2025 05:45:00","BZN|FR","Without Sequence","60.38","",""
"28/04/2025 05:45:00 - 28/04/2025 06:00:00","BZN|FR","Without Sequence","60.38","",""
"28/04/2025 06:00:00 - 28/04/2025 06:15:00","BZN|FR","Without Sequence","91.30","",""
"28/04/2025 06:15:00 - 28/04/2025 06:30:00","BZN|FR","Without Sequence","91.30","",""
"28/04/2025 06:30:00 - 28/04/2025 06:45:00","BZN|FR","Without Sequence","91.30","",""
"28/04/2025 06:45:00 - 28/04/2025 07:00:00","BZN|FR","Without Sequence","91.30","",""
"28/04/2025 07:00:00 - 28/04/2025 07:15:00","BZN|FR","Without Sequence","131.09","",""
"28/04/2025 07:15:00 - 28/04/2025 07:30:00","BZN|FR","Without Sequence","131.09","",""
"28/04/2025 07:30:00 - 28/04/2025 07:45:00","BZN|FR","Without Sequence","131.09","",""
"28/04/2025 07:45:00 - 28/04/2025 08:00:00","BZN|FR","Without Sequence","131.09","",""
"28/04/2025 08:00:00 - 28/04/2025 08:15:00","BZN|FR","Without Sequence","96.77","",""
"28/04/2025 08:15:00 - 28/04/2025 08:30:00","BZN|FR","Without Sequence","96.77","",""
"28/04/2025 08:30:00 - 28/04/2025 08:45:00","BZN|FR","Without Sequence","96.77","",""
"28/04/2025 08:45:00 - 28/04/2025 09:00:00","BZN|FR","Without Sequence","96.77","",""
"28/04/2025 09:00:00 - 28/04/2025 09:15:00","BZN|FR","Without Sequence","67.37","",""
"28/04/2025 09:15:00 - 28/04/2025 09:30:00","BZN|FR","Without Sequence","67.37","",""
"28/04/2025 09:30:00 - 28/04/2025 09:45:00","BZN|FR","Without Sequence","67.37","",""
"28/04/2025 09:45:00 - 28/04/2025 10:00:00","BZN|FR","Without Sequence","67.37","",""
"28/04/2025 10:00:00 - 28/04/2025 10:15:00","BZN|FR","Without Sequence","10.03","",""
"28/04/2025 10:15:00 - 28/04/2025 10:30:00","BZN|FR","Without Sequence","10.03","",""
"28/04/2025 10:30:00 - 28/04/2025 10:45:00","BZN|FR","Without Sequence","10.03","",""
"28/04/2025 10:45:00 - 28/04/2025 11:00:00","BZN|FR","Without Sequence","10.03","",""
"28/04/2025 11:00:00 - 28/04/2025 11:15:00","BZN|FR","Without Sequence","-0.01","",""
"28/04/2025 11:15:00 - 28/04/2025 11:30:00","BZN|FR","Without Sequence","-0.01","",""
"28/04/2025 11:30:00 - 28/04/2025 11:45:00","BZN|FR","Without Sequence","-0.01","",""
"28/04/2025 11:45:00 - 28/04/2025 12:00:00","BZN|FR","Without Sequence","-0.01","",""
"28/04/2025 12:00:00 - 28/04/2025 12:15:00","BZN|FR","Without Sequence","-1.01","",""
"28/04/2025 12:15:00 - 28/04/2025 12:30:00","BZN|FR","Without Sequence","-1.01","",""
"28/04/2025 12:30:00 - 28/04/2025 12:45:00","BZN|FR","Without Sequence","-1.01","",""
"28/04/2025 12:45:00 - 28/04/2025 13:00:00","BZN|FR","Without Sequence","-1.01","",""
"28/04/2025 13:00:00 - 28/04/2025 13:15:00","BZN|FR","Without Sequence","-5.90","",""
"28/04/2025 13:15:00 - 28/04/2025 13:30:00","BZN|FR","Without Sequence","-5.90","",""
"28/04/2025 13:30:00 - 28/04/2025 13:45:00","BZN|FR","Without Sequence","-5.90","",""
"28/04/2025 13:45:00 - 28/04/2025 14:00:00","BZN|FR","Without Sequence","-5.90","",""
"28/04/2025 14:00:00 - 28/04/2025 14:15:00","BZN|FR","Without Sequence","-6.18","",""
"28/04/2025 14:15:00 - 28/04/2025 14:30:00","BZN|FR","Without Sequence","-6.18","",""
"28/04/2025 14:30:00 - 28/04/2025 14:45:00","BZN|FR","Without Sequence","-6.18","",""
"28/04/2025 14:45:00 - 28/04/2025 15:00:00","BZN|FR","Without Sequence","-6.18","",""
"28/04/2025 15:00:00 - 28/04/2025 15:15:00","BZN|FR","Without Sequence","-1.54","",""
"28/04/2025 15:15:00 - 28/04/2025 15:30:00","BZN|FR","Without Sequence","-1.54","",""
"28/04/2025 15:30:00 - 28/04/2025 15:45:00","BZN|FR","Without Sequence","-1.54","",""
"28/04/2025 15:45:00 - 28/04/2025 16:00:00","BZN|FR","Without Sequence","-1.54","",""
"28/04/2025 16:00:00 - 28/04/2025 16:15:00","BZN|FR","Without Sequence","0.00","",""
"28/04/2025 16:15:00 - 28/04/2025 16:30:00","BZN|FR","Without Sequence","0.00","",""
"28/04/2025 16:30:00 - 28/04/2025 16:45:00","BZN|FR","Without Sequence","0.00","",""
"28/04/2025 16:45:00 - 28/04/2025 17:00:00","BZN|FR","Without Sequence","0.00","",""
"28/04/2025 17:00:00 - 28/04/2025 17:15:00","BZN|FR","Without Sequence","17.57","",""
"28/04/2025 17:15:00 - 28/04/2025 17:30:00","BZN|FR","Without Sequence","17.57","",""
"28/04/2025 17:30:00 - 28/04/2025 17:45:00","BZN|FR","Without Sequence","17.57","",""
"28/04/2025 17:45:00 - 28/04/2025 18:00:00","BZN|FR","Without Sequence","17.57","",""
"28/04/2025 18:00:00 - 28/04/2025 18:15:00","BZN|FR","Without Sequence","36.85","",""
"28/04/2025 18:15:00 - 28/04/2025 18:30:00","BZN|FR","Without Sequence","36.85","",""
"28/04/2025 18:30:00 - 28/04/2025 18:45:00","BZN|FR","Without Sequence","36.85","",""
"28/04/2025 18:45:00 - 28/04/2025 19:00:00","BZN|FR","Without Sequence","36.85","",""
"28/04/2025 19:00:00 - 28/04/2025 19:15:00","BZN|FR","Without Sequence","66.28","",""
"28/04/2025 19:15:00 - 28/04/2025 19:30:00","BZN|FR","Without Sequence","66.28","",""
"28/04/2025 19:30:00 - 28/04/2025 19:45:00","BZN|FR","Without Sequence","66.28","",""
"28/04/2025 19:45:00 - 28/04/2025 20:00:00","BZN|FR","Without Sequence","66.28","",""
"28/04/2025 20:00:00 - 28/04/2025 20:15:00","BZN|FR","Without Sequence","74.43","",""
"28/04/2025 20:15:00 - 28/04/2025 20:30:00","BZN|FR","Without Sequence","74.43","",""
"28/04/2025 20:30:00 - 28/04/2025 20:45:00","BZN|FR","Without Sequence","74.43","",""
"28/04/2025 20:45:00 - 28/04/2025 21:00:00","BZN|FR","Without Sequence","74.43","",""
"28/04/2025 21:00:00 - 28/04/2025 21:15:00","BZN|FR","Without Sequence","80.80","",""
"28/04/2025 21:15:00 - 28/04/2025 21:30:00","BZN|FR","Without Sequence","80.80","",""
"28/04/2025 21:30:00 - 28/04/2025 21:45:00","BZN|FR","Without Sequence","80.80","",""
"28/04/2025 21:45:00 - 28/04/2025 22:00:00","BZN|FR","Without Sequence","80.80","",""
"28/04/2025 22:00:00 - 28/04/2025 22:15:00","BZN|FR","Without Sequence","61.15","",""
"28/04/2025 22:15:00 - 28/04/2025 22:30:00","BZN|FR","Without Sequence","61.15","",""
"28/04/2025 22:30:00 - 28/04/2025 22:45:00","BZN|FR","Without Sequence","61.15","",""
"28/04/2025 22:45:00 - 28/04/2025 23:00:00","BZN|FR","Without Sequence","61.15","",""
"28/04/2025 23:00:00 - 28/04/2025 23:15:00","BZN|FR","Without Sequence","86.45","",""
"28/04/2025 23:15:00 - 28/04/2025 23:30:00","BZN|FR","Without Sequence","86.45","",""
"28/04/2025 23:30:00 - 28/04/2025 23:45:00","BZN|FR","Without Sequence","86.45","",""
"28/04/2025 23:45:00 - 29/04/2025 00:00:00","BZN|FR","Without Sequence","86.45","",""
"29/04/2025 00:00:00 - 29/04/2025 00:15:00","BZN|FR","Without Sequence","35.15","",""
"29/04/2025 00:15:00 - 29/04/2025 00:30:00","BZN|FR","Without Sequence","35.15","",""
"29/04/2025 00:30:00 - 29/04/2025 00:45:00","BZN|FR","Without Sequence","35.15","",""
"29/04/2025 00:45:00 - 29/04/2025 01:00:00","BZN|FR","Without Sequence","35.15","",""
"29/04/2025 01:00:00 - 29/04/2025 01:15:00","BZN|FR","Without Sequence","38.22","",""
"29/04/2025 01:15:00 - 29/04/2025 01:30:00","BZN|FR","Without Sequence","38.22","",""
"29/04/2025 01:30:00 - 29/04/2025 01:45:00","BZN|FR","Without Sequence","38.22","",""
"29/04/2025 01:45:00 - 29/04/2025 02:00:00","BZN|FR","Without Sequence","38.22","",""
"29/04/2025 02:00:00 - 29/04/2025 02:15:00","BZN|FR","Without Sequence","25.41","",""
"29/04/2025 02:15:00 - 29/04/2025 02:30:00","BZN|FR","Without Sequence","25.41","",""
"29/04/2025 02:30:00 - 29/04/2025 02:45:00","BZN|FR","Without Sequence","25.41","",""
"29/04/2025 02:45:00 - 29/04/2025 03:00:00","BZN|FR","Without Sequence","25.41","",""
"29/04/2025 03:00:00 - 29/04/2025 03:15:00","BZN|FR","Without Sequence","10.29","",""
"29/04/2025 03:15:00 - 29/04/2025 03:30:00","BZN|FR","Without Sequence","10.29","",""
"29/04/2025 03:30:00 - 29/04/2025 03:45:00","BZN|FR","Without Sequence","10.29","",""
"29/04/2025 03:45:00 - 29/04/2025 04:00:00","BZN|FR","Without Sequence","10.29","",""
"29/04/2025 04:00:00 - 29/04/2025 04:15:00","BZN|FR","Without Sequence","6.78","",""
"29/04/2025 04:15:00 - 29/04/2025 04:30:00","BZN|FR","Without Sequence","6.78","",""
"29/04/2025 04:30:00 - 29/04/2025 04:45:00","BZN|FR","Without Sequence","6.78","",""
"29/04/2025 04:45:00 - 29/04/2025 05:00:00","BZN|FR","Without Sequence","6.78","",""
"29/04/2025 05:00:00 - 29/04/2025 05:15:00","BZN|FR","Without Sequence","9.16","",""
"29/04/2025 05:15:00 - 29/04/2025 05:30:00","BZN|FR","Without Sequence","9.16","",""
"29/04/2025 05:30:00 - 29/04/2025 05:45:00","BZN|FR","Without Sequence","9.16","",""
"29/04/2025 05:45:00 - 29/04/2025 06:00:00","BZN|FR","Without Sequence","9.16","",""
"29/04/2025 06:00:00 - 29/04/2025 06:15:00","BZN|FR","Without Sequence","38.21","",""
"29/04/2025 06:15:00 - 29/04/2025 06:30:00","BZN|FR","Without Sequence","38.21","",""
"29/04/2025 06:30:00 - 29/04/2025 06:45:00","BZN|FR","Without Sequence","38.21","",""
"29/04/2025 06:45:00 - 29/04/2025 07:00:00","BZN|FR","Without Sequence","38.21","",""
"29/04/2025 07:00:00 - 29/04/2025 07:15:00","BZN|FR","Without Sequence","52.13","",""
"29/04/2025 07:15:00 - 29/04/2025 07:30:00","BZN|FR","Without Sequence","52.13","",""
"29/04/2025 07:30:00 - 29/04/2025 07:45:00","BZN|FR","Without Sequence","52.13","",""
"29/04/2025 07:45:00 - 29/04/2025 08:00:00","BZN|FR","Without Sequence","52.13","",""
"29/04/2025 08:00:00 - 29/04/2025 08:15:00","BZN|FR","Without Sequence","38.56","",""
"29/04/2025 08:15:00 - 29/04/2025 08:30:00","BZN|FR","Without Sequence","38.56","",""
"29/04/2025 08:30:00 - 29/04/2025 08:45:00","BZN|FR","Without Sequence","38.56","",""
"29/04/2025 08:45:00 - 29/04/2025 09:00:00","BZN|FR","Without Sequence","38.56","",""
"29/04/2025 09:00:00 - 29/04/2025 09:15:00","BZN|FR","Without Sequence","38.87","",""
"29/04/2025 09:15:00 - 29/04/2025 09:30:00","BZN|FR","Without Sequence","38.87","",""
"29/04/2025 09:30:00 - 29/04/2025 09:45:00","BZN|FR","Without Sequence","38.87","",""
"29/04/2025 09:45:00 - 29/04/2025 10:00:00","BZN|FR","Without Sequence","38.87","",""
"29/04/2025 10:00:00 - 29/04/2025 10:15:00","BZN|FR","Without Sequence","9.44","",""
"29/04/2025 10:15:00 - 29/04/2025 10:30:00","BZN|FR","Without Sequence","9.44","",""
"29/04/2025 10:30:00 - 29/04/2025 10:45:00","BZN|FR","Without Sequence","9.44","",""
"29/04/2025 10:45:00 - 29/04/2025 11:00:00","BZN|FR","Without Sequence","9.44","",""
"29/04/2025 11:00:00 - 29/04/2025 11:15:00","BZN|FR","Without Sequence","0.00","",""
"29/04/2025 11:15:00 - 29/04/2025 11:30:00","BZN|FR","Without Sequence","0.00","",""
"29/04/2025 11:30:00 - 29/04/2025 11:45:00","BZN|FR","Without Sequence","0.00","",""
"29/04/2025 11:45:00 - 29/04/2025 12:00:00","BZN|FR","Without Sequence","0.00","",""
"29/04/2025 12:00:00 - 29/04/2025 12:15:00","BZN|FR","Without Sequence","-0.76","",""
"29/04/2025 12:15:00 - 29/04/2025 12:30:00","BZN|FR","Without Sequence","-0.76","",""
"29/04/2025 12:30:00 - 29/04/2025 12:45:00","BZN|FR","Without Sequence","-0.76","",""
"29/04/2025 12:45:00 - 29/04/2025 13:00:00","BZN|FR","Without Sequence","-0.76","",""
"29/04/2025 13:00:00 - 29/04/2025 13:15:00","BZN|FR","Without Sequence","-1.90","",""
"29/04/2025 13:15:00 - 29/04/2025 13:30:00","BZN|FR","Without Sequence","-1.90","",""
"29/04/2025 13:30:00 - 29/04/2025 13:45:00","BZN|FR","Without Sequence","-1.90","",""
"29/04/2025 13:45:00 - 29/04/2025 14:00:00","BZN|FR","Without Sequence","-1.90","",""
"29/04/2025 14:00:00 - 29/04/2025 14:15:00","BZN|FR","Without Sequence","-1.66","",""
"29/04/2025 14:15:00 - 29/04/2025 14:30:00","BZN|FR","Without Sequence","-1.66","",""
"29/04/2025 14:30:00 - 29/04/2025 14:45:00","BZN|FR","Without Sequence","-1.66","",""
"29/04/2025 14:45:00 - 29/04/2025 15:00:00","BZN|FR","Without Sequence","-1.66","",""
"29/04/2025 15:00:00 - 29/04/2025 15:15:00","BZN|FR","Without Sequence","-0.01","",""
"29/04/2025 15:15:00 - 29/04/2025 15:30:00","BZN|FR","Without Sequence","-0.01","",""
"29/04/2025 15:30:00 - 29/04/2025 15:45:00","BZN|FR","Without Sequence","-0.01","",""
"29/04/2025 15:45:00 - 29/04/2025 16:00:00","BZN|FR","Without Sequence","-0.01","",""
"29/04/2025 16:00:00 - 29/04/2025 16:15:00","BZN|FR","Without Sequence","0.31","",""
"29/04/2025 16:15:00 - 29/04/2025 16:30:00","BZN|FR","Without Sequence","0.31","",""
"29/04/2025 16:30:00 - 29/04/2025 16:45:00","BZN|FR","Without Sequence","0.31","",""
"29/04/2025 16:45:00 - 29/04/2025 17:00:00","BZN|FR","Without Sequence","0.31","",""
"29/04/2025 17:00:00 - 29/04/2025 17:15:00","BZN|FR","Without Sequence","20.32","",""
"29/04/2025 17:15:00 - 29/04/2025 17:30:00","BZN|FR","Without Sequence","20.32","",""
"29/04/2025 17:30:00 - 29/04/2025 17:45:00","BZN|FR","Without Sequence","20.32","",""
"29/04/2025 17:45:00 - 29/04/2025 18:00:00","BZN|FR","Without Sequence","20.32","",""
"29/04/2025 18:00:00 - 29/04/2025 18:15:00","BZN|FR","Without Sequence","49.96","",""
"29/04/2025 18:15:00 - 29/04/2025 18:30:00","BZN|FR","Without Sequence","49.96","",""
"29/04/2025 18:30:00 - 29/04/2025 18:45:00","BZN|FR","Without Sequence","49.96","",""
"29/04/2025 18:45:00 - 29/04/2025 19:00:00","BZN|FR","Without Sequence","49.96","",""
"29/04/2025 19:00:00 - 29/04/2025 19:15:00","BZN|FR","Without Sequence","48.93","",""
"29/04/2025 19:15:00 - 29/04/2025 19:30:00","BZN|FR","Without Sequence","48.93","",""
"29/04/2025 19:30:00 - 29/04/2025 19:45:00","BZN|FR","Without Sequence","48.93","",""
"29/04/2025 19:45:00 - 29/04/2025 20:00:00","BZN|FR","Without Sequence","48.93","",""
"29/04/2025 20:00:00 - 29/04/2025 20:15:00","BZN|FR","Without Sequence","48.30","",""
"29/04/2025 20:15:00 - 29/04/2025 20:30:00","BZN|FR","Without Sequence","48.30","",""
"29/04/2025 20:30:00 - 29/04/2025 20:45:00","BZN|FR","Without Sequence","48.30","",""
"29/04/2025 20:45:00 - 29/04/2025 21:00:00","BZN|FR","Without Sequence","48.30","",""
"29/04/2025 21:00:00 - 29/04/2025 21:15:00","BZN|FR","Without Sequence","40.55","",""
"29/04/2025 21:15:00 - 29/04/2025 21:30:00","BZN|FR","Without Sequence","40.55","",""
"29/04/2025 21:30:00 - 29/04/2025 21:45:00","BZN|FR","Without Sequence","40.55","",""
"29/04/2025 21:45:00 - 29/04/2025 22:00:00","BZN|FR","Without Sequence","40.55","",""
"29/04/2025 22:00:00 - 29/04/2025 22:15:00","BZN|FR","Without Sequence","39.06","",""
"29/04/2025 22:15:00 - 29/04/2025 22:30:00","BZN|FR","Without Sequence","39.06","",""
"29/04/2025 22:30:00 - 29/04/2025 22:45:00","BZN|FR","Without Sequence","39.06","",""
"29/04/2025 22:45:00 - 29/04/2025 23:00:00","BZN|FR","Without Sequence","39.06","",""
"29/04/2025 23:00:00 - 29/04/2025 23:15:00","BZN|FR","Without Sequence","52.53","",""
"29/04/2025 23:15:00 - 29/04/2025 23:30:00","BZN|FR","Without Sequence","52.53","",""
"29/04/2025 23:30:00 - 29/04/2025 23:45:00","BZN|FR","Without Sequence","52.53","",""
"29/04/2025 23:45:00 - 30/04/2025 00:00:00","BZN|FR","Without Sequence","52.53","",""
"30/04/2025 00:00:00 - 30/04/2025 00:15:00","BZN|FR","Without Sequence","95.00","",""
"30/04/2025 00:15:00 - 30/04/2025 00:30:00","BZN|FR","Without Sequence","95.00","",""
"30/04/2025 00:30:00 - 30/04/2025 00:45:00","BZN|FR","Without Sequence","95.00","",""
"30/04/2025 00:45:00 - 30/04/2025 01:00:00","BZN|FR","Without Sequence","95.00","",""
"30/04/2025 01:00:00 - 30/04/2025 01:15:00","BZN|FR","Without Sequence","86.67","",""
"30/04/2025 01:15:00 - 30/04/2025 01:30:00","BZN|FR","Without Sequence","86.67","",""
"30/04/2025 01:30:00 - 30/04/2025 01:45:00","BZN|FR","Without Sequence","86.67","",""
"30/04/2025 01:45:00 - 30/04/2025 02:00:00","BZN|FR","Without Sequence","86.67","",""
"30/04/2025 02:00:00 - 30/04/2025 02:15:00","BZN|FR","Without Sequence","20.14","",""
"30/04/2025 02:15:00 - 30/04/2025 02:30:00","BZN|FR","Without Sequence","20.14","",""
"30/04/2025 02:30:00 - 30/04/2025 02:45:00","BZN|FR","Without Sequence","20.14","",""
"30/04/2025 02:45:00 - 30/04/2025 03:00:00","BZN|FR","Without Sequence","20.14","",""
"30/04/2025 03:00:00 - 30/04/2025 03:15:00","BZN|FR","Without Sequence","16.45","",""
"30/04/2025 03:15:00 - 30/04/2025 03:30:00","BZN|FR","Without Sequence","16.45","",""
"30/04/2025 03:30:00 - 30/04/2025 03:45:00","BZN|FR","Without Sequence","16.45","",""
"30/04/2025 03:45:00 - 30/04/2025 04:00:00","BZN|FR","Without Sequence","16.45","",""
"30/04/2025 04:00:00 - 30/04/2025 04:15:00","BZN|FR","Without Sequence","15.41","",""
"30/04/2025 04:15:00 - 30/04/2025 04:30:00","BZN|FR","Without Sequence","15.41","",""
"30/04/2025 04:30:00 - 30/04/2025 04:45:00","BZN|FR","Without Sequence","15.41","",""
"30/04/2025 04:45:00 - 30/04/2025 05:00:00","BZN|FR","Without Sequence","15.41","",""
"30/04/2025 05:00:00 - 30/04/2025 05:15:00","BZN|FR","Without Sequence","35.00","",""
"30/04/2025 05:15:00 - 30/04/2025 05:30:00","BZN|FR","Without Sequence","35.00","",""
"30/04/2025 05:30:00 - 30/04/2025 05:45:00","BZN|FR","Without Sequence","35.00","",""
"30/04/2025 05:45:00 - 30/04/2025 06:00:00","BZN|FR","Without Sequence","35.00","",""
"30/04/2025 06:00:00 - 30/04/2025 06:15:00","BZN|FR","Without Sequence","87.99","",""
"30/04/2025 06:15:00 - 30/04/2025 06:30:00","BZN|FR","Without Sequence","87.99","",""
"30/04/2025 06:30:00 - 30/04/2025 06:45:00","BZN|FR","Without Sequence","87.99","",""
"30/04/2025 06:45:00 - 30/04/2025 07:00:00","BZN|FR","Without Sequence","87.99","",""
"30/04/2025 07:00:00 - 30/04/2025 07:15:00","BZN|FR","Without Sequence","117.01","",""
"30/04/2025 07:15:00 - 30/04/2025 07:30:00","BZN|FR","Without Sequence","117.01","",""
"30/04/2025 07:30:00 - 30/04/2025 07:45:00","BZN|FR","Without Sequence","117.01","",""
"30/04/2025 07:45:00 - 30/04/2025 08:00:00","BZN|FR","Without Sequence","117.01","",""
"30/04/2025 08:00:00 - 30/04/2025 08:15:00","BZN|FR","Without Sequence","98.03","",""
"30/04/2025 08:15:00 - 30/04/2025 08:30:00","BZN|FR","Without Sequence","98.03","",""
"30/04/2025 08:30:00 - 30/04/2025 08:45:00","BZN|FR","Without Sequence","98.03","",""
"30/04/2025 08:45:00 - 30/04/2025 09:00:00","BZN|FR","Without Sequence","98.03","",""
"30/04/2025 09:00:00 - 30/04/2025 09:15:00","BZN|FR","Without Sequence","59.92","",""
"30/04/2025 09:15:00 - 30/04/2025 09:30:00","BZN|FR","Without Sequence","59.92","",""
"30/04/2025 09:30:00 - 30/04/2025 09:45:00","BZN|FR","Without Sequence","59.92","",""
"30/04/2025 09:45:00 - 30/04/2025 10:00:00","BZN|FR","Without Sequence","59.92","",""
"30/04/2025 10:00:00 - 30/04/2025 10:15:00","BZN|FR","Without Sequence","7.08","",""
"30/04/2025 10:15:00 - 30/04/2025 10:30:00","BZN|FR","Without Sequence","7.08","",""
"30/04/2025 10:30:00 - 30/04/2025 10:45:00","BZN|FR","Without Sequence","7.08","",""
"30/04/2025 10:45:00 - 30/04/2025 11:00:00","BZN|FR","Without Sequence","7.08","",""
"30/04/2025 11:00:00 - 30/04/2025 11:15:00","BZN|FR","Without Sequence","0.00","",""
"30/04/2025 11:15:00 - 30/04/2025 11:30:00","BZN|FR","Without Sequence","0.00","",""
"30/04/2025 11:30:00 - 30/04/2025 11:45:00","BZN|FR","Without Sequence","0.00","",""
"30/04/2025 11:45:00 - 30/04/2025 12:00:00","BZN|FR","Without Sequence","0.00","",""
"30/04/2025 12:00:00 - 30/04/2025 12:15:00","BZN|FR","Without Sequence","-1.00","",""
"30/04/2025 12:15:00 - 30/04/2025 12:30:00","BZN|FR","Without Sequence","-1.00","",""
"30/04/2025 12:30:00 - 30/04/2025 12:45:00","BZN|FR","Without Sequence","-1.00","",""
"30/04/2025 12:45:00 - 30/04/2025 13:00:00","BZN|FR","Without Sequence","-1.00","",""
"30/04/2025 13:00:00 - 30/04/2025 13:15:00","BZN|FR","Without Sequence","-6.21","",""
"30/04/2025 13:15:00 - 30/04/2025 13:30:00","BZN|FR","Without Sequence","-6.21","",""
"30/04/2025 13:30:00 - 30/04/2025 13:45:00","BZN|FR","Without Sequence","-6.21","",""
"30/04/2025 13:45:00 - 30/04/2025 14:00:00","BZN|FR","Without Sequence","-6.21","",""
"30/04/2025 14:00:00 - 30/04/2025 14:15:00","BZN|FR","Without Sequence","-3.00","",""
"30/04/2025 14:15:00 - 30/04/2025 14:30:00","BZN|FR","Without Sequence","-3.00","",""
"30/04/2025 14:30:00 - 30/04/2025 14:45:00","BZN|FR","Without Sequence","-3.00","",""
"30/04/2025 14:45:00 - 30/04/2025 15:00:00","BZN|FR","Without Sequence","-3.00","",""
"30/04/2025 15:00:00 - 30/04/2025 15:15:00","BZN|FR","Without Sequence","-0.02","",""
"30/04/2025 15:15:00 - 30/04/2025 15:30:00","BZN|FR","Without Sequence","-0.02","",""
"30/04/2025 15:30:00 - 30/04/2025 15:45:00","BZN|FR","Without Sequence","-0.02","",""
"30/04/2025 15:45:00 - 30/04/2025 16:00:00","BZN|FR","Without Sequence","-0.02","",""
"30/04/2025 16:00:00 - 30/04/2025 16:15:00","BZN|FR","Without Sequence","0.00","",""
"30/04/2025 16:15:00 - 30/04/2025 16:30:00","BZN|FR","Without Sequence","0.00","",""
"30/04/2025 16:30:00 - 30/04/2025 16:45:00","BZN|FR","Without Sequence","0.00","",""
"30/04/2025 16:45:00 - 30/04/2025 17:00:00","BZN|FR","Without Sequence","0.00","",""
"30/04/2025 17:00:00 - 30/04/2025 17:15:00","BZN|FR","Without Sequence","24.19","",""
"30/04/2025 17:15:00 - 30/04/2025 17:30:00","BZN|FR","Without Sequence","24.19","",""
"30/04/2025 17:30:00 - 30/04/2025 17:45:00","BZN|FR","Without Sequence","24.19","",""
"30/04/2025 17:45:00 - 30/04/2025 18:00:00","BZN|FR","Without Sequence","24.19","",""
"30/04/2025 18:00:00 - 30/04/2025 18:15:00","BZN|FR","Without Sequence","60.09","",""
"30/04/2025 18:15:00 - 30/04/2025 18:30:00","BZN|FR","Without Sequence","60.09","",""
"30/04/2025 18:30:00 - 30/04/2025 18:45:00","BZN|FR","Without Sequence","60.09","",""
"30/04/2025 18:45:00 - 30/04/2025 19:00:00","BZN|FR","Without Sequence","60.09","",""
"30/04/2025 19:00:00 - 30/04/2025 19:15:00","BZN|FR","Without Sequence","92.00","",""
"30/04/2025 19:15:00 - 30/04/2025 19:30:00","BZN|FR","Without Sequence","92.00","",""
"30/04/2025 19:30:00 - 30/04/2025 19:45:00","BZN|FR","Without Sequence","92.00","",""
"30/04/2025 19:45:00 - 30/04/2025 20:00:00","BZN|FR","Without Sequence","92.00","",""
"30/04/2025 20:00:00 - 30/04/2025 20:15:00","BZN|FR","Without Sequence","80.85","",""
"30/04/2025 20:15:00 - 30/04/2025 20:30:00","BZN|FR","Without Sequence","80.85","",""
"30/04/2025 20:30:00 - 30/04/2025 20:45:00","BZN|FR","Without Sequence","80.85","",""
"30/04/2025 20:45:00 - 30/04/2025 21:00:00","BZN|FR","Without Sequence","80.85","",""
"30/04/2025 21:00:00 - 30/04/2025 21:15:00","BZN|FR","Without Sequence","108.14","",""
"30/04/2025 21:15:00 - 30/04/2025 21:30:00","BZN|FR","Without Sequence","108.14","",""
"30/04/2025 21:30:00 - 30/04/2025 21:45:00","BZN|FR","Without Sequence","108.14","",""
"30/04/2025 21:45:00 - 30/04/2025 22:00:00","BZN|FR","Without Sequence","108.14","",""
"30/04/2025 22:00:00 - 30/04/2025 22:15:00","BZN|FR","Without Sequence","95.10","",""
"30/04/2025 22:15:00 - 30/04/2025 22:30:00","BZN|FR","Without Sequence","95.10","",""
"30/04/2025 22:30:00 - 30/04/2025 22:45:00","BZN|FR","Without Sequence","95.10","",""
"30/04/2025 22:45:00 - 30/04/2025 23:00:00","BZN|FR","Without Sequence","95.10","",""
"30/04/2025 23:00:00 - 30/04/2025 23:15:00","BZN|FR","Without Sequence","69.38","",""
"30/04/2025 23:15:00 - 30/04/2025 23:30:00","BZN|FR","Without Sequence","69.38","",""
"30/04/2025 23:30:00 - 30/04/2025 23:45:00","BZN|FR","Without Sequence","69.38","",""
"30/04/2025 23:45:00 - 01/05/2025 00:00:00","BZN|FR","Without Sequence","69.38","",""
"01/05/2025 00:00:00 - 01/05/2025 00:15:00","BZN|FR","Without Sequence","29.20","",""
"01/05/2025 00:15:00 - 01/05/2025 00:30:00","BZN|FR","Without Sequence","29.20","",""
"01/05/2025 00:30:00 - 01/05/2025 00:45:00","BZN|FR","Without Sequence","29.20","",""
"01/05/2025 00:45:00 - 01/05/2025 01:00:00","BZN|FR","Without Sequence","29.20","",""
"01/05/2025 01:00:00 - 01/05/2025 01:15:00","BZN|FR","Without Sequence","22.66","",""
"01/05/2025 01:15:00 - 01/05/2025 01:30:00","BZN|FR","Without Sequence","22.66","",""
"01/05/2025 01:30:00 - 01/05/2025 01:45:00","BZN|FR","Without Sequence","22.66","",""
"01/05/2025 01:45:00 - 01/05/2025 02:00:00","BZN|FR","Without Sequence","22.66","",""
"01/05/2025 02:00:00 - 01/05/2025 02:15:00","BZN|FR","Without Sequence","22.59","",""
"01/05/2025 02:15:00 - 01/05/2025 02:30:00","BZN|FR","Without Sequence","22.59","",""
"01/05/2025 02:30:00 - 01/05/2025 02:45:00","BZN|FR","Without Sequence","22.59","",""
"01/05/2025 02:45:00 - 01/05/2025 03:00:00","BZN|FR","Without Sequence","22.59","",""
"01/05/2025 03:00:00 - 01/05/2025 03:15:00","BZN|FR","Without Sequence","23.22","",""
"01/05/2025 03:15:00 - 01/05/2025 03:30:00","BZN|FR","Without Sequence","23.22","",""
"01/05/2025 03:30:00 - 01/05/2025 03:45:00","BZN|FR","Without Sequence","23.22","",""
"01/05/2025 03:45:00 - 01/05/2025 04:00:00","BZN|FR","Without Sequence","23.22","",""
"01/05/2025 04:00:00 - 01/05/2025 04:15:00","BZN|FR","Without Sequence","22.59","",""
"01/05/2025 04:15:00 - 01/05/2025 04:30:00","BZN|FR","Without Sequence","22.59","",""
"01/05/2025 04:30:00 - 01/05/2025 04:45:00","BZN|FR","Without Sequence","22.59","",""
"01/05/2025 04:45:00 - 01/05/2025 05:00:00","BZN|FR","Without Sequence","22.59","",""
"01/05/2025 05:00:00 - 01/05/2025 05:15:00","BZN|FR","Without Sequence","27.20","",""
"01/05/2025 05:15:00 - 01/05/2025 05:30:00","BZN|FR","Without Sequence","27.20","",""
"01/05/2025 05:30:00 - 01/05/2025 05:45:00","BZN|FR","Without Sequence","27.20","",""
"01/05/2025 05:45:00 - 01/05/2025 06:00:00","BZN|FR","Without Sequence","27.20","",""
"01/05/2025 06:00:00 - 01/05/2025 06:15:00","BZN|FR","Without Sequence","28.16","",""
"01/05/2025 06:15:00 - 01/05/2025 06:30:00","BZN|FR","Without Sequence","28.16","",""
"01/05/2025 06:30:00 - 01/05/2025 06:45:00","BZN|FR","Without Sequence","28.16","",""
"01/05/2025 06:45:00 - 01/05/2025 07:00:00","BZN|FR","Without Sequence","28.16","",""
"01/05/2025 07:00:00 - 01/05/2025 07:15:00","BZN|FR","Without Sequence","23.02","",""
"01/05/2025 07:15:00 - 01/05/2025 07:30:00","BZN|FR","Without Sequence","23.02","",""
"01/05/2025 07:30:00 - 01/05/2025 07:45:00","BZN|FR","Without Sequence","23.02","",""
"01/05/2025 07:45:00 - 01/05/2025 08:00:00","BZN|FR","Without Sequence","23.02","",""
"01/05/2025 08:00:00 - 01/05/2025 08:15:00","BZN|FR","Without Sequence","18.39","",""
"01/05/2025 08:15:00 - 01/05/2025 08:30:00","BZN|FR","Without Sequence","18.39","",""
"01/05/2025 08:30:00 - 01/05/2025 08:45:00","BZN|FR","Without Sequence","18.39","",""
"01/05/2025 08:45:00 - 01/05/2025 09:00:00","BZN|FR","Without Sequence","18.39","",""
"01/05/2025 09:00:00 - 01/05/2025 09:15:00","BZN|FR","Without Sequence","0.00","",""
"01/05/2025 09:15:00 - 01/05/2025 09:30:00","BZN|FR","Without Sequence","0.00","",""
"01/05/2025 09:30:00 - 01/05/2025 09:45:00","BZN|FR","Without Sequence","0.00","",""
"01/05/2025 09:45:00 - 01/05/2025 10:00:00","BZN|FR","Without Sequence","0.00","",""
"01/05/2025 10:00:00 - 01/05/2025 10:15:00","BZN|FR","Without Sequence","-3.00","",""
"01/05/2025 10:15:00 - 01/05/2025 10:30:00","BZN|FR","Without Sequence","-3.00","",""
"01/05/2025 10:30:00 - 01/05/2025 10:45:00","BZN|FR","Without Sequence","-3.00","",""
"01/05/2025 10:45:00 - 01/05/2025 11:00:00","BZN|FR","Without Sequence","-3.00","",""
"01/05/2025 11:00:00 - 01/05/2025 11:15:00","BZN|FR","Without Sequence","-40.10","",""
"01/05/2025 11:15:00 - 01/05/2025 11:30:00","BZN|FR","Without Sequence","-40.10","",""
"01/05/2025 11:30:00 - 01/05/2025 11:45:00","BZN|FR","Without Sequence","-40.10","",""
"01/05/2025 11:45:00 - 01/05/2025 12:00:00","BZN|FR","Without Sequence","-40.10","",""
"01/05/2025 12:00:00 - 01/05/2025 12:15:00","BZN|FR","Without Sequence","-47.68","",""
"01/05/2025 12:15:00 - 01/05/2025 12:30:00","BZN|FR","Without Sequence","-47.68","",""
"01/05/2025 12:30:00 - 01/05/2025 12:45:00","BZN|FR","Without Sequence","-47.68","",""
"01/05/2025 12:45:00 - 01/05/2025 13:00:00","BZN|FR","Without Sequence","-47.68","",""
"01/05/2025 13:00:00 - 01/05/2025 13:15:00","BZN|FR","Without Sequence","-109.55","",""
"01/05/2025 13:15:00 - 01/05/2025 13:30:00","BZN|FR","Without Sequence","-109.55","",""
"01/05/2025 13:30:00 - 01/05/2025 13:45:00","BZN|FR","Without Sequence","-109.55","",""
"01/05/2025 13:45:00 - 01/05/2025 14:00:00","BZN|FR","Without Sequence","-109.55","",""
"01/05/2025 14:00:00 - 01/05/2025 14:15:00","BZN|FR","Without Sequence","-118.01","",""
"01/05/2025 14:15:00 - 01/05/2025 14:30:00","BZN|FR","Without Sequence","-118.01","",""
"01/05/2025 14:30:00 - 01/05/2025 14:45:00","BZN|FR","Without Sequence","-118.01","",""
"01/05/2025 14:45:00 - 01/05/2025 15:00:00","BZN|FR","Without Sequence","-118.01","",""
"01/05/2025 15:00:00 - 01/05/2025 15:15:00","BZN|FR","Without Sequence","-49.99","",""
"01/05/2025 15:15:00 - 01/05/2025 15:30:00","BZN|FR","Without Sequence","-49.99","",""
"01/05/2025 15:30:00 - 01/05/2025 15:45:00","BZN|FR","Without Sequence","-49.99","",""
"01/05/2025 15:45:00 - 01/05/2025 16:00:00","BZN|FR","Without Sequence","-49.99","",""
"01/05/2025 16:00:00 - 01/05/2025 16:15:00","BZN|FR","Without Sequence","-5.17","",""
"01/05/2025 16:15:00 - 01/05/2025 16:30:00","BZN|FR","Without Sequence","-5.17","",""
"01/05/2025 16:30:00 - 01/05/2025 16:45:00","BZN|FR","Without Sequence","-5.17","",""
"01/05/2025 16:45:00 - 01/05/2025 17:00:00","BZN|FR","Without Sequence","-5.17","",""
"01/05/2025 17:00:00 - 01/05/2025 17:15:00","BZN|FR","Without Sequence","7.94","",""
"01/05/2025 17:15:00 - 01/05/2025 17:30:00","BZN|FR","Without Sequence","7.94","",""
"01/05/2025 17:30:00 - 01/05/2025 17:45:00","BZN|FR","Without Sequence","7.94","",""
"01/05/2025 17:45:00 - 01/05/2025 18:00:00","BZN|FR","Without Sequence","7.94","",""
"01/05/2025 18:00:00 - 01/05/2025 18:15:00","BZN|FR","Without Sequence","16.41","",""
"01/05/2025 18:15:00 - 01/05/2025 18:30:00","BZN|FR","Without Sequence","16.41","",""
"01/05/2025 18:30:00 - 01/05/2025 18:45:00","BZN|FR","Without Sequence","16.41","",""
"01/05/2025 18:45:00 - 01/05/2025 19:00:00","BZN|FR","Without Sequence","16.41","",""
"01/05/2025 19:00:00 - 01/05/2025 19:15:00","BZN|FR","Without Sequence","35.77","",""
"01/05/2025 19:15:00 - 01/05/2025 19:30:00","BZN|FR","Without Sequence","35.77","",""
"01/05/2025 19:30:00 - 01/05/2025 19:45:00","BZN|FR","Without Sequence","35.77","",""
"01/05/2025 19:45:00 - 01/05/2025 20:00:00","BZN|FR","Without Sequence","35.77","",""
"01/05/2025 20:00:00 - 01/05/2025 20:15:00","BZN|FR","Without Sequence","36.93","",""
"01/05/2025 20:15:00 - 01/05/2025 20:30:00","BZN|FR","Without Sequence","36.93","",""
"01/05/2025 20:30:00 - 01/05/2025 20:45:00","BZN|FR","Without Sequence","36.93","",""
"01/05/2025 20:45:00 - 01/05/2025 21:00:00","BZN|FR","Without Sequence","36.93","",""
"01/05/2025 21:00:00 - 01/05/2025 21:15:00","BZN|FR","Without Sequence","55.00","",""
"01/05/2025 21:15:00 - 01/05/2025 21:30:00","BZN|FR","Without Sequence","55.00","",""
"01/05/2025 21:30:00 - 01/05/2025 21:45:00","BZN|FR","Without Sequence","55.00","",""
"01/05/2025 21:45:00 - 01/05/2025 22:00:00","BZN|FR","Without Sequence","55.00","",""
"01/05/2025 22:00:00 - 01/05/2025 22:15:00","BZN|FR","Without Sequence","79.12","",""
"01/05/2025 22:15:00 - 01/05/2025 22:30:00","BZN|FR","Without Sequence","79.12","",""
"01/05/2025 22:30:00 - 01/05/2025 22:45:00","BZN|FR","Without Sequence","79.12","",""
"01/05/2025 22:45:00 - 01/05/2025 23:00:00","BZN|FR","Without Sequence","79.12","",""
"01/05/2025 23:00:00 - 01/05/2025 23:15:00","BZN|FR","Without Sequence","66.90","",""
"01/05/2025 23:15:00 - 01/05/2025 23:30:00","BZN|FR","Without Sequence","66.90","",""
"01/05/2025 23:30:00 - 01/05/2025 23:45:00","BZN|FR","Without Sequence","66.90","",""
"01/05/2025 23:45:00 - 02/05/2025 00:00:00","BZN|FR","Without Sequence","66.90","",""
"02/05/2025 00:00:00 - 02/05/2025 00:15:00","BZN|FR","Without Sequence","77.80","",""
"02/05/2025 00:15:00 - 02/05/2025 00:30:00","BZN|FR","Without Sequence","77.80","",""
"02/05/2025 00:30:00 - 02/05/2025 00:45:00","BZN|FR","Without Sequence","77.80","",""
"02/05/2025 00:45:00 - 02/05/2025 01:00:00","BZN|FR","Without Sequence","77.80","",""
"02/05/2025 01:00:00 - 02/05/2025 01:15:00","BZN|FR","Without Sequence","30.77","",""
"02/05/2025 01:15:00 - 02/05/2025 01:30:00","BZN|FR","Without Sequence","30.77","",""
"02/05/2025 01:30:00 - 02/05/2025 01:45:00","BZN|FR","Without Sequence","30.77","",""
"02/05/2025 01:45:00 - 02/05/2025 02:00:00","BZN|FR","Without Sequence","30.77","",""
"02/05/2025 02:00:00 - 02/05/2025 02:15:00","BZN|FR","Without Sequence","18.79","",""
"02/05/2025 02:15:00 - 02/05/2025 02:30:00","BZN|FR","Without Sequence","18.79","",""
"02/05/2025 02:30:00 - 02/05/2025 02:45:00","BZN|FR","Without Sequence","18.79","",""
"02/05/2025 02:45:00 - 02/05/2025 03:00:00","BZN|FR","Without Sequence","18.79","",""
"02/05/2025 03:00:00 - 02/05/2025 03:15:00","BZN|FR","Without Sequence","11.74","",""
"02/05/2025 03:15:00 - 02/05/2025 03:30:00","BZN|FR","Without Sequence","11.74","",""
"02/05/2025 03:30:00 - 02/05/2025 03:45:00","BZN|FR","Without Sequence","11.74","",""
"02/05/2025 03:45:00 - 02/05/2025 04:00:00","BZN|FR","Without Sequence","11.74","",""
"02/05/2025 04:00:00 - 02/05/2025 04:15:00","BZN|FR","Without Sequence","3.35","",""
"02/05/2025 04:15:00 - 02/05/2025 04:30:00","BZN|FR","Without Sequence","3.35","",""
"02/05/2025 04:30:00 - 02/05/2025 04:45:00","BZN|FR","Without Sequence","3.35","",""
"02/05/2025 04:45:00 - 02/05/2025 05:00:00","BZN|FR","Without Sequence","3.35","",""
"02/05/2025 05:00:00 - 02/05/2025 05:15:00","BZN|FR","Without Sequence","4.33","",""
"02/05/2025 05:15:00 - 02/05/2025 05:30:00","BZN|FR","Without Sequence","4.33","",""
"02/05/2025 05:30:00 - 02/05/2025 05:45:00","BZN|FR","Without Sequence","4.33","",""
"02/05/2025 05:45:00 - 02/05/2025 06:00:00","BZN|FR","Without Sequence","4.33","",""
"02/05/2025 06:00:00 - 02/05/2025 06:15:00","BZN|FR","Without Sequence","8.25","",""
"02/05/2025 06:15:00 - 02/05/2025 06:30:00","BZN|FR","Without Sequence","8.25","",""
"02/05/2025 06:30:00 - 02/05/2025 06:45:00","BZN|FR","Without Sequence","8.25","",""
"02/05/2025 06:45:00 - 02/05/2025 07:00:00","BZN|FR","Without Sequence","8.25","",""
"02/05/2025 07:00:00 - 02/05/2025 07:15:00","BZN|FR","Without Sequence","7.96","",""
"02/05/2025 07:15:00 - 02/05/2025 07:30:00","BZN|FR","Without Sequence","7.96","",""
"02/05/2025 07:30:00 - 02/05/2025 07:45:00","BZN|FR","Without Sequence","7.96","",""
"02/05/2025 07:45:00 - 02/05/2025 08:00:00","BZN|FR","Without Sequence","7.96","",""
"02/05/2025 08:00:00 - 02/05/2025 08:15:00","BZN|FR","Without Sequence","14.00","",""
"02/05/2025 08:15:00 - 02/05/2025 08:30:00","BZN|FR","Without Sequence","14.00","",""
"02/05/2025 08:30:00 - 02/05/2025 08:45:00","BZN|FR","Without Sequence","14.00","",""
"02/05/2025 08:45:00 - 02/05/2025 09:00:00","BZN|FR","Without Sequence","14.00","",""
"02/05/2025 09:00:00 - 02/05/2025 09:15:00","BZN|FR","Without Sequence","12.74","",""
"02/05/2025 09:15:00 - 02/05/2025 09:30:00","BZN|FR","Without Sequence","12.74","",""
"02/05/2025 09:30:00 - 02/05/2025 09:45:00","BZN|FR","Without Sequence","12.74","",""
"02/05/2025 09:45:00 - 02/05/2025 10:00:00","BZN|FR","Without Sequence","12.74","",""
"02/05/2025 10:00:00 - 02/05/2025 10:15:00","BZN|FR","Without Sequence","0.85","",""
"02/05/2025 10:15:00 - 02/05/2025 10:30:00","BZN|FR","Without Sequence","0.85","",""
"02/05/2025 10:30:00 - 02/05/2025 10:45:00","BZN|FR","Without Sequence","0.85","",""
"02/05/2025 10:45:00 - 02/05/2025 11:00:00","BZN|FR","Without Sequence","0.85","",""
"02/05/2025 11:00:00 - 02/05/2025 11:15:00","BZN|FR","Without Sequence","-0.01","",""
"02/05/2025 11:15:00 - 02/05/2025 11:30:00","BZN|FR","Without Sequence","-0.01","",""
"02/05/2025 11:30:00 - 02/05/2025 11:45:00","BZN|FR","Without Sequence","-0.01","",""
"02/05/2025 11:45:00 - 02/05/2025 12:00:00","BZN|FR","Without Sequence","-0.01","",""
"02/05/2025 12:00:00 - 02/05/2025 12:15:00","BZN|FR","Without Sequence","-0.80","",""
"02/05/2025 12:15:00 - 02/05/2025 12:30:00","BZN|FR","Without Sequence","-0.80","",""
"02/05/2025 12:30:00 - 02/05/2025 12:45:00","BZN|FR","Without Sequence","-0.80","",""
"02/05/2025 12:45:00 - 02/05/2025 13:00:00","BZN|FR","Without Sequence","-0.80","",""
"02/05/2025 13:00:00 - 02/05/2025 13:15:00","BZN|FR","Without Sequence","-3.00","",""
"02/05/2025 13:15:00 - 02/05/2025 13:30:00","BZN|FR","Without Sequence","-3.00","",""
"02/05/2025 13:30:00 - 02/05/2025 13:45:00","BZN|FR","Without Sequence","-3.00","",""
"02/05/2025 13:45:00 - 02/05/2025 14:00:00","BZN|FR","Without Sequence","-3.00","",""
"02/05/2025 14:00:00 - 02/05/2025 14:15:00","BZN|FR","Without Sequence","-4.00","",""
"02/05/2025 14:15:00 - 02/05/2025 14:30:00","BZN|FR","Without Sequence","-4.00","",""
"02/05/2025 14:30:00 - 02/05/2025 14:45:00","BZN|FR","Without Sequence","-4.00","",""
"02/05/2025 14:45:00 - 02/05/2025 15:00:00","BZN|FR","Without Sequence","-4.00","",""
"02/05/2025 15:00:00 - 02/05/2025 15:15:00","BZN|FR","Without Sequence","-0.08","",""
"02/05/2025 15:15:00 - 02/05/2025 15:30:00","BZN|FR","Without Sequence","-0.08","",""
"02/05/2025 15:30:00 - 02/05/2025 15:45:00","BZN|FR","Without Sequence","-0.08","",""
"02/05/2025 15:45:00 - 02/05/2025 16:00:00","BZN|FR","Without Sequence","-0.08","",""
"02/05/2025 16:00:00 - 02/05/2025 16:15:00","BZN|FR","Without Sequence","0.30","",""
"02/05/2025 16:15:00 - 02/05/2025 16:30:00","BZN|FR","Without Sequence","0.30","",""
"02/05/2025 16:30:00 - 02/05/2025 16:45:00","BZN|FR","Without Sequence","0.30","",""
"02/05/2025 16:45:00 - 02/05/2025 17:00:00","BZN|FR","Without Sequence","0.30","",""
"02/05/2025 17:00:00 - 02/05/2025 17:15:00","BZN|FR","Without Sequence","24.64","",""
"02/05/2025 17:15:00 - 02/05/2025 17:30:00","BZN|FR","Without Sequence","24.64","",""
"02/05/2025 17:30:00 - 02/05/2025 17:45:00","BZN|FR","Without Sequence","24.64","",""
"02/05/2025 17:45:00 - 02/05/2025 18:00:00","BZN|FR","Without Sequence","24.64","",""
"02/05/2025 18:00:00 - 02/05/2025 18:15:00","BZN|FR","Without Sequence","27.52","",""
"02/05/2025 18:15:00 - 02/05/2025 18:30:00","BZN|FR","Without Sequence","27.52","",""
"02/05/2025 18:30:00 - 02/05/2025 18:45:00","BZN|FR","Without Sequence","27.52","",""
"02/05/2025 18:45:00 - 02/05/2025 19:00:00","BZN|FR","Without Sequence","27.52","",""
"02/05/2025 19:00:00 - 02/05/2025 19:15:00","BZN|FR","Without Sequence","39.78","",""
"02/05/2025 19:15:00 - 02/05/2025 19:30:00","BZN|FR","Without Sequence","39.78","",""
"02/05/2025 19:30:00 - 02/05/2025 19:45:00","BZN|FR","Without Sequence","39.78","",""
"02/05/2025 19:45:00 - 02/05/2025 20:00:00","BZN|FR","Without Sequence","39.78","",""
"02/05/2025 20:00:00 - 02/05/2025 20:15:00","BZN|FR","Without Sequence","35.01","",""
"02/05/2025 20:15:00 - 02/05/2025 20:30:00","BZN|FR","Without Sequence","35.01","",""
"02/05/2025 20:30:00 - 02/05/2025 20:45:00","BZN|FR","Without Sequence","35.01","",""
"02/05/2025 20:45:00 - 02/05/2025 21:00:00","BZN|FR","Without Sequence","35.01","",""
"02/05/2025 21:00:00 - 02/05/2025 21:15:00","BZN|FR","Without Sequence","67.05","",""
"02/05/2025 21:15:00 - 02/05/2025 21:30:00","BZN|FR","Without Sequence","67.05","",""
"02/05/2025 21:30:00 - 02/05/2025 21:45:00","BZN|FR","Without Sequence","67.05","",""
"02/05/2025 21:45:00 - 02/05/2025 22:00:00","BZN|FR","Without Sequence","67.05","",""
"02/05/2025 22:00:00 - 02/05/2025 22:15:00","BZN|FR","Without Sequence","52.05","",""
"02/05/2025 22:15:00 - 02/05/2025 22:30:00","BZN|FR","Without Sequence","52.05","",""
"02/05/2025 22:30:00 - 02/05/2025 22:45:00","BZN|FR","Without Sequence","52.05","",""
"02/05/2025 22:45:00 - 02/05/2025 23:00:00","BZN|FR","Without Sequence","52.05","",""
"02/05/2025 23:00:00 - 02/05/2025 23:15:00","BZN|FR","Without Sequence","41.05","",""
"02/05/2025 23:15:00 - 02/05/2025 23:30:00","BZN|FR","Without Sequence","41.05","",""
"02/05/2025 23:30:00 - 02/05/2025 23:45:00","BZN|FR","Without Sequence","41.05","",""
"02/05/2025 23:45:00 - 03/05/2025 00:00:00","BZN|FR","Without Sequence","41.05","",""
"03/05/2025 00:00:00 - 03/05/2025 00:15:00","BZN|FR","Without Sequence","36.13","",""
"03/05/2025 00:15:00 - 03/05/2025 00:30:00","BZN|FR","Without Sequence","36.13","",""
"03/05/2025 00:30:00 - 03/05/2025 00:45:00","BZN|FR","Without Sequence","36.13","",""
"03/05/2025 00:45:00 - 03/05/2025 01:00:00","BZN|FR","Without Sequence","36.13","",""
"03/05/2025 01:00:00 - 03/05/2025 01:15:00","BZN|FR","Without Sequence","26.00","",""
"03/05/2025 01:15:00 - 03/05/2025 01:30:00","BZN|FR","Without Sequence","26.00","",""
"03/05/2025 01:30:00 - 03/05/2025 01:45:00","BZN|FR","Without Sequence","26.00","",""
"03/05/2025 01:45:00 - 03/05/2025 02:00:00","BZN|FR","Without Sequence","26.00","",""
"03/05/2025 02:00:00 - 03/05/2025 02:15:00","BZN|FR","Without Sequence","16.16","",""
"03/05/2025 02:15:00 - 03/05/2025 02:30:00","BZN|FR","Without Sequence","16.16","",""
"03/05/2025 02:30:00 - 03/05/2025 02:45:00","BZN|FR","Without Sequence","16.16","",""
"03/05/2025 02:45:00 - 03/05/2025 03:00:00","BZN|FR","Without Sequence","16.16","",""
"03/05/2025 03:00:00 - 03/05/2025 03:15:00","BZN|FR","Without Sequence","13.89","",""
"03/05/2025 03:15:00 - 03/05/2025 03:30:00","BZN|FR","Without Sequence","13.89","",""
"03/05/2025 03:30:00 - 03/05/2025 03:45:00","BZN|FR","Without Sequence","13.89","",""
"03/05/2025 03:45:00 - 03/05/2025 04:00:00","BZN|FR","Without Sequence","13.89","",""
"03/05/2025 04:00:00 - 03/05/2025 04:15:00","BZN|FR","Without Sequence","13.37","",""
"03/05/2025 04:15:00 - 03/05/2025 04:30:00","BZN|FR","Without Sequence","13.37","",""
"03/05/2025 04:30:00 - 03/05/2025 04:45:00","BZN|FR","Without Sequence","13.37","",""
"03/05/2025 04:45:00 - 03/05/2025 05:00:00","BZN|FR","Without Sequence","13.37","",""
"03/05/2025 05:00:00 - 03/05/2025 05:15:00","BZN|FR","Without Sequence","15.17","",""
"03/05/2025 05:15:00 - 03/05/2025 05:30:00","BZN|FR","Without Sequence","15.17","",""
"03/05/2025 05:30:00 - 03/05/2025 05:45:00","BZN|FR","Without Sequence","15.17","",""
"03/05/2025 05:45:00 - 03/05/2025 06:00:00","BZN|FR","Without Sequence","15.17","",""
"03/05/2025 06:00:00 - 03/05/2025 06:15:00","BZN|FR","Without Sequence","16.91","",""
"03/05/2025 06:15:00 - 03/05/2025 06:30:00","BZN|FR","Without Sequence","16.91","",""
"03/05/2025 06:30:00 - 03/05/2025 06:45:00","BZN|FR","Without Sequence","16.91","",""
"03/05/2025 06:45:00 - 03/05/2025 07:00:00","BZN|FR","Without Sequence","16.91","",""
"03/05/2025 07:00:00 - 03/05/2025 07:15:00","BZN|FR","Without Sequence","14.13","",""
"03/05/2025 07:15:00 - 03/05/2025 07:30:00","BZN|FR","Without Sequence","14.13","",""
"03/05/2025 07:30:00 - 03/05/2025 07:45:00","BZN|FR","Without Sequence","14.13","",""
"03/05/2025 07:45:00 - 03/05/2025 08:00:00","BZN|FR","Without Sequence","14.13","",""
"03/05/2025 08:00:00 - 03/05/2025 08:15:00","BZN|FR","Without Sequence","12.67","",""
"03/05/2025 08:15:00 - 03/05/2025 08:30:00","BZN|FR","Without Sequence","12.67","",""
"03/05/2025 08:30:00 - 03/05/2025 08:45:00","BZN|FR","Without Sequence","12.67","",""
"03/05/2025 08:45:00 - 03/05/2025 09:00:00","BZN|FR","Without Sequence","12.67","",""
"03/05/2025 09:00:00 - 03/05/2025 09:15:00","BZN|FR","Without Sequence","13.53","",""
"03/05/2025 09:15:00 - 03/05/2025 09:30:00","BZN|FR","Without Sequence","13.53","",""
"03/05/2025 09:30:00 - 03/05/2025 09:45:00","BZN|FR","Without Sequence","13.53","",""
"03/05/2025 09:45:00 - 03/05/2025 10:00:00","BZN|FR","Without Sequence","13.53","",""
"03/05/2025 10:00:00 - 03/05/2025 10:15:00","BZN|FR","Without Sequence","0.01","",""
"03/05/2025 10:15:00 - 03/05/2025 10:30:00","BZN|FR","Without Sequence","0.01","",""
"03/05/2025 10:30:00 - 03/05/2025 10:45:00","BZN|FR","Without Sequence","0.01","",""
"03/05/2025 10:45:00 - 03/05/2025 11:00:00","BZN|FR","Without Sequence","0.01","",""
"03/05/2025 11:00:00 - 03/05/2025 11:15:00","BZN|FR","Without Sequence","-0.01","",""
"03/05/2025 11:15:00 - 03/05/2025 11:30:00","BZN|FR","Without Sequence","-0.01","",""
"03/05/2025 11:30:00 - 03/05/2025 11:45:00","BZN|FR","Without Sequence","-0.01","",""
"03/05/2025 11:45:00 - 03/05/2025 12:00:00","BZN|FR","Without Sequence","-0.01","",""
"03/05/2025 12:00:00 - 03/05/2025 12:15:00","BZN|FR","Without Sequence","-1.16","",""
"03/05/2025 12:15:00 - 03/05/2025 12:30:00","BZN|FR","Without Sequence","-1.16","",""
"03/05/2025 12:30:00 - 03/05/2025 12:45:00","BZN|FR","Without Sequence","-1.16","",""
"03/05/2025 12:45:00 - 03/05/2025 13:00:00","BZN|FR","Without Sequence","-1.16","",""
"03/05/2025 13:00:00 - 03/05/2025 13:15:00","BZN|FR","Without Sequence","-3.04","",""
"03/05/2025 13:15:00 - 03/05/2025 13:30:00","BZN|FR","Without Sequence","-3.04","",""
"03/05/2025 13:30:00 - 03/05/2025 13:45:00","BZN|FR","Without Sequence","-3.04","",""
"03/05/2025 13:45:00 - 03/05/2025 14:00:00","BZN|FR","Without Sequence","-3.04","",""
"03/05/2025 14:00:00 - 03/05/2025 14:15:00","BZN|FR","Without Sequence","-2.69","",""
"03/05/2025 14:15:00 - 03/05/2025 14:30:00","BZN|FR","Without Sequence","-2.69","",""
"03/05/2025 14:30:00 - 03/05/2025 14:45:00","BZN|FR","Without Sequence","-2.69","",""
"03/05/2025 14:45:00 - 03/05/2025 15:00:00","BZN|FR","Without Sequence","-2.69","",""
"03/05/2025 15:00:00 - 03/05/2025 15:15:00","BZN|FR","Without Sequence","-0.03","",""
"03/05/2025 15:15:00 - 03/05/2025 15:30:00","BZN|FR","Without Sequence","-0.03","",""
"03/05/2025 15:30:00 - 03/05/2025 15:45:00","BZN|FR","Without Sequence","-0.03","",""
"03/05/2025 15:45:00 - 03/05/2025 16:00:00","BZN|FR","Without Sequence","-0.03","",""
"03/05/2025 16:00:00 - 03/05/2025 16:15:00","BZN|FR","Without Sequence","0.00","",""
"03/05/2025 16:15:00 - 03/05/2025 16:30:00","BZN|FR","Without Sequence","0.00","",""
"03/05/2025 16:30:00 - 03/05/2025 16:45:00","BZN|FR","Without Sequence","0.00","",""
"03/05/2025 16:45:00 - 03/05/2025 17:00:00","BZN|FR","Without Sequence","0.00","",""
"03/05/2025 17:00:00 - 03/05/2025 17:15:00","BZN|FR","Without Sequence","14.26","",""
"03/05/2025 17:15:00 - 03/05/2025 17:30:00","BZN|FR","Without Sequence","14.26","",""
"03/05/2025 17:30:00 - 03/05/2025 17:45:00","BZN|FR","Without Sequence","14.26","",""
"03/05/2025 17:45:00 - 03/05/2025 18:00:00","BZN|FR","Without Sequence","14.26","",""
"03/05/2025 18:00:00 - 03/05/2025 18:15:00","BZN|FR","Without Sequence","14.40","",""
"03/05/2025 18:15:00 - 03/05/2025 18:30:00","BZN|FR","Without Sequence","14.40","",""
"03/05/2025 18:30:00 - 03/05/2025 18:45:00","BZN|FR","Without Sequence","14.40","",""
"03/05/2025 18:45:00 - 03/05/2025 19:00:00","BZN|FR","Without Sequence","14.40","",""
"03/05/2025 19:00:00 - 03/05/2025 19:15:00","BZN|FR","Without Sequence","30.97","",""
"03/05/2025 19:15:00 - 03/05/2025 19:30:00","BZN|FR","Without Sequence","30.97","",""
"03/05/2025 19:30:00 - 03/05/2025 19:45:00","BZN|FR","Without Sequence","30.97","",""
"03/05/2025 19:45:00 - 03/05/2025 20:00:00","BZN|FR","Without Sequence","30.97","",""
"03/05/2025 20:00:00 - 03/05/2025 20:15:00","BZN|FR","Without Sequence","35.24","",""
"03/05/2025 20:15:00 - 03/05/2025 20:30:00","BZN|FR","Without Sequence","35.24","",""
"03/05/2025 20:30:00 - 03/05/2025 20:45:00","BZN|FR","Without Sequence","35.24","",""
"03/05/2025 20:45:00 - 03/05/2025 21:00:00","BZN|FR","Without Sequence","35.24","",""
"03/05/2025 21:00:00 - 03/05/2025 21:15:00","BZN|FR","Without Sequence","63.80","",""
"03/05/2025 21:15:00 - 03/05/2025 21:30:00","BZN|FR","Without Sequence","63.80","",""
"03/05/2025 21:30:00 - 03/05/2025 21:45:00","BZN|FR","Without Sequence","63.80","",""
"03/05/2025 21:45:00 - 03/05/2025 22:00:00","BZN|FR","Without Sequence","63.80","",""
"03/05/2025 22:00:00 - 03/05/2025 22:15:00","BZN|FR","Without Sequence","63.70","",""
"03/05/2025 22:15:00 - 03/05/2025 22:30:00","BZN|FR","Without Sequence","63.70","",""
"03/05/2025 22:30:00 - 03/05/2025 22:45:00","BZN|FR","Without Sequence","63.70","",""
"03/05/2025 22:45:00 - 03/05/2025 23:00:00","BZN|FR","Without Sequence","63.70","",""
"03/05/2025 23:00:00 - 03/05/2025 23:15:00","BZN|FR","Without Sequence","47.97","",""
"03/05/2025 23:15:00 - 03/05/2025 23:30:00","BZN|FR","Without Sequence","47.97","",""
"03/05/2025 23:30:00 - 03/05/2025 23:45:00","BZN|FR","Without Sequence","47.97","",""
"03/05/2025 23:45:00 - 04/05/2025 00:00:00","BZN|FR","Without Sequence","47.97","",""
"04/05/2025 00:00:00 - 04/05/2025 00:15:00","BZN|FR","Without Sequence","36.13","",""
"04/05/2025 00:15:00 - 04/05/2025 00:30:00","BZN|FR","Without Sequence","36.13","",""
"04/05/2025 00:30:00 - 04/05/2025 00:45:00","BZN|FR","Without Sequence","36.13","",""
"04/05/2025 00:45:00 - 04/05/2025 01:00:00","BZN|FR","Without Sequence","36.13","",""
"04/05/2025 01:00:00 - 04/05/2025 01:15:00","BZN|FR","Without Sequence","32.35","",""
"04/05/2025 01:15:00 - 04/05/2025 01:30:00","BZN|FR","Without Sequence","32.35","",""
"04/05/2025 01:30:00 - 04/05/2025 01:45:00","BZN|FR","Without Sequence","32.35","",""
"04/05/2025 01:45:00 - 04/05/2025 02:00:00","BZN|FR","Without Sequence","32.35","",""
"04/05/2025 02:00:00 - 04/05/2025 02:15:00","BZN|FR","Without Sequence","24.01","",""
"04/05/2025 02:15:00 - 04/05/2025 02:30:00","BZN|FR","Without Sequence","24.01","",""
"04/05/2025 02:30:00 - 04/05/2025 02:45:00","BZN|FR","Without Sequence","24.01","",""
"04/05/2025 02:45:00 - 04/05/2025 03:00:00","BZN|FR","Without Sequence","24.01","",""
"04/05/2025 03:00:00 - 04/05/2025 03:15:00","BZN|FR","Without Sequence","19.31","",""
"04/05/2025 03:15:00 - 04/05/2025 03:30:00","BZN|FR","Without Sequence","19.31","",""
"04/05/2025 03:30:00 - 04/05/2025 03:45:00","BZN|FR","Without Sequence","19.31","",""
"04/05/2025 03:45:00 - 04/05/2025 04:00:00","BZN|FR","Without Sequence","19.31","",""
"04/05/2025 04:00:00 - 04/05/2025 04:15:00","BZN|FR","Without Sequence","16.54","",""
"04/05/2025 04:15:00 - 04/05/2025 04:30:00","BZN|FR","Without Sequence","16.54","",""
"04/05/2025 04:30:00 - 04/05/2025 04:45:00","BZN|FR","Without Sequence","16.54","",""
"04/05/2025 04:45:00 - 04/05/2025 05:00:00","BZN|FR","Without Sequence","16.54","",""
"04/05/2025 05:00:00 - 04/05/2025 05:15:00","BZN|FR","Without Sequence","15.58","",""
"04/05/2025 05:15:00 - 04/05/2025 05:30:00","BZN|FR","Without Sequence","15.58","",""
"04/05/2025 05:30:00 - 04/05/2025 05:45:00","BZN|FR","Without Sequence","15.58","",""
"04/05/2025 05:45:00 - 04/05/2025 06:00:00","BZN|FR","Without Sequence","15.58","",""
"04/05/2025 06:00:00 - 04/05/2025 06:15:00","BZN|FR","Without Sequence","13.62","",""
"04/05/2025 06:15:00 - 04/05/2025 06:30:00","BZN|FR","Without Sequence","13.62","",""
"04/05/2025 06:30:00 - 04/05/2025 06:45:00","BZN|FR","Without Sequence","13.62","",""
"04/05/2025 06:45:00 - 04/05/2025 07:00:00","BZN|FR","Without Sequence","13.62","",""
"04/05/2025 07:00:00 - 04/05/2025 07:15:00","BZN|FR","Without Sequence","7.83","",""
"04/05/2025 07:15:00 - 04/05/2025 07:30:00","BZN|FR","Without Sequence","7.83","",""
"04/05/2025 07:30:00 - 04/05/2025 07:45:00","BZN|FR","Without Sequence","7.83","",""
"04/05/2025 07:45:00 - 04/05/2025 08:00:00","BZN|FR","Without Sequence","7.83","",""
"04/05/2025 08:00:00 - 04/05/2025 08:15:00","BZN|FR","Without Sequence","2.93","",""
"04/05/2025 08:15:00 - 04/05/2025 08:30:00","BZN|FR","Without Sequence","2.93","",""
"04/05/2025 08:30:00 - 04/05/2025 08:45:00","BZN|FR","Without Sequence","2.93","",""
"04/05/2025 08:45:00 - 04/05/2025 09:00:00","BZN|FR","Without Sequence","2.93","",""
"04/05/2025 09:00:00 - 04/05/2025 09:15:00","BZN|FR","Without Sequence","0.00","",""
"04/05/2025 09:15:00 - 04/05/2025 09:30:00","BZN|FR","Without Sequence","0.00","",""
"04/05/2025 09:30:00 - 04/05/2025 09:45:00","BZN|FR","Without Sequence","0.00","",""
"04/05/2025 09:45:00 - 04/05/2025 10:00:00","BZN|FR","Without Sequence","0.00","",""
"04/05/2025 10:00:00 - 04/05/2025 10:15:00","BZN|FR","Without Sequence","-0.01","",""
"04/05/2025 10:15:00 - 04/05/2025 10:30:00","BZN|FR","Without Sequence","-0.01","",""
"04/05/2025 10:30:00 - 04/05/2025 10:45:00","BZN|FR","Without Sequence","-0.01","",""
"04/05/2025 10:45:00 - 04/05/2025 11:00:00","BZN|FR","Without Sequence","-0.01","",""
"04/05/2025 11:00:00 - 04/05/2025 11:15:00","BZN|FR","Without Sequence","-0.01","",""
"04/05/2025 11:15:00 - 04/05/2025 11:30:00","BZN|FR","Without Sequence","-0.01","",""
"04/05/2025 11:30:00 - 04/05/2025 11:45:00","BZN|FR","Without Sequence","-0.01","",""
"04/05/2025 11:45:00 - 04/05/2025 12:00:00","BZN|FR","Without Sequence","-0.01","",""
"04/05/2025 12:00:00 - 04/05/2025 12:15:00","BZN|FR","Without Sequence","-0.02","",""
"04/05/2025 12:15:00 - 04/05/2025 12:30:00","BZN|FR","Without Sequence","-0.02","",""
"04/05/2025 12:30:00 - 04/05/2025 12:45:00","BZN|FR","Without Sequence","-0.02","",""
"04/05/2025 12:45:00 - 04/05/2025 13:00:00","BZN|FR","Without Sequence","-0.02","",""
"04/05/2025 13:00:00 - 04/05/2025 13:15:00","BZN|FR","Without Sequence","-2.00","",""
"04/05/2025 13:15:00 - 04/05/2025 13:30:00","BZN|FR","Without Sequence","-2.00","",""
"04/05/2025 13:30:00 - 04/05/2025 13:45:00","BZN|FR","Without Sequence","-2.00","",""
"04/05/2025 13:45:00 - 04/05/2025 14:00:00","BZN|FR","Without Sequence","-2.00","",""
"04/05/2025 14:00:00 - 04/05/2025 14:15:00","BZN|FR","Without Sequence","-5.01","",""
"04/05/2025 14:15:00 - 04/05/2025 14:30:00","BZN|FR","Without Sequence","-5.01","",""
"04/05/2025 14:30:00 - 04/05/2025 14:45:00","BZN|FR","Without Sequence","-5.01","",""
"04/05/2025 14:45:00 - 04/05/2025 15:00:00","BZN|FR","Without Sequence","-5.01","",""
"04/05/2025 15:00:00 - 04/05/2025 15:15:00","BZN|FR","Without Sequence","-1.59","",""
"04/05/2025 15:15:00 - 04/05/2025 15:30:00","BZN|FR","Without Sequence","-1.59","",""
"04/05/2025 15:30:00 - 04/05/2025 15:45:00","BZN|FR","Without Sequence","-1.59","",""
"04/05/2025 15:45:00 - 04/05/2025 16:00:00","BZN|FR","Without Sequence","-1.59","",""
"04/05/2025 16:00:00 - 04/05/2025 16:15:00","BZN|FR","Without Sequence","-0.01","",""
"04/05/2025 16:15:00 - 04/05/2025 16:30:00","BZN|FR","Without Sequence","-0.01","",""
"04/05/2025 16:30:00 - 04/05/2025 16:45:00","BZN|FR","Without Sequence","-0.01","",""
"04/05/2025 16:45:00 - 04/05/2025 17:00:00","BZN|FR","Without Sequence","-0.01","",""
"04/05/2025 17:00:00 - 04/05/2025 17:15:00","BZN|FR","Without Sequence","3.16","",""
"04/05/2025 17:15:00 - 04/05/2025 17:30:00","BZN|FR","Without Sequence","3.16","",""
"04/05/2025 17:30:00 - 04/05/2025 17:45:00","BZN|FR","Without Sequence","3.16","",""
"04/05/2025 17:45:00 - 04/05/2025 18:00:00","BZN|FR","Without Sequence","3.16","",""
"04/05/2025 18:00:00 - 04/05/2025 18:15:00","BZN|FR","Without Sequence","9.90","",""
"04/05/2025 18:15:00 - 04/05/2025 18:30:00","BZN|FR","Without Sequence","9.90","",""
"04/05/2025 18:30:00 - 04/05/2025 18:45:00","BZN|FR","Without Sequence","9.90","",""
"04/05/2025 18:45:00 - 04/05/2025 19:00:00","BZN|FR","Without Sequence","9.90","",""
"04/05/2025 19:00:00 - 04/05/2025 19:15:00","BZN|FR","Without Sequence","16.00","",""
"04/05/2025 19:15:00 - 04/05/2025 19:30:00","BZN|FR","Without Sequence","16.00","",""
"04/05/2025 19:30:00 - 04/05/2025 19:45:00","BZN|FR","Without Sequence","16.00","",""
"04/05/2025 19:45:00 - 04/05/2025 20:00:00","BZN|FR","Without Sequence","16.00","",""
"04/05/2025 20:00:00 - 04/05/2025 20:15:00","BZN|FR","Without Sequence","19.74","",""
"04/05/2025 20:15:00 - 04/05/2025 20:30:00","BZN|FR","Without Sequence","19.74","",""
"04/05/2025 20:30:00 - 04/05/2025 20:45:00","BZN|FR","Without Sequence","19.74","",""
"04/05/2025 20:45:00 - 04/05/2025 21:00:00","BZN|FR","Without Sequence","19.74","",""
"04/05/2025 21:00:00 - 04/05/2025 21:15:00","BZN|FR","Without Sequence","31.15","",""
"04/05/2025 21:15:00 - 04/05/2025 21:30:00","BZN|FR","Without Sequence","31.15","",""
"04/05/2025 21:30:00 - 04/05/2025 21:45:00","BZN|FR","Without Sequence","31.15","",""
"04/05/2025 21:45:00 - 04/05/2025 22:00:00","BZN|FR","Without Sequence","31.15","",""
"04/05/2025 22:00:00 - 04/05/2025 22:15:00","BZN|FR","Without Sequence","35.00","",""
"04/05/2025 22:15:00 - 04/05/2025 22:30:00","BZN|FR","Without Sequence","35.00","",""
"04/05/2025 22:30:00 - 04/05/2025 22:45:00","BZN|FR","Without Sequence","35.00","",""
"04/05/2025 22:45:00 - 04/05/2025 23:00:00","BZN|FR","Without Sequence","35.00","",""
"04/05/2025 23:00:00 - 04/05/2025 23:15:00","BZN|FR","Without Sequence","23.51","",""
"04/05/2025 23:15:00 - 04/05/2025 23:30:00","BZN|FR","Without Sequence","23.51","",""
"04/05/2025 23:30:00 - 04/05/2025 23:45:00","BZN|FR","Without Sequence","23.51","",""
"04/05/2025 23:45:00 - 05/05/2025 00:00:00","BZN|FR","Without Sequence","23.51","",""
"05/05/2025 00:00:00 - 05/05/2025 00:15:00","BZN|FR","Without Sequence","28.10","",""
"05/05/2025 00:15:00 - 05/05/2025 00:30:00","BZN|FR","Without Sequence","28.10","",""
"05/05/2025 00:30:00 - 05/05/2025 00:45:00","BZN|FR","Without Sequence","28.10","",""
"05/05/2025 00:45:00 - 05/05/2025 01:00:00","BZN|FR","Without Sequence","28.10","",""
"05/05/2025 01:00:00 - 05/05/2025 01:15:00","BZN|FR","Without Sequence","20.37","",""
"05/05/2025 01:15:00 - 05/05/2025 01:30:00","BZN|FR","Without Sequence","20.37","",""
"05/05/2025 01:30:00 - 05/05/2025 01:45:00","BZN|FR","Without Sequence","20.37","",""
"05/05/2025 01:45:00 - 05/05/2025 02:00:00","BZN|FR","Without Sequence","20.37","",""
"05/05/2025 02:00:00 - 05/05/2025 02:15:00","BZN|FR","Without Sequence","15.78","",""
"05/05/2025 02:15:00 - 05/05/2025 02:30:00","BZN|FR","Without Sequence","15.78","",""
"05/05/2025 02:30:00 - 05/05/2025 02:45:00","BZN|FR","Without Sequence","15.78","",""
"05/05/2025 02:45:00 - 05/05/2025 03:00:00","BZN|FR","Without Sequence","15.78","",""
"05/05/2025 03:00:00 - 05/05/2025 03:15:00","BZN|FR","Without Sequence","12.20","",""
"05/05/2025 03:15:00 - 05/05/2025 03:30:00","BZN|FR","Without Sequence","12.20","",""
"05/05/2025 03:30:00 - 05/05/2025 03:45:00","BZN|FR","Without Sequence","12.20","",""
"05/05/2025 03:45:00 - 05/05/2025 04:00:00","BZN|FR","Without Sequence","12.20","",""
"05/05/2025 04:00:00 - 05/05/2025 04:15:00","BZN|FR","Without Sequence","9.49","",""
"05/05/2025 04:15:00 - 05/05/2025 04:30:00","BZN|FR","Without Sequence","9.49","",""
"05/05/2025 04:30:00 - 05/05/2025 04:45:00","BZN|FR","Without Sequence","9.49","",""
"05/05/2025 04:45:00 - 05/05/2025 05:00:00","BZN|FR","Without Sequence","9.49","",""
"05/05/2025 05:00:00 - 05/05/2025 05:15:00","BZN|FR","Without Sequence","14.94","",""
"05/05/2025 05:15:00 - 05/05/2025 05:30:00","BZN|FR","Without Sequence","14.94","",""
"05/05/2025 05:30:00 - 05/05/2025 05:45:00","BZN|FR","Without Sequence","14.94","",""
"05/05/2025 05:45:00 - 05/05/2025 06:00:00","BZN|FR","Without Sequence","14.94","",""
"05/05/2025 06:00:00 - 05/05/2025 06:15:00","BZN|FR","Without Sequence","22.89","",""
"05/05/2025 06:15:00 - 05/05/2025 06:30:00","BZN|FR","Without Sequence","22.89","",""
"05/05/2025 06:30:00 - 05/05/2025 06:45:00","BZN|FR","Without Sequence","22.89","",""
"05/05/2025 06:45:00 - 05/05/2025 07:00:00","BZN|FR","Without Sequence","22.89","",""
"05/05/2025 07:00:00 - 05/05/2025 07:15:00","BZN|FR","Without Sequence","35.00","",""
"05/05/2025 07:15:00 - 05/05/2025 07:30:00","BZN|FR","Without Sequence","35.00","",""
"05/05/2025 07:30:00 - 05/05/2025 07:45:00","BZN|FR","Without Sequence","35.00","",""
"05/05/2025 07:45:00 - 05/05/2025 08:00:00","BZN|FR","Without Sequence","35.00","",""
"05/05/2025 08:00:00 - 05/05/2025 08:15:00","BZN|FR","Without Sequence","35.00","",""
"05/05/2025 08:15:00 - 05/05/2025 08:30:00","BZN|FR","Without Sequence","35.00","",""
"05/05/2025 08:30:00 - 05/05/2025 08:45:00","BZN|FR","Without Sequence","35.00","",""
"05/05/2025 08:45:00 - 05/05/2025 09:00:00","BZN|FR","Without Sequence","35.00","",""
"05/05/2025 09:00:00 - 05/05/2025 09:15:00","BZN|FR","Without Sequence","16.30","",""
"05/05/2025 09:15:00 - 05/05/2025 09:30:00","BZN|FR","Without Sequence","16.30","",""
"05/05/2025 09:30:00 - 05/05/2025 09:45:00","BZN|FR","Without Sequence","16.30","",""
"05/05/2025 09:45:00 - 05/05/2025 10:00:00","BZN|FR","Without Sequence","16.30","",""
"05/05/2025 10:00:00 - 05/05/2025 10:15:00","BZN|FR","Without Sequence","3.15","",""
"05/05/2025 10:15:00 - 05/05/2025 10:30:00","BZN|FR","Without Sequence","3.15","",""
"05/05/2025 10:30:00 - 05/05/2025 10:45:00","BZN|FR","Without Sequence","3.15","",""
"05/05/2025 10:45:00 - 05/05/2025 11:00:00","BZN|FR","Without Sequence","3.15","",""
"05/05/2025 11:00:00 - 05/05/2025 11:15:00","BZN|FR","Without Sequence","0.00","",""
"05/05/2025 11:15:00 - 05/05/2025 11:30:00","BZN|FR","Without Sequence","0.00","",""
"05/05/2025 11:30:00 - 05/05/2025 11:45:00","BZN|FR","Without Sequence","0.00","",""
"05/05/2025 11:45:00 - 05/05/2025 12:00:00","BZN|FR","Without Sequence","0.00","",""
"05/05/2025 12:00:00 - 05/05/2025 12:15:00","BZN|FR","Without Sequence","18.12","",""
"05/05/2025 12:15:00 - 05/05/2025 12:30:00","BZN|FR","Without Sequence","18.12","",""
"05/05/2025 12:30:00 - 05/05/2025 12:45:00","BZN|FR","Without Sequence","18.12","",""
"05/05/2025 12:45:00 - 05/05/2025 13:00:00","BZN|FR","Without Sequence","18.12","",""
"05/05/2025 13:00:00 - 05/05/2025 13:15:00","BZN|FR","Without Sequence","12.73","",""
"05/05/2025 13:15:00 - 05/05/2025 13:30:00","BZN|FR","Without Sequence","12.73","",""
"05/05/2025 13:30:00 - 05/05/2025 13:45:00","BZN|FR","Without Sequence","12.73","",""
"05/05/2025 13:45:00 - 05/05/2025 14:00:00","BZN|FR","Without Sequence","12.73","",""
"05/05/2025 14:00:00 - 05/05/2025 14:15:00","BZN|FR","Without Sequence","10.68","",""
"05/05/2025 14:15:00 - 05/05/2025 14:30:00","BZN|FR","Without Sequence","10.68","",""
"05/05/2025 14:30:00 - 05/05/2025 14:45:00","BZN|FR","Without Sequence","10.68","",""
"05/05/2025 14:45:00 - 05/05/2025 15:00:00","BZN|FR","Without Sequence","10.68","",""
"05/05/2025 15:00:00 - 05/05/2025 15:15:00","BZN|FR","Without Sequence","0.06","",""
"05/05/2025 15:15:00 - 05/05/2025 15:30:00","BZN|FR","Without Sequence","0.06","",""
"05/05/2025 15:30:00 - 05/05/2025 15:45:00","BZN|FR","Without Sequence","0.06","",""
"05/05/2025 15:45:00 - 05/05/2025 16:00:00","BZN|FR","Without Sequence","0.06","",""
"05/05/2025 16:00:00 - 05/05/2025 16:15:00","BZN|FR","Without Sequence","0.00","",""
"05/05/2025 16:15:00 - 05/05/2025 16:30:00","BZN|FR","Without Sequence","0.00","",""
"05/05/2025 16:30:00 - 05/05/2025 16:45:00","BZN|FR","Without Sequence","0.00","",""
"05/05/2025 16:45:00 - 05/05/2025 17:00:00","BZN|FR","Without Sequence","0.00","",""
"05/05/2025 17:00:00 - 05/05/2025 17:15:00","BZN|FR","Without Sequence","0.00","",""
"05/05/2025 17:15:00 - 05/05/2025 17:30:00","BZN|FR","Without Sequence","0.00","",""
"05/05/2025 17:30:00 - 05/05/2025 17:45:00","BZN|FR","Without Sequence","0.00","",""
"05/05/2025 17:45:00 - 05/05/2025 18:00:00","BZN|FR","Without Sequence","0.00","",""
"05/05/2025 18:00:00 - 05/05/2025 18:15:00","BZN|FR","Without Sequence","-0.01","",""
"05/05/2025 18:15:00 - 05/05/2025 18:30:00","BZN|FR","Without Sequence","-0.01","",""
"05/05/2025 18:30:00 - 05/05/2025 18:45:00","BZN|FR","Without Sequence","-0.01","",""
"05/05/2025 18:45:00 - 05/05/2025 19:00:00","BZN|FR","Without Sequence","-0.01","",""
"05/05/2025 19:00:00 - 05/05/2025 19:15:00","BZN|FR","Without Sequence","0.00","",""
"05/05/2025 19:15:00 - 05/05/2025 19:30:00","BZN|FR","Without Sequence","0.00","",""
"05/05/2025 19:30:00 - 05/05/2025 19:45:00","BZN|FR","Without Sequence","0.00","",""
"05/05/2025 19:45:00 - 05/05/2025 20:00:00","BZN|FR","Without Sequence","0.00","",""
"05/05/2025 20:00:00 - 05/05/2025 20:15:00","BZN|FR","Without Sequence","10.00","",""
"05/05/2025 20:15:00 - 05/05/2025 20:30:00","BZN|FR","Without Sequence","10.00","",""
"05/05/2025 20:30:00 - 05/05/2025 20:45:00","BZN|FR","Without Sequence","10.00","",""
"05/05/2025 20:45:00 - 05/05/2025 21:00:00","BZN|FR","Without Sequence","10.00","",""
"05/05/2025 21:00:00 - 05/05/2025 21:15:00","BZN|FR","Without Sequence","28.10","",""
"05/05/2025 21:15:00 - 05/05/2025 21:30:00","BZN|FR","Without Sequence","28.10","",""
"05/05/2025 21:30:00 - 05/05/2025 21:45:00","BZN|FR","Without Sequence","28.10","",""
"05/05/2025 21:45:00 - 05/05/2025 22:00:00","BZN|FR","Without Sequence","28.10","",""
"05/05/2025 22:00:00 - 05/05/2025 22:15:00","BZN|FR","Without Sequence","18.56","",""
"05/05/2025 22:15:00 - 05/05/2025 22:30:00","BZN|FR","Without Sequence","18.56","",""
"05/05/2025 22:30:00 - 05/05/2025 22:45:00","BZN|FR","Without Sequence","18.56","",""
"05/05/2025 22:45:00 - 05/05/2025 23:00:00","BZN|FR","Without Sequence","18.56","",""
"05/05/2025 23:00:00 - 05/05/2025 23:15:00","BZN|FR","Without Sequence","12.20","",""
"05/05/2025 23:15:00 - 05/05/2025 23:30:00","BZN|FR","Without Sequence","12.20","",""
"05/05/2025 23:30:00 - 05/05/2025 23:45:00","BZN|FR","Without Sequence","12.20","",""
"05/05/2025 23:45:00 - 06/05/2025 00:00:00","BZN|FR","Without Sequence","12.20","",""
"06/05/2025 00:00:00 - 06/05/2025 00:15:00","BZN|FR","Without Sequence","5.00","",""
"06/05/2025 00:15:00 - 06/05/2025 00:30:00","BZN|FR","Without Sequence","5.00","",""
"06/05/2025 00:30:00 - 06/05/2025 00:45:00","BZN|FR","Without Sequence","5.00","",""
"06/05/2025 00:45:00 - 06/05/2025 01:00:00","BZN|FR","Without Sequence","5.00","",""
"06/05/2025 01:00:00 - 06/05/2025 01:15:00","BZN|FR","Without Sequence","2.95","",""
"06/05/2025 01:15:00 - 06/05/2025 01:30:00","BZN|FR","Without Sequence","2.95","",""
"06/05/2025 01:30:00 - 06/05/2025 01:45:00","BZN|FR","Without Sequence","2.95","",""
"06/05/2025 01:45:00 - 06/05/2025 02:00:00","BZN|FR","Without Sequence","2.95","",""
"06/05/2025 02:00:00 - 06/05/2025 02:15:00","BZN|FR","Without Sequence","3.52","",""
"06/05/2025 02:15:00 - 06/05/2025 02:30:00","BZN|FR","Without Sequence","3.52","",""
"06/05/2025 02:30:00 - 06/05/2025 02:45:00","BZN|FR","Without Sequence","3.52","",""
"06/05/2025 02:45:00 - 06/05/2025 03:00:00","BZN|FR","Without Sequence","3.52","",""
"06/05/2025 03:00:00 - 06/05/2025 03:15:00","BZN|FR","Without Sequence","1.72","",""
"06/05/2025 03:15:00 - 06/05/2025 03:30:00","BZN|FR","Without Sequence","1.72","",""
"06/05/2025 03:30:00 - 06/05/2025 03:45:00","BZN|FR","Without Sequence","1.72","",""
"06/05/2025 03:45:00 - 06/05/2025 04:00:00","BZN|FR","Without Sequence","1.72","",""
"06/05/2025 04:00:00 - 06/05/2025 04:15:00","BZN|FR","Without Sequence","1.97","",""
"06/05/2025 04:15:00 - 06/05/2025 04:30:00","BZN|FR","Without Sequence","1.97","",""
"06/05/2025 04:30:00 - 06/05/2025 04:45:00","BZN|FR","Without Sequence","1.97","",""
"06/05/2025 04:45:00 - 06/05/2025 05:00:00","BZN|FR","Without Sequence","1.97","",""
"06/05/2025 05:00:00 - 06/05/2025 05:15:00","BZN|FR","Without Sequence","3.60","",""
"06/05/2025 05:15:00 - 06/05/2025 05:30:00","BZN|FR","Without Sequence","3.60","",""
"06/05/2025 05:30:00 - 06/05/2025 05:45:00","BZN|FR","Without Sequence","3.60","",""
"06/05/2025 05:45:00 - 06/05/2025 06:00:00","BZN|FR","Without Sequence","3.60","",""
"06/05/2025 06:00:00 - 06/05/2025 06:15:00","BZN|FR","Without Sequence","16.50","",""
"06/05/2025 06:15:00 - 06/05/2025 06:30:00","BZN|FR","Without Sequence","16.50","",""
"06/05/2025 06:30:00 - 06/05/2025 06:45:00","BZN|FR","Without Sequence","16.50","",""
"06/05/2025 06:45:00 - 06/05/2025 07:00:00","BZN|FR","Without Sequence","16.50","",""
"06/05/2025 07:00:00 - 06/05/2025 07:15:00","BZN|FR","Without Sequence","30.34","",""
"06/05/2025 07:15:00 - 06/05/2025 07:30:00","BZN|FR","Without Sequence","30.34","",""
"06/05/2025 07:30:00 - 06/05/2025 07:45:00","BZN|FR","Without Sequence","30.34","",""
"06/05/2025 07:45:00 - 06/05/2025 08:00:00","BZN|FR","Without Sequence","30.34","",""
"06/05/2025 08:00:00 - 06/05/2025 08:15:00","BZN|FR","Without Sequence","13.72","",""
"06/05/2025 08:15:00 - 06/05/2025 08:30:00","BZN|FR","Without Sequence","13.72","",""
"06/05/2025 08:30:00 - 06/05/2025 08:45:00","BZN|FR","Without Sequence","13.72","",""
"06/05/2025 08:45:00 - 06/05/2025 09:00:00","BZN|FR","Without Sequence","13.72","",""
"06/05/2025 09:00:00 - 06/05/2025 09:15:00","BZN|FR","Without Sequence","4.36","",""
"06/05/2025 09:15:00 - 06/05/2025 09:30:00","BZN|FR","Without Sequence","4.36","",""
"06/05/2025 09:30:00 - 06/05/2025 09:45:00","BZN|FR","Without Sequence","4.36","",""
"06/05/2025 09:45:00 - 06/05/2025 10:00:00","BZN|FR","Without Sequence","4.36","",""
"06/05/2025 10:00:00 - 06/05/2025 10:15:00","BZN|FR","Without Sequence","1.97","",""
"06/05/2025 10:15:00 - 06/05/2025 10:30:00","BZN|FR","Without Sequence","1.97","",""
"06/05/2025 10:30:00 - 06/05/2025 10:45:00","BZN|FR","Without Sequence","1.97","",""
"06/05/2025 10:45:00 - 06/05/2025 11:00:00","BZN|FR","Without Sequence","1.97","",""
"06/05/2025 11:00:00 - 06/05/2025 11:15:00","BZN|FR","Without Sequence","0.00","",""
"06/05/2025 11:15:00 - 06/05/2025 11:30:00","BZN|FR","Without Sequence","0.00","",""
"06/05/2025 11:30:00 - 06/05/2025 11:45:00","BZN|FR","Without Sequence","0.00","",""
"06/05/2025 11:45:00 - 06/05/2025 12:00:00","BZN|FR","Without Sequence","0.00","",""
"06/05/2025 12:00:00 - 06/05/2025 12:15:00","BZN|FR","Without Sequence","7.61","",""
"06/05/2025 12:15:00 - 06/05/2025 12:30:00","BZN|FR","Without Sequence","7.61","",""
"06/05/2025 12:30:00 - 06/05/2025 12:45:00","BZN|FR","Without Sequence","7.61","",""
"06/05/2025 12:45:00 - 06/05/2025 13:00:00","BZN|FR","Without Sequence","7.61","",""
"06/05/2025 13:00:00 - 06/05/2025 13:15:00","BZN|FR","Without Sequence","0.00","",""
"06/05/2025 13:15:00 - 06/05/2025 13:30:00","BZN|FR","Without Sequence","0.00","",""
"06/05/2025 13:30:00 - 06/05/2025 13:45:00","BZN|FR","Without Sequence","0.00","",""
"06/05/2025 13:45:00 - 06/05/2025 14:00:00","BZN|FR","Without Sequence","0.00","",""
"06/05/2025 14:00:00 - 06/05/2025 14:15:00","BZN|FR","Without Sequence","-0.01","",""
"06/05/2025 14:15:00 - 06/05/2025 14:30:00","BZN|FR","Without Sequence","-0.01","",""
"06/05/2025 14:30:00 - 06/05/2025 14:45:00","BZN|FR","Without Sequence","-0.01","",""
"06/05/2025 14:45:00 - 06/05/2025 15:00:00","BZN|FR","Without Sequence","-0.01","",""
"06/05/2025 15:00:00 - 06/05/2025 15:15:00","BZN|FR","Without Sequence","-0.01","",""
"06/05/2025 15:15:00 - 06/05/2025 15:30:00","BZN|FR","Without Sequence","-0.01","",""
"06/05/2025 15:30:00 - 06/05/2025 15:45:00","BZN|FR","Without Sequence","-0.01","",""
"06/05/2025 15:45:00 - 06/05/2025 16:00:00","BZN|FR","Without Sequence","-0.01","",""
"06/05/2025 16:00:00 - 06/05/2025 16:15:00","BZN|FR","Without Sequence","-0.01","",""
"06/05/2025 16:15:00 - 06/05/2025 16:30:00","BZN|FR","Without Sequence","-0.01","",""
"06/05/2025 16:30:00 - 06/05/2025 16:45:00","BZN|FR","Without Sequence","-0.01","",""
"06/05/2025 16:45:00 - 06/05/2025 17:00:00","BZN|FR","Without Sequence","-0.01","",""
"06/05/2025 17:00:00 - 06/05/2025 17:15:00","BZN|FR","Without Sequence","0.99","",""
"06/05/2025 17:15:00 - 06/05/2025 17:30:00","BZN|FR","Without Sequence","0.99","",""
"06/05/2025 17:30:00 - 06/05/2025 17:45:00","BZN|FR","Without Sequence","0.99","",""
"06/05/2025 17:45:00 - 06/05/2025 18:00:00","BZN|FR","Without Sequence","0.99","",""
"06/05/2025 18:00:00 - 06/05/2025 18:15:00","BZN|FR","Without Sequence","0.09","",""
"06/05/2025 18:15:00 - 06/05/2025 18:30:00","BZN|FR","Without Sequence","0.09","",""
"06/05/2025 18:30:00 - 06/05/2025 18:45:00","BZN|FR","Without Sequence","0.09","",""
"06/05/2025 18:45:00 - 06/05/2025 19:00:00","BZN|FR","Without Sequence","0.09","",""
"06/05/2025 19:00:00 - 06/05/2025 19:15:00","BZN|FR","Without Sequence","46.00","",""
"06/05/2025 19:15:00 - 06/05/2025 19:30:00","BZN|FR","Without Sequence","46.00","",""
"06/05/2025 19:30:00 - 06/05/2025 19:45:00","BZN|FR","Without Sequence","46.00","",""
"06/05/2025 19:45:00 - 06/05/2025 20:00:00","BZN|FR","Without Sequence","46.00","",""
"06/05/2025 20:00:00 - 06/05/2025 20:15:00","BZN|FR","Without Sequence","39.99","",""
"06/05/2025 20:15:00 - 06/05/2025 20:30:00","BZN|FR","Without Sequence","39.99","",""
"06/05/2025 20:30:00 - 06/05/2025 20:45:00","BZN|FR","Without Sequence","39.99","",""
"06/05/2025 20:45:00 - 06/05/2025 21:00:00","BZN|FR","Without Sequence","39.99","",""
"06/05/2025 21:00:00 - 06/05/2025 21:15:00","BZN|FR","Without Sequence","65.12","",""
"06/05/2025 21:15:00 - 06/05/2025 21:30:00","BZN|FR","Without Sequence","65.12","",""
"06/05/2025 21:30:00 - 06/05/2025 21:45:00","BZN|FR","Without Sequence","65.12","",""
"06/05/2025 21:45:00 - 06/05/2025 22:00:00","BZN|FR","Without Sequence","65.12","",""
"06/05/2025 22:00:00 - 06/05/2025 22:15:00","BZN|FR","Without Sequence","48.23","",""
"06/05/2025 22:15:00 - 06/05/2025 22:30:00","BZN|FR","Without Sequence","48.23","",""
"06/05/2025 22:30:00 - 06/05/2025 22:45:00","BZN|FR","Without Sequence","48.23","",""
"06/05/2025 22:45:00 - 06/05/2025 23:00:00","BZN|FR","Without Sequence","48.23","",""
"06/05/2025 23:00:00 - 06/05/2025 23:15:00","BZN|FR","Without Sequence","32.55","",""
"06/05/2025 23:15:00 - 06/05/2025 23:30:00","BZN|FR","Without Sequence","32.55","",""
"06/05/2025 23:30:00 - 06/05/2025 23:45:00","BZN|FR","Without Sequence","32.55","",""
"06/05/2025 23:45:00 - 07/05/2025 00:00:00","BZN|FR","Without Sequence","32.55","",""
"07/05/2025 00:00:00 - 07/05/2025 00:15:00","BZN|FR","Without Sequence","11.30","",""
"07/05/2025 00:15:00 - 07/05/2025 00:30:00","BZN|FR","Without Sequence","11.30","",""
"07/05/2025 00:30:00 - 07/05/2025 00:45:00","BZN|FR","Without Sequence","11.30","",""
"07/05/2025 00:45:00 - 07/05/2025 01:00:00","BZN|FR","Without Sequence","11.30","",""
"07/05/2025 01:00:00 - 07/05/2025 01:15:00","BZN|FR","Without Sequence","7.50","",""
"07/05/2025 01:15:00 - 07/05/2025 01:30:00","BZN|FR","Without Sequence","7.50","",""
"07/05/2025 01:30:00 - 07/05/2025 01:45:00","BZN|FR","Without Sequence","7.50","",""
"07/05/2025 01:45:00 - 07/05/2025 02:00:00","BZN|FR","Without Sequence","7.50","",""
"07/05/2025 02:00:00 - 07/05/2025 02:15:00","BZN|FR","Without Sequence","15.47","",""
"07/05/2025 02:15:00 - 07/05/2025 02:30:00","BZN|FR","Without Sequence","15.47","",""
"07/05/2025 02:30:00 - 07/05/2025 02:45:00","BZN|FR","Without Sequence","15.47","",""
"07/05/2025 02:45:00 - 07/05/2025 03:00:00","BZN|FR","Without Sequence","15.47","",""
"07/05/2025 03:00:00 - 07/05/2025 03:15:00","BZN|FR","Without Sequence","5.10","",""
"07/05/2025 03:15:00 - 07/05/2025 03:30:00","BZN|FR","Without Sequence","5.10","",""
"07/05/2025 03:30:00 - 07/05/2025 03:45:00","BZN|FR","Without Sequence","5.10","",""
"07/05/2025 03:45:00 - 07/05/2025 04:00:00","BZN|FR","Without Sequence","5.10","",""
"07/05/2025 04:00:00 - 07/05/2025 04:15:00","BZN|FR","Without Sequence","9.10","",""
"07/05/2025 04:15:00 - 07/05/2025 04:30:00","BZN|FR","Without Sequence","9.10","",""
"07/05/2025 04:30:00 - 07/05/2025 04:45:00","BZN|FR","Without Sequence","9.10","",""
"07/05/2025 04:45:00 - 07/05/2025 05:00:00","BZN|FR","Without Sequence","9.10","",""
"07/05/2025 05:00:00 - 07/05/2025 05:15:00","BZN|FR","Without Sequence","15.91","",""
"07/05/2025 05:15:00 - 07/05/2025 05:30:00","BZN|FR","Without Sequence","15.91","",""
"07/05/2025 05:30:00 - 07/05/2025 05:45:00","BZN|FR","Without Sequence","15.91","",""
"07/05/2025 05:45:00 - 07/05/2025 06:00:00","BZN|FR","Without Sequence","15.91","",""
"07/05/2025 06:00:00 - 07/05/2025 06:15:00","BZN|FR","Without Sequence","32.40","",""
"07/05/2025 06:15:00 - 07/05/2025 06:30:00","BZN|FR","Without Sequence","32.40","",""
"07/05/2025 06:30:00 - 07/05/2025 06:45:00","BZN|FR","Without Sequence","32.40","",""
"07/05/2025 06:45:00 - 07/05/2025 07:00:00","BZN|FR","Without Sequence","32.40","",""
"07/05/2025 07:00:00 - 07/05/2025 07:15:00","BZN|FR","Without Sequence","49.10","",""
"07/05/2025 07:15:00 - 07/05/2025 07:30:00","BZN|FR","Without Sequence","49.10","",""
"07/05/2025 07:30:00 - 07/05/2025 07:45:00","BZN|FR","Without Sequence","49.10","",""
"07/05/2025 07:45:00 - 07/05/2025 08:00:00","BZN|FR","Without Sequence","49.10","",""
"07/05/2025 08:00:00 - 07/05/2025 08:15:00","BZN|FR","Without Sequence","43.23","",""
"07/05/2025 08:15:00 - 07/05/2025 08:30:00","BZN|FR","Without Sequence","43.23","",""
"07/05/2025 08:30:00 - 07/05/2025 08:45:00","BZN|FR","Without Sequence","43.23","",""
"07/05/2025 08:45:00 - 07/05/2025 09:00:00","BZN|FR","Without Sequence","43.23","",""
"07/05/2025 09:00:00 - 07/05/2025 09:15:00","BZN|FR","Without Sequence","12.48","",""
"07/05/2025 09:15:00 - 07/05/2025 09:30:00","BZN|FR","Without Sequence","12.48","",""
"07/05/2025 09:30:00 - 07/05/2025 09:45:00","BZN|FR","Without Sequence","12.48","",""
"07/05/2025 09:45:00 - 07/05/2025 10:00:00","BZN|FR","Without Sequence","12.48","",""
"07/05/2025 10:00:00 - 07/05/2025 10:15:00","BZN|FR","Without Sequence","6.82","",""
"07/05/2025 10:15:00 - 07/05/2025 10:30:00","BZN|FR","Without Sequence","6.82","",""
"07/05/2025 10:30:00 - 07/05/2025 10:45:00","BZN|FR","Without Sequence","6.82","",""
"07/05/2025 10:45:00 - 07/05/2025 11:00:00","BZN|FR","Without Sequence","6.82","",""
"07/05/2025 11:00:00 - 07/05/2025 11:15:00","BZN|FR","Without Sequence","0.00","",""
"07/05/2025 11:15:00 - 07/05/2025 11:30:00","BZN|FR","Without Sequence","0.00","",""
"07/05/2025 11:30:00 - 07/05/2025 11:45:00","BZN|FR","Without Sequence","0.00","",""
"07/05/2025 11:45:00 - 07/05/2025 12:00:00","BZN|FR","Without Sequence","0.00","",""
"07/05/2025 12:00:00 - 07/05/2025 12:15:00","BZN|FR","Without Sequence","3.78","",""
"07/05/2025 12:15:00 - 07/05/2025 12:30:00","BZN|FR","Without Sequence","3.78","",""
"07/05/2025 12:30:00 - 07/05/2025 12:45:00","BZN|FR","Without Sequence","3.78","",""
"07/05/2025 12:45:00 - 07/05/2025 13:00:00","BZN|FR","Without Sequence","3.78","",""
"07/05/2025 13:00:00 - 07/05/2025 13:15:00","BZN|FR","Without Sequence","0.00","",""
"07/05/2025 13:15:00 - 07/05/2025 13:30:00","BZN|FR","Without Sequence","0.00","",""
"07/05/2025 13:30:00 - 07/05/2025 13:45:00","BZN|FR","Without Sequence","0.00","",""
"07/05/2025 13:45:00 - 07/05/2025 14:00:00","BZN|FR","Without Sequence","0.00","",""
"07/05/2025 14:00:00 - 07/05/2025 14:15:00","BZN|FR","Without Sequence","0.00","",""
"07/05/2025 14:15:00 - 07/05/2025 14:30:00","BZN|FR","Without Sequence","0.00","",""
"07/05/2025 14:30:00 - 07/05/2025 14:45:00","BZN|FR","Without Sequence","0.00","",""
"07/05/2025 14:45:00 - 07/05/2025 15:00:00","BZN|FR","Without Sequence","0.00","",""
"07/05/2025 15:00:00 - 07/05/2025 15:15:00","BZN|FR","Without Sequence","6.94","",""
"07/05/2025 15:15:00 - 07/05/2025 15:30:00","BZN|FR","Without Sequence","6.94","",""
"07/05/2025 15:30:00 - 07/05/2025 15:45:00","BZN|FR","Without Sequence","6.94","",""
"07/05/2025 15:45:00 - 07/05/2025 16:00:00","BZN|FR","Without Sequence","6.94","",""
"07/05/2025 16:00:00 - 07/05/2025 16:15:00","BZN|FR","Without Sequence","8.26","",""
"07/05/2025 16:15:00 - 07/05/2025 16:30:00","BZN|FR","Without Sequence","8.26","",""
"07/05/2025 16:30:00 - 07/05/2025 16:45:00","BZN|FR","Without Sequence","8.26","",""
"07/05/2025 16:45:00 - 07/05/2025 17:00:00","BZN|FR","Without Sequence","8.26","",""
"07/05/2025 17:00:00 - 07/05/2025 17:15:00","BZN|FR","Without Sequence","5.68","",""
"07/05/2025 17:15:00 - 07/05/2025 17:30:00","BZN|FR","Without Sequence","5.68","",""
"07/05/2025 17:30:00 - 07/05/2025 17:45:00","BZN|FR","Without Sequence","5.68","",""
"07/05/2025 17:45:00 - 07/05/2025 18:00:00","BZN|FR","Without Sequence","5.68","",""
"07/05/2025 18:00:00 - 07/05/2025 18:15:00","BZN|FR","Without Sequence","26.13","",""
"07/05/2025 18:15:00 - 07/05/2025 18:30:00","BZN|FR","Without Sequence","26.13","",""
"07/05/2025 18:30:00 - 07/05/2025 18:45:00","BZN|FR","Without Sequence","26.13","",""
"07/05/2025 18:45:00 - 07/05/2025 19:00:00","BZN|FR","Without Sequence","26.13","",""
"07/05/2025 19:00:00 - 07/05/2025 19:15:00","BZN|FR","Without Sequence","39.53","",""
"07/05/2025 19:15:00 - 07/05/2025 19:30:00","BZN|FR","Without Sequence","39.53","",""
"07/05/2025 19:30:00 - 07/05/2025 19:45:00","BZN|FR","Without Sequence","39.53","",""
"07/05/2025 19:45:00 - 07/05/2025 20:00:00","BZN|FR","Without Sequence","39.53","",""
"07/05/2025 20:00:00 - 07/05/2025 20:15:00","BZN|FR","Without Sequence","50.40","",""
"07/05/2025 20:15:00 - 07/05/2025 20:30:00","BZN|FR","Without Sequence","50.40","",""
"07/05/2025 20:30:00 - 07/05/2025 20:45:00","BZN|FR","Without Sequence","50.40","",""
"07/05/2025 20:45:00 - 07/05/2025 21:00:00","BZN|FR","Without Sequence","50.40","",""
"07/05/2025 21:00:00 - 07/05/2025 21:15:00","BZN|FR","Without Sequence","80.00","",""
"07/05/2025 21:15:00 - 07/05/2025 21:30:00","BZN|FR","Without Sequence","80.00","",""
"07/05/2025 21:30:00 - 07/05/2025 21:45:00","BZN|FR","Without Sequence","80.00","",""
"07/05/2025 21:45:00 - 07/05/2025 22:00:00","BZN|FR","Without Sequence","80.00","",""
"07/05/2025 22:00:00 - 07/05/2025 22:15:00","BZN|FR","Without Sequence","57.10","",""
"07/05/2025 22:15:00 - 07/05/2025 22:30:00","BZN|FR","Without Sequence","57.10","",""
"07/05/2025 22:30:00 - 07/05/2025 22:45:00","BZN|FR","Without Sequence","57.10","",""
"07/05/2025 22:45:00 - 07/05/2025 23:00:00","BZN|FR","Without Sequence","57.10","",""
"07/05/2025 23:00:00 - 07/05/2025 23:15:00","BZN|FR","Without Sequence","35.40","",""
"07/05/2025 23:15:00 - 07/05/2025 23:30:00","BZN|FR","Without Sequence","35.40","",""
"07/05/2025 23:30:00 - 07/05/2025 23:45:00","BZN|FR","Without Sequence","35.40","",""
"07/05/2025 23:45:00 - 08/05/2025 00:00:00","BZN|FR","Without Sequence","35.40","",""
"08/05/2025 00:00:00 - 08/05/2025 00:15:00","BZN|FR","Without Sequence","15.91","",""
"08/05/2025 00:15:00 - 08/05/2025 00:30:00","BZN|FR","Without Sequence","15.91","",""
"08/05/2025 00:30:00 - 08/05/2025 00:45:00","BZN|FR","Without Sequence","15.91","",""
"08/05/2025 00:45:00 - 08/05/2025 01:00:00","BZN|FR","Without Sequence","15.91","",""
"08/05/2025 01:00:00 - 08/05/2025 01:15:00","BZN|FR","Without Sequence","15.78","",""
"08/05/2025 01:15:00 - 08/05/2025 01:30:00","BZN|FR","Without Sequence","15.78","",""
"08/05/2025 01:30:00 - 08/05/2025 01:45:00","BZN|FR","Without Sequence","15.78","",""
"08/05/2025 01:45:00 - 08/05/2025 02:00:00","BZN|FR","Without Sequence","15.78","",""
"08/05/2025 02:00:00 - 08/05/2025 02:15:00","BZN|FR","Without Sequence","15.63","",""
"08/05/2025 02:15:00 - 08/05/2025 02:30:00","BZN|FR","Without Sequence","15.63","",""
"08/05/2025 02:30:00 - 08/05/2025 02:45:00","BZN|FR","Without Sequence","15.63","",""
"08/05/2025 02:45:00 - 08/05/2025 03:00:00","BZN|FR","Without Sequence","15.63","",""
"08/05/2025 03:00:00 - 08/05/2025 03:15:00","BZN|FR","Without Sequence","3.55","",""
"08/05/2025 03:15:00 - 08/05/2025 03:30:00","BZN|FR","Without Sequence","3.55","",""
"08/05/2025 03:30:00 - 08/05/2025 03:45:00","BZN|FR","Without Sequence","3.55","",""
"08/05/2025 03:45:00 - 08/05/2025 04:00:00","BZN|FR","Without Sequence","3.55","",""
"08/05/2025 04:00:00 - 08/05/2025 04:15:00","BZN|FR","Without Sequence","6.65","",""
"08/05/2025 04:15:00 - 08/05/2025 04:30:00","BZN|FR","Without Sequence","6.65","",""
"08/05/2025 04:30:00 - 08/05/2025 04:45:00","BZN|FR","Without Sequence","6.65","",""
"08/05/2025 04:45:00 - 08/05/2025 05:00:00","BZN|FR","Without Sequence","6.65","",""
"08/05/2025 05:00:00 - 08/05/2025 05:15:00","BZN|FR","Without Sequence","15.02","",""
"08/05/2025 05:15:00 - 08/05/2025 05:30:00","BZN|FR","Without Sequence","15.02","",""
"08/05/2025 05:30:00 - 08/05/2025 05:45:00","BZN|FR","Without Sequence","15.02","",""
"08/05/2025 05:45:00 - 08/05/2025 06:00:00","BZN|FR","Without Sequence","15.02","",""
"08/05/2025 06:00:00 - 08/05/2025 06:15:00","BZN|FR","Without Sequence","12.05","",""
"08/05/2025 06:15:00 - 08/05/2025 06:30:00","BZN|FR","Without Sequence","12.05","",""
"08/05/2025 06:30:00 - 08/05/2025 06:45:00","BZN|FR","Without Sequence","12.05","",""
"08/05/2025 06:45:00 - 08/05/2025 07:00:00","BZN|FR","Without Sequence","12.05","",""
"08/05/2025 07:00:00 - 08/05/2025 07:15:00","BZN|FR","Without Sequence","10.91","",""
"08/05/2025 07:15:00 - 08/05/2025 07:30:00","BZN|FR","Without Sequence","10.91","",""
"08/05/2025 07:30:00 - 08/05/2025 07:45:00","BZN|FR","Without Sequence","10.91","",""
"08/05/2025 07:45:00 - 08/05/2025 08:00:00","BZN|FR","Without Sequence","10.91","",""
"08/05/2025 08:00:00 - 08/05/2025 08:15:00","BZN|FR","Without Sequence","12.86","",""
"08/05/2025 08:15:00 - 08/05/2025 08:30:00","BZN|FR","Without Sequence","12.86","",""
"08/05/2025 08:30:00 - 08/05/2025 08:45:00","BZN|FR","Without Sequence","12.86","",""
"08/05/2025 08:45:00 - 08/05/2025 09:00:00","BZN|FR","Without Sequence","12.86","",""
"08/05/2025 09:00:00 - 08/05/2025 09:15:00","BZN|FR","Without Sequence","7.26","",""
"08/05/2025 09:15:00 - 08/05/2025 09:30:00","BZN|FR","Without Sequence","7.26","",""
"08/05/2025 09:30:00 - 08/05/2025 09:45:00","BZN|FR","Without Sequence","7.26","",""
"08/05/2025 09:45:00 - 08/05/2025 10:00:00","BZN|FR","Without Sequence","7.26","",""
"08/05/2025 10:00:00 - 08/05/2025 10:15:00","BZN|FR","Without Sequence","0.10","",""
"08/05/2025 10:15:00 - 08/05/2025 10:30:00","BZN|FR","Without Sequence","0.10","",""
"08/05/2025 10:30:00 - 08/05/2025 10:45:00","BZN|FR","Without Sequence","0.10","",""
"08/05/2025 10:45:00 - 08/05/2025 11:00:00","BZN|FR","Without Sequence","0.10","",""
"08/05/2025 11:00:00 - 08/05/2025 11:15:00","BZN|FR","Without Sequence","0.00","",""
"08/05/2025 11:15:00 - 08/05/2025 11:30:00","BZN|FR","Without Sequence","0.00","",""
"08/05/2025 11:30:00 - 08/05/2025 11:45:00","BZN|FR","Without Sequence","0.00","",""
"08/05/2025 11:45:00 - 08/05/2025 12:00:00","BZN|FR","Without Sequence","0.00","",""
"08/05/2025 12:00:00 - 08/05/2025 12:15:00","BZN|FR","Without Sequence","0.00","",""
"08/05/2025 12:15:00 - 08/05/2025 12:30:00","BZN|FR","Without Sequence","0.00","",""
"08/05/2025 12:30:00 - 08/05/2025 12:45:00","BZN|FR","Without Sequence","0.00","",""
"08/05/2025 12:45:00 - 08/05/2025 13:00:00","BZN|FR","Without Sequence","0.00","",""
"08/05/2025 13:00:00 - 08/05/2025 13:15:00","BZN|FR","Without Sequence","-0.01","",""
"08/05/2025 13:15:00 - 08/05/2025 13:30:00","BZN|FR","Without Sequence","-0.01","",""
"08/05/2025 13:30:00 - 08/05/2025 13:45:00","BZN|FR","Without Sequence","-0.01","",""
"08/05/2025 13:45:00 - 08/05/2025 14:00:00","BZN|FR","Without Sequence","-0.01","",""
"08/05/2025 14:00:00 - 08/05/2025 14:15:00","BZN|FR","Without Sequence","-0.01","",""
"08/05/2025 14:15:00 - 08/05/2025 14:30:00","BZN|FR","Without Sequence","-0.01","",""
"08/05/2025 14:30:00 - 08/05/2025 14:45:00","BZN|FR","Without Sequence","-0.01","",""
"08/05/2025 14:45:00 - 08/05/2025 15:00:00","BZN|FR","Without Sequence","-0.01","",""
"08/05/2025 15:00:00 - 08/05/2025 15:15:00","BZN|FR","Without Sequence","-0.01","",""
"08/05/2025 15:15:00 - 08/05/2025 15:30:00","BZN|FR","Without Sequence","-0.01","",""
"08/05/2025 15:30:00 - 08/05/2025 15:45:00","BZN|FR","Without Sequence","-0.01","",""
"08/05/2025 15:45:00 - 08/05/2025 16:00:00","BZN|FR","Without Sequence","-0.01","",""
"08/05/2025 16:00:00 - 08/05/2025 16:15:00","BZN|FR","Without Sequence","-0.02","",""
"08/05/2025 16:15:00 - 08/05/2025 16:30:00","BZN|FR","Without Sequence","-0.02","",""
"08/05/2025 16:30:00 - 08/05/2025 16:45:00","BZN|FR","Without Sequence","-0.02","",""
"08/05/2025 16:45:00 - 08/05/2025 17:00:00","BZN|FR","Without Sequence","-0.02","",""
"08/05/2025 17:00:00 - 08/05/2025 17:15:00","BZN|FR","Without Sequence","-0.01","",""
"08/05/2025 17:15:00 - 08/05/2025 17:30:00","BZN|FR","Without Sequence","-0.01","",""
"08/05/2025 17:30:00 - 08/05/2025 17:45:00","BZN|FR","Without Sequence","-0.01","",""
"08/05/2025 17:45:00 - 08/05/2025 18:00:00","BZN|FR","Without Sequence","-0.01","",""
"08/05/2025 18:00:00 - 08/05/2025 18:15:00","BZN|FR","Without Sequence","0.10","",""
"08/05/2025 18:15:00 - 08/05/2025 18:30:00","BZN|FR","Without Sequence","0.10","",""
"08/05/2025 18:30:00 - 08/05/2025 18:45:00","BZN|FR","Without Sequence","0.10","",""
"08/05/2025 18:45:00 - 08/05/2025 19:00:00","BZN|FR","Without Sequence","0.10","",""
"08/05/2025 19:00:00 - 08/05/2025 19:15:00","BZN|FR","Without Sequence","16.04","",""
"08/05/2025 19:15:00 - 08/05/2025 19:30:00","BZN|FR","Without Sequence","16.04","",""
"08/05/2025 19:30:00 - 08/05/2025 19:45:00","BZN|FR","Without Sequence","16.04","",""
"08/05/2025 19:45:00 - 08/05/2025 20:00:00","BZN|FR","Without Sequence","16.04","",""
"08/05/2025 20:00:00 - 08/05/2025 20:15:00","BZN|FR","Without Sequence","15.40","",""
"08/05/2025 20:15:00 - 08/05/2025 20:30:00","BZN|FR","Without Sequence","15.40","",""
"08/05/2025 20:30:00 - 08/05/2025 20:45:00","BZN|FR","Without Sequence","15.40","",""
"08/05/2025 20:45:00 - 08/05/2025 21:00:00","BZN|FR","Without Sequence","15.40","",""
"08/05/2025 21:00:00 - 08/05/2025 21:15:00","BZN|FR","Without Sequence","24.13","",""
"08/05/2025 21:15:00 - 08/05/2025 21:30:00","BZN|FR","Without Sequence","24.13","",""
"08/05/2025 21:30:00 - 08/05/2025 21:45:00","BZN|FR","Without Sequence","24.13","",""
"08/05/2025 21:45:00 - 08/05/2025 22:00:00","BZN|FR","Without Sequence","24.13","",""
"08/05/2025 22:00:00 - 08/05/2025 22:15:00","BZN|FR","Without Sequence","40.24","",""
"08/05/2025 22:15:00 - 08/05/2025 22:30:00","BZN|FR","Without Sequence","40.24","",""
"08/05/2025 22:30:00 - 08/05/2025 22:45:00","BZN|FR","Without Sequence","40.24","",""
"08/05/2025 22:45:00 - 08/05/2025 23:00:00","BZN|FR","Without Sequence","40.24","",""
"08/05/2025 23:00:00 - 08/05/2025 23:15:00","BZN|FR","Without Sequence","30.10","",""
"08/05/2025 23:15:00 - 08/05/2025 23:30:00","BZN|FR","Without Sequence","30.10","",""
"08/05/2025 23:30:00 - 08/05/2025 23:45:00","BZN|FR","Without Sequence","30.10","",""
"08/05/2025 23:45:00 - 09/05/2025 00:00:00","BZN|FR","Without Sequence","30.10","",""
"09/05/2025 00:00:00 - 09/05/2025 00:15:00","BZN|FR","Without Sequence","21.61","",""
"09/05/2025 00:15:00 - 09/05/2025 00:30:00","BZN|FR","Without Sequence","21.61","",""
"09/05/2025 00:30:00 - 09/05/2025 00:45:00","BZN|FR","Without Sequence","21.61","",""
"09/05/2025 00:45:00 - 09/05/2025 01:00:00","BZN|FR","Without Sequence","21.61","",""
"09/05/2025 01:00:00 - 09/05/2025 01:15:00","BZN|FR","Without Sequence","12.15","",""
"09/05/2025 01:15:00 - 09/05/2025 01:30:00","BZN|FR","Without Sequence","12.15","",""
"09/05/2025 01:30:00 - 09/05/2025 01:45:00","BZN|FR","Without Sequence","12.15","",""
"09/05/2025 01:45:00 - 09/05/2025 02:00:00","BZN|FR","Without Sequence","12.15","",""
"09/05/2025 02:00:00 - 09/05/2025 02:15:00","BZN|FR","Without Sequence","13.00","",""
"09/05/2025 02:15:00 - 09/05/2025 02:30:00","BZN|FR","Without Sequence","13.00","",""
"09/05/2025 02:30:00 - 09/05/2025 02:45:00","BZN|FR","Without Sequence","13.00","",""
"09/05/2025 02:45:00 - 09/05/2025 03:00:00","BZN|FR","Without Sequence","13.00","",""
"09/05/2025 03:00:00 - 09/05/2025 03:15:00","BZN|FR","Without Sequence","9.58","",""
"09/05/2025 03:15:00 - 09/05/2025 03:30:00","BZN|FR","Without Sequence","9.58","",""
"09/05/2025 03:30:00 - 09/05/2025 03:45:00","BZN|FR","Without Sequence","9.58","",""
"09/05/2025 03:45:00 - 09/05/2025 04:00:00","BZN|FR","Without Sequence","9.58","",""
"09/05/2025 04:00:00 - 09/05/2025 04:15:00","BZN|FR","Without Sequence","7.52","",""
"09/05/2025 04:15:00 - 09/05/2025 04:30:00","BZN|FR","Without Sequence","7.52","",""
"09/05/2025 04:30:00 - 09/05/2025 04:45:00","BZN|FR","Without Sequence","7.52","",""
"09/05/2025 04:45:00 - 09/05/2025 05:00:00","BZN|FR","Without Sequence","7.52","",""
"09/05/2025 05:00:00 - 09/05/2025 05:15:00","BZN|FR","Without Sequence","11.13","",""
"09/05/2025 05:15:00 - 09/05/2025 05:30:00","BZN|FR","Without Sequence","11.13","",""
"09/05/2025 05:30:00 - 09/05/2025 05:45:00","BZN|FR","Without Sequence","11.13","",""
"09/05/2025 05:45:00 - 09/05/2025 06:00:00","BZN|FR","Without Sequence","11.13","",""
"09/05/2025 06:00:00 - 09/05/2025 06:15:00","BZN|FR","Without Sequence","18.88","",""
"09/05/2025 06:15:00 - 09/05/2025 06:30:00","BZN|FR","Without Sequence","18.88","",""
"09/05/2025 06:30:00 - 09/05/2025 06:45:00","BZN|FR","Without Sequence","18.88","",""
"09/05/2025 06:45:00 - 09/05/2025 07:00:00","BZN|FR","Without Sequence","18.88","",""
"09/05/2025 07:00:00 - 09/05/2025 07:15:00","BZN|FR","Without Sequence","20.31","",""
"09/05/2025 07:15:00 - 09/05/2025 07:30:00","BZN|FR","Without Sequence","20.31","",""
"09/05/2025 07:30:00 - 09/05/2025 07:45:00","BZN|FR","Without Sequence","20.31","",""
"09/05/2025 07:45:00 - 09/05/2025 08:00:00","BZN|FR","Without Sequence","20.31","",""
"09/05/2025 08:00:00 - 09/05/2025 08:15:00","BZN|FR","Without Sequence","30.58","",""
"09/05/2025 08:15:00 - 09/05/2025 08:30:00","BZN|FR","Without Sequence","30.58","",""
"09/05/2025 08:30:00 - 09/05/2025 08:45:00","BZN|FR","Without Sequence","30.58","",""
"09/05/2025 08:45:00 - 09/05/2025 09:00:00","BZN|FR","Without Sequence","30.58","",""
"09/05/2025 09:00:00 - 09/05/2025 09:15:00","BZN|FR","Without Sequence","12.86","",""
"09/05/2025 09:15:00 - 09/05/2025 09:30:00","BZN|FR","Without Sequence","12.86","",""
"09/05/2025 09:30:00 - 09/05/2025 09:45:00","BZN|FR","Without Sequence","12.86","",""
"09/05/2025 09:45:00 - 09/05/2025 10:00:00","BZN|FR","Without Sequence","12.86","",""
"09/05/2025 10:00:00 - 09/05/2025 10:15:00","BZN|FR","Without Sequence","7.17","",""
"09/05/2025 10:15:00 - 09/05/2025 10:30:00","BZN|FR","Without Sequence","7.17","",""
"09/05/2025 10:30:00 - 09/05/2025 10:45:00","BZN|FR","Without Sequence","7.17","",""
"09/05/2025 10:45:00 - 09/05/2025 11:00:00","BZN|FR","Without Sequence","7.17","",""
"09/05/2025 11:00:00 - 09/05/2025 11:15:00","BZN|FR","Without Sequence","0.22","",""
"09/05/2025 11:15:00 - 09/05/2025 11:30:00","BZN|FR","Without Sequence","0.22","",""
"09/05/2025 11:30:00 - 09/05/2025 11:45:00","BZN|FR","Without Sequence","0.22","",""
"09/05/2025 11:45:00 - 09/05/2025 12:00:00","BZN|FR","Without Sequence","0.22","",""
"09/05/2025 12:00:00 - 09/05/2025 12:15:00","BZN|FR","Without Sequence","0.00","",""
"09/05/2025 12:15:00 - 09/05/2025 12:30:00","BZN|FR","Without Sequence","0.00","",""
"09/05/2025 12:30:00 - 09/05/2025 12:45:00","BZN|FR","Without Sequence","0.00","",""
"09/05/2025 12:45:00 - 09/05/2025 13:00:00","BZN|FR","Without Sequence","0.00","",""
"09/05/2025 13:00:00 - 09/05/2025 13:15:00","BZN|FR","Without Sequence","0.00","",""
"09/05/2025 13:15:00 - 09/05/2025 13:30:00","BZN|FR","Without Sequence","0.00","",""
"09/05/2025 13:30:00 - 09/05/2025 13:45:00","BZN|FR","Without Sequence","0.00","",""
"09/05/2025 13:45:00 - 09/05/2025 14:00:00","BZN|FR","Without Sequence","0.00","",""
"09/05/2025 14:00:00 - 09/05/2025 14:15:00","BZN|FR","Without Sequence","-0.01","",""
"09/05/2025 14:15:00 - 09/05/2025 14:30:00","BZN|FR","Without Sequence","-0.01","",""
"09/05/2025 14:30:00 - 09/05/2025 14:45:00","BZN|FR","Without Sequence","-0.01","",""
"09/05/2025 14:45:00 - 09/05/2025 15:00:00","BZN|FR","Without Sequence","-0.01","",""
"09/05/2025 15:00:00 - 09/05/2025 15:15:00","BZN|FR","Without Sequence","-0.01","",""
"09/05/2025 15:15:00 - 09/05/2025 15:30:00","BZN|FR","Without Sequence","-0.01","",""
"09/05/2025 15:30:00 - 09/05/2025 15:45:00","BZN|FR","Without Sequence","-0.01","",""
"09/05/2025 15:45:00 - 09/05/2025 16:00:00","BZN|FR","Without Sequence","-0.01","",""
"09/05/2025 16:00:00 - 09/05/2025 16:15:00","BZN|FR","Without Sequence","-0.01","",""
"09/05/2025 16:15:00 - 09/05/2025 16:30:00","BZN|FR","Without Sequence","-0.01","",""
"09/05/2025 16:30:00 - 09/05/2025 16:45:00","BZN|FR","Without Sequence","-0.01","",""
"09/05/2025 16:45:00 - 09/05/2025 17:00:00","BZN|FR","Without Sequence","-0.01","",""
"09/05/2025 17:00:00 - 09/05/2025 17:15:00","BZN|FR","Without Sequence","0.00","",""
"09/05/2025 17:15:00 - 09/05/2025 17:30:00","BZN|FR","Without Sequence","0.00","",""
"09/05/2025 17:30:00 - 09/05/2025 17:45:00","BZN|FR","Without Sequence","0.00","",""
"09/05/2025 17:45:00 - 09/05/2025 18:00:00","BZN|FR","Without Sequence","0.00","",""
"09/05/2025 18:00:00 - 09/05/2025 18:15:00","BZN|FR","Without Sequence","7.04","",""
"09/05/2025 18:15:00 - 09/05/2025 18:30:00","BZN|FR","Without Sequence","7.04","",""
"09/05/2025 18:30:00 - 09/05/2025 18:45:00","BZN|FR","Without Sequence","7.04","",""
"09/05/2025 18:45:00 - 09/05/2025 19:00:00","BZN|FR","Without Sequence","7.04","",""
"09/05/2025 19:00:00 - 09/05/2025 19:15:00","BZN|FR","Without Sequence","15.63","",""
"09/05/2025 19:15:00 - 09/05/2025 19:30:00","BZN|FR","Without Sequence","15.63","",""
"09/05/2025 19:30:00 - 09/05/2025 19:45:00","BZN|FR","Without Sequence","15.63","",""
"09/05/2025 19:45:00 - 09/05/2025 20:00:00","BZN|FR","Without Sequence","15.63","",""
"09/05/2025 20:00:00 - 09/05/2025 20:15:00","BZN|FR","Without Sequence","41.92","",""
"09/05/2025 20:15:00 - 09/05/2025 20:30:00","BZN|FR","Without Sequence","41.92","",""
"09/05/2025 20:30:00 - 09/05/2025 20:45:00","BZN|FR","Without Sequence","41.92","",""
"09/05/2025 20:45:00 - 09/05/2025 21:00:00","BZN|FR","Without Sequence","41.92","",""
"09/05/2025 21:00:00 - 09/05/2025 21:15:00","BZN|FR","Without Sequence","40.27","",""
"09/05/2025 21:15:00 - 09/05/2025 21:30:00","BZN|FR","Without Sequence","40.27","",""
"09/05/2025 21:30:00 - 09/05/2025 21:45:00","BZN|FR","Without Sequence","40.27","",""
"09/05/2025 21:45:00 - 09/05/2025 22:00:00","BZN|FR","Without Sequence","40.27","",""
"09/05/2025 22:00:00 - 09/05/2025 22:15:00","BZN|FR","Without Sequence","57.64","",""
"09/05/2025 22:15:00 - 09/05/2025 22:30:00","BZN|FR","Without Sequence","57.64","",""
"09/05/2025 22:30:00 - 09/05/2025 22:45:00","BZN|FR","Without Sequence","57.64","",""
"09/05/2025 22:45:00 - 09/05/2025 23:00:00","BZN|FR","Without Sequence","57.64","",""
"09/05/2025 23:00:00 - 09/05/2025 23:15:00","BZN|FR","Without Sequence","39.76","",""
"09/05/2025 23:15:00 - 09/05/2025 23:30:00","BZN|FR","Without Sequence","39.76","",""
"09/05/2025 23:30:00 - 09/05/2025 23:45:00","BZN|FR","Without Sequence","39.76","",""
"09/05/2025 23:45:00 - 10/05/2025 00:00:00","BZN|FR","Without Sequence","39.76","",""
"10/05/2025 00:00:00 - 10/05/2025 00:15:00","BZN|FR","Without Sequence","29.22","",""
"10/05/2025 00:15:00 - 10/05/2025 00:30:00","BZN|FR","Without Sequence","29.22","",""
"10/05/2025 00:30:00 - 10/05/2025 00:45:00","BZN|FR","Without Sequence","29.22","",""
"10/05/2025 00:45:00 - 10/05/2025 01:00:00","BZN|FR","Without Sequence","29.22","",""
"10/05/2025 01:00:00 - 10/05/2025 01:15:00","BZN|FR","Without Sequence","15.46","",""
"10/05/2025 01:15:00 - 10/05/2025 01:30:00","BZN|FR","Without Sequence","15.46","",""
"10/05/2025 01:30:00 - 10/05/2025 01:45:00","BZN|FR","Without Sequence","15.46","",""
"10/05/2025 01:45:00 - 10/05/2025 02:00:00","BZN|FR","Without Sequence","15.46","",""
"10/05/2025 02:00:00 - 10/05/2025 02:15:00","BZN|FR","Without Sequence","13.52","",""
"10/05/2025 02:15:00 - 10/05/2025 02:30:00","BZN|FR","Without Sequence","13.52","",""
"10/05/2025 02:30:00 - 10/05/2025 02:45:00","BZN|FR","Without Sequence","13.52","",""
"10/05/2025 02:45:00 - 10/05/2025 03:00:00","BZN|FR","Without Sequence","13.52","",""
"10/05/2025 03:00:00 - 10/05/2025 03:15:00","BZN|FR","Without Sequence","14.94","",""
"10/05/2025 03:15:00 - 10/05/2025 03:30:00","BZN|FR","Without Sequence","14.94","",""
"10/05/2025 03:30:00 - 10/05/2025 03:45:00","BZN|FR","Without Sequence","14.94","",""
"10/05/2025 03:45:00 - 10/05/2025 04:00:00","BZN|FR","Without Sequence","14.94","",""
"10/05/2025 04:00:00 - 10/05/2025 04:15:00","BZN|FR","Without Sequence","11.12","",""
"10/05/2025 04:15:00 - 10/05/2025 04:30:00","BZN|FR","Without Sequence","11.12","",""
"10/05/2025 04:30:00 - 10/05/2025 04:45:00","BZN|FR","Without Sequence","11.12","",""
"10/05/2025 04:45:00 - 10/05/2025 05:00:00","BZN|FR","Without Sequence","11.12","",""
"10/05/2025 05:00:00 - 10/05/2025 05:15:00","BZN|FR","Without Sequence","13.34","",""
"10/05/2025 05:15:00 - 10/05/2025 05:30:00","BZN|FR","Without Sequence","13.34","",""
"10/05/2025 05:30:00 - 10/05/2025 05:45:00","BZN|FR","Without Sequence","13.34","",""
"10/05/2025 05:45:00 - 10/05/2025 06:00:00","BZN|FR","Without Sequence","13.34","",""
"10/05/2025 06:00:00 - 10/05/2025 06:15:00","BZN|FR","Without Sequence","16.10","",""
"10/05/2025 06:15:00 - 10/05/2025 06:30:00","BZN|FR","Without Sequence","16.10","",""
"10/05/2025 06:30:00 - 10/05/2025 06:45:00","BZN|FR","Without Sequence","16.10","",""
"10/05/2025 06:45:00 - 10/05/2025 07:00:00","BZN|FR","Without Sequence","16.10","",""
"10/05/2025 07:00:00 - 10/05/2025 07:15:00","BZN|FR","Without Sequence","15.81","",""
"10/05/2025 07:15:00 - 10/05/2025 07:30:00","BZN|FR","Without Sequence","15.81","",""
"10/05/2025 07:30:00 - 10/05/2025 07:45:00","BZN|FR","Without Sequence","15.81","",""
"10/05/2025 07:45:00 - 10/05/2025 08:00:00","BZN|FR","Without Sequence","15.81","",""
"10/05/2025 08:00:00 - 10/05/2025 08:15:00","BZN|FR","Without Sequence","10.00","",""
"10/05/2025 08:15:00 - 10/05/2025 08:30:00","BZN|FR","Without Sequence","10.00","",""
"10/05/2025 08:30:00 - 10/05/2025 08:45:00","BZN|FR","Without Sequence","10.00","",""
"10/05/2025 08:45:00 - 10/05/2025 09:00:00","BZN|FR","Without Sequence","10.00","",""
"10/05/2025 09:00:00 - 10/05/2025 09:15:00","BZN|FR","Without Sequence","3.42","",""
"10/05/2025 09:15:00 - 10/05/2025 09:30:00","BZN|FR","Without Sequence","3.42","",""
"10/05/2025 09:30:00 - 10/05/2025 09:45:00","BZN|FR","Without Sequence","3.42","",""
"10/05/2025 09:45:00 - 10/05/2025 10:00:00","BZN|FR","Without Sequence","3.42","",""
"10/05/2025 10:00:00 - 10/05/2025 10:15:00","BZN|FR","Without Sequence","-0.06","",""
"10/05/2025 10:15:00 - 10/05/2025 10:30:00","BZN|FR","Without Sequence","-0.06","",""
"10/05/2025 10:30:00 - 10/05/2025 10:45:00","BZN|FR","Without Sequence","-0.06","",""
"10/05/2025 10:45:00 - 10/05/2025 11:00:00","BZN|FR","Without Sequence","-0.06","",""
"10/05/2025 11:00:00 - 10/05/2025 11:15:00","BZN|FR","Without Sequence","-23.07","",""
"10/05/2025 11:15:00 - 10/05/2025 11:30:00","BZN|FR","Without Sequence","-23.07","",""
"10/05/2025 11:30:00 - 10/05/2025 11:45:00","BZN|FR","Without Sequence","-23.07","",""
"10/05/2025 11:45:00 - 10/05/2025 12:00:00","BZN|FR","Without Sequence","-23.07","",""
"10/05/2025 12:00:00 - 10/05/2025 12:15:00","BZN|FR","Without Sequence","-39.57","",""
"10/05/2025 12:15:00 - 10/05/2025 12:30:00","BZN|FR","Without Sequence","-39.57","",""
"10/05/2025 12:30:00 - 10/05/2025 12:45:00","BZN|FR","Without Sequence","-39.57","",""
"10/05/2025 12:45:00 - 10/05/2025 13:00:00","BZN|FR","Without Sequence","-39.57","",""
"10/05/2025 13:00:00 - 10/05/2025 13:15:00","BZN|FR","Without Sequence","-94.11","",""
"10/05/2025 13:15:00 - 10/05/2025 13:30:00","BZN|FR","Without Sequence","-94.11","",""
"10/05/2025 13:30:00 - 10/05/2025 13:45:00","BZN|FR","Without Sequence","-94.11","",""
"10/05/2025 13:45:00 - 10/05/2025 14:00:00","BZN|FR","Without Sequence","-94.11","",""
"10/05/2025 14:00:00 - 10/05/2025 14:15:00","BZN|FR","Without Sequence","-111.18","",""
"10/05/2025 14:15:00 - 10/05/2025 14:30:00","BZN|FR","Without Sequence","-111.18","",""
"10/05/2025 14:30:00 - 10/05/2025 14:45:00","BZN|FR","Without Sequence","-111.18","",""
"10/05/2025 14:45:00 - 10/05/2025 15:00:00","BZN|FR","Without Sequence","-111.18","",""
"10/05/2025 15:00:00 - 10/05/2025 15:15:00","BZN|FR","Without Sequence","-49.36","",""
"10/05/2025 15:15:00 - 10/05/2025 15:30:00","BZN|FR","Without Sequence","-49.36","",""
"10/05/2025 15:30:00 - 10/05/2025 15:45:00","BZN|FR","Without Sequence","-49.36","",""
"10/05/2025 15:45:00 - 10/05/2025 16:00:00","BZN|FR","Without Sequence","-49.36","",""
"10/05/2025 16:00:00 - 10/05/2025 16:15:00","BZN|FR","Without Sequence","-5.80","",""
"10/05/2025 16:15:00 - 10/05/2025 16:30:00","BZN|FR","Without Sequence","-5.80","",""
"10/05/2025 16:30:00 - 10/05/2025 16:45:00","BZN|FR","Without Sequence","-5.80","",""
"10/05/2025 16:45:00 - 10/05/2025 17:00:00","BZN|FR","Without Sequence","-5.80","",""
"10/05/2025 17:00:00 - 10/05/2025 17:15:00","BZN|FR","Without Sequence","0.00","",""
"10/05/2025 17:15:00 - 10/05/2025 17:30:00","BZN|FR","Without Sequence","0.00","",""
"10/05/2025 17:30:00 - 10/05/2025 17:45:00","BZN|FR","Without Sequence","0.00","",""
"10/05/2025 17:45:00 - 10/05/2025 18:00:00","BZN|FR","Without Sequence","0.00","",""
"10/05/2025 18:00:00 - 10/05/2025 18:15:00","BZN|FR","Without Sequence","10.39","",""
"10/05/2025 18:15:00 - 10/05/2025 18:30:00","BZN|FR","Without Sequence","10.39","",""
"10/05/2025 18:30:00 - 10/05/2025 18:45:00","BZN|FR","Without Sequence","10.39","",""
"10/05/2025 18:45:00 - 10/05/2025 19:00:00","BZN|FR","Without Sequence","10.39","",""
"10/05/2025 19:00:00 - 10/05/2025 19:15:00","BZN|FR","Without Sequence","29.83","",""
"10/05/2025 19:15:00 - 10/05/2025 19:30:00","BZN|FR","Without Sequence","29.83","",""
"10/05/2025 19:30:00 - 10/05/2025 19:45:00","BZN|FR","Without Sequence","29.83","",""
"10/05/2025 19:45:00 - 10/05/2025 20:00:00","BZN|FR","Without Sequence","29.83","",""
"10/05/2025 20:00:00 - 10/05/2025 20:15:00","BZN|FR","Without Sequence","21.02","",""
"10/05/2025 20:15:00 - 10/05/2025 20:30:00","BZN|FR","Without Sequence","21.02","",""
"10/05/2025 20:30:00 - 10/05/2025 20:45:00","BZN|FR","Without Sequence","21.02","",""
"10/05/2025 20:45:00 - 10/05/2025 21:00:00","BZN|FR","Without Sequence","21.02","",""
"10/05/2025 21:00:00 - 10/05/2025 21:15:00","BZN|FR","Without Sequence","36.88","",""
"10/05/2025 21:15:00 - 10/05/2025 21:30:00","BZN|FR","Without Sequence","36.88","",""
"10/05/2025 21:30:00 - 10/05/2025 21:45:00","BZN|FR","Without Sequence","36.88","",""
"10/05/2025 21:45:00 - 10/05/2025 22:00:00","BZN|FR","Without Sequence","36.88","",""
"10/05/2025 22:00:00 - 10/05/2025 22:15:00","BZN|FR","Without Sequence","31.46","",""
"10/05/2025 22:15:00 - 10/05/2025 22:30:00","BZN|FR","Without Sequence","31.46","",""
"10/05/2025 22:30:00 - 10/05/2025 22:45:00","BZN|FR","Without Sequence","31.46","",""
"10/05/2025 22:45:00 - 10/05/2025 23:00:00","BZN|FR","Without Sequence","31.46","",""
"10/05/2025 23:00:00 - 10/05/2025 23:15:00","BZN|FR","Without Sequence","25.37","",""
"10/05/2025 23:15:00 - 10/05/2025 23:30:00","BZN|FR","Without Sequence","25.37","",""
"10/05/2025 23:30:00 - 10/05/2025 23:45:00","BZN|FR","Without Sequence","25.37","",""
"10/05/2025 23:45:00 - 11/05/2025 00:00:00","BZN|FR","Without Sequence","25.37","",""
"11/05/2025 00:00:00 - 11/05/2025 00:15:00","BZN|FR","Without Sequence","8.79","",""
"11/05/2025 00:15:00 - 11/05/2025 00:30:00","BZN|FR","Without Sequence","8.79","",""
"11/05/2025 00:30:00 - 11/05/2025 00:45:00","BZN|FR","Without Sequence","8.79","",""
"11/05/2025 00:45:00 - 11/05/2025 01:00:00","BZN|FR","Without Sequence","8.79","",""
"11/05/2025 01:00:00 - 11/05/2025 01:15:00","BZN|FR","Without Sequence","6.12","",""
"11/05/2025 01:15:00 - 11/05/2025 01:30:00","BZN|FR","Without Sequence","6.12","",""
"11/05/2025 01:30:00 - 11/05/2025 01:45:00","BZN|FR","Without Sequence","6.12","",""
"11/05/2025 01:45:00 - 11/05/2025 02:00:00","BZN|FR","Without Sequence","6.12","",""
"11/05/2025 02:00:00 - 11/05/2025 02:15:00","BZN|FR","Without Sequence","6.89","",""
"11/05/2025 02:15:00 - 11/05/2025 02:30:00","BZN|FR","Without Sequence","6.89","",""
"11/05/2025 02:30:00 - 11/05/2025 02:45:00","BZN|FR","Without Sequence","6.89","",""
"11/05/2025 02:45:00 - 11/05/2025 03:00:00","BZN|FR","Without Sequence","6.89","",""
"11/05/2025 03:00:00 - 11/05/2025 03:15:00","BZN|FR","Without Sequence","3.96","",""
"11/05/2025 03:15:00 - 11/05/2025 03:30:00","BZN|FR","Without Sequence","3.96","",""
"11/05/2025 03:30:00 - 11/05/2025 03:45:00","BZN|FR","Without Sequence","3.96","",""
"11/05/2025 03:45:00 - 11/05/2025 04:00:00","BZN|FR","Without Sequence","3.96","",""
"11/05/2025 04:00:00 - 11/05/2025 04:15:00","BZN|FR","Without Sequence","3.60","",""
"11/05/2025 04:15:00 - 11/05/2025 04:30:00","BZN|FR","Without Sequence","3.60","",""
"11/05/2025 04:30:00 - 11/05/2025 04:45:00","BZN|FR","Without Sequence","3.60","",""
"11/05/2025 04:45:00 - 11/05/2025 05:00:00","BZN|FR","Without Sequence","3.60","",""
"11/05/2025 05:00:00 - 11/05/2025 05:15:00","BZN|FR","Without Sequence","4.00","",""
"11/05/2025 05:15:00 - 11/05/2025 05:30:00","BZN|FR","Without Sequence","4.00","",""
"11/05/2025 05:30:00 - 11/05/2025 05:45:00","BZN|FR","Without Sequence","4.00","",""
"11/05/2025 05:45:00 - 11/05/2025 06:00:00","BZN|FR","Without Sequence","4.00","",""
"11/05/2025 06:00:00 - 11/05/2025 06:15:00","BZN|FR","Without Sequence","6.00","",""
"11/05/2025 06:15:00 - 11/05/2025 06:30:00","BZN|FR","Without Sequence","6.00","",""
"11/05/2025 06:30:00 - 11/05/2025 06:45:00","BZN|FR","Without Sequence","6.00","",""
"11/05/2025 06:45:00 - 11/05/2025 07:00:00","BZN|FR","Without Sequence","6.00","",""
"11/05/2025 07:00:00 - 11/05/2025 07:15:00","BZN|FR","Without Sequence","5.88","",""
"11/05/2025 07:15:00 - 11/05/2025 07:30:00","BZN|FR","Without Sequence","5.88","",""
"11/05/2025 07:30:00 - 11/05/2025 07:45:00","BZN|FR","Without Sequence","5.88","",""
"11/05/2025 07:45:00 - 11/05/2025 08:00:00","BZN|FR","Without Sequence","5.88","",""
"11/05/2025 08:00:00 - 11/05/2025 08:15:00","BZN|FR","Without Sequence","4.96","",""
"11/05/2025 08:15:00 - 11/05/2025 08:30:00","BZN|FR","Without Sequence","4.96","",""
"11/05/2025 08:30:00 - 11/05/2025 08:45:00","BZN|FR","Without Sequence","4.96","",""
"11/05/2025 08:45:00 - 11/05/2025 09:00:00","BZN|FR","Without Sequence","4.96","",""
"11/05/2025 09:00:00 - 11/05/2025 09:15:00","BZN|FR","Without Sequence","-0.10","",""
"11/05/2025 09:15:00 - 11/05/2025 09:30:00","BZN|FR","Without Sequence","-0.10","",""
"11/05/2025 09:30:00 - 11/05/2025 09:45:00","BZN|FR","Without Sequence","-0.10","",""
"11/05/2025 09:45:00 - 11/05/2025 10:00:00","BZN|FR","Without Sequence","-0.10","",""
"11/05/2025 10:00:00 - 11/05/2025 10:15:00","BZN|FR","Without Sequence","-12.00","",""
"11/05/2025 10:15:00 - 11/05/2025 10:30:00","BZN|FR","Without Sequence","-12.00","",""
"11/05/2025 10:30:00 - 11/05/2025 10:45:00","BZN|FR","Without Sequence","-12.00","",""
"11/05/2025 10:45:00 - 11/05/2025 11:00:00","BZN|FR","Without Sequence","-12.00","",""
"11/05/2025 11:00:00 - 11/05/2025 11:15:00","BZN|FR","Without Sequence","-21.60","",""
"11/05/2025 11:15:00 - 11/05/2025 11:30:00","BZN|FR","Without Sequence","-21.60","",""
"11/05/2025 11:30:00 - 11/05/2025 11:45:00","BZN|FR","Without Sequence","-21.60","",""
"11/05/2025 11:45:00 - 11/05/2025 12:00:00","BZN|FR","Without Sequence","-21.60","",""
"11/05/2025 12:00:00 - 11/05/2025 12:15:00","BZN|FR","Without Sequence","-10.01","",""
"11/05/2025 12:15:00 - 11/05/2025 12:30:00","BZN|FR","Without Sequence","-10.01","",""
"11/05/2025 12:30:00 - 11/05/2025 12:45:00","BZN|FR","Without Sequence","-10.01","",""
"11/05/2025 12:45:00 - 11/05/2025 13:00:00","BZN|FR","Without Sequence","-10.01","",""
"11/05/2025 13:00:00 - 11/05/2025 13:15:00","BZN|FR","Without Sequence","-72.33","",""
"11/05/2025 13:15:00 - 11/05/2025 13:30:00","BZN|FR","Without Sequence","-72.33","",""
"11/05/2025 13:30:00 - 11/05/2025 13:45:00","BZN|FR","Without Sequence","-72.33","",""
"11/05/2025 13:45:00 - 11/05/2025 14:00:00","BZN|FR","Without Sequence","-72.33","",""
"11/05/2025 14:00:00 - 11/05/2025 14:15:00","BZN|FR","Without Sequence","-106.77","",""
"11/05/2025 14:15:00 - 11/05/2025 14:30:00","BZN|FR","Without Sequence","-106.77","",""
"11/05/2025 14:30:00 - 11/05/2025 14:45:00","BZN|FR","Without Sequence","-106.77","",""
"11/05/2025 14:45:00 - 11/05/2025 15:00:00","BZN|FR","Without Sequence","-106.77","",""
"11/05/2025 15:00:00 - 11/05/2025 15:15:00","BZN|FR","Without Sequence","-109.84","",""
"11/05/2025 15:15:00 - 11/05/2025 15:30:00","BZN|FR","Without Sequence","-109.84","",""
"11/05/2025 15:30:00 - 11/05/2025 15:45:00","BZN|FR","Without Sequence","-109.84","",""
"11/05/2025 15:45:00 - 11/05/2025 16:00:00","BZN|FR","Without Sequence","-109.84","",""
"11/05/2025 16:00:00 - 11/05/2025 16:15:00","BZN|FR","Without Sequence","-18.42","",""
"11/05/2025 16:15:00 - 11/05/2025 16:30:00","BZN|FR","Without Sequence","-18.42","",""
"11/05/2025 16:30:00 - 11/05/2025 16:45:00","BZN|FR","Without Sequence","-18.42","",""
"11/05/2025 16:45:00 - 11/05/2025 17:00:00","BZN|FR","Without Sequence","-18.42","",""
"11/05/2025 17:00:00 - 11/05/2025 17:15:00","BZN|FR","Without Sequence","-0.01","",""
"11/05/2025 17:15:00 - 11/05/2025 17:30:00","BZN|FR","Without Sequence","-0.01","",""
"11/05/2025 17:30:00 - 11/05/2025 17:45:00","BZN|FR","Without Sequence","-0.01","",""
"11/05/2025 17:45:00 - 11/05/2025 18:00:00","BZN|FR","Without Sequence","-0.01","",""
"11/05/2025 18:00:00 - 11/05/2025 18:15:00","BZN|FR","Without Sequence","9.72","",""
"11/05/2025 18:15:00 - 11/05/2025 18:30:00","BZN|FR","Without Sequence","9.72","",""
"11/05/2025 18:30:00 - 11/05/2025 18:45:00","BZN|FR","Without Sequence","9.72","",""
"11/05/2025 18:45:00 - 11/05/2025 19:00:00","BZN|FR","Without Sequence","9.72","",""
"11/05/2025 19:00:00 - 11/05/2025 19:15:00","BZN|FR","Without Sequence","23.21","",""
"11/05/2025 19:15:00 - 11/05/2025 19:30:00","BZN|FR","Without Sequence","23.21","",""
"11/05/2025 19:30:00 - 11/05/2025 19:45:00","BZN|FR","Without Sequence","23.21","",""
"11/05/2025 19:45:00 - 11/05/2025 20:00:00","BZN|FR","Without Sequence","23.21","",""
"11/05/2025 20:00:00 - 11/05/2025 20:15:00","BZN|FR","Without Sequence","27.49","",""
"11/05/2025 20:15:00 - 11/05/2025 20:30:00","BZN|FR","Without Sequence","27.49","",""
"11/05/2025 20:30:00 - 11/05/2025 20:45:00","BZN|FR","Without Sequence","27.49","",""
"11/05/2025 20:45:00 - 11/05/2025 21:00:00","BZN|FR","Without Sequence","27.49","",""
"11/05/2025 21:00:00 - 11/05/2025 21:15:00","BZN|FR","Without Sequence","35.01","",""
"11/05/2025 21:15:00 - 11/05/2025 21:30:00","BZN|FR","Without Sequence","35.01","",""
"11/05/2025 21:30:00 - 11/05/2025 21:45:00","BZN|FR","Without Sequence","35.01","",""
"11/05/2025 21:45:00 - 11/05/2025 22:00:00","BZN|FR","Without Sequence","35.01","",""
"11/05/2025 22:00:00 - 11/05/2025 22:15:00","BZN|FR","Without Sequence","35.01","",""
"11/05/2025 22:15:00 - 11/05/2025 22:30:00","BZN|FR","Without Sequence","35.01","",""
"11/05/2025 22:30:00 - 11/05/2025 22:45:00","BZN|FR","Without Sequence","35.01","",""
"11/05/2025 22:45:00 - 11/05/2025 23:00:00","BZN|FR","Without Sequence","35.01","",""
"11/05/2025 23:00:00 - 11/05/2025 23:15:00","BZN|FR","Without Sequence","30.28","",""
"11/05/2025 23:15:00 - 11/05/2025 23:30:00","BZN|FR","Without Sequence","30.28","",""
"11/05/2025 23:30:00 - 11/05/2025 23:45:00","BZN|FR","Without Sequence","30.28","",""
"11/05/2025 23:45:00 - 12/05/2025 00:00:00","BZN|FR","Without Sequence","30.28","",""
"12/05/2025 00:00:00 - 12/05/2025 00:15:00","BZN|FR","Without Sequence","15.30","",""
"12/05/2025 00:15:00 - 12/05/2025 00:30:00","BZN|FR","Without Sequence","15.30","",""
"12/05/2025 00:30:00 - 12/05/2025 00:45:00","BZN|FR","Without Sequence","15.30","",""
"12/05/2025 00:45:00 - 12/05/2025 01:00:00","BZN|FR","Without Sequence","15.30","",""
"12/05/2025 01:00:00 - 12/05/2025 01:15:00","BZN|FR","Without Sequence","14.88","",""
"12/05/2025 01:15:00 - 12/05/2025 01:30:00","BZN|FR","Without Sequence","14.88","",""
"12/05/2025 01:30:00 - 12/05/2025 01:45:00","BZN|FR","Without Sequence","14.88","",""
"12/05/2025 01:45:00 - 12/05/2025 02:00:00","BZN|FR","Without Sequence","14.88","",""
"12/05/2025 02:00:00 - 12/05/2025 02:15:00","BZN|FR","Without Sequence","17.70","",""
"12/05/2025 02:15:00 - 12/05/2025 02:30:00","BZN|FR","Without Sequence","17.70","",""
"12/05/2025 02:30:00 - 12/05/2025 02:45:00","BZN|FR","Without Sequence","17.70","",""
"12/05/2025 02:45:00 - 12/05/2025 03:00:00","BZN|FR","Without Sequence","17.70","",""
"12/05/2025 03:00:00 - 12/05/2025 03:15:00","BZN|FR","Without Sequence","15.30","",""
"12/05/2025 03:15:00 - 12/05/2025 03:30:00","BZN|FR","Without Sequence","15.30","",""
"12/05/2025 03:30:00 - 12/05/2025 03:45:00","BZN|FR","Without Sequence","15.30","",""
"12/05/2025 03:45:00 - 12/05/2025 04:00:00","BZN|FR","Without Sequence","15.30","",""
"12/05/2025 04:00:00 - 12/05/2025 04:15:00","BZN|FR","Without Sequence","14.00","",""
"12/05/2025 04:15:00 - 12/05/2025 04:30:00","BZN|FR","Without Sequence","14.00","",""
"12/05/2025 04:30:00 - 12/05/2025 04:45:00","BZN|FR","Without Sequence","14.00","",""
"12/05/2025 04:45:00 - 12/05/2025 05:00:00","BZN|FR","Without Sequence","14.00","",""
"12/05/2025 05:00:00 - 12/05/2025 05:15:00","BZN|FR","Without Sequence","15.30","",""
"12/05/2025 05:15:00 - 12/05/2025 05:30:00","BZN|FR","Without Sequence","15.30","",""
"12/05/2025 05:30:00 - 12/05/2025 05:45:00","BZN|FR","Without Sequence","15.30","",""
"12/05/2025 05:45:00 - 12/05/2025 06:00:00","BZN|FR","Without Sequence","15.30","",""
"12/05/2025 06:00:00 - 12/05/2025 06:15:00","BZN|FR","Without Sequence","22.34","",""
"12/05/2025 06:15:00 - 12/05/2025 06:30:00","BZN|FR","Without Sequence","22.34","",""
"12/05/2025 06:30:00 - 12/05/2025 06:45:00","BZN|FR","Without Sequence","22.34","",""
"12/05/2025 06:45:00 - 12/05/2025 07:00:00","BZN|FR","Without Sequence","22.34","",""
"12/05/2025 07:00:00 - 12/05/2025 07:15:00","BZN|FR","Without Sequence","35.01","",""
"12/05/2025 07:15:00 - 12/05/2025 07:30:00","BZN|FR","Without Sequence","35.01","",""
"12/05/2025 07:30:00 - 12/05/2025 07:45:00","BZN|FR","Without Sequence","35.01","",""
"12/05/2025 07:45:00 - 12/05/2025 08:00:00","BZN|FR","Without Sequence","35.01","",""
"12/05/2025 08:00:00 - 12/05/2025 08:15:00","BZN|FR","Without Sequence","22.10","",""
"12/05/2025 08:15:00 - 12/05/2025 08:30:00","BZN|FR","Without Sequence","22.10","",""
"12/05/2025 08:30:00 - 12/05/2025 08:45:00","BZN|FR","Without Sequence","22.10","",""
"12/05/2025 08:45:00 - 12/05/2025 09:00:00","BZN|FR","Without Sequence","22.10","",""
"12/05/2025 09:00:00 - 12/05/2025 09:15:00","BZN|FR","Without Sequence","18.92","",""
"12/05/2025 09:15:00 - 12/05/2025 09:30:00","BZN|FR","Without Sequence","18.92","",""
"12/05/2025 09:30:00 - 12/05/2025 09:45:00","BZN|FR","Without Sequence","18.92","",""
"12/05/2025 09:45:00 - 12/05/2025 10:00:00","BZN|FR","Without Sequence","18.92","",""
"12/05/2025 10:00:00 - 12/05/2025 10:15:00","BZN|FR","Without Sequence","4.73","",""
"12/05/2025 10:15:00 - 12/05/2025 10:30:00","BZN|FR","Without Sequence","4.73","",""
"12/05/2025 10:30:00 - 12/05/2025 10:45:00","BZN|FR","Without Sequence","4.73","",""
"12/05/2025 10:45:00 - 12/05/2025 11:00:00","BZN|FR","Without Sequence","4.73","",""
"12/05/2025 11:00:00 - 12/05/2025 11:15:00","BZN|FR","Without Sequence","-0.01","",""
"12/05/2025 11:15:00 - 12/05/2025 11:30:00","BZN|FR","Without Sequence","-0.01","",""
"12/05/2025 11:30:00 - 12/05/2025 11:45:00","BZN|FR","Without Sequence","-0.01","",""
"12/05/2025 11:45:00 - 12/05/2025 12:00:00","BZN|FR","Without Sequence","-0.01","",""
"12/05/2025 12:00:00 - 12/05/2025 12:15:00","BZN|FR","Without Sequence","-0.10","",""
"12/05/2025 12:15:00 - 12/05/2025 12:30:00","BZN|FR","Without Sequence","-0.10","",""
"12/05/2025 12:30:00 - 12/05/2025 12:45:00","BZN|FR","Without Sequence","-0.10","",""
"12/05/2025 12:45:00 - 12/05/2025 13:00:00","BZN|FR","Without Sequence","-0.10","",""
"12/05/2025 13:00:00 - 12/05/2025 13:15:00","BZN|FR","Without Sequence","-2.54","",""
"12/05/2025 13:15:00 - 12/05/2025 13:30:00","BZN|FR","Without Sequence","-2.54","",""
"12/05/2025 13:30:00 - 12/05/2025 13:45:00","BZN|FR","Without Sequence","-2.54","",""
"12/05/2025 13:45:00 - 12/05/2025 14:00:00","BZN|FR","Without Sequence","-2.54","",""
"12/05/2025 14:00:00 - 12/05/2025 14:15:00","BZN|FR","Without Sequence","-4.00","",""
"12/05/2025 14:15:00 - 12/05/2025 14:30:00","BZN|FR","Without Sequence","-4.00","",""
"12/05/2025 14:30:00 - 12/05/2025 14:45:00","BZN|FR","Without Sequence","-4.00","",""
"12/05/2025 14:45:00 - 12/05/2025 15:00:00","BZN|FR","Without Sequence","-4.00","",""
"12/05/2025 15:00:00 - 12/05/2025 15:15:00","BZN|FR","Without Sequence","-0.02","",""
"12/05/2025 15:15:00 - 12/05/2025 15:30:00","BZN|FR","Without Sequence","-0.02","",""
"12/05/2025 15:30:00 - 12/05/2025 15:45:00","BZN|FR","Without Sequence","-0.02","",""
"12/05/2025 15:45:00 - 12/05/2025 16:00:00","BZN|FR","Without Sequence","-0.02","",""
"12/05/2025 16:00:00 - 12/05/2025 16:15:00","BZN|FR","Without Sequence","-0.01","",""
"12/05/2025 16:15:00 - 12/05/2025 16:30:00","BZN|FR","Without Sequence","-0.01","",""
"12/05/2025 16:30:00 - 12/05/2025 16:45:00","BZN|FR","Without Sequence","-0.01","",""
"12/05/2025 16:45:00 - 12/05/2025 17:00:00","BZN|FR","Without Sequence","-0.01","",""
"12/05/2025 17:00:00 - 12/05/2025 17:15:00","BZN|FR","Without Sequence","7.61","",""
"12/05/2025 17:15:00 - 12/05/2025 17:30:00","BZN|FR","Without Sequence","7.61","",""
"12/05/2025 17:30:00 - 12/05/2025 17:45:00","BZN|FR","Without Sequence","7.61","",""
"12/05/2025 17:45:00 - 12/05/2025 18:00:00","BZN|FR","Without Sequence","7.61","",""
"12/05/2025 18:00:00 - 12/05/2025 18:15:00","BZN|FR","Without Sequence","14.97","",""
"12/05/2025 18:15:00 - 12/05/2025 18:30:00","BZN|FR","Without Sequence","14.97","",""
"12/05/2025 18:30:00 - 12/05/2025 18:45:00","BZN|FR","Without Sequence","14.97","",""
"12/05/2025 18:45:00 - 12/05/2025 19:00:00","BZN|FR","Without Sequence","14.97","",""
"12/05/2025 19:00:00 - 12/05/2025 19:15:00","BZN|FR","Without Sequence","44.91","",""
"12/05/2025 19:15:00 - 12/05/2025 19:30:00","BZN|FR","Without Sequence","44.91","",""
"12/05/2025 19:30:00 - 12/05/2025 19:45:00","BZN|FR","Without Sequence","44.91","",""
"12/05/2025 19:45:00 - 12/05/2025 20:00:00","BZN|FR","Without Sequence","44.91","",""
"12/05/2025 20:00:00 - 12/05/2025 20:15:00","BZN|FR","Without Sequence","61.81","",""
"12/05/2025 20:15:00 - 12/05/2025 20:30:00","BZN|FR","Without Sequence","61.81","",""
"12/05/2025 20:30:00 - 12/05/2025 20:45:00","BZN|FR","Without Sequence","61.81","",""
"12/05/2025 20:45:00 - 12/05/2025 21:00:00","BZN|FR","Without Sequence","61.81","",""
"12/05/2025 21:00:00 - 12/05/2025 21:15:00","BZN|FR","Without Sequence","122.03","",""
"12/05/2025 21:15:00 - 12/05/2025 21:30:00","BZN|FR","Without Sequence","122.03","",""
"12/05/2025 21:30:00 - 12/05/2025 21:45:00","BZN|FR","Without Sequence","122.03","",""
"12/05/2025 21:45:00 - 12/05/2025 22:00:00","BZN|FR","Without Sequence","122.03","",""
"12/05/2025 22:00:00 - 12/05/2025 22:15:00","BZN|FR","Without Sequence","103.75","",""
"12/05/2025 22:15:00 - 12/05/2025 22:30:00","BZN|FR","Without Sequence","103.75","",""
"12/05/2025 22:30:00 - 12/05/2025 22:45:00","BZN|FR","Without Sequence","103.75","",""
"12/05/2025 22:45:00 - 12/05/2025 23:00:00","BZN|FR","Without Sequence","103.75","",""
"12/05/2025 23:00:00 - 12/05/2025 23:15:00","BZN|FR","Without Sequence","70.44","",""
"12/05/2025 23:15:00 - 12/05/2025 23:30:00","BZN|FR","Without Sequence","70.44","",""
"12/05/2025 23:30:00 - 12/05/2025 23:45:00","BZN|FR","Without Sequence","70.44","",""
"12/05/2025 23:45:00 - 13/05/2025 00:00:00","BZN|FR","Without Sequence","70.44","",""
"13/05/2025 00:00:00 - 13/05/2025 00:15:00","BZN|FR","Without Sequence","67.00","",""
"13/05/2025 00:15:00 - 13/05/2025 00:30:00","BZN|FR","Without Sequence","67.00","",""
"13/05/2025 00:30:00 - 13/05/2025 00:45:00","BZN|FR","Without Sequence","67.00","",""
"13/05/2025 00:45:00 - 13/05/2025 01:00:00","BZN|FR","Without Sequence","67.00","",""
"13/05/2025 01:00:00 - 13/05/2025 01:15:00","BZN|FR","Without Sequence","45.01","",""
"13/05/2025 01:15:00 - 13/05/2025 01:30:00","BZN|FR","Without Sequence","45.01","",""
"13/05/2025 01:30:00 - 13/05/2025 01:45:00","BZN|FR","Without Sequence","45.01","",""
"13/05/2025 01:45:00 - 13/05/2025 02:00:00","BZN|FR","Without Sequence","45.01","",""
"13/05/2025 02:00:00 - 13/05/2025 02:15:00","BZN|FR","Without Sequence","37.83","",""
"13/05/2025 02:15:00 - 13/05/2025 02:30:00","BZN|FR","Without Sequence","37.83","",""
"13/05/2025 02:30:00 - 13/05/2025 02:45:00","BZN|FR","Without Sequence","37.83","",""
"13/05/2025 02:45:00 - 13/05/2025 03:00:00","BZN|FR","Without Sequence","37.83","",""
"13/05/2025 03:00:00 - 13/05/2025 03:15:00","BZN|FR","Without Sequence","35.01","",""
"13/05/2025 03:15:00 - 13/05/2025 03:30:00","BZN|FR","Without Sequence","35.01","",""
"13/05/2025 03:30:00 - 13/05/2025 03:45:00","BZN|FR","Without Sequence","35.01","",""
"13/05/2025 03:45:00 - 13/05/2025 04:00:00","BZN|FR","Without Sequence","35.01","",""
"13/05/2025 04:00:00 - 13/05/2025 04:15:00","BZN|FR","Without Sequence","35.01","",""
"13/05/2025 04:15:00 - 13/05/2025 04:30:00","BZN|FR","Without Sequence","35.01","",""
"13/05/2025 04:30:00 - 13/05/2025 04:45:00","BZN|FR","Without Sequence","35.01","",""
"13/05/2025 04:45:00 - 13/05/2025 05:00:00","BZN|FR","Without Sequence","35.01","",""
"13/05/2025 05:00:00 - 13/05/2025 05:15:00","BZN|FR","Without Sequence","39.79","",""
"13/05/2025 05:15:00 - 13/05/2025 05:30:00","BZN|FR","Without Sequence","39.79","",""
"13/05/2025 05:30:00 - 13/05/2025 05:45:00","BZN|FR","Without Sequence","39.79","",""
"13/05/2025 05:45:00 - 13/05/2025 06:00:00","BZN|FR","Without Sequence","39.79","",""
"13/05/2025 06:00:00 - 13/05/2025 06:15:00","BZN|FR","Without Sequence","70.00","",""
"13/05/2025 06:15:00 - 13/05/2025 06:30:00","BZN|FR","Without Sequence","70.00","",""
"13/05/2025 06:30:00 - 13/05/2025 06:45:00","BZN|FR","Without Sequence","70.00","",""
"13/05/2025 06:45:00 - 13/05/2025 07:00:00","BZN|FR","Without Sequence","70.00","",""
"13/05/2025 07:00:00 - 13/05/2025 07:15:00","BZN|FR","Without Sequence","108.09","",""
"13/05/2025 07:15:00 - 13/05/2025 07:30:00","BZN|FR","Without Sequence","108.09","",""
"13/05/2025 07:30:00 - 13/05/2025 07:45:00","BZN|FR","Without Sequence","108.09","",""
"13/05/2025 07:45:00 - 13/05/2025 08:00:00","BZN|FR","Without Sequence","108.09","",""
"13/05/2025 08:00:00 - 13/05/2025 08:15:00","BZN|FR","Without Sequence","68.25","",""
"13/05/2025 08:15:00 - 13/05/2025 08:30:00","BZN|FR","Without Sequence","68.25","",""
"13/05/2025 08:30:00 - 13/05/2025 08:45:00","BZN|FR","Without Sequence","68.25","",""
"13/05/2025 08:45:00 - 13/05/2025 09:00:00","BZN|FR","Without Sequence","68.25","",""
"13/05/2025 09:00:00 - 13/05/2025 09:15:00","BZN|FR","Without Sequence","25.58","",""
"13/05/2025 09:15:00 - 13/05/2025 09:30:00","BZN|FR","Without Sequence","25.58","",""
"13/05/2025 09:30:00 - 13/05/2025 09:45:00","BZN|FR","Without Sequence","25.58","",""
"13/05/2025 09:45:00 - 13/05/2025 10:00:00","BZN|FR","Without Sequence","25.58","",""
"13/05/2025 10:00:00 - 13/05/2025 10:15:00","BZN|FR","Without Sequence","17.01","",""
"13/05/2025 10:15:00 - 13/05/2025 10:30:00","BZN|FR","Without Sequence","17.01","",""
"13/05/2025 10:30:00 - 13/05/2025 10:45:00","BZN|FR","Without Sequence","17.01","",""
"13/05/2025 10:45:00 - 13/05/2025 11:00:00","BZN|FR","Without Sequence","17.01","",""
"13/05/2025 11:00:00 - 13/05/2025 11:15:00","BZN|FR","Without Sequence","0.00","",""
"13/05/2025 11:15:00 - 13/05/2025 11:30:00","BZN|FR","Without Sequence","0.00","",""
"13/05/2025 11:30:00 - 13/05/2025 11:45:00","BZN|FR","Without Sequence","0.00","",""
"13/05/2025 11:45:00 - 13/05/2025 12:00:00","BZN|FR","Without Sequence","0.00","",""
"13/05/2025 12:00:00 - 13/05/2025 12:15:00","BZN|FR","Without Sequence","-0.50","",""
"13/05/2025 12:15:00 - 13/05/2025 12:30:00","BZN|FR","Without Sequence","-0.50","",""
"13/05/2025 12:30:00 - 13/05/2025 12:45:00","BZN|FR","Without Sequence","-0.50","",""
"13/05/2025 12:45:00 - 13/05/2025 13:00:00","BZN|FR","Without Sequence","-0.50","",""
"13/05/2025 13:00:00 - 13/05/2025 13:15:00","BZN|FR","Without Sequence","-2.51","",""
"13/05/2025 13:15:00 - 13/05/2025 13:30:00","BZN|FR","Without Sequence","-2.51","",""
"13/05/2025 13:30:00 - 13/05/2025 13:45:00","BZN|FR","Without Sequence","-2.51","",""
"13/05/2025 13:45:00 - 13/05/2025 14:00:00","BZN|FR","Without Sequence","-2.51","",""
"13/05/2025 14:00:00 - 13/05/2025 14:15:00","BZN|FR","Without Sequence","-2.08","",""
"13/05/2025 14:15:00 - 13/05/2025 14:30:00","BZN|FR","Without Sequence","-2.08","",""
"13/05/2025 14:30:00 - 13/05/2025 14:45:00","BZN|FR","Without Sequence","-2.08","",""
"13/05/2025 14:45:00 - 13/05/2025 15:00:00","BZN|FR","Without Sequence","-2.08","",""
"13/05/2025 15:00:00 - 13/05/2025 15:15:00","BZN|FR","Without Sequence","-0.01","",""
"13/05/2025 15:15:00 - 13/05/2025 15:30:00","BZN|FR","Without Sequence","-0.01","",""
"13/05/2025 15:30:00 - 13/05/2025 15:45:00","BZN|FR","Without Sequence","-0.01","",""
"13/05/2025 15:45:00 - 13/05/2025 16:00:00","BZN|FR","Without Sequence","-0.01","",""
"13/05/2025 16:00:00 - 13/05/2025 16:15:00","BZN|FR","Without Sequence","0.35","",""
"13/05/2025 16:15:00 - 13/05/2025 16:30:00","BZN|FR","Without Sequence","0.35","",""
"13/05/2025 16:30:00 - 13/05/2025 16:45:00","BZN|FR","Without Sequence","0.35","",""
"13/05/2025 16:45:00 - 13/05/2025 17:00:00","BZN|FR","Without Sequence","0.35","",""
"13/05/2025 17:00:00 - 13/05/2025 17:15:00","BZN|FR","Without Sequence","31.40","",""
"13/05/2025 17:15:00 - 13/05/2025 17:30:00","BZN|FR","Without Sequence","31.40","",""
"13/05/2025 17:30:00 - 13/05/2025 17:45:00","BZN|FR","Without Sequence","31.40","",""
"13/05/2025 17:45:00 - 13/05/2025 18:00:00","BZN|FR","Without Sequence","31.40","",""
"13/05/2025 18:00:00 - 13/05/2025 18:15:00","BZN|FR","Without Sequence","41.32","",""
"13/05/2025 18:15:00 - 13/05/2025 18:30:00","BZN|FR","Without Sequence","41.32","",""
"13/05/2025 18:30:00 - 13/05/2025 18:45:00","BZN|FR","Without Sequence","41.32","",""
"13/05/2025 18:45:00 - 13/05/2025 19:00:00","BZN|FR","Without Sequence","41.32","",""
"13/05/2025 19:00:00 - 13/05/2025 19:15:00","BZN|FR","Without Sequence","93.07","",""
"13/05/2025 19:15:00 - 13/05/2025 19:30:00","BZN|FR","Without Sequence","93.07","",""
"13/05/2025 19:30:00 - 13/05/2025 19:45:00","BZN|FR","Without Sequence","93.07","",""
"13/05/2025 19:45:00 - 13/05/2025 20:00:00","BZN|FR","Without Sequence","93.07","",""
"13/05/2025 20:00:00 - 13/05/2025 20:15:00","BZN|FR","Without Sequence","92.67","",""
"13/05/2025 20:15:00 - 13/05/2025 20:30:00","BZN|FR","Without Sequence","92.67","",""
"13/05/2025 20:30:00 - 13/05/2025 20:45:00","BZN|FR","Without Sequence","92.67","",""
"13/05/2025 20:45:00 - 13/05/2025 21:00:00","BZN|FR","Without Sequence","92.67","",""
"13/05/2025 21:00:00 - 13/05/2025 21:15:00","BZN|FR","Without Sequence","128.07","",""
"13/05/2025 21:15:00 - 13/05/2025 21:30:00","BZN|FR","Without Sequence","128.07","",""
"13/05/2025 21:30:00 - 13/05/2025 21:45:00","BZN|FR","Without Sequence","128.07","",""
"13/05/2025 21:45:00 - 13/05/2025 22:00:00","BZN|FR","Without Sequence","128.07","",""
"13/05/2025 22:00:00 - 13/05/2025 22:15:00","BZN|FR","Without Sequence","112.30","",""
"13/05/2025 22:15:00 - 13/05/2025 22:30:00","BZN|FR","Without Sequence","112.30","",""
"13/05/2025 22:30:00 - 13/05/2025 22:45:00","BZN|FR","Without Sequence","112.30","",""
"13/05/2025 22:45:00 - 13/05/2025 23:00:00","BZN|FR","Without Sequence","112.30","",""
"13/05/2025 23:00:00 - 13/05/2025 23:15:00","BZN|FR","Without Sequence","74.55","",""
"13/05/2025 23:15:00 - 13/05/2025 23:30:00","BZN|FR","Without Sequence","74.55","",""
"13/05/2025 23:30:00 - 13/05/2025 23:45:00","BZN|FR","Without Sequence","74.55","",""
"13/05/2025 23:45:00 - 14/05/2025 00:00:00","BZN|FR","Without Sequence","74.55","",""
"14/05/2025 00:00:00 - 14/05/2025 00:15:00","BZN|FR","Without Sequence","64.93","",""
"14/05/2025 00:15:00 - 14/05/2025 00:30:00","BZN|FR","Without Sequence","64.93","",""
"14/05/2025 00:30:00 - 14/05/2025 00:45:00","BZN|FR","Without Sequence","64.93","",""
"14/05/2025 00:45:00 - 14/05/2025 01:00:00","BZN|FR","Without Sequence","64.93","",""
"14/05/2025 01:00:00 - 14/05/2025 01:15:00","BZN|FR","Without Sequence","45.33","",""
"14/05/2025 01:15:00 - 14/05/2025 01:30:00","BZN|FR","Without Sequence","45.33","",""
"14/05/2025 01:30:00 - 14/05/2025 01:45:00","BZN|FR","Without Sequence","45.33","",""
"14/05/2025 01:45:00 - 14/05/2025 02:00:00","BZN|FR","Without Sequence","45.33","",""
"14/05/2025 02:00:00 - 14/05/2025 02:15:00","BZN|FR","Without Sequence","41.20","",""
"14/05/2025 02:15:00 - 14/05/2025 02:30:00","BZN|FR","Without Sequence","41.20","",""
"14/05/2025 02:30:00 - 14/05/2025 02:45:00","BZN|FR","Without Sequence","41.20","",""
"14/05/2025 02:45:00 - 14/05/2025 03:00:00","BZN|FR","Without Sequence","41.20","",""
"14/05/2025 03:00:00 - 14/05/2025 03:15:00","BZN|FR","Without Sequence","37.41","",""
"14/05/2025 03:15:00 - 14/05/2025 03:30:00","BZN|FR","Without Sequence","37.41","",""
"14/05/2025 03:30:00 - 14/05/2025 03:45:00","BZN|FR","Without Sequence","37.41","",""
"14/05/2025 03:45:00 - 14/05/2025 04:00:00","BZN|FR","Without Sequence","37.41","",""
"14/05/2025 04:00:00 - 14/05/2025 04:15:00","BZN|FR","Without Sequence","36.00","",""
"14/05/2025 04:15:00 - 14/05/2025 04:30:00","BZN|FR","Without Sequence","36.00","",""
"14/05/2025 04:30:00 - 14/05/2025 04:45:00","BZN|FR","Without Sequence","36.00","",""
"14/05/2025 04:45:00 - 14/05/2025 05:00:00","BZN|FR","Without Sequence","36.00","",""
"14/05/2025 05:00:00 - 14/05/2025 05:15:00","BZN|FR","Without Sequence","40.05","",""
"14/05/2025 05:15:00 - 14/05/2025 05:30:00","BZN|FR","Without Sequence","40.05","",""
"14/05/2025 05:30:00 - 14/05/2025 05:45:00","BZN|FR","Without Sequence","40.05","",""
"14/05/2025 05:45:00 - 14/05/2025 06:00:00","BZN|FR","Without Sequence","40.05","",""
"14/05/2025 06:00:00 - 14/05/2025 06:15:00","BZN|FR","Without Sequence","53.08","",""
"14/05/2025 06:15:00 - 14/05/2025 06:30:00","BZN|FR","Without Sequence","53.08","",""
"14/05/2025 06:30:00 - 14/05/2025 06:45:00","BZN|FR","Without Sequence","53.08","",""
"14/05/2025 06:45:00 - 14/05/2025 07:00:00","BZN|FR","Without Sequence","53.08","",""
"14/05/2025 07:00:00 - 14/05/2025 07:15:00","BZN|FR","Without Sequence","91.53","",""
"14/05/2025 07:15:00 - 14/05/2025 07:30:00","BZN|FR","Without Sequence","91.53","",""
"14/05/2025 07:30:00 - 14/05/2025 07:45:00","BZN|FR","Without Sequence","91.53","",""
"14/05/2025 07:45:00 - 14/05/2025 08:00:00","BZN|FR","Without Sequence","91.53","",""
"14/05/2025 08:00:00 - 14/05/2025 08:15:00","BZN|FR","Without Sequence","57.64","",""
"14/05/2025 08:15:00 - 14/05/2025 08:30:00","BZN|FR","Without Sequence","57.64","",""
"14/05/2025 08:30:00 - 14/05/2025 08:45:00","BZN|FR","Without Sequence","57.64","",""
"14/05/2025 08:45:00 - 14/05/2025 09:00:00","BZN|FR","Without Sequence","57.64","",""
"14/05/2025 09:00:00 - 14/05/2025 09:15:00","BZN|FR","Without Sequence","37.80","",""
"14/05/2025 09:15:00 - 14/05/2025 09:30:00","BZN|FR","Without Sequence","37.80","",""
"14/05/2025 09:30:00 - 14/05/2025 09:45:00","BZN|FR","Without Sequence","37.80","",""
"14/05/2025 09:45:00 - 14/05/2025 10:00:00","BZN|FR","Without Sequence","37.80","",""
"14/05/2025 10:00:00 - 14/05/2025 10:15:00","BZN|FR","Without Sequence","0.74","",""
"14/05/2025 10:15:00 - 14/05/2025 10:30:00","BZN|FR","Without Sequence","0.74","",""
"14/05/2025 10:30:00 - 14/05/2025 10:45:00","BZN|FR","Without Sequence","0.74","",""
"14/05/2025 10:45:00 - 14/05/2025 11:00:00","BZN|FR","Without Sequence","0.74","",""
"14/05/2025 11:00:00 - 14/05/2025 11:15:00","BZN|FR","Without Sequence","-0.02","",""
"14/05/2025 11:15:00 - 14/05/2025 11:30:00","BZN|FR","Without Sequence","-0.02","",""
"14/05/2025 11:30:00 - 14/05/2025 11:45:00","BZN|FR","Without Sequence","-0.02","",""
"14/05/2025 11:45:00 - 14/05/2025 12:00:00","BZN|FR","Without Sequence","-0.02","",""
"14/05/2025 12:00:00 - 14/05/2025 12:15:00","BZN|FR","Without Sequence","-1.13","",""
"14/05/2025 12:15:00 - 14/05/2025 12:30:00","BZN|FR","Without Sequence","-1.13","",""
"14/05/2025 12:30:00 - 14/05/2025 12:45:00","BZN|FR","Without Sequence","-1.13","",""
"14/05/2025 12:45:00 - 14/05/2025 13:00:00","BZN|FR","Without Sequence","-1.13","",""
"14/05/2025 13:00:00 - 14/05/2025 13:15:00","BZN|FR","Without Sequence","-4.00","",""
"14/05/2025 13:15:00 - 14/05/2025 13:30:00","BZN|FR","Without Sequence","-4.00","",""
"14/05/2025 13:30:00 - 14/05/2025 13:45:00","BZN|FR","Without Sequence","-4.00","",""
"14/05/2025 13:45:00 - 14/05/2025 14:00:00","BZN|FR","Without Sequence","-4.00","",""
"14/05/2025 14:00:00 - 14/05/2025 14:15:00","BZN|FR","Without Sequence","-3.00","",""
"14/05/2025 14:15:00 - 14/05/2025 14:30:00","BZN|FR","Without Sequence","-3.00","",""
"14/05/2025 14:30:00 - 14/05/2025 14:45:00","BZN|FR","Without Sequence","-3.00","",""
"14/05/2025 14:45:00 - 14/05/2025 15:00:00","BZN|FR","Without Sequence","-3.00","",""
"14/05/2025 15:00:00 - 14/05/2025 15:15:00","BZN|FR","Without Sequence","-1.54","",""
"14/05/2025 15:15:00 - 14/05/2025 15:30:00","BZN|FR","Without Sequence","-1.54","",""
"14/05/2025 15:30:00 - 14/05/2025 15:45:00","BZN|FR","Without Sequence","-1.54","",""
"14/05/2025 15:45:00 - 14/05/2025 16:00:00","BZN|FR","Without Sequence","-1.54","",""
"14/05/2025 16:00:00 - 14/05/2025 16:15:00","BZN|FR","Without Sequence","0.00","",""
"14/05/2025 16:15:00 - 14/05/2025 16:30:00","BZN|FR","Without Sequence","0.00","",""
"14/05/2025 16:30:00 - 14/05/2025 16:45:00","BZN|FR","Without Sequence","0.00","",""
"14/05/2025 16:45:00 - 14/05/2025 17:00:00","BZN|FR","Without Sequence","0.00","",""
"14/05/2025 17:00:00 - 14/05/2025 17:15:00","BZN|FR","Without Sequence","25.96","",""
"14/05/2025 17:15:00 - 14/05/2025 17:30:00","BZN|FR","Without Sequence","25.96","",""
"14/05/2025 17:30:00 - 14/05/2025 17:45:00","BZN|FR","Without Sequence","25.96","",""
"14/05/2025 17:45:00 - 14/05/2025 18:00:00","BZN|FR","Without Sequence","25.96","",""
"14/05/2025 18:00:00 - 14/05/2025 18:15:00","BZN|FR","Without Sequence","35.77","",""
"14/05/2025 18:15:00 - 14/05/2025 18:30:00","BZN|FR","Without Sequence","35.77","",""
"14/05/2025 18:30:00 - 14/05/2025 18:45:00","BZN|FR","Without Sequence","35.77","",""
"14/05/2025 18:45:00 - 14/05/2025 19:00:00","BZN|FR","Without Sequence","35.77","",""
"14/05/2025 19:00:00 - 14/05/2025 19:15:00","BZN|FR","Without Sequence","51.80","",""
"14/05/2025 19:15:00 - 14/05/2025 19:30:00","BZN|FR","Without Sequence","51.80","",""
"14/05/2025 19:30:00 - 14/05/2025 19:45:00","BZN|FR","Without Sequence","51.80","",""
"14/05/2025 19:45:00 - 14/05/2025 20:00:00","BZN|FR","Without Sequence","51.80","",""
"14/05/2025 20:00:00 - 14/05/2025 20:15:00","BZN|FR","Without Sequence","46.50","",""
"14/05/2025 20:15:00 - 14/05/2025 20:30:00","BZN|FR","Without Sequence","46.50","",""
"14/05/2025 20:30:00 - 14/05/2025 20:45:00","BZN|FR","Without Sequence","46.50","",""
"14/05/2025 20:45:00 - 14/05/2025 21:00:00","BZN|FR","Without Sequence","46.50","",""
"14/05/2025 21:00:00 - 14/05/2025 21:15:00","BZN|FR","Without Sequence","64.03","",""
"14/05/2025 21:15:00 - 14/05/2025 21:30:00","BZN|FR","Without Sequence","64.03","",""
"14/05/2025 21:30:00 - 14/05/2025 21:45:00","BZN|FR","Without Sequence","64.03","",""
"14/05/2025 21:45:00 - 14/05/2025 22:00:00","BZN|FR","Without Sequence","64.03","",""
"14/05/2025 22:00:00 - 14/05/2025 22:15:00","BZN|FR","Without Sequence","61.51","",""
"14/05/2025 22:15:00 - 14/05/2025 22:30:00","BZN|FR","Without Sequence","61.51","",""
"14/05/2025 22:30:00 - 14/05/2025 22:45:00","BZN|FR","Without Sequence","61.51","",""
"14/05/2025 22:45:00 - 14/05/2025 23:00:00","BZN|FR","Without Sequence","61.51","",""
"14/05/2025 23:00:00 - 14/05/2025 23:15:00","BZN|FR","Without Sequence","40.14","",""
"14/05/2025 23:15:00 - 14/05/2025 23:30:00","BZN|FR","Without Sequence","40.14","",""
"14/05/2025 23:30:00 - 14/05/2025 23:45:00","BZN|FR","Without Sequence","40.14","",""
"14/05/2025 23:45:00 - 15/05/2025 00:00:00","BZN|FR","Without Sequence","40.14","",""
"15/05/2025 00:00:00 - 15/05/2025 00:15:00","BZN|FR","Without Sequence","32.95","",""
"15/05/2025 00:15:00 - 15/05/2025 00:30:00","BZN|FR","Without Sequence","32.95","",""
"15/05/2025 00:30:00 - 15/05/2025 00:45:00","BZN|FR","Without Sequence","32.95","",""
"15/05/2025 00:45:00 - 15/05/2025 01:00:00","BZN|FR","Without Sequence","32.95","",""
"15/05/2025 01:00:00 - 15/05/2025 01:15:00","BZN|FR","Without Sequence","19.71","",""
"15/05/2025 01:15:00 - 15/05/2025 01:30:00","BZN|FR","Without Sequence","19.71","",""
"15/05/2025 01:30:00 - 15/05/2025 01:45:00","BZN|FR","Without Sequence","19.71","",""
"15/05/2025 01:45:00 - 15/05/2025 02:00:00","BZN|FR","Without Sequence","19.71","",""
"15/05/2025 02:00:00 - 15/05/2025 02:15:00","BZN|FR","Without Sequence","18.47","",""
"15/05/2025 02:15:00 - 15/05/2025 02:30:00","BZN|FR","Without Sequence","18.47","",""
"15/05/2025 02:30:00 - 15/05/2025 02:45:00","BZN|FR","Without Sequence","18.47","",""
"15/05/2025 02:45:00 - 15/05/2025 03:00:00","BZN|FR","Without Sequence","18.47","",""
"15/05/2025 03:00:00 - 15/05/2025 03:15:00","BZN|FR","Without Sequence","10.55","",""
"15/05/2025 03:15:00 - 15/05/2025 03:30:00","BZN|FR","Without Sequence","10.55","",""
"15/05/2025 03:30:00 - 15/05/2025 03:45:00","BZN|FR","Without Sequence","10.55","",""
"15/05/2025 03:45:00 - 15/05/2025 04:00:00","BZN|FR","Without Sequence","10.55","",""
"15/05/2025 04:00:00 - 15/05/2025 04:15:00","BZN|FR","Without Sequence","10.63","",""
"15/05/2025 04:15:00 - 15/05/2025 04:30:00","BZN|FR","Without Sequence","10.63","",""
"15/05/2025 04:30:00 - 15/05/2025 04:45:00","BZN|FR","Without Sequence","10.63","",""
"15/05/2025 04:45:00 - 15/05/2025 05:00:00","BZN|FR","Without Sequence","10.63","",""
"15/05/2025 05:00:00 - 15/05/2025 05:15:00","BZN|FR","Without Sequence","16.26","",""
"15/05/2025 05:15:00 - 15/05/2025 05:30:00","BZN|FR","Without Sequence","16.26","",""
"15/05/2025 05:30:00 - 15/05/2025 05:45:00","BZN|FR","Without Sequence","16.26","",""
"15/05/2025 05:45:00 - 15/05/2025 06:00:00","BZN|FR","Without Sequence","16.26","",""
"15/05/2025 06:00:00 - 15/05/2025 06:15:00","BZN|FR","Without Sequence","20.00","",""
"15/05/2025 06:15:00 - 15/05/2025 06:30:00","BZN|FR","Without Sequence","20.00","",""
"15/05/2025 06:30:00 - 15/05/2025 06:45:00","BZN|FR","Without Sequence","20.00","",""
"15/05/2025 06:45:00 - 15/05/2025 07:00:00","BZN|FR","Without Sequence","20.00","",""
"15/05/2025 07:00:00 - 15/05/2025 07:15:00","BZN|FR","Without Sequence","35.01","",""
"15/05/2025 07:15:00 - 15/05/2025 07:30:00","BZN|FR","Without Sequence","35.01","",""
"15/05/2025 07:30:00 - 15/05/2025 07:45:00","BZN|FR","Without Sequence","35.01","",""
"15/05/2025 07:45:00 - 15/05/2025 08:00:00","BZN|FR","Without Sequence","35.01","",""
"15/05/2025 08:00:00 - 15/05/2025 08:15:00","BZN|FR","Without Sequence","34.11","",""
"15/05/2025 08:15:00 - 15/05/2025 08:30:00","BZN|FR","Without Sequence","34.11","",""
"15/05/2025 08:30:00 - 15/05/2025 08:45:00","BZN|FR","Without Sequence","34.11","",""
"15/05/2025 08:45:00 - 15/05/2025 09:00:00","BZN|FR","Without Sequence","34.11","",""
"15/05/2025 09:00:00 - 15/05/2025 09:15:00","BZN|FR","Without Sequence","20.04","",""
"15/05/2025 09:15:00 - 15/05/2025 09:30:00","BZN|FR","Without Sequence","20.04","",""
"15/05/2025 09:30:00 - 15/05/2025 09:45:00","BZN|FR","Without Sequence","20.04","",""
"15/05/2025 09:45:00 - 15/05/2025 10:00:00","BZN|FR","Without Sequence","20.04","",""
"15/05/2025 10:00:00 - 15/05/2025 10:15:00","BZN|FR","Without Sequence","0.00","",""
"15/05/2025 10:15:00 - 15/05/2025 10:30:00","BZN|FR","Without Sequence","0.00","",""
"15/05/2025 10:30:00 - 15/05/2025 10:45:00","BZN|FR","Without Sequence","0.00","",""
"15/05/2025 10:45:00 - 15/05/2025 11:00:00","BZN|FR","Without Sequence","0.00","",""
"15/05/2025 11:00:00 - 15/05/2025 11:15:00","BZN|FR","Without Sequence","-0.01","",""
"15/05/2025 11:15:00 - 15/05/2025 11:30:00","BZN|FR","Without Sequence","-0.01","",""
"15/05/2025 11:30:00 - 15/05/2025 11:45:00","BZN|FR","Without Sequence","-0.01","",""
"15/05/2025 11:45:00 - 15/05/2025 12:00:00","BZN|FR","Without Sequence","-0.01","",""
"15/05/2025 12:00:00 - 15/05/2025 12:15:00","BZN|FR","Without Sequence","-0.01","",""
"15/05/2025 12:15:00 - 15/05/2025 12:30:00","BZN|FR","Without Sequence","-0.01","",""
"15/05/2025 12:30:00 - 15/05/2025 12:45:00","BZN|FR","Without Sequence","-0.01","",""
"15/05/2025 12:45:00 - 15/05/2025 13:00:00","BZN|FR","Without Sequence","-0.01","",""
"15/05/2025 13:00:00 - 15/05/2025 13:15:00","BZN|FR","Without Sequence","-0.02","",""
"15/05/2025 13:15:00 - 15/05/2025 13:30:00","BZN|FR","Without Sequence","-0.02","",""
"15/05/2025 13:30:00 - 15/05/2025 13:45:00","BZN|FR","Without Sequence","-0.02","",""
"15/05/2025 13:45:00 - 15/05/2025 14:00:00","BZN|FR","Without Sequence","-0.02","",""
"15/05/2025 14:00:00 - 15/05/2025 14:15:00","BZN|FR","Without Sequence","-0.03","",""
"15/05/2025 14:15:00 - 15/05/2025 14:30:00","BZN|FR","Without Sequence","-0.03","",""
"15/05/2025 14:30:00 - 15/05/2025 14:45:00","BZN|FR","Without Sequence","-0.03","",""
"15/05/2025 14:45:00 - 15/05/2025 15:00:00","BZN|FR","Without Sequence","-0.03","",""
"15/05/2025 15:00:00 - 15/05/2025 15:15:00","BZN|FR","Without Sequence","-0.02","",""
"15/05/2025 15:15:00 - 15/05/2025 15:30:00","BZN|FR","Without Sequence","-0.02","",""
"15/05/2025 15:30:00 - 15/05/2025 15:45:00","BZN|FR","Without Sequence","-0.02","",""
"15/05/2025 15:45:00 - 15/05/2025 16:00:00","BZN|FR","Without Sequence","-0.02","",""
"15/05/2025 16:00:00 - 15/05/2025 16:15:00","BZN|FR","Without Sequence","-0.01","",""
"15/05/2025 16:15:00 - 15/05/2025 16:30:00","BZN|FR","Without Sequence","-0.01","",""
"15/05/2025 16:30:00 - 15/05/2025 16:45:00","BZN|FR","Without Sequence","-0.01","",""
"15/05/2025 16:45:00 - 15/05/2025 17:00:00","BZN|FR","Without Sequence","-0.01","",""
"15/05/2025 17:00:00 - 15/05/2025 17:15:00","BZN|FR","Without Sequence","0.02","",""
"15/05/2025 17:15:00 - 15/05/2025 17:30:00","BZN|FR","Without Sequence","0.02","",""
"15/05/2025 17:30:00 - 15/05/2025 17:45:00","BZN|FR","Without Sequence","0.02","",""
"15/05/2025 17:45:00 - 15/05/2025 18:00:00","BZN|FR","Without Sequence","0.02","",""
"15/05/2025 18:00:00 - 15/05/2025 18:15:00","BZN|FR","Without Sequence","18.35","",""
"15/05/2025 18:15:00 - 15/05/2025 18:30:00","BZN|FR","Without Sequence","18.35","",""
"15/05/2025 18:30:00 - 15/05/2025 18:45:00","BZN|FR","Without Sequence","18.35","",""
"15/05/2025 18:45:00 - 15/05/2025 19:00:00","BZN|FR","Without Sequence","18.35","",""
"15/05/2025 19:00:00 - 15/05/2025 19:15:00","BZN|FR","Without Sequence","28.19","",""
"15/05/2025 19:15:00 - 15/05/2025 19:30:00","BZN|FR","Without Sequence","28.19","",""
"15/05/2025 19:30:00 - 15/05/2025 19:45:00","BZN|FR","Without Sequence","28.19","",""
"15/05/2025 19:45:00 - 15/05/2025 20:00:00","BZN|FR","Without Sequence","28.19","",""
"15/05/2025 20:00:00 - 15/05/2025 20:15:00","BZN|FR","Without Sequence","22.42","",""
"15/05/2025 20:15:00 - 15/05/2025 20:30:00","BZN|FR","Without Sequence","22.42","",""
"15/05/2025 20:30:00 - 15/05/2025 20:45:00","BZN|FR","Without Sequence","22.42","",""
"15/05/2025 20:45:00 - 15/05/2025 21:00:00","BZN|FR","Without Sequence","22.42","",""
"15/05/2025 21:00:00 - 15/05/2025 21:15:00","BZN|FR","Without Sequence","35.01","",""
"15/05/2025 21:15:00 - 15/05/2025 21:30:00","BZN|FR","Without Sequence","35.01","",""
"15/05/2025 21:30:00 - 15/05/2025 21:45:00","BZN|FR","Without Sequence","35.01","",""
"15/05/2025 21:45:00 - 15/05/2025 22:00:00","BZN|FR","Without Sequence","35.01","",""
"15/05/2025 22:00:00 - 15/05/2025 22:15:00","BZN|FR","Without Sequence","30.64","",""
"15/05/2025 22:15:00 - 15/05/2025 22:30:00","BZN|FR","Without Sequence","30.64","",""
"15/05/2025 22:30:00 - 15/05/2025 22:45:00","BZN|FR","Without Sequence","30.64","",""
"15/05/2025 22:45:00 - 15/05/2025 23:00:00","BZN|FR","Without Sequence","30.64","",""
"15/05/2025 23:00:00 - 15/05/2025 23:15:00","BZN|FR","Without Sequence","19.98","",""
"15/05/2025 23:15:00 - 15/05/2025 23:30:00","BZN|FR","Without Sequence","19.98","",""
"15/05/2025 23:30:00 - 15/05/2025 23:45:00","BZN|FR","Without Sequence","19.98","",""
"15/05/2025 23:45:00 - 16/05/2025 00:00:00","BZN|FR","Without Sequence","19.98","",""
"16/05/2025 00:00:00 - 16/05/2025 00:15:00","BZN|FR","Without Sequence","5.11","",""
"16/05/2025 00:15:00 - 16/05/2025 00:30:00","BZN|FR","Without Sequence","5.11","",""
"16/05/2025 00:30:00 - 16/05/2025 00:45:00","BZN|FR","Without Sequence","5.11","",""
"16/05/2025 00:45:00 - 16/05/2025 01:00:00","BZN|FR","Without Sequence","5.11","",""
"16/05/2025 01:00:00 - 16/05/2025 01:15:00","BZN|FR","Without Sequence","5.00","",""
"16/05/2025 01:15:00 - 16/05/2025 01:30:00","BZN|FR","Without Sequence","5.00","",""
"16/05/2025 01:30:00 - 16/05/2025 01:45:00","BZN|FR","Without Sequence","5.00","",""
"16/05/2025 01:45:00 - 16/05/2025 02:00:00","BZN|FR","Without Sequence","5.00","",""
"16/05/2025 02:00:00 - 16/05/2025 02:15:00","BZN|FR","Without Sequence","9.22","",""
"16/05/2025 02:15:00 - 16/05/2025 02:30:00","BZN|FR","Without Sequence","9.22","",""
"16/05/2025 02:30:00 - 16/05/2025 02:45:00","BZN|FR","Without Sequence","9.22","",""
"16/05/2025 02:45:00 - 16/05/2025 03:00:00","BZN|FR","Without Sequence","9.22","",""
"16/05/2025 03:00:00 - 16/05/2025 03:15:00","BZN|FR","Without Sequence","3.60","",""
"16/05/2025 03:15:00 - 16/05/2025 03:30:00","BZN|FR","Without Sequence","3.60","",""
"16/05/2025 03:30:00 - 16/05/2025 03:45:00","BZN|FR","Without Sequence","3.60","",""
"16/05/2025 03:45:00 - 16/05/2025 04:00:00","BZN|FR","Without Sequence","3.60","",""
"16/05/2025 04:00:00 - 16/05/2025 04:15:00","BZN|FR","Without Sequence","3.28","",""
"16/05/2025 04:15:00 - 16/05/2025 04:30:00","BZN|FR","Without Sequence","3.28","",""
"16/05/2025 04:30:00 - 16/05/2025 04:45:00","BZN|FR","Without Sequence","3.28","",""
"16/05/2025 04:45:00 - 16/05/2025 05:00:00","BZN|FR","Without Sequence","3.28","",""
"16/05/2025 05:00:00 - 16/05/2025 05:15:00","BZN|FR","Without Sequence","4.75","",""
"16/05/2025 05:15:00 - 16/05/2025 05:30:00","BZN|FR","Without Sequence","4.75","",""
"16/05/2025 05:30:00 - 16/05/2025 05:45:00","BZN|FR","Without Sequence","4.75","",""
"16/05/2025 05:45:00 - 16/05/2025 06:00:00","BZN|FR","Without Sequence","4.75","",""
"16/05/2025 06:00:00 - 16/05/2025 06:15:00","BZN|FR","Without Sequence","12.22","",""
"16/05/2025 06:15:00 - 16/05/2025 06:30:00","BZN|FR","Without Sequence","12.22","",""
"16/05/2025 06:30:00 - 16/05/2025 06:45:00","BZN|FR","Without Sequence","12.22","",""
"16/05/2025 06:45:00 - 16/05/2025 07:00:00","BZN|FR","Without Sequence","12.22","",""
"16/05/2025 07:00:00 - 16/05/2025 07:15:00","BZN|FR","Without Sequence","28.09","",""
"16/05/2025 07:15:00 - 16/05/2025 07:30:00","BZN|FR","Without Sequence","28.09","",""
"16/05/2025 07:30:00 - 16/05/2025 07:45:00","BZN|FR","Without Sequence","28.09","",""
"16/05/2025 07:45:00 - 16/05/2025 08:00:00","BZN|FR","Without Sequence","28.09","",""
"16/05/2025 08:00:00 - 16/05/2025 08:15:00","BZN|FR","Without Sequence","31.69","",""
"16/05/2025 08:15:00 - 16/05/2025 08:30:00","BZN|FR","Without Sequence","31.69","",""
"16/05/2025 08:30:00 - 16/05/2025 08:45:00","BZN|FR","Without Sequence","31.69","",""
"16/05/2025 08:45:00 - 16/05/2025 09:00:00","BZN|FR","Without Sequence","31.69","",""
"16/05/2025 09:00:00 - 16/05/2025 09:15:00","BZN|FR","Without Sequence","3.08","",""
"16/05/2025 09:15:00 - 16/05/2025 09:30:00","BZN|FR","Without Sequence","3.08","",""
"16/05/2025 09:30:00 - 16/05/2025 09:45:00","BZN|FR","Without Sequence","3.08","",""
"16/05/2025 09:45:00 - 16/05/2025 10:00:00","BZN|FR","Without Sequence","3.08","",""
"16/05/2025 10:00:00 - 16/05/2025 10:15:00","BZN|FR","Without Sequence","0.00","",""
"16/05/2025 10:15:00 - 16/05/2025 10:30:00","BZN|FR","Without Sequence","0.00","",""
"16/05/2025 10:30:00 - 16/05/2025 10:45:00","BZN|FR","Without Sequence","0.00","",""
"16/05/2025 10:45:00 - 16/05/2025 11:00:00","BZN|FR","Without Sequence","0.00","",""
"16/05/2025 11:00:00 - 16/05/2025 11:15:00","BZN|FR","Without Sequence","-0.01","",""
"16/05/2025 11:15:00 - 16/05/2025 11:30:00","BZN|FR","Without Sequence","-0.01","",""
"16/05/2025 11:30:00 - 16/05/2025 11:45:00","BZN|FR","Without Sequence","-0.01","",""
"16/05/2025 11:45:00 - 16/05/2025 12:00:00","BZN|FR","Without Sequence","-0.01","",""
"16/05/2025 12:00:00 - 16/05/2025 12:15:00","BZN|FR","Without Sequence","-0.01","",""
"16/05/2025 12:15:00 - 16/05/2025 12:30:00","BZN|FR","Without Sequence","-0.01","",""
"16/05/2025 12:30:00 - 16/05/2025 12:45:00","BZN|FR","Without Sequence","-0.01","",""
"16/05/2025 12:45:00 - 16/05/2025 13:00:00","BZN|FR","Without Sequence","-0.01","",""
"16/05/2025 13:00:00 - 16/05/2025 13:15:00","BZN|FR","Without Sequence","-0.36","",""
"16/05/2025 13:15:00 - 16/05/2025 13:30:00","BZN|FR","Without Sequence","-0.36","",""
"16/05/2025 13:30:00 - 16/05/2025 13:45:00","BZN|FR","Without Sequence","-0.36","",""
"16/05/2025 13:45:00 - 16/05/2025 14:00:00","BZN|FR","Without Sequence","-0.36","",""
"16/05/2025 14:00:00 - 16/05/2025 14:15:00","BZN|FR","Without Sequence","-2.16","",""
"16/05/2025 14:15:00 - 16/05/2025 14:30:00","BZN|FR","Without Sequence","-2.16","",""
"16/05/2025 14:30:00 - 16/05/2025 14:45:00","BZN|FR","Without Sequence","-2.16","",""
"16/05/2025 14:45:00 - 16/05/2025 15:00:00","BZN|FR","Without Sequence","-2.16","",""
"16/05/2025 15:00:00 - 16/05/2025 15:15:00","BZN|FR","Without Sequence","-0.11","",""
"16/05/2025 15:15:00 - 16/05/2025 15:30:00","BZN|FR","Without Sequence","-0.11","",""
"16/05/2025 15:30:00 - 16/05/2025 15:45:00","BZN|FR","Without Sequence","-0.11","",""
"16/05/2025 15:45:00 - 16/05/2025 16:00:00","BZN|FR","Without Sequence","-0.11","",""
"16/05/2025 16:00:00 - 16/05/2025 16:15:00","BZN|FR","Without Sequence","-0.02","",""
"16/05/2025 16:15:00 - 16/05/2025 16:30:00","BZN|FR","Without Sequence","-0.02","",""
"16/05/2025 16:30:00 - 16/05/2025 16:45:00","BZN|FR","Without Sequence","-0.02","",""
"16/05/2025 16:45:00 - 16/05/2025 17:00:00","BZN|FR","Without Sequence","-0.02","",""
"16/05/2025 17:00:00 - 16/05/2025 17:15:00","BZN|FR","Without Sequence","-0.01","",""
"16/05/2025 17:15:00 - 16/05/2025 17:30:00","BZN|FR","Without Sequence","-0.01","",""
"16/05/2025 17:30:00 - 16/05/2025 17:45:00","BZN|FR","Without Sequence","-0.01","",""
"16/05/2025 17:45:00 - 16/05/2025 18:00:00","BZN|FR","Without Sequence","-0.01","",""
"16/05/2025 18:00:00 - 16/05/2025 18:15:00","BZN|FR","Without Sequence","8.19","",""
"16/05/2025 18:15:00 - 16/05/2025 18:30:00","BZN|FR","Without Sequence","8.19","",""
"16/05/2025 18:30:00 - 16/05/2025 18:45:00","BZN|FR","Without Sequence","8.19","",""
"16/05/2025 18:45:00 - 16/05/2025 19:00:00","BZN|FR","Without Sequence","8.19","",""
"16/05/2025 19:00:00 - 16/05/2025 19:15:00","BZN|FR","Without Sequence","22.15","",""
"16/05/2025 19:15:00 - 16/05/2025 19:30:00","BZN|FR","Without Sequence","22.15","",""
"16/05/2025 19:30:00 - 16/05/2025 19:45:00","BZN|FR","Without Sequence","22.15","",""
"16/05/2025 19:45:00 - 16/05/2025 20:00:00","BZN|FR","Without Sequence","22.15","",""
"16/05/2025 20:00:00 - 16/05/2025 20:15:00","BZN|FR","Without Sequence","18.04","",""
"16/05/2025 20:15:00 - 16/05/2025 20:30:00","BZN|FR","Without Sequence","18.04","",""
"16/05/2025 20:30:00 - 16/05/2025 20:45:00","BZN|FR","Without Sequence","18.04","",""
"16/05/2025 20:45:00 - 16/05/2025 21:00:00","BZN|FR","Without Sequence","18.04","",""
"16/05/2025 21:00:00 - 16/05/2025 21:15:00","BZN|FR","Without Sequence","35.09","",""
"16/05/2025 21:15:00 - 16/05/2025 21:30:00","BZN|FR","Without Sequence","35.09","",""
"16/05/2025 21:30:00 - 16/05/2025 21:45:00","BZN|FR","Without Sequence","35.09","",""
"16/05/2025 21:45:00 - 16/05/2025 22:00:00","BZN|FR","Without Sequence","35.09","",""
"16/05/2025 22:00:00 - 16/05/2025 22:15:00","BZN|FR","Without Sequence","41.21","",""
"16/05/2025 22:15:00 - 16/05/2025 22:30:00","BZN|FR","Without Sequence","41.21","",""
"16/05/2025 22:30:00 - 16/05/2025 22:45:00","BZN|FR","Without Sequence","41.21","",""
"16/05/2025 22:45:00 - 16/05/2025 23:00:00","BZN|FR","Without Sequence","41.21","",""
"16/05/2025 23:00:00 - 16/05/2025 23:15:00","BZN|FR","Without Sequence","41.66","",""
"16/05/2025 23:15:00 - 16/05/2025 23:30:00","BZN|FR","Without Sequence","41.66","",""
"16/05/2025 23:30:00 - 16/05/2025 23:45:00","BZN|FR","Without Sequence","41.66","",""
"16/05/2025 23:45:00 - 17/05/2025 00:00:00","BZN|FR","Without Sequence","41.66","",""
"17/05/2025 00:00:00 - 17/05/2025 00:15:00","BZN|FR","Without Sequence","21.23","",""
"17/05/2025 00:15:00 - 17/05/2025 00:30:00","BZN|FR","Without Sequence","21.23","",""
"17/05/2025 00:30:00 - 17/05/2025 00:45:00","BZN|FR","Without Sequence","21.23","",""
"17/05/2025 00:45:00 - 17/05/2025 01:00:00","BZN|FR","Without Sequence","21.23","",""
"17/05/2025 01:00:00 - 17/05/2025 01:15:00","BZN|FR","Without Sequence","13.53","",""
"17/05/2025 01:15:00 - 17/05/2025 01:30:00","BZN|FR","Without Sequence","13.53","",""
"17/05/2025 01:30:00 - 17/05/2025 01:45:00","BZN|FR","Without Sequence","13.53","",""
"17/05/2025 01:45:00 - 17/05/2025 02:00:00","BZN|FR","Without Sequence","13.53","",""
"17/05/2025 02:00:00 - 17/05/2025 02:15:00","BZN|FR","Without Sequence","12.68","",""
"17/05/2025 02:15:00 - 17/05/2025 02:30:00","BZN|FR","Without Sequence","12.68","",""
"17/05/2025 02:30:00 - 17/05/2025 02:45:00","BZN|FR","Without Sequence","12.68","",""
"17/05/2025 02:45:00 - 17/05/2025 03:00:00","BZN|FR","Without Sequence","12.68","",""
"17/05/2025 03:00:00 - 17/05/2025 03:15:00","BZN|FR","Without Sequence","14.26","",""
"17/05/2025 03:15:00 - 17/05/2025 03:30:00","BZN|FR","Without Sequence","14.26","",""
"17/05/2025 03:30:00 - 17/05/2025 03:45:00","BZN|FR","Without Sequence","14.26","",""
"17/05/2025 03:45:00 - 17/05/2025 04:00:00","BZN|FR","Without Sequence","14.26","",""
"17/05/2025 04:00:00 - 17/05/2025 04:15:00","BZN|FR","Without Sequence","12.82","",""
"17/05/2025 04:15:00 - 17/05/2025 04:30:00","BZN|FR","Without Sequence","12.82","",""
"17/05/2025 04:30:00 - 17/05/2025 04:45:00","BZN|FR","Without Sequence","12.82","",""
"17/05/2025 04:45:00 - 17/05/2025 05:00:00","BZN|FR","Without Sequence","12.82","",""
"17/05/2025 05:00:00 - 17/05/2025 05:15:00","BZN|FR","Without Sequence","19.00","",""
"17/05/2025 05:15:00 - 17/05/2025 05:30:00","BZN|FR","Without Sequence","19.00","",""
"17/05/2025 05:30:00 - 17/05/2025 05:45:00","BZN|FR","Without Sequence","19.00","",""
"17/05/2025 05:45:00 - 17/05/2025 06:00:00","BZN|FR","Without Sequence","19.00","",""
"17/05/2025 06:00:00 - 17/05/2025 06:15:00","BZN|FR","Without Sequence","21.79","",""
"17/05/2025 06:15:00 - 17/05/2025 06:30:00","BZN|FR","Without Sequence","21.79","",""
"17/05/2025 06:30:00 - 17/05/2025 06:45:00","BZN|FR","Without Sequence","21.79","",""
"17/05/2025 06:45:00 - 17/05/2025 07:00:00","BZN|FR","Without Sequence","21.79","",""
"17/05/2025 07:00:00 - 17/05/2025 07:15:00","BZN|FR","Without Sequence","20.23","",""
"17/05/2025 07:15:00 - 17/05/2025 07:30:00","BZN|FR","Without Sequence","20.23","",""
"17/05/2025 07:30:00 - 17/05/2025 07:45:00","BZN|FR","Without Sequence","20.23","",""
"17/05/2025 07:45:00 - 17/05/2025 08:00:00","BZN|FR","Without Sequence","20.23","",""
"17/05/2025 08:00:00 - 17/05/2025 08:15:00","BZN|FR","Without Sequence","16.24","",""
"17/05/2025 08:15:00 - 17/05/2025 08:30:00","BZN|FR","Without Sequence","16.24","",""
"17/05/2025 08:30:00 - 17/05/2025 08:45:00","BZN|FR","Without Sequence","16.24","",""
"17/05/2025 08:45:00 - 17/05/2025 09:00:00","BZN|FR","Without Sequence","16.24","",""
"17/05/2025 09:00:00 - 17/05/2025 09:15:00","BZN|FR","Without Sequence","0.00","",""
"17/05/2025 09:15:00 - 17/05/2025 09:30:00","BZN|FR","Without Sequence","0.00","",""
"17/05/2025 09:30:00 - 17/05/2025 09:45:00","BZN|FR","Without Sequence","0.00","",""
"17/05/2025 09:45:00 - 17/05/2025 10:00:00","BZN|FR","Without Sequence","0.00","",""
"17/05/2025 10:00:00 - 17/05/2025 10:15:00","BZN|FR","Without Sequence","-0.05","",""
"17/05/2025 10:15:00 - 17/05/2025 10:30:00","BZN|FR","Without Sequence","-0.05","",""
"17/05/2025 10:30:00 - 17/05/2025 10:45:00","BZN|FR","Without Sequence","-0.05","",""
"17/05/2025 10:45:00 - 17/05/2025 11:00:00","BZN|FR","Without Sequence","-0.05","",""
"17/05/2025 11:00:00 - 17/05/2025 11:15:00","BZN|FR","Without Sequence","-3.74","",""
"17/05/2025 11:15:00 - 17/05/2025 11:30:00","BZN|FR","Without Sequence","-3.74","",""
"17/05/2025 11:30:00 - 17/05/2025 11:45:00","BZN|FR","Without Sequence","-3.74","",""
"17/05/2025 11:45:00 - 17/05/2025 12:00:00","BZN|FR","Without Sequence","-3.74","",""
"17/05/2025 12:00:00 - 17/05/2025 12:15:00","BZN|FR","Without Sequence","-4.84","",""
"17/05/2025 12:15:00 - 17/05/2025 12:30:00","BZN|FR","Without Sequence","-4.84","",""
"17/05/2025 12:30:00 - 17/05/2025 12:45:00","BZN|FR","Without Sequence","-4.84","",""
"17/05/2025 12:45:00 - 17/05/2025 13:00:00","BZN|FR","Without Sequence","-4.84","",""
"17/05/2025 13:00:00 - 17/05/2025 13:15:00","BZN|FR","Without Sequence","-10.01","",""
"17/05/2025 13:15:00 - 17/05/2025 13:30:00","BZN|FR","Without Sequence","-10.01","",""
"17/05/2025 13:30:00 - 17/05/2025 13:45:00","BZN|FR","Without Sequence","-10.01","",""
"17/05/2025 13:45:00 - 17/05/2025 14:00:00","BZN|FR","Without Sequence","-10.01","",""
"17/05/2025 14:00:00 - 17/05/2025 14:15:00","BZN|FR","Without Sequence","-11.26","",""
"17/05/2025 14:15:00 - 17/05/2025 14:30:00","BZN|FR","Without Sequence","-11.26","",""
"17/05/2025 14:30:00 - 17/05/2025 14:45:00","BZN|FR","Without Sequence","-11.26","",""
"17/05/2025 14:45:00 - 17/05/2025 15:00:00","BZN|FR","Without Sequence","-11.26","",""
"17/05/2025 15:00:00 - 17/05/2025 15:15:00","BZN|FR","Without Sequence","-5.75","",""
"17/05/2025 15:15:00 - 17/05/2025 15:30:00","BZN|FR","Without Sequence","-5.75","",""
"17/05/2025 15:30:00 - 17/05/2025 15:45:00","BZN|FR","Without Sequence","-5.75","",""
"17/05/2025 15:45:00 - 17/05/2025 16:00:00","BZN|FR","Without Sequence","-5.75","",""
"17/05/2025 16:00:00 - 17/05/2025 16:15:00","BZN|FR","Without Sequence","-3.69","",""
"17/05/2025 16:15:00 - 17/05/2025 16:30:00","BZN|FR","Without Sequence","-3.69","",""
"17/05/2025 16:30:00 - 17/05/2025 16:45:00","BZN|FR","Without Sequence","-3.69","",""
"17/05/2025 16:45:00 - 17/05/2025 17:00:00","BZN|FR","Without Sequence","-3.69","",""
"17/05/2025 17:00:00 - 17/05/2025 17:15:00","BZN|FR","Without Sequence","-0.05","",""
"17/05/2025 17:15:00 - 17/05/2025 17:30:00","BZN|FR","Without Sequence","-0.05","",""
"17/05/2025 17:30:00 - 17/05/2025 17:45:00","BZN|FR","Without Sequence","-0.05","",""
"17/05/2025 17:45:00 - 17/05/2025 18:00:00","BZN|FR","Without Sequence","-0.05","",""
"17/05/2025 18:00:00 - 17/05/2025 18:15:00","BZN|FR","Without Sequence","11.51","",""
"17/05/2025 18:15:00 - 17/05/2025 18:30:00","BZN|FR","Without Sequence","11.51","",""
"17/05/2025 18:30:00 - 17/05/2025 18:45:00","BZN|FR","Without Sequence","11.51","",""
"17/05/2025 18:45:00 - 17/05/2025 19:00:00","BZN|FR","Without Sequence","11.51","",""
"17/05/2025 19:00:00 - 17/05/2025 19:15:00","BZN|FR","Without Sequence","36.19","",""
"17/05/2025 19:15:00 - 17/05/2025 19:30:00","BZN|FR","Without Sequence","36.19","",""
"17/05/2025 19:30:00 - 17/05/2025 19:45:00","BZN|FR","Without Sequence","36.19","",""
"17/05/2025 19:45:00 - 17/05/2025 20:00:00","BZN|FR","Without Sequence","36.19","",""
"17/05/2025 20:00:00 - 17/05/2025 20:15:00","BZN|FR","Without Sequence","30.96","",""
"17/05/2025 20:15:00 - 17/05/2025 20:30:00","BZN|FR","Without Sequence","30.96","",""
"17/05/2025 20:30:00 - 17/05/2025 20:45:00","BZN|FR","Without Sequence","30.96","",""
"17/05/2025 20:45:00 - 17/05/2025 21:00:00","BZN|FR","Without Sequence","30.96","",""
"17/05/2025 21:00:00 - 17/05/2025 21:15:00","BZN|FR","Without Sequence","52.50","",""
"17/05/2025 21:15:00 - 17/05/2025 21:30:00","BZN|FR","Without Sequence","52.50","",""
"17/05/2025 21:30:00 - 17/05/2025 21:45:00","BZN|FR","Without Sequence","52.50","",""
"17/05/2025 21:45:00 - 17/05/2025 22:00:00","BZN|FR","Without Sequence","52.50","",""
"17/05/2025 22:00:00 - 17/05/2025 22:15:00","BZN|FR","Without Sequence","57.12","",""
"17/05/2025 22:15:00 - 17/05/2025 22:30:00","BZN|FR","Without Sequence","57.12","",""
"17/05/2025 22:30:00 - 17/05/2025 22:45:00","BZN|FR","Without Sequence","57.12","",""
"17/05/2025 22:45:00 - 17/05/2025 23:00:00","BZN|FR","Without Sequence","57.12","",""
"17/05/2025 23:00:00 - 17/05/2025 23:15:00","BZN|FR","Without Sequence","41.28","",""
"17/05/2025 23:15:00 - 17/05/2025 23:30:00","BZN|FR","Without Sequence","41.28","",""
"17/05/2025 23:30:00 - 17/05/2025 23:45:00","BZN|FR","Without Sequence","41.28","",""
"17/05/2025 23:45:00 - 18/05/2025 00:00:00","BZN|FR","Without Sequence","41.28","",""
"18/05/2025 00:00:00 - 18/05/2025 00:15:00","BZN|FR","Without Sequence","37.11","",""
"18/05/2025 00:15:00 - 18/05/2025 00:30:00","BZN|FR","Without Sequence","37.11","",""
"18/05/2025 00:30:00 - 18/05/2025 00:45:00","BZN|FR","Without Sequence","37.11","",""
"18/05/2025 00:45:00 - 18/05/2025 01:00:00","BZN|FR","Without Sequence","37.11","",""
"18/05/2025 01:00:00 - 18/05/2025 01:15:00","BZN|FR","Without Sequence","21.73","",""
"18/05/2025 01:15:00 - 18/05/2025 01:30:00","BZN|FR","Without Sequence","21.73","",""
"18/05/2025 01:30:00 - 18/05/2025 01:45:00","BZN|FR","Without Sequence","21.73","",""
"18/05/2025 01:45:00 - 18/05/2025 02:00:00","BZN|FR","Without Sequence","21.73","",""
"18/05/2025 02:00:00 - 18/05/2025 02:15:00","BZN|FR","Without Sequence","15.49","",""
"18/05/2025 02:15:00 - 18/05/2025 02:30:00","BZN|FR","Without Sequence","15.49","",""
"18/05/2025 02:30:00 - 18/05/2025 02:45:00","BZN|FR","Without Sequence","15.49","",""
"18/05/2025 02:45:00 - 18/05/2025 03:00:00","BZN|FR","Without Sequence","15.49","",""
"18/05/2025 03:00:00 - 18/05/2025 03:15:00","BZN|FR","Without Sequence","15.00","",""
"18/05/2025 03:15:00 - 18/05/2025 03:30:00","BZN|FR","Without Sequence","15.00","",""
"18/05/2025 03:30:00 - 18/05/2025 03:45:00","BZN|FR","Without Sequence","15.00","",""
"18/05/2025 03:45:00 - 18/05/2025 04:00:00","BZN|FR","Without Sequence","15.00","",""
"18/05/2025 04:00:00 - 18/05/2025 04:15:00","BZN|FR","Without Sequence","13.90","",""
"18/05/2025 04:15:00 - 18/05/2025 04:30:00","BZN|FR","Without Sequence","13.90","",""
"18/05/2025 04:30:00 - 18/05/2025 04:45:00","BZN|FR","Without Sequence","13.90","",""
"18/05/2025 04:45:00 - 18/05/2025 05:00:00","BZN|FR","Without Sequence","13.90","",""
"18/05/2025 05:00:00 - 18/05/2025 05:15:00","BZN|FR","Without Sequence","15.79","",""
"18/05/2025 05:15:00 - 18/05/2025 05:30:00","BZN|FR","Without Sequence","15.79","",""
"18/05/2025 05:30:00 - 18/05/2025 05:45:00","BZN|FR","Without Sequence","15.79","",""
"18/05/2025 05:45:00 - 18/05/2025 06:00:00","BZN|FR","Without Sequence","15.79","",""
"18/05/2025 06:00:00 - 18/05/2025 06:15:00","BZN|FR","Without Sequence","14.50","",""
"18/05/2025 06:15:00 - 18/05/2025 06:30:00","BZN|FR","Without Sequence","14.50","",""
"18/05/2025 06:30:00 - 18/05/2025 06:45:00","BZN|FR","Without Sequence","14.50","",""
"18/05/2025 06:45:00 - 18/05/2025 07:00:00","BZN|FR","Without Sequence","14.50","",""
"18/05/2025 07:00:00 - 18/05/2025 07:15:00","BZN|FR","Without Sequence","13.83","",""
"18/05/2025 07:15:00 - 18/05/2025 07:30:00","BZN|FR","Without Sequence","13.83","",""
"18/05/2025 07:30:00 - 18/05/2025 07:45:00","BZN|FR","Without Sequence","13.83","",""
"18/05/2025 07:45:00 - 18/05/2025 08:00:00","BZN|FR","Without Sequence","13.83","",""
"18/05/2025 08:00:00 - 18/05/2025 08:15:00","BZN|FR","Without Sequence","9.16","",""
"18/05/2025 08:15:00 - 18/05/2025 08:30:00","BZN|FR","Without Sequence","9.16","",""
"18/05/2025 08:30:00 - 18/05/2025 08:45:00","BZN|FR","Without Sequence","9.16","",""
"18/05/2025 08:45:00 - 18/05/2025 09:00:00","BZN|FR","Without Sequence","9.16","",""
"18/05/2025 09:00:00 - 18/05/2025 09:15:00","BZN|FR","Without Sequence","-0.01","",""
"18/05/2025 09:15:00 - 18/05/2025 09:30:00","BZN|FR","Without Sequence","-0.01","",""
"18/05/2025 09:30:00 - 18/05/2025 09:45:00","BZN|FR","Without Sequence","-0.01","",""
"18/05/2025 09:45:00 - 18/05/2025 10:00:00","BZN|FR","Without Sequence","-0.01","",""
"18/05/2025 10:00:00 - 18/05/2025 10:15:00","BZN|FR","Without Sequence","-0.02","",""
"18/05/2025 10:15:00 - 18/05/2025 10:30:00","BZN|FR","Without Sequence","-0.02","",""
"18/05/2025 10:30:00 - 18/05/2025 10:45:00","BZN|FR","Without Sequence","-0.02","",""
"18/05/2025 10:45:00 - 18/05/2025 11:00:00","BZN|FR","Without Sequence","-0.02","",""
"18/05/2025 11:00:00 - 18/05/2025 11:15:00","BZN|FR","Without Sequence","-0.20","",""
"18/05/2025 11:15:00 - 18/05/2025 11:30:00","BZN|FR","Without Sequence","-0.20","",""
"18/05/2025 11:30:00 - 18/05/2025 11:45:00","BZN|FR","Without Sequence","-0.20","",""
"18/05/2025 11:45:00 - 18/05/2025 12:00:00","BZN|FR","Without Sequence","-0.20","",""
"18/05/2025 12:00:00 - 18/05/2025 12:15:00","BZN|FR","Without Sequence","-2.00","",""
"18/05/2025 12:15:00 - 18/05/2025 12:30:00","BZN|FR","Without Sequence","-2.00","",""
"18/05/2025 12:30:00 - 18/05/2025 12:45:00","BZN|FR","Without Sequence","-2.00","",""
"18/05/2025 12:45:00 - 18/05/2025 13:00:00","BZN|FR","Without Sequence","-2.00","",""
"18/05/2025 13:00:00 - 18/05/2025 13:15:00","BZN|FR","Without Sequence","-7.37","",""
"18/05/2025 13:15:00 - 18/05/2025 13:30:00","BZN|FR","Without Sequence","-7.37","",""
"18/05/2025 13:30:00 - 18/05/2025 13:45:00","BZN|FR","Without Sequence","-7.37","",""
"18/05/2025 13:45:00 - 18/05/2025 14:00:00","BZN|FR","Without Sequence","-7.37","",""
"18/05/2025 14:00:00 - 18/05/2025 14:15:00","BZN|FR","Without Sequence","-15.00","",""
"18/05/2025 14:15:00 - 18/05/2025 14:30:00","BZN|FR","Without Sequence","-15.00","",""
"18/05/2025 14:30:00 - 18/05/2025 14:45:00","BZN|FR","Without Sequence","-15.00","",""
"18/05/2025 14:45:00 - 18/05/2025 15:00:00","BZN|FR","Without Sequence","-15.00","",""
"18/05/2025 15:00:00 - 18/05/2025 15:15:00","BZN|FR","Without Sequence","-8.97","",""
"18/05/2025 15:15:00 - 18/05/2025 15:30:00","BZN|FR","Without Sequence","-8.97","",""
"18/05/2025 15:30:00 - 18/05/2025 15:45:00","BZN|FR","Without Sequence","-8.97","",""
"18/05/2025 15:45:00 - 18/05/2025 16:00:00","BZN|FR","Without Sequence","-8.97","",""
"18/05/2025 16:00:00 - 18/05/2025 16:15:00","BZN|FR","Without Sequence","-0.20","",""
"18/05/2025 16:15:00 - 18/05/2025 16:30:00","BZN|FR","Without Sequence","-0.20","",""
"18/05/2025 16:30:00 - 18/05/2025 16:45:00","BZN|FR","Without Sequence","-0.20","",""
"18/05/2025 16:45:00 - 18/05/2025 17:00:00","BZN|FR","Without Sequence","-0.20","",""
"18/05/2025 17:00:00 - 18/05/2025 17:15:00","BZN|FR","Without Sequence","0.00","",""
"18/05/2025 17:15:00 - 18/05/2025 17:30:00","BZN|FR","Without Sequence","0.00","",""
"18/05/2025 17:30:00 - 18/05/2025 17:45:00","BZN|FR","Without Sequence","0.00","",""
"18/05/2025 17:45:00 - 18/05/2025 18:00:00","BZN|FR","Without Sequence","0.00","",""
"18/05/2025 18:00:00 - 18/05/2025 18:15:00","BZN|FR","Without Sequence","9.26","",""
"18/05/2025 18:15:00 - 18/05/2025 18:30:00","BZN|FR","Without Sequence","9.26","",""
"18/05/2025 18:30:00 - 18/05/2025 18:45:00","BZN|FR","Without Sequence","9.26","",""
"18/05/2025 18:45:00 - 18/05/2025 19:00:00","BZN|FR","Without Sequence","9.26","",""
"18/05/2025 19:00:00 - 18/05/2025 19:15:00","BZN|FR","Without Sequence","30.72","",""
"18/05/2025 19:15:00 - 18/05/2025 19:30:00","BZN|FR","Without Sequence","30.72","",""
"18/05/2025 19:30:00 - 18/05/2025 19:45:00","BZN|FR","Without Sequence","30.72","",""
"18/05/2025 19:45:00 - 18/05/2025 20:00:00","BZN|FR","Without Sequence","30.72","",""
"18/05/2025 20:00:00 - 18/05/2025 20:15:00","BZN|FR","Without Sequence","59.47","",""
"18/05/2025 20:15:00 - 18/05/2025 20:30:00","BZN|FR","Without Sequence","59.47","",""
"18/05/2025 20:30:00 - 18/05/2025 20:45:00","BZN|FR","Without Sequence","59.47","",""
"18/05/2025 20:45:00 - 18/05/2025 21:00:00","BZN|FR","Without Sequence","59.47","",""
"18/05/2025 21:00:00 - 18/05/2025 21:15:00","BZN|FR","Without Sequence","37.00","",""
"18/05/2025 21:15:00 - 18/05/2025 21:30:00","BZN|FR","Without Sequence","37.00","",""
"18/05/2025 21:30:00 - 18/05/2025 21:45:00","BZN|FR","Without Sequence","37.00","",""
"18/05/2025 21:45:00 - 18/05/2025 22:00:00","BZN|FR","Without Sequence","37.00","",""
"18/05/2025 22:00:00 - 18/05/2025 22:15:00","BZN|FR","Without Sequence","50.71","",""
"18/05/2025 22:15:00 - 18/05/2025 22:30:00","BZN|FR","Without Sequence","50.71","",""
"18/05/2025 22:30:00 - 18/05/2025 22:45:00","BZN|FR","Without Sequence","50.71","",""
"18/05/2025 22:45:00 - 18/05/2025 23:00:00","BZN|FR","Without Sequence","50.71","",""
"18/05/2025 23:00:00 - 18/05/2025 23:15:00","BZN|FR","Without Sequence","33.96","",""
"18/05/2025 23:15:00 - 18/05/2025 23:30:00","BZN|FR","Without Sequence","33.96","",""
"18/05/2025 23:30:00 - 18/05/2025 23:45:00","BZN|FR","Without Sequence","33.96","",""
"18/05/2025 23:45:00 - 19/05/2025 00:00:00","BZN|FR","Without Sequence","33.96","",""
"19/05/2025 00:00:00 - 19/05/2025 00:15:00","BZN|FR","Without Sequence","20.82","",""
"19/05/2025 00:15:00 - 19/05/2025 00:30:00","BZN|FR","Without Sequence","20.82","",""
"19/05/2025 00:30:00 - 19/05/2025 00:45:00","BZN|FR","Without Sequence","20.82","",""
"19/05/2025 00:45:00 - 19/05/2025 01:00:00","BZN|FR","Without Sequence","20.82","",""
"19/05/2025 01:00:00 - 19/05/2025 01:15:00","BZN|FR","Without Sequence","18.02","",""
"19/05/2025 01:15:00 - 19/05/2025 01:30:00","BZN|FR","Without Sequence","18.02","",""
"19/05/2025 01:30:00 - 19/05/2025 01:45:00","BZN|FR","Without Sequence","18.02","",""
"19/05/2025 01:45:00 - 19/05/2025 02:00:00","BZN|FR","Without Sequence","18.02","",""
"19/05/2025 02:00:00 - 19/05/2025 02:15:00","BZN|FR","Without Sequence","13.83","",""
"19/05/2025 02:15:00 - 19/05/2025 02:30:00","BZN|FR","Without Sequence","13.83","",""
"19/05/2025 02:30:00 - 19/05/2025 02:45:00","BZN|FR","Without Sequence","13.83","",""
"19/05/2025 02:45:00 - 19/05/2025 03:00:00","BZN|FR","Without Sequence","13.83","",""
"19/05/2025 03:00:00 - 19/05/2025 03:15:00","BZN|FR","Without Sequence","14.00","",""
"19/05/2025 03:15:00 - 19/05/2025 03:30:00","BZN|FR","Without Sequence","14.00","",""
"19/05/2025 03:30:00 - 19/05/2025 03:45:00","BZN|FR","Without Sequence","14.00","",""
"19/05/2025 03:45:00 - 19/05/2025 04:00:00","BZN|FR","Without Sequence","14.00","",""
"19/05/2025 04:00:00 - 19/05/2025 04:15:00","BZN|FR","Without Sequence","10.63","",""
"19/05/2025 04:15:00 - 19/05/2025 04:30:00","BZN|FR","Without Sequence","10.63","",""
"19/05/2025 04:30:00 - 19/05/2025 04:45:00","BZN|FR","Without Sequence","10.63","",""
"19/05/2025 04:45:00 - 19/05/2025 05:00:00","BZN|FR","Without Sequence","10.63","",""
"19/05/2025 05:00:00 - 19/05/2025 05:15:00","BZN|FR","Without Sequence","19.94","",""
"19/05/2025 05:15:00 - 19/05/2025 05:30:00","BZN|FR","Without Sequence","19.94","",""
"19/05/2025 05:30:00 - 19/05/2025 05:45:00","BZN|FR","Without Sequence","19.94","",""
"19/05/2025 05:45:00 - 19/05/2025 06:00:00","BZN|FR","Without Sequence","19.94","",""
"19/05/2025 06:00:00 - 19/05/2025 06:15:00","BZN|FR","Without Sequence","25.95","",""
"19/05/2025 06:15:00 - 19/05/2025 06:30:00","BZN|FR","Without Sequence","25.95","",""
"19/05/2025 06:30:00 - 19/05/2025 06:45:00","BZN|FR","Without Sequence","25.95","",""
"19/05/2025 06:45:00 - 19/05/2025 07:00:00","BZN|FR","Without Sequence","25.95","",""
"19/05/2025 07:00:00 - 19/05/2025 07:15:00","BZN|FR","Without Sequence","42.99","",""
"19/05/2025 07:15:00 - 19/05/2025 07:30:00","BZN|FR","Without Sequence","42.99","",""
"19/05/2025 07:30:00 - 19/05/2025 07:45:00","BZN|FR","Without Sequence","42.99","",""
"19/05/2025 07:45:00 - 19/05/2025 08:00:00","BZN|FR","Without Sequence","42.99","",""
"19/05/2025 08:00:00 - 19/05/2025 08:15:00","BZN|FR","Without Sequence","36.11","",""
"19/05/2025 08:15:00 - 19/05/2025 08:30:00","BZN|FR","Without Sequence","36.11","",""
"19/05/2025 08:30:00 - 19/05/2025 08:45:00","BZN|FR","Without Sequence","36.11","",""
"19/05/2025 08:45:00 - 19/05/2025 09:00:00","BZN|FR","Without Sequence","36.11","",""
"19/05/2025 09:00:00 - 19/05/2025 09:15:00","BZN|FR","Without Sequence","34.37","",""
"19/05/2025 09:15:00 - 19/05/2025 09:30:00","BZN|FR","Without Sequence","34.37","",""
"19/05/2025 09:30:00 - 19/05/2025 09:45:00","BZN|FR","Without Sequence","34.37","",""
"19/05/2025 09:45:00 - 19/05/2025 10:00:00","BZN|FR","Without Sequence","34.37","",""
"19/05/2025 10:00:00 - 19/05/2025 10:15:00","BZN|FR","Without Sequence","21.58","",""
"19/05/2025 10:15:00 - 19/05/2025 10:30:00","BZN|FR","Without Sequence","21.58","",""
"19/05/2025 10:30:00 - 19/05/2025 10:45:00","BZN|FR","Without Sequence","21.58","",""
"19/05/2025 10:45:00 - 19/05/2025 11:00:00","BZN|FR","Without Sequence","21.58","",""
"19/05/2025 11:00:00 - 19/05/2025 11:15:00","BZN|FR","Without Sequence","19.77","",""
"19/05/2025 11:15:00 - 19/05/2025 11:30:00","BZN|FR","Without Sequence","19.77","",""
"19/05/2025 11:30:00 - 19/05/2025 11:45:00","BZN|FR","Without Sequence","19.77","",""
"19/05/2025 11:45:00 - 19/05/2025 12:00:00","BZN|FR","Without Sequence","19.77","",""
"19/05/2025 12:00:00 - 19/05/2025 12:15:00","BZN|FR","Without Sequence","12.77","",""
"19/05/2025 12:15:00 - 19/05/2025 12:30:00","BZN|FR","Without Sequence","12.77","",""
"19/05/2025 12:30:00 - 19/05/2025 12:45:00","BZN|FR","Without Sequence","12.77","",""
"19/05/2025 12:45:00 - 19/05/2025 13:00:00","BZN|FR","Without Sequence","12.77","",""
"19/05/2025 13:00:00 - 19/05/2025 13:15:00","BZN|FR","Without Sequence","5.00","",""
"19/05/2025 13:15:00 - 19/05/2025 13:30:00","BZN|FR","Without Sequence","5.00","",""
"19/05/2025 13:30:00 - 19/05/2025 13:45:00","BZN|FR","Without Sequence","5.00","",""
"19/05/2025 13:45:00 - 19/05/2025 14:00:00","BZN|FR","Without Sequence","5.00","",""
"19/05/2025 14:00:00 - 19/05/2025 14:15:00","BZN|FR","Without Sequence","8.00","",""
"19/05/2025 14:15:00 - 19/05/2025 14:30:00","BZN|FR","Without Sequence","8.00","",""
"19/05/2025 14:30:00 - 19/05/2025 14:45:00","BZN|FR","Without Sequence","8.00","",""
"19/05/2025 14:45:00 - 19/05/2025 15:00:00","BZN|FR","Without Sequence","8.00","",""
"19/05/2025 15:00:00 - 19/05/2025 15:15:00","BZN|FR","Without Sequence","13.00","",""
"19/05/2025 15:15:00 - 19/05/2025 15:30:00","BZN|FR","Without Sequence","13.00","",""
"19/05/2025 15:30:00 - 19/05/2025 15:45:00","BZN|FR","Without Sequence","13.00","",""
"19/05/2025 15:45:00 - 19/05/2025 16:00:00","BZN|FR","Without Sequence","13.00","",""
"19/05/2025 16:00:00 - 19/05/2025 16:15:00","BZN|FR","Without Sequence","11.58","",""
"19/05/2025 16:15:00 - 19/05/2025 16:30:00","BZN|FR","Without Sequence","11.58","",""
"19/05/2025 16:30:00 - 19/05/2025 16:45:00","BZN|FR","Without Sequence","11.58","",""
"19/05/2025 16:45:00 - 19/05/2025 17:00:00","BZN|FR","Without Sequence","11.58","",""
"19/05/2025 17:00:00 - 19/05/2025 17:15:00","BZN|FR","Without Sequence","22.99","",""
"19/05/2025 17:15:00 - 19/05/2025 17:30:00","BZN|FR","Without Sequence","22.99","",""
"19/05/2025 17:30:00 - 19/05/2025 17:45:00","BZN|FR","Without Sequence","22.99","",""
"19/05/2025 17:45:00 - 19/05/2025 18:00:00","BZN|FR","Without Sequence","22.99","",""
"19/05/2025 18:00:00 - 19/05/2025 18:15:00","BZN|FR","Without Sequence","36.19","",""
"19/05/2025 18:15:00 - 19/05/2025 18:30:00","BZN|FR","Without Sequence","36.19","",""
"19/05/2025 18:30:00 - 19/05/2025 18:45:00","BZN|FR","Without Sequence","36.19","",""
"19/05/2025 18:45:00 - 19/05/2025 19:00:00","BZN|FR","Without Sequence","36.19","",""
"19/05/2025 19:00:00 - 19/05/2025 19:15:00","BZN|FR","Without Sequence","64.12","",""
"19/05/2025 19:15:00 - 19/05/2025 19:30:00","BZN|FR","Without Sequence","64.12","",""
"19/05/2025 19:30:00 - 19/05/2025 19:45:00","BZN|FR","Without Sequence","64.12","",""
"19/05/2025 19:45:00 - 19/05/2025 20:00:00","BZN|FR","Without Sequence","64.12","",""
"19/05/2025 20:00:00 - 19/05/2025 20:15:00","BZN|FR","Without Sequence","33.63","",""
"19/05/2025 20:15:00 - 19/05/2025 20:30:00","BZN|FR","Without Sequence","33.63","",""
"19/05/2025 20:30:00 - 19/05/2025 20:45:00","BZN|FR","Without Sequence","33.63","",""
"19/05/2025 20:45:00 - 19/05/2025 21:00:00","BZN|FR","Without Sequence","33.63","",""
"19/05/2025 21:00:00 - 19/05/2025 21:15:00","BZN|FR","Without Sequence","37.94","",""
"19/05/2025 21:15:00 - 19/05/2025 21:30:00","BZN|FR","Without Sequence","37.94","",""
"19/05/2025 21:30:00 - 19/05/2025 21:45:00","BZN|FR","Without Sequence","37.94","",""
"19/05/2025 21:45:00 - 19/05/2025 22:00:00","BZN|FR","Without Sequence","37.94","",""
"19/05/2025 22:00:00 - 19/05/2025 22:15:00","BZN|FR","Without Sequence","37.22","",""
"19/05/2025 22:15:00 - 19/05/2025 22:30:00","BZN|FR","Without Sequence","37.22","",""
"19/05/2025 22:30:00 - 19/05/2025 22:45:00","BZN|FR","Without Sequence","37.22","",""
"19/05/2025 22:45:00 - 19/05/2025 23:00:00","BZN|FR","Without Sequence","37.22","",""
"19/05/2025 23:00:00 - 19/05/2025 23:15:00","BZN|FR","Without Sequence","29.86","",""
"19/05/2025 23:15:00 - 19/05/2025 23:30:00","BZN|FR","Without Sequence","29.86","",""
"19/05/2025 23:30:00 - 19/05/2025 23:45:00","BZN|FR","Without Sequence","29.86","",""
"19/05/2025 23:45:00 - 20/05/2025 00:00:00","BZN|FR","Without Sequence","29.86","",""
"20/05/2025 00:00:00 - 20/05/2025 00:15:00","BZN|FR","Without Sequence","20.53","",""
"20/05/2025 00:15:00 - 20/05/2025 00:30:00","BZN|FR","Without Sequence","20.53","",""
"20/05/2025 00:30:00 - 20/05/2025 00:45:00","BZN|FR","Without Sequence","20.53","",""
"20/05/2025 00:45:00 - 20/05/2025 01:00:00","BZN|FR","Without Sequence","20.53","",""
"20/05/2025 01:00:00 - 20/05/2025 01:15:00","BZN|FR","Without Sequence","16.93","",""
"20/05/2025 01:15:00 - 20/05/2025 01:30:00","BZN|FR","Without Sequence","16.93","",""
"20/05/2025 01:30:00 - 20/05/2025 01:45:00","BZN|FR","Without Sequence","16.93","",""
"20/05/2025 01:45:00 - 20/05/2025 02:00:00","BZN|FR","Without Sequence","16.93","",""
"20/05/2025 02:00:00 - 20/05/2025 02:15:00","BZN|FR","Without Sequence","13.58","",""
"20/05/2025 02:15:00 - 20/05/2025 02:30:00","BZN|FR","Without Sequence","13.58","",""
"20/05/2025 02:30:00 - 20/05/2025 02:45:00","BZN|FR","Without Sequence","13.58","",""
"20/05/2025 02:45:00 - 20/05/2025 03:00:00","BZN|FR","Without Sequence","13.58","",""
"20/05/2025 03:00:00 - 20/05/2025 03:15:00","BZN|FR","Without Sequence","7.74","",""
"20/05/2025 03:15:00 - 20/05/2025 03:30:00","BZN|FR","Without Sequence","7.74","",""
"20/05/2025 03:30:00 - 20/05/2025 03:45:00","BZN|FR","Without Sequence","7.74","",""
"20/05/2025 03:45:00 - 20/05/2025 04:00:00","BZN|FR","Without Sequence","7.74","",""
"20/05/2025 04:00:00 - 20/05/2025 04:15:00","BZN|FR","Without Sequence","7.00","",""
"20/05/2025 04:15:00 - 20/05/2025 04:30:00","BZN|FR","Without Sequence","7.00","",""
"20/05/2025 04:30:00 - 20/05/2025 04:45:00","BZN|FR","Without Sequence","7.00","",""
"20/05/2025 04:45:00 - 20/05/2025 05:00:00","BZN|FR","Without Sequence","7.00","",""
"20/05/2025 05:00:00 - 20/05/2025 05:15:00","BZN|FR","Without Sequence","18.26","",""
"20/05/2025 05:15:00 - 20/05/2025 05:30:00","BZN|FR","Without Sequence","18.26","",""
"20/05/2025 05:30:00 - 20/05/2025 05:45:00","BZN|FR","Without Sequence","18.26","",""
"20/05/2025 05:45:00 - 20/05/2025 06:00:00","BZN|FR","Without Sequence","18.26","",""
"20/05/2025 06:00:00 - 20/05/2025 06:15:00","BZN|FR","Without Sequence","25.66","",""
"20/05/2025 06:15:00 - 20/05/2025 06:30:00","BZN|FR","Without Sequence","25.66","",""
"20/05/2025 06:30:00 - 20/05/2025 06:45:00","BZN|FR","Without Sequence","25.66","",""
"20/05/2025 06:45:00 - 20/05/2025 07:00:00","BZN|FR","Without Sequence","25.66","",""
"20/05/2025 07:00:00 - 20/05/2025 07:15:00","BZN|FR","Without Sequence","35.09","",""
"20/05/2025 07:15:00 - 20/05/2025 07:30:00","BZN|FR","Without Sequence","35.09","",""
"20/05/2025 07:30:00 - 20/05/2025 07:45:00","BZN|FR","Without Sequence","35.09","",""
"20/05/2025 07:45:00 - 20/05/2025 08:00:00","BZN|FR","Without Sequence","35.09","",""
"20/05/2025 08:00:00 - 20/05/2025 08:15:00","BZN|FR","Without Sequence","38.79","",""
"20/05/2025 08:15:00 - 20/05/2025 08:30:00","BZN|FR","Without Sequence","38.79","",""
"20/05/2025 08:30:00 - 20/05/2025 08:45:00","BZN|FR","Without Sequence","38.79","",""
"20/05/2025 08:45:00 - 20/05/2025 09:00:00","BZN|FR","Without Sequence","38.79","",""
"20/05/2025 09:00:00 - 20/05/2025 09:15:00","BZN|FR","Without Sequence","36.29","",""
"20/05/2025 09:15:00 - 20/05/2025 09:30:00","BZN|FR","Without Sequence","36.29","",""
"20/05/2025 09:30:00 - 20/05/2025 09:45:00","BZN|FR","Without Sequence","36.29","",""
"20/05/2025 09:45:00 - 20/05/2025 10:00:00","BZN|FR","Without Sequence","36.29","",""
"20/05/2025 10:00:00 - 20/05/2025 10:15:00","BZN|FR","Without Sequence","21.40","",""
"20/05/2025 10:15:00 - 20/05/2025 10:30:00","BZN|FR","Without Sequence","21.40","",""
"20/05/2025 10:30:00 - 20/05/2025 10:45:00","BZN|FR","Without Sequence","21.40","",""
"20/05/2025 10:45:00 - 20/05/2025 11:00:00","BZN|FR","Without Sequence","21.40","",""
"20/05/2025 11:00:00 - 20/05/2025 11:15:00","BZN|FR","Without Sequence","15.95","",""
"20/05/2025 11:15:00 - 20/05/2025 11:30:00","BZN|FR","Without Sequence","15.95","",""
"20/05/2025 11:30:00 - 20/05/2025 11:45:00","BZN|FR","Without Sequence","15.95","",""
"20/05/2025 11:45:00 - 20/05/2025 12:00:00","BZN|FR","Without Sequence","15.95","",""
"20/05/2025 12:00:00 - 20/05/2025 12:15:00","BZN|FR","Without Sequence","3.44","",""
"20/05/2025 12:15:00 - 20/05/2025 12:30:00","BZN|FR","Without Sequence","3.44","",""
"20/05/2025 12:30:00 - 20/05/2025 12:45:00","BZN|FR","Without Sequence","3.44","",""
"20/05/2025 12:45:00 - 20/05/2025 13:00:00","BZN|FR","Without Sequence","3.44","",""
"20/05/2025 13:00:00 - 20/05/2025 13:15:00","BZN|FR","Without Sequence","3.62","",""
"20/05/2025 13:15:00 - 20/05/2025 13:30:00","BZN|FR","Without Sequence","3.62","",""
"20/05/2025 13:30:00 - 20/05/2025 13:45:00","BZN|FR","Without Sequence","3.62","",""
"20/05/2025 13:45:00 - 20/05/2025 14:00:00","BZN|FR","Without Sequence","3.62","",""
"20/05/2025 14:00:00 - 20/05/2025 14:15:00","BZN|FR","Without Sequence","3.38","",""
"20/05/2025 14:15:00 - 20/05/2025 14:30:00","BZN|FR","Without Sequence","3.38","",""
"20/05/2025 14:30:00 - 20/05/2025 14:45:00","BZN|FR","Without Sequence","3.38","",""
"20/05/2025 14:45:00 - 20/05/2025 15:00:00","BZN|FR","Without Sequence","3.38","",""
"20/05/2025 15:00:00 - 20/05/2025 15:15:00","BZN|FR","Without Sequence","7.61","",""
"20/05/2025 15:15:00 - 20/05/2025 15:30:00","BZN|FR","Without Sequence","7.61","",""
"20/05/2025 15:30:00 - 20/05/2025 15:45:00","BZN|FR","Without Sequence","7.61","",""
"20/05/2025 15:45:00 - 20/05/2025 16:00:00","BZN|FR","Without Sequence","7.61","",""
"20/05/2025 16:00:00 - 20/05/2025 16:15:00","BZN|FR","Without Sequence","5.05","",""
"20/05/2025 16:15:00 - 20/05/2025 16:30:00","BZN|FR","Without Sequence","5.05","",""
"20/05/2025 16:30:00 - 20/05/2025 16:45:00","BZN|FR","Without Sequence","5.05","",""
"20/05/2025 16:45:00 - 20/05/2025 17:00:00","BZN|FR","Without Sequence","5.05","",""
"20/05/2025 17:00:00 - 20/05/2025 17:15:00","BZN|FR","Without Sequence","20.06","",""
"20/05/2025 17:15:00 - 20/05/2025 17:30:00","BZN|FR","Without Sequence","20.06","",""
"20/05/2025 17:30:00 - 20/05/2025 17:45:00","BZN|FR","Without Sequence","20.06","",""
"20/05/2025 17:45:00 - 20/05/2025 18:00:00","BZN|FR","Without Sequence","20.06","",""
"20/05/2025 18:00:00 - 20/05/2025 18:15:00","BZN|FR","Without Sequence","27.74","",""
"20/05/2025 18:15:00 - 20/05/2025 18:30:00","BZN|FR","Without Sequence","27.74","",""
"20/05/2025 18:30:00 - 20/05/2025 18:45:00","BZN|FR","Without Sequence","27.74","",""
"20/05/2025 18:45:00 - 20/05/2025 19:00:00","BZN|FR","Without Sequence","27.74","",""
"20/05/2025 19:00:00 - 20/05/2025 19:15:00","BZN|FR","Without Sequence","40.01","",""
"20/05/2025 19:15:00 - 20/05/2025 19:30:00","BZN|FR","Without Sequence","40.01","",""
"20/05/2025 19:30:00 - 20/05/2025 19:45:00","BZN|FR","Without Sequence","40.01","",""
"20/05/2025 19:45:00 - 20/05/2025 20:00:00","BZN|FR","Without Sequence","40.01","",""
"20/05/2025 20:00:00 - 20/05/2025 20:15:00","BZN|FR","Without Sequence","25.96","",""
"20/05/2025 20:15:00 - 20/05/2025 20:30:00","BZN|FR","Without Sequence","25.96","",""
"20/05/2025 20:30:00 - 20/05/2025 20:45:00","BZN|FR","Without Sequence","25.96","",""
"20/05/2025 20:45:00 - 20/05/2025 21:00:00","BZN|FR","Without Sequence","25.96","",""
"20/05/2025 21:00:00 - 20/05/2025 21:15:00","BZN|FR","Without Sequence","53.91","",""
"20/05/2025 21:15:00 - 20/05/2025 21:30:00","BZN|FR","Without Sequence","53.91","",""
"20/05/2025 21:30:00 - 20/05/2025 21:45:00","BZN|FR","Without Sequence","53.91","",""
"20/05/2025 21:45:00 - 20/05/2025 22:00:00","BZN|FR","Without Sequence","53.91","",""
"20/05/2025 22:00:00 - 20/05/2025 22:15:00","BZN|FR","Without Sequence","54.00","",""
"20/05/2025 22:15:00 - 20/05/2025 22:30:00","BZN|FR","Without Sequence","54.00","",""
"20/05/2025 22:30:00 - 20/05/2025 22:45:00","BZN|FR","Without Sequence","54.00","",""
"20/05/2025 22:45:00 - 20/05/2025 23:00:00","BZN|FR","Without Sequence","54.00","",""
"20/05/2025 23:00:00 - 20/05/2025 23:15:00","BZN|FR","Without Sequence","35.01","",""
"20/05/2025 23:15:00 - 20/05/2025 23:30:00","BZN|FR","Without Sequence","35.01","",""
"20/05/2025 23:30:00 - 20/05/2025 23:45:00","BZN|FR","Without Sequence","35.01","",""
"20/05/2025 23:45:00 - 21/05/2025 00:00:00","BZN|FR","Without Sequence","35.01","",""
"21/05/2025 00:00:00 - 21/05/2025 00:15:00","BZN|FR","Without Sequence","35.00","",""
"21/05/2025 00:15:00 - 21/05/2025 00:30:00","BZN|FR","Without Sequence","35.00","",""
"21/05/2025 00:30:00 - 21/05/2025 00:45:00","BZN|FR","Without Sequence","35.00","",""
"21/05/2025 00:45:00 - 21/05/2025 01:00:00","BZN|FR","Without Sequence","35.00","",""
"21/05/2025 01:00:00 - 21/05/2025 01:15:00","BZN|FR","Without Sequence","30.20","",""
"21/05/2025 01:15:00 - 21/05/2025 01:30:00","BZN|FR","Without Sequence","30.20","",""
"21/05/2025 01:30:00 - 21/05/2025 01:45:00","BZN|FR","Without Sequence","30.20","",""
"21/05/2025 01:45:00 - 21/05/2025 02:00:00","BZN|FR","Without Sequence","30.20","",""
"21/05/2025 02:00:00 - 21/05/2025 02:15:00","BZN|FR","Without Sequence","28.65","",""
"21/05/2025 02:15:00 - 21/05/2025 02:30:00","BZN|FR","Without Sequence","28.65","",""
"21/05/2025 02:30:00 - 21/05/2025 02:45:00","BZN|FR","Without Sequence","28.65","",""
"21/05/2025 02:45:00 - 21/05/2025 03:00:00","BZN|FR","Without Sequence","28.65","",""
"21/05/2025 03:00:00 - 21/05/2025 03:15:00","BZN|FR","Without Sequence","22.03","",""
"21/05/2025 03:15:00 - 21/05/2025 03:30:00","BZN|FR","Without Sequence","22.03","",""
"21/05/2025 03:30:00 - 21/05/2025 03:45:00","BZN|FR","Without Sequence","22.03","",""
"21/05/2025 03:45:00 - 21/05/2025 04:00:00","BZN|FR","Without Sequence","22.03","",""
"21/05/2025 04:00:00 - 21/05/2025 04:15:00","BZN|FR","Without Sequence","26.72","",""
"21/05/2025 04:15:00 - 21/05/2025 04:30:00","BZN|FR","Without Sequence","26.72","",""
"21/05/2025 04:30:00 - 21/05/2025 04:45:00","BZN|FR","Without Sequence","26.72","",""
"21/05/2025 04:45:00 - 21/05/2025 05:00:00","BZN|FR","Without Sequence","26.72","",""
"21/05/2025 05:00:00 - 21/05/2025 05:15:00","BZN|FR","Without Sequence","30.20","",""
"21/05/2025 05:15:00 - 21/05/2025 05:30:00","BZN|FR","Without Sequence","30.20","",""
"21/05/2025 05:30:00 - 21/05/2025 05:45:00","BZN|FR","Without Sequence","30.20","",""
"21/05/2025 05:45:00 - 21/05/2025 06:00:00","BZN|FR","Without Sequence","30.20","",""
"21/05/2025 06:00:00 - 21/05/2025 06:15:00","BZN|FR","Without Sequence","35.09","",""
"21/05/2025 06:15:00 - 21/05/2025 06:30:00","BZN|FR","Without Sequence","35.09","",""
"21/05/2025 06:30:00 - 21/05/2025 06:45:00","BZN|FR","Without Sequence","35.09","",""
"21/05/2025 06:45:00 - 21/05/2025 07:00:00","BZN|FR","Without Sequence","35.09","",""
"21/05/2025 07:00:00 - 21/05/2025 07:15:00","BZN|FR","Without Sequence","58.87","",""
"21/05/2025 07:15:00 - 21/05/2025 07:30:00","BZN|FR","Without Sequence","58.87","",""
"21/05/2025 07:30:00 - 21/05/2025 07:45:00","BZN|FR","Without Sequence","58.87","",""
"21/05/2025 07:45:00 - 21/05/2025 08:00:00","BZN|FR","Without Sequence","58.87","",""
"21/05/2025 08:00:00 - 21/05/2025 08:15:00","BZN|FR","Without Sequence","39.52","",""
"21/05/2025 08:15:00 - 21/05/2025 08:30:00","BZN|FR","Without Sequence","39.52","",""
"21/05/2025 08:30:00 - 21/05/2025 08:45:00","BZN|FR","Without Sequence","39.52","",""
"21/05/2025 08:45:00 - 21/05/2025 09:00:00","BZN|FR","Without Sequence","39.52","",""
"21/05/2025 09:00:00 - 21/05/2025 09:15:00","BZN|FR","Without Sequence","31.14","",""
"21/05/2025 09:15:00 - 21/05/2025 09:30:00","BZN|FR","Without Sequence","31.14","",""
"21/05/2025 09:30:00 - 21/05/2025 09:45:00","BZN|FR","Without Sequence","31.14","",""
"21/05/2025 09:45:00 - 21/05/2025 10:00:00","BZN|FR","Without Sequence","31.14","",""
"21/05/2025 10:00:00 - 21/05/2025 10:15:00","BZN|FR","Without Sequence","25.40","",""
"21/05/2025 10:15:00 - 21/05/2025 10:30:00","BZN|FR","Without Sequence","25.40","",""
"21/05/2025 10:30:00 - 21/05/2025 10:45:00","BZN|FR","Without Sequence","25.40","",""
"21/05/2025 10:45:00 - 21/05/2025 11:00:00","BZN|FR","Without Sequence","25.40","",""
"21/05/2025 11:00:00 - 21/05/2025 11:15:00","BZN|FR","Without Sequence","5.16","",""
"21/05/2025 11:15:00 - 21/05/2025 11:30:00","BZN|FR","Without Sequence","5.16","",""
"21/05/2025 11:30:00 - 21/05/2025 11:45:00","BZN|FR","Without Sequence","5.16","",""
"21/05/2025 11:45:00 - 21/05/2025 12:00:00","BZN|FR","Without Sequence","5.16","",""
"21/05/2025 12:00:00 - 21/05/2025 12:15:00","BZN|FR","Without Sequence","20.02","",""
"21/05/2025 12:15:00 - 21/05/2025 12:30:00","BZN|FR","Without Sequence","20.02","",""
"21/05/2025 12:30:00 - 21/05/2025 12:45:00","BZN|FR","Without Sequence","20.02","",""
"21/05/2025 12:45:00 - 21/05/2025 13:00:00","BZN|FR","Without Sequence","20.02","",""
"21/05/2025 13:00:00 - 21/05/2025 13:15:00","BZN|FR","Without Sequence","18.44","",""
"21/05/2025 13:15:00 - 21/05/2025 13:30:00","BZN|FR","Without Sequence","18.44","",""
"21/05/2025 13:30:00 - 21/05/2025 13:45:00","BZN|FR","Without Sequence","18.44","",""
"21/05/2025 13:45:00 - 21/05/2025 14:00:00","BZN|FR","Without Sequence","18.44","",""
"21/05/2025 14:00:00 - 21/05/2025 14:15:00","BZN|FR","Without Sequence","10.62","",""
"21/05/2025 14:15:00 - 21/05/2025 14:30:00","BZN|FR","Without Sequence","10.62","",""
"21/05/2025 14:30:00 - 21/05/2025 14:45:00","BZN|FR","Without Sequence","10.62","",""
"21/05/2025 14:45:00 - 21/05/2025 15:00:00","BZN|FR","Without Sequence","10.62","",""
"21/05/2025 15:00:00 - 21/05/2025 15:15:00","BZN|FR","Without Sequence","2.01","",""
"21/05/2025 15:15:00 - 21/05/2025 15:30:00","BZN|FR","Without Sequence","2.01","",""
"21/05/2025 15:30:00 - 21/05/2025 15:45:00","BZN|FR","Without Sequence","2.01","",""
"21/05/2025 15:45:00 - 21/05/2025 16:00:00","BZN|FR","Without Sequence","2.01","",""
"21/05/2025 16:00:00 - 21/05/2025 16:15:00","BZN|FR","Without Sequence","5.05","",""
"21/05/2025 16:15:00 - 21/05/2025 16:30:00","BZN|FR","Without Sequence","5.05","",""
"21/05/2025 16:30:00 - 21/05/2025 16:45:00","BZN|FR","Without Sequence","5.05","",""
"21/05/2025 16:45:00 - 21/05/2025 17:00:00","BZN|FR","Without Sequence","5.05","",""
"21/05/2025 17:00:00 - 21/05/2025 17:15:00","BZN|FR","Without Sequence","27.88","",""
"21/05/2025 17:15:00 - 21/05/2025 17:30:00","BZN|FR","Without Sequence","27.88","",""
"21/05/2025 17:30:00 - 21/05/2025 17:45:00","BZN|FR","Without Sequence","27.88","",""
"21/05/2025 17:45:00 - 21/05/2025 18:00:00","BZN|FR","Without Sequence","27.88","",""
"21/05/2025 18:00:00 - 21/05/2025 18:15:00","BZN|FR","Without Sequence","53.45","",""
"21/05/2025 18:15:00 - 21/05/2025 18:30:00","BZN|FR","Without Sequence","53.45","",""
"21/05/2025 18:30:00 - 21/05/2025 18:45:00","BZN|FR","Without Sequence","53.45","",""
"21/05/2025 18:45:00 - 21/05/2025 19:00:00","BZN|FR","Without Sequence","53.45","",""
"21/05/2025 19:00:00 - 21/05/2025 19:15:00","BZN|FR","Without Sequence","80.02","",""
"21/05/2025 19:15:00 - 21/05/2025 19:30:00","BZN|FR","Without Sequence","80.02","",""
"21/05/2025 19:30:00 - 21/05/2025 19:45:00","BZN|FR","Without Sequence","80.02","",""
"21/05/2025 19:45:00 - 21/05/2025 20:00:00","BZN|FR","Without Sequence","80.02","",""
"21/05/2025 20:00:00 - 21/05/2025 20:15:00","BZN|FR","Without Sequence","52.93","",""
"21/05/2025 20:15:00 - 21/05/2025 20:30:00","BZN|FR","Without Sequence","52.93","",""
"21/05/2025 20:30:00 - 21/05/2025 20:45:00","BZN|FR","Without Sequence","52.93","",""
"21/05/2025 20:45:00 - 21/05/2025 21:00:00","BZN|FR","Without Sequence","52.93","",""
"21/05/2025 21:00:00 - 21/05/2025 21:15:00","BZN|FR","Without Sequence","68.21","",""
"21/05/2025 21:15:00 - 21/05/2025 21:30:00","BZN|FR","Without Sequence","68.21","",""
"21/05/2025 21:30:00 - 21/05/2025 21:45:00","BZN|FR","Without Sequence","68.21","",""
"21/05/2025 21:45:00 - 21/05/2025 22:00:00","BZN|FR","Without Sequence","68.21","",""
"21/05/2025 22:00:00 - 21/05/2025 22:15:00","BZN|FR","Without Sequence","63.78","",""
"21/05/2025 22:15:00 - 21/05/2025 22:30:00","BZN|FR","Without Sequence","63.78","",""
"21/05/2025 22:30:00 - 21/05/2025 22:45:00","BZN|FR","Without Sequence","63.78","",""
"21/05/2025 22:45:00 - 21/05/2025 23:00:00","BZN|FR","Without Sequence","63.78","",""
"21/05/2025 23:00:00 - 21/05/2025 23:15:00","BZN|FR","Without Sequence","40.13","",""
"21/05/2025 23:15:00 - 21/05/2025 23:30:00","BZN|FR","Without Sequence","40.13","",""
"21/05/2025 23:30:00 - 21/05/2025 23:45:00","BZN|FR","Without Sequence","40.13","",""
"21/05/2025 23:45:00 - 22/05/2025 00:00:00","BZN|FR","Without Sequence","40.13","",""
"22/05/2025 00:00:00 - 22/05/2025 00:15:00","BZN|FR","Without Sequence","22.23","",""
"22/05/2025 00:15:00 - 22/05/2025 00:30:00","BZN|FR","Without Sequence","22.23","",""
"22/05/2025 00:30:00 - 22/05/2025 00:45:00","BZN|FR","Without Sequence","22.23","",""
"22/05/2025 00:45:00 - 22/05/2025 01:00:00","BZN|FR","Without Sequence","22.23","",""
"22/05/2025 01:00:00 - 22/05/2025 01:15:00","BZN|FR","Without Sequence","20.08","",""
"22/05/2025 01:15:00 - 22/05/2025 01:30:00","BZN|FR","Without Sequence","20.08","",""
"22/05/2025 01:30:00 - 22/05/2025 01:45:00","BZN|FR","Without Sequence","20.08","",""
"22/05/2025 01:45:00 - 22/05/2025 02:00:00","BZN|FR","Without Sequence","20.08","",""
"22/05/2025 02:00:00 - 22/05/2025 02:15:00","BZN|FR","Without Sequence","16.20","",""
"22/05/2025 02:15:00 - 22/05/2025 02:30:00","BZN|FR","Without Sequence","16.20","",""
"22/05/2025 02:30:00 - 22/05/2025 02:45:00","BZN|FR","Without Sequence","16.20","",""
"22/05/2025 02:45:00 - 22/05/2025 03:00:00","BZN|FR","Without Sequence","16.20","",""
"22/05/2025 03:00:00 - 22/05/2025 03:15:00","BZN|FR","Without Sequence","5.11","",""
"22/05/2025 03:15:00 - 22/05/2025 03:30:00","BZN|FR","Without Sequence","5.11","",""
"22/05/2025 03:30:00 - 22/05/2025 03:45:00","BZN|FR","Without Sequence","5.11","",""
"22/05/2025 03:45:00 - 22/05/2025 04:00:00","BZN|FR","Without Sequence","5.11","",""
"22/05/2025 04:00:00 - 22/05/2025 04:15:00","BZN|FR","Without Sequence","5.11","",""
"22/05/2025 04:15:00 - 22/05/2025 04:30:00","BZN|FR","Without Sequence","5.11","",""
"22/05/2025 04:30:00 - 22/05/2025 04:45:00","BZN|FR","Without Sequence","5.11","",""
"22/05/2025 04:45:00 - 22/05/2025 05:00:00","BZN|FR","Without Sequence","5.11","",""
"22/05/2025 05:00:00 - 22/05/2025 05:15:00","BZN|FR","Without Sequence","13.00","",""
"22/05/2025 05:15:00 - 22/05/2025 05:30:00","BZN|FR","Without Sequence","13.00","",""
"22/05/2025 05:30:00 - 22/05/2025 05:45:00","BZN|FR","Without Sequence","13.00","",""
"22/05/2025 05:45:00 - 22/05/2025 06:00:00","BZN|FR","Without Sequence","13.00","",""
"22/05/2025 06:00:00 - 22/05/2025 06:15:00","BZN|FR","Without Sequence","18.64","",""
"22/05/2025 06:15:00 - 22/05/2025 06:30:00","BZN|FR","Without Sequence","18.64","",""
"22/05/2025 06:30:00 - 22/05/2025 06:45:00","BZN|FR","Without Sequence","18.64","",""
"22/05/2025 06:45:00 - 22/05/2025 07:00:00","BZN|FR","Without Sequence","18.64","",""
"22/05/2025 07:00:00 - 22/05/2025 07:15:00","BZN|FR","Without Sequence","54.30","",""
"22/05/2025 07:15:00 - 22/05/2025 07:30:00","BZN|FR","Without Sequence","54.30","",""
"22/05/2025 07:30:00 - 22/05/2025 07:45:00","BZN|FR","Without Sequence","54.30","",""
"22/05/2025 07:45:00 - 22/05/2025 08:00:00","BZN|FR","Without Sequence","54.30","",""
"22/05/2025 08:00:00 - 22/05/2025 08:15:00","BZN|FR","Without Sequence","50.81","",""
"22/05/2025 08:15:00 - 22/05/2025 08:30:00","BZN|FR","Without Sequence","50.81","",""
"22/05/2025 08:30:00 - 22/05/2025 08:45:00","BZN|FR","Without Sequence","50.81","",""
"22/05/2025 08:45:00 - 22/05/2025 09:00:00","BZN|FR","Without Sequence","50.81","",""
"22/05/2025 09:00:00 - 22/05/2025 09:15:00","BZN|FR","Without Sequence","49.20","",""
"22/05/2025 09:15:00 - 22/05/2025 09:30:00","BZN|FR","Without Sequence","49.20","",""
"22/05/2025 09:30:00 - 22/05/2025 09:45:00","BZN|FR","Without Sequence","49.20","",""
"22/05/2025 09:45:00 - 22/05/2025 10:00:00","BZN|FR","Without Sequence","49.20","",""
"22/05/2025 10:00:00 - 22/05/2025 10:15:00","BZN|FR","Without Sequence","9.85","",""
"22/05/2025 10:15:00 - 22/05/2025 10:30:00","BZN|FR","Without Sequence","9.85","",""
"22/05/2025 10:30:00 - 22/05/2025 10:45:00","BZN|FR","Without Sequence","9.85","",""
"22/05/2025 10:45:00 - 22/05/2025 11:00:00","BZN|FR","Without Sequence","9.85","",""
"22/05/2025 11:00:00 - 22/05/2025 11:15:00","BZN|FR","Without Sequence","13.63","",""
"22/05/2025 11:15:00 - 22/05/2025 11:30:00","BZN|FR","Without Sequence","13.63","",""
"22/05/2025 11:30:00 - 22/05/2025 11:45:00","BZN|FR","Without Sequence","13.63","",""
"22/05/2025 11:45:00 - 22/05/2025 12:00:00","BZN|FR","Without Sequence","13.63","",""
"22/05/2025 12:00:00 - 22/05/2025 12:15:00","BZN|FR","Without Sequence","0.00","",""
"22/05/2025 12:15:00 - 22/05/2025 12:30:00","BZN|FR","Without Sequence","0.00","",""
"22/05/2025 12:30:00 - 22/05/2025 12:45:00","BZN|FR","Without Sequence","0.00","",""
"22/05/2025 12:45:00 - 22/05/2025 13:00:00","BZN|FR","Without Sequence","0.00","",""
"22/05/2025 13:00:00 - 22/05/2025 13:15:00","BZN|FR","Without Sequence","0.00","",""
"22/05/2025 13:15:00 - 22/05/2025 13:30:00","BZN|FR","Without Sequence","0.00","",""
"22/05/2025 13:30:00 - 22/05/2025 13:45:00","BZN|FR","Without Sequence","0.00","",""
"22/05/2025 13:45:00 - 22/05/2025 14:00:00","BZN|FR","Without Sequence","0.00","",""
"22/05/2025 14:00:00 - 22/05/2025 14:15:00","BZN|FR","Without Sequence","-0.01","",""
"22/05/2025 14:15:00 - 22/05/2025 14:30:00","BZN|FR","Without Sequence","-0.01","",""
"22/05/2025 14:30:00 - 22/05/2025 14:45:00","BZN|FR","Without Sequence","-0.01","",""
"22/05/2025 14:45:00 - 22/05/2025 15:00:00","BZN|FR","Without Sequence","-0.01","",""
"22/05/2025 15:00:00 - 22/05/2025 15:15:00","BZN|FR","Without Sequence","-0.02","",""
"22/05/2025 15:15:00 - 22/05/2025 15:30:00","BZN|FR","Without Sequence","-0.02","",""
"22/05/2025 15:30:00 - 22/05/2025 15:45:00","BZN|FR","Without Sequence","-0.02","",""
"22/05/2025 15:45:00 - 22/05/2025 16:00:00","BZN|FR","Without Sequence","-0.02","",""
"22/05/2025 16:00:00 - 22/05/2025 16:15:00","BZN|FR","Without Sequence","-0.01","",""
"22/05/2025 16:15:00 - 22/05/2025 16:30:00","BZN|FR","Without Sequence","-0.01","",""
"22/05/2025 16:30:00 - 22/05/2025 16:45:00","BZN|FR","Without Sequence","-0.01","",""
"22/05/2025 16:45:00 - 22/05/2025 17:00:00","BZN|FR","Without Sequence","-0.01","",""
"22/05/2025 17:00:00 - 22/05/2025 17:15:00","BZN|FR","Without Sequence","-0.01","",""
"22/05/2025 17:15:00 - 22/05/2025 17:30:00","BZN|FR","Without Sequence","-0.01","",""
"22/05/2025 17:30:00 - 22/05/2025 17:45:00","BZN|FR","Without Sequence","-0.01","",""
"22/05/2025 17:45:00 - 22/05/2025 18:00:00","BZN|FR","Without Sequence","-0.01","",""
"22/05/2025 18:00:00 - 22/05/2025 18:15:00","BZN|FR","Without Sequence","22.69","",""
"22/05/2025 18:15:00 - 22/05/2025 18:30:00","BZN|FR","Without Sequence","22.69","",""
"22/05/2025 18:30:00 - 22/05/2025 18:45:00","BZN|FR","Without Sequence","22.69","",""
"22/05/2025 18:45:00 - 22/05/2025 19:00:00","BZN|FR","Without Sequence","22.69","",""
"22/05/2025 19:00:00 - 22/05/2025 19:15:00","BZN|FR","Without Sequence","40.67","",""
"22/05/2025 19:15:00 - 22/05/2025 19:30:00","BZN|FR","Without Sequence","40.67","",""
"22/05/2025 19:30:00 - 22/05/2025 19:45:00","BZN|FR","Without Sequence","40.67","",""
"22/05/2025 19:45:00 - 22/05/2025 20:00:00","BZN|FR","Without Sequence","40.67","",""
"22/05/2025 20:00:00 - 22/05/2025 20:15:00","BZN|FR","Without Sequence","27.26","",""
"22/05/2025 20:15:00 - 22/05/2025 20:30:00","BZN|FR","Without Sequence","27.26","",""
"22/05/2025 20:30:00 - 22/05/2025 20:45:00","BZN|FR","Without Sequence","27.26","",""
"22/05/2025 20:45:00 - 22/05/2025 21:00:00","BZN|FR","Without Sequence","27.26","",""
"22/05/2025 21:00:00 - 22/05/2025 21:15:00","BZN|FR","Without Sequence","24.42","",""
"22/05/2025 21:15:00 - 22/05/2025 21:30:00","BZN|FR","Without Sequence","24.42","",""
"22/05/2025 21:30:00 - 22/05/2025 21:45:00","BZN|FR","Without Sequence","24.42","",""
"22/05/2025 21:45:00 - 22/05/2025 22:00:00","BZN|FR","Without Sequence","24.42","",""
"22/05/2025 22:00:00 - 22/05/2025 22:15:00","BZN|FR","Without Sequence","60.79","",""
"22/05/2025 22:15:00 - 22/05/2025 22:30:00","BZN|FR","Without Sequence","60.79","",""
"22/05/2025 22:30:00 - 22/05/2025 22:45:00","BZN|FR","Without Sequence","60.79","",""
"22/05/2025 22:45:00 - 22/05/2025 23:00:00","BZN|FR","Without Sequence","60.79","",""
"22/05/2025 23:00:00 - 22/05/2025 23:15:00","BZN|FR","Without Sequence","43.85","",""
"22/05/2025 23:15:00 - 22/05/2025 23:30:00","BZN|FR","Without Sequence","43.85","",""
"22/05/2025 23:30:00 - 22/05/2025 23:45:00","BZN|FR","Without Sequence","43.85","",""
"22/05/2025 23:45:00 - 23/05/2025 00:00:00","BZN|FR","Without Sequence","43.85","",""
"23/05/2025 00:00:00 - 23/05/2025 00:15:00","BZN|FR","Without Sequence","9.22","",""
"23/05/2025 00:15:00 - 23/05/2025 00:30:00","BZN|FR","Without Sequence","9.22","",""
"23/05/2025 00:30:00 - 23/05/2025 00:45:00","BZN|FR","Without Sequence","9.22","",""
"23/05/2025 00:45:00 - 23/05/2025 01:00:00","BZN|FR","Without Sequence","9.22","",""
"23/05/2025 01:00:00 - 23/05/2025 01:15:00","BZN|FR","Without Sequence","7.69","",""
"23/05/2025 01:15:00 - 23/05/2025 01:30:00","BZN|FR","Without Sequence","7.69","",""
"23/05/2025 01:30:00 - 23/05/2025 01:45:00","BZN|FR","Without Sequence","7.69","",""
"23/05/2025 01:45:00 - 23/05/2025 02:00:00","BZN|FR","Without Sequence","7.69","",""
"23/05/2025 02:00:00 - 23/05/2025 02:15:00","BZN|FR","Without Sequence","9.37","",""
"23/05/2025 02:15:00 - 23/05/2025 02:30:00","BZN|FR","Without Sequence","9.37","",""
"23/05/2025 02:30:00 - 23/05/2025 02:45:00","BZN|FR","Without Sequence","9.37","",""
"23/05/2025 02:45:00 - 23/05/2025 03:00:00","BZN|FR","Without Sequence","9.37","",""
"23/05/2025 03:00:00 - 23/05/2025 03:15:00","BZN|FR","Without Sequence","5.80","",""
"23/05/2025 03:15:00 - 23/05/2025 03:30:00","BZN|FR","Without Sequence","5.80","",""
"23/05/2025 03:30:00 - 23/05/2025 03:45:00","BZN|FR","Without Sequence","5.80","",""
"23/05/2025 03:45:00 - 23/05/2025 04:00:00","BZN|FR","Without Sequence","5.80","",""
"23/05/2025 04:00:00 - 23/05/2025 04:15:00","BZN|FR","Without Sequence","5.11","",""
"23/05/2025 04:15:00 - 23/05/2025 04:30:00","BZN|FR","Without Sequence","5.11","",""
"23/05/2025 04:30:00 - 23/05/2025 04:45:00","BZN|FR","Without Sequence","5.11","",""
"23/05/2025 04:45:00 - 23/05/2025 05:00:00","BZN|FR","Without Sequence","5.11","",""
"23/05/2025 05:00:00 - 23/05/2025 05:15:00","BZN|FR","Without Sequence","11.19","",""
"23/05/2025 05:15:00 - 23/05/2025 05:30:00","BZN|FR","Without Sequence","11.19","",""
"23/05/2025 05:30:00 - 23/05/2025 05:45:00","BZN|FR","Without Sequence","11.19","",""
"23/05/2025 05:45:00 - 23/05/2025 06:00:00","BZN|FR","Without Sequence","11.19","",""
"23/05/2025 06:00:00 - 23/05/2025 06:15:00","BZN|FR","Without Sequence","17.64","",""
"23/05/2025 06:15:00 - 23/05/2025 06:30:00","BZN|FR","Without Sequence","17.64","",""
"23/05/2025 06:30:00 - 23/05/2025 06:45:00","BZN|FR","Without Sequence","17.64","",""
"23/05/2025 06:45:00 - 23/05/2025 07:00:00","BZN|FR","Without Sequence","17.64","",""
"23/05/2025 07:00:00 - 23/05/2025 07:15:00","BZN|FR","Without Sequence","33.44","",""
"23/05/2025 07:15:00 - 23/05/2025 07:30:00","BZN|FR","Without Sequence","33.44","",""
"23/05/2025 07:30:00 - 23/05/2025 07:45:00","BZN|FR","Without Sequence","33.44","",""
"23/05/2025 07:45:00 - 23/05/2025 08:00:00","BZN|FR","Without Sequence","33.44","",""
"23/05/2025 08:00:00 - 23/05/2025 08:15:00","BZN|FR","Without Sequence","21.17","",""
"23/05/2025 08:15:00 - 23/05/2025 08:30:00","BZN|FR","Without Sequence","21.17","",""
"23/05/2025 08:30:00 - 23/05/2025 08:45:00","BZN|FR","Without Sequence","21.17","",""
"23/05/2025 08:45:00 - 23/05/2025 09:00:00","BZN|FR","Without Sequence","21.17","",""
"23/05/2025 09:00:00 - 23/05/2025 09:15:00","BZN|FR","Without Sequence","11.82","",""
"23/05/2025 09:15:00 - 23/05/2025 09:30:00","BZN|FR","Without Sequence","11.82","",""
"23/05/2025 09:30:00 - 23/05/2025 09:45:00","BZN|FR","Without Sequence","11.82","",""
"23/05/2025 09:45:00 - 23/05/2025 10:00:00","BZN|FR","Without Sequence","11.82","",""
"23/05/2025 10:00:00 - 23/05/2025 10:15:00","BZN|FR","Without Sequence","7.26","",""
"23/05/2025 10:15:00 - 23/05/2025 10:30:00","BZN|FR","Without Sequence","7.26","",""
"23/05/2025 10:30:00 - 23/05/2025 10:45:00","BZN|FR","Without Sequence","7.26","",""
"23/05/2025 10:45:00 - 23/05/2025 11:00:00","BZN|FR","Without Sequence","7.26","",""
"23/05/2025 11:00:00 - 23/05/2025 11:15:00","BZN|FR","Without Sequence","11.40","",""
"23/05/2025 11:15:00 - 23/05/2025 11:30:00","BZN|FR","Without Sequence","11.40","",""
"23/05/2025 11:30:00 - 23/05/2025 11:45:00","BZN|FR","Without Sequence","11.40","",""
"23/05/2025 11:45:00 - 23/05/2025 12:00:00","BZN|FR","Without Sequence","11.40","",""
"23/05/2025 12:00:00 - 23/05/2025 12:15:00","BZN|FR","Without Sequence","13.44","",""
"23/05/2025 12:15:00 - 23/05/2025 12:30:00","BZN|FR","Without Sequence","13.44","",""
"23/05/2025 12:30:00 - 23/05/2025 12:45:00","BZN|FR","Without Sequence","13.44","",""
"23/05/2025 12:45:00 - 23/05/2025 13:00:00","BZN|FR","Without Sequence","13.44","",""
"23/05/2025 13:00:00 - 23/05/2025 13:15:00","BZN|FR","Without Sequence","0.62","",""
"23/05/2025 13:15:00 - 23/05/2025 13:30:00","BZN|FR","Without Sequence","0.62","",""
"23/05/2025 13:30:00 - 23/05/2025 13:45:00","BZN|FR","Without Sequence","0.62","",""
"23/05/2025 13:45:00 - 23/05/2025 14:00:00","BZN|FR","Without Sequence","0.62","",""
"23/05/2025 14:00:00 - 23/05/2025 14:15:00","BZN|FR","Without Sequence","0.00","",""
"23/05/2025 14:15:00 - 23/05/2025 14:30:00","BZN|FR","Without Sequence","0.00","",""
"23/05/2025 14:30:00 - 23/05/2025 14:45:00","BZN|FR","Without Sequence","0.00","",""
"23/05/2025 14:45:00 - 23/05/2025 15:00:00","BZN|FR","Without Sequence","0.00","",""
"23/05/2025 15:00:00 - 23/05/2025 15:15:00","BZN|FR","Without Sequence","0.00","",""
"23/05/2025 15:15:00 - 23/05/2025 15:30:00","BZN|FR","Without Sequence","0.00","",""
"23/05/2025 15:30:00 - 23/05/2025 15:45:00","BZN|FR","Without Sequence","0.00","",""
"23/05/2025 15:45:00 - 23/05/2025 16:00:00","BZN|FR","Without Sequence","0.00","",""
"23/05/2025 16:00:00 - 23/05/2025 16:15:00","BZN|FR","Without Sequence","0.00","",""
"23/05/2025 16:15:00 - 23/05/2025 16:30:00","BZN|FR","Without Sequence","0.00","",""
"23/05/2025 16:30:00 - 23/05/2025 16:45:00","BZN|FR","Without Sequence","0.00","",""
"23/05/2025 16:45:00 - 23/05/2025 17:00:00","BZN|FR","Without Sequence","0.00","",""
"23/05/2025 17:00:00 - 23/05/2025 17:15:00","BZN|FR","Without Sequence","0.00","",""
"23/05/2025 17:15:00 - 23/05/2025 17:30:00","BZN|FR","Without Sequence","0.00","",""
"23/05/2025 17:30:00 - 23/05/2025 17:45:00","BZN|FR","Without Sequence","0.00","",""
"23/05/2025 17:45:00 - 23/05/2025 18:00:00","BZN|FR","Without Sequence","0.00","",""
"23/05/2025 18:00:00 - 23/05/2025 18:15:00","BZN|FR","Without Sequence","9.21","",""
"23/05/2025 18:15:00 - 23/05/2025 18:30:00","BZN|FR","Without Sequence","9.21","",""
"23/05/2025 18:30:00 - 23/05/2025 18:45:00","BZN|FR","Without Sequence","9.21","",""
"23/05/2025 18:45:00 - 23/05/2025 19:00:00","BZN|FR","Without Sequence","9.21","",""
"23/05/2025 19:00:00 - 23/05/2025 19:15:00","BZN|FR","Without Sequence","23.31","",""
"23/05/2025 19:15:00 - 23/05/2025 19:30:00","BZN|FR","Without Sequence","23.31","",""
"23/05/2025 19:30:00 - 23/05/2025 19:45:00","BZN|FR","Without Sequence","23.31","",""
"23/05/2025 19:45:00 - 23/05/2025 20:00:00","BZN|FR","Without Sequence","23.31","",""
"23/05/2025 20:00:00 - 23/05/2025 20:15:00","BZN|FR","Without Sequence","27.31","",""
"23/05/2025 20:15:00 - 23/05/2025 20:30:00","BZN|FR","Without Sequence","27.31","",""
"23/05/2025 20:30:00 - 23/05/2025 20:45:00","BZN|FR","Without Sequence","27.31","",""
"23/05/2025 20:45:00 - 23/05/2025 21:00:00","BZN|FR","Without Sequence","27.31","",""
"23/05/2025 21:00:00 - 23/05/2025 21:15:00","BZN|FR","Without Sequence","31.00","",""
"23/05/2025 21:15:00 - 23/05/2025 21:30:00","BZN|FR","Without Sequence","31.00","",""
"23/05/2025 21:30:00 - 23/05/2025 21:45:00","BZN|FR","Without Sequence","31.00","",""
"23/05/2025 21:45:00 - 23/05/2025 22:00:00","BZN|FR","Without Sequence","31.00","",""
"23/05/2025 22:00:00 - 23/05/2025 22:15:00","BZN|FR","Without Sequence","76.21","",""
"23/05/2025 22:15:00 - 23/05/2025 22:30:00","BZN|FR","Without Sequence","76.21","",""
"23/05/2025 22:30:00 - 23/05/2025 22:45:00","BZN|FR","Without Sequence","76.21","",""
"23/05/2025 22:45:00 - 23/05/2025 23:00:00","BZN|FR","Without Sequence","76.21","",""
"23/05/2025 23:00:00 - 23/05/2025 23:15:00","BZN|FR","Without Sequence","65.00","",""
"23/05/2025 23:15:00 - 23/05/2025 23:30:00","BZN|FR","Without Sequence","65.00","",""
"23/05/2025 23:30:00 - 23/05/2025 23:45:00","BZN|FR","Without Sequence","65.00","",""
"23/05/2025 23:45:00 - 24/05/2025 00:00:00","BZN|FR","Without Sequence","65.00","",""
"24/05/2025 00:00:00 - 24/05/2025 00:15:00","BZN|FR","Without Sequence","24.79","",""
"24/05/2025 00:15:00 - 24/05/2025 00:30:00","BZN|FR","Without Sequence","24.79","",""
"24/05/2025 00:30:00 - 24/05/2025 00:45:00","BZN|FR","Without Sequence","24.79","",""
"24/05/2025 00:45:00 - 24/05/2025 01:00:00","BZN|FR","Without Sequence","24.79","",""
"24/05/2025 01:00:00 - 24/05/2025 01:15:00","BZN|FR","Without Sequence","14.80","",""
"24/05/2025 01:15:00 - 24/05/2025 01:30:00","BZN|FR","Without Sequence","14.80","",""
"24/05/2025 01:30:00 - 24/05/2025 01:45:00","BZN|FR","Without Sequence","14.80","",""
"24/05/2025 01:45:00 - 24/05/2025 02:00:00","BZN|FR","Without Sequence","14.80","",""
"24/05/2025 02:00:00 - 24/05/2025 02:15:00","BZN|FR","Without Sequence","10.93","",""
"24/05/2025 02:15:00 - 24/05/2025 02:30:00","BZN|FR","Without Sequence","10.93","",""
"24/05/2025 02:30:00 - 24/05/2025 02:45:00","BZN|FR","Without Sequence","10.93","",""
"24/05/2025 02:45:00 - 24/05/2025 03:00:00","BZN|FR","Without Sequence","10.93","",""
"24/05/2025 03:00:00 - 24/05/2025 03:15:00","BZN|FR","Without Sequence","10.34","",""
"24/05/2025 03:15:00 - 24/05/2025 03:30:00","BZN|FR","Without Sequence","10.34","",""
"24/05/2025 03:30:00 - 24/05/2025 03:45:00","BZN|FR","Without Sequence","10.34","",""
"24/05/2025 03:45:00 - 24/05/2025 04:00:00","BZN|FR","Without Sequence","10.34","",""
"24/05/2025 04:00:00 - 24/05/2025 04:15:00","BZN|FR","Without Sequence","9.56","",""
"24/05/2025 04:15:00 - 24/05/2025 04:30:00","BZN|FR","Without Sequence","9.56","",""
"24/05/2025 04:30:00 - 24/05/2025 04:45:00","BZN|FR","Without Sequence","9.56","",""
"24/05/2025 04:45:00 - 24/05/2025 05:00:00","BZN|FR","Without Sequence","9.56","",""
"24/05/2025 05:00:00 - 24/05/2025 05:15:00","BZN|FR","Without Sequence","9.99","",""
"24/05/2025 05:15:00 - 24/05/2025 05:30:00","BZN|FR","Without Sequence","9.99","",""
"24/05/2025 05:30:00 - 24/05/2025 05:45:00","BZN|FR","Without Sequence","9.99","",""
"24/05/2025 05:45:00 - 24/05/2025 06:00:00","BZN|FR","Without Sequence","9.99","",""
"24/05/2025 06:00:00 - 24/05/2025 06:15:00","BZN|FR","Without Sequence","13.32","",""
"24/05/2025 06:15:00 - 24/05/2025 06:30:00","BZN|FR","Without Sequence","13.32","",""
"24/05/2025 06:30:00 - 24/05/2025 06:45:00","BZN|FR","Without Sequence","13.32","",""
"24/05/2025 06:45:00 - 24/05/2025 07:00:00","BZN|FR","Without Sequence","13.32","",""
"24/05/2025 07:00:00 - 24/05/2025 07:15:00","BZN|FR","Without Sequence","12.91","",""
"24/05/2025 07:15:00 - 24/05/2025 07:30:00","BZN|FR","Without Sequence","12.91","",""
"24/05/2025 07:30:00 - 24/05/2025 07:45:00","BZN|FR","Without Sequence","12.91","",""
"24/05/2025 07:45:00 - 24/05/2025 08:00:00","BZN|FR","Without Sequence","12.91","",""
"24/05/2025 08:00:00 - 24/05/2025 08:15:00","BZN|FR","Without Sequence","10.60","",""
"24/05/2025 08:15:00 - 24/05/2025 08:30:00","BZN|FR","Without Sequence","10.60","",""
"24/05/2025 08:30:00 - 24/05/2025 08:45:00","BZN|FR","Without Sequence","10.60","",""
"24/05/2025 08:45:00 - 24/05/2025 09:00:00","BZN|FR","Without Sequence","10.60","",""
"24/05/2025 09:00:00 - 24/05/2025 09:15:00","BZN|FR","Without Sequence","12.26","",""
"24/05/2025 09:15:00 - 24/05/2025 09:30:00","BZN|FR","Without Sequence","12.26","",""
"24/05/2025 09:30:00 - 24/05/2025 09:45:00","BZN|FR","Without Sequence","12.26","",""
"24/05/2025 09:45:00 - 24/05/2025 10:00:00","BZN|FR","Without Sequence","12.26","",""
"24/05/2025 10:00:00 - 24/05/2025 10:15:00","BZN|FR","Without Sequence","0.00","",""
"24/05/2025 10:15:00 - 24/05/2025 10:30:00","BZN|FR","Without Sequence","0.00","",""
"24/05/2025 10:30:00 - 24/05/2025 10:45:00","BZN|FR","Without Sequence","0.00","",""
"24/05/2025 10:45:00 - 24/05/2025 11:00:00","BZN|FR","Without Sequence","0.00","",""
"24/05/2025 11:00:00 - 24/05/2025 11:15:00","BZN|FR","Without Sequence","0.00","",""
"24/05/2025 11:15:00 - 24/05/2025 11:30:00","BZN|FR","Without Sequence","0.00","",""
"24/05/2025 11:30:00 - 24/05/2025 11:45:00","BZN|FR","Without Sequence","0.00","",""
"24/05/2025 11:45:00 - 24/05/2025 12:00:00","BZN|FR","Without Sequence","0.00","",""
"24/05/2025 12:00:00 - 24/05/2025 12:15:00","BZN|FR","Without Sequence","-0.01","",""
"24/05/2025 12:15:00 - 24/05/2025 12:30:00","BZN|FR","Without Sequence","-0.01","",""
"24/05/2025 12:30:00 - 24/05/2025 12:45:00","BZN|FR","Without Sequence","-0.01","",""
"24/05/2025 12:45:00 - 24/05/2025 13:00:00","BZN|FR","Without Sequence","-0.01","",""
"24/05/2025 13:00:00 - 24/05/2025 13:15:00","BZN|FR","Without Sequence","-0.02","",""
"24/05/2025 13:15:00 - 24/05/2025 13:30:00","BZN|FR","Without Sequence","-0.02","",""
"24/05/2025 13:30:00 - 24/05/2025 13:45:00","BZN|FR","Without Sequence","-0.02","",""
"24/05/2025 13:45:00 - 24/05/2025 14:00:00","BZN|FR","Without Sequence","-0.02","",""
"24/05/2025 14:00:00 - 24/05/2025 14:15:00","BZN|FR","Without Sequence","-0.02","",""
"24/05/2025 14:15:00 - 24/05/2025 14:30:00","BZN|FR","Without Sequence","-0.02","",""
"24/05/2025 14:30:00 - 24/05/2025 14:45:00","BZN|FR","Without Sequence","-0.02","",""
"24/05/2025 14:45:00 - 24/05/2025 15:00:00","BZN|FR","Without Sequence","-0.02","",""
"24/05/2025 15:00:00 - 24/05/2025 15:15:00","BZN|FR","Without Sequence","0.00","",""
"24/05/2025 15:15:00 - 24/05/2025 15:30:00","BZN|FR","Without Sequence","0.00","",""
"24/05/2025 15:30:00 - 24/05/2025 15:45:00","BZN|FR","Without Sequence","0.00","",""
"24/05/2025 15:45:00 - 24/05/2025 16:00:00","BZN|FR","Without Sequence","0.00","",""
"24/05/2025 16:00:00 - 24/05/2025 16:15:00","BZN|FR","Without Sequence","0.29","",""
"24/05/2025 16:15:00 - 24/05/2025 16:30:00","BZN|FR","Without Sequence","0.29","",""
"24/05/2025 16:30:00 - 24/05/2025 16:45:00","BZN|FR","Without Sequence","0.29","",""
"24/05/2025 16:45:00 - 24/05/2025 17:00:00","BZN|FR","Without Sequence","0.29","",""
"24/05/2025 17:00:00 - 24/05/2025 17:15:00","BZN|FR","Without Sequence","0.80","",""
"24/05/2025 17:15:00 - 24/05/2025 17:30:00","BZN|FR","Without Sequence","0.80","",""
"24/05/2025 17:30:00 - 24/05/2025 17:45:00","BZN|FR","Without Sequence","0.80","",""
"24/05/2025 17:45:00 - 24/05/2025 18:00:00","BZN|FR","Without Sequence","0.80","",""
"24/05/2025 18:00:00 - 24/05/2025 18:15:00","BZN|FR","Without Sequence","11.89","",""
"24/05/2025 18:15:00 - 24/05/2025 18:30:00","BZN|FR","Without Sequence","11.89","",""
"24/05/2025 18:30:00 - 24/05/2025 18:45:00","BZN|FR","Without Sequence","11.89","",""
"24/05/2025 18:45:00 - 24/05/2025 19:00:00","BZN|FR","Without Sequence","11.89","",""
"24/05/2025 19:00:00 - 24/05/2025 19:15:00","BZN|FR","Without Sequence","17.39","",""
"24/05/2025 19:15:00 - 24/05/2025 19:30:00","BZN|FR","Without Sequence","17.39","",""
"24/05/2025 19:30:00 - 24/05/2025 19:45:00","BZN|FR","Without Sequence","17.39","",""
"24/05/2025 19:45:00 - 24/05/2025 20:00:00","BZN|FR","Without Sequence","17.39","",""
"24/05/2025 20:00:00 - 24/05/2025 20:15:00","BZN|FR","Without Sequence","19.17","",""
"24/05/2025 20:15:00 - 24/05/2025 20:30:00","BZN|FR","Without Sequence","19.17","",""
"24/05/2025 20:30:00 - 24/05/2025 20:45:00","BZN|FR","Without Sequence","19.17","",""
"24/05/2025 20:45:00 - 24/05/2025 21:00:00","BZN|FR","Without Sequence","19.17","",""
"24/05/2025 21:00:00 - 24/05/2025 21:15:00","BZN|FR","Without Sequence","36.10","",""
"24/05/2025 21:15:00 - 24/05/2025 21:30:00","BZN|FR","Without Sequence","36.10","",""
"24/05/2025 21:30:00 - 24/05/2025 21:45:00","BZN|FR","Without Sequence","36.10","",""
"24/05/2025 21:45:00 - 24/05/2025 22:00:00","BZN|FR","Without Sequence","36.10","",""
"24/05/2025 22:00:00 - 24/05/2025 22:15:00","BZN|FR","Without Sequence","52.00","",""
"24/05/2025 22:15:00 - 24/05/2025 22:30:00","BZN|FR","Without Sequence","52.00","",""
"24/05/2025 22:30:00 - 24/05/2025 22:45:00","BZN|FR","Without Sequence","52.00","",""
"24/05/2025 22:45:00 - 24/05/2025 23:00:00","BZN|FR","Without Sequence","52.00","",""
"24/05/2025 23:00:00 - 24/05/2025 23:15:00","BZN|FR","Without Sequence","37.00","",""
"24/05/2025 23:15:00 - 24/05/2025 23:30:00","BZN|FR","Without Sequence","37.00","",""
"24/05/2025 23:30:00 - 24/05/2025 23:45:00","BZN|FR","Without Sequence","37.00","",""
"24/05/2025 23:45:00 - 25/05/2025 00:00:00","BZN|FR","Without Sequence","37.00","",""
"25/05/2025 00:00:00 - 25/05/2025 00:15:00","BZN|FR","Without Sequence","19.90","",""
"25/05/2025 00:15:00 - 25/05/2025 00:30:00","BZN|FR","Without Sequence","19.90","",""
"25/05/2025 00:30:00 - 25/05/2025 00:45:00","BZN|FR","Without Sequence","19.90","",""
"25/05/2025 00:45:00 - 25/05/2025 01:00:00","BZN|FR","Without Sequence","19.90","",""
"25/05/2025 01:00:00 - 25/05/2025 01:15:00","BZN|FR","Without Sequence","14.05","",""
"25/05/2025 01:15:00 - 25/05/2025 01:30:00","BZN|FR","Without Sequence","14.05","",""
"25/05/2025 01:30:00 - 25/05/2025 01:45:00","BZN|FR","Without Sequence","14.05","",""
"25/05/2025 01:45:00 - 25/05/2025 02:00:00","BZN|FR","Without Sequence","14.05","",""
"25/05/2025 02:00:00 - 25/05/2025 02:15:00","BZN|FR","Without Sequence","14.03","",""
"25/05/2025 02:15:00 - 25/05/2025 02:30:00","BZN|FR","Without Sequence","14.03","",""
"25/05/2025 02:30:00 - 25/05/2025 02:45:00","BZN|FR","Without Sequence","14.03","",""
"25/05/2025 02:45:00 - 25/05/2025 03:00:00","BZN|FR","Without Sequence","14.03","",""
"25/05/2025 03:00:00 - 25/05/2025 03:15:00","BZN|FR","Without Sequence","8.39","",""
"25/05/2025 03:15:00 - 25/05/2025 03:30:00","BZN|FR","Without Sequence","8.39","",""
"25/05/2025 03:30:00 - 25/05/2025 03:45:00","BZN|FR","Without Sequence","8.39","",""
"25/05/2025 03:45:00 - 25/05/2025 04:00:00","BZN|FR","Without Sequence","8.39","",""
"25/05/2025 04:00:00 - 25/05/2025 04:15:00","BZN|FR","Without Sequence","3.92","",""
"25/05/2025 04:15:00 - 25/05/2025 04:30:00","BZN|FR","Without Sequence","3.92","",""
"25/05/2025 04:30:00 - 25/05/2025 04:45:00","BZN|FR","Without Sequence","3.92","",""
"25/05/2025 04:45:00 - 25/05/2025 05:00:00","BZN|FR","Without Sequence","3.92","",""
"25/05/2025 05:00:00 - 25/05/2025 05:15:00","BZN|FR","Without Sequence","2.11","",""
"25/05/2025 05:15:00 - 25/05/2025 05:30:00","BZN|FR","Without Sequence","2.11","",""
"25/05/2025 05:30:00 - 25/05/2025 05:45:00","BZN|FR","Without Sequence","2.11","",""
"25/05/2025 05:45:00 - 25/05/2025 06:00:00","BZN|FR","Without Sequence","2.11","",""
"25/05/2025 06:00:00 - 25/05/2025 06:15:00","BZN|FR","Without Sequence","0.00","",""
"25/05/2025 06:15:00 - 25/05/2025 06:30:00","BZN|FR","Without Sequence","0.00","",""
"25/05/2025 06:30:00 - 25/05/2025 06:45:00","BZN|FR","Without Sequence","0.00","",""
"25/05/2025 06:45:00 - 25/05/2025 07:00:00","BZN|FR","Without Sequence","0.00","",""
"25/05/2025 07:00:00 - 25/05/2025 07:15:00","BZN|FR","Without Sequence","0.00","",""
"25/05/2025 07:15:00 - 25/05/2025 07:30:00","BZN|FR","Without Sequence","0.00","",""
"25/05/2025 07:30:00 - 25/05/2025 07:45:00","BZN|FR","Without Sequence","0.00","",""
"25/05/2025 07:45:00 - 25/05/2025 08:00:00","BZN|FR","Without Sequence","0.00","",""
"25/05/2025 08:00:00 - 25/05/2025 08:15:00","BZN|FR","Without Sequence","-0.01","",""
"25/05/2025 08:15:00 - 25/05/2025 08:30:00","BZN|FR","Without Sequence","-0.01","",""
"25/05/2025 08:30:00 - 25/05/2025 08:45:00","BZN|FR","Without Sequence","-0.01","",""
"25/05/2025 08:45:00 - 25/05/2025 09:00:00","BZN|FR","Without Sequence","-0.01","",""
"25/05/2025 09:00:00 - 25/05/2025 09:15:00","BZN|FR","Without Sequence","-1.00","",""
"25/05/2025 09:15:00 - 25/05/2025 09:30:00","BZN|FR","Without Sequence","-1.00","",""
"25/05/2025 09:30:00 - 25/05/2025 09:45:00","BZN|FR","Without Sequence","-1.00","",""
"25/05/2025 09:45:00 - 25/05/2025 10:00:00","BZN|FR","Without Sequence","-1.00","",""
"25/05/2025 10:00:00 - 25/05/2025 10:15:00","BZN|FR","Without Sequence","-5.00","",""
"25/05/2025 10:15:00 - 25/05/2025 10:30:00","BZN|FR","Without Sequence","-5.00","",""
"25/05/2025 10:30:00 - 25/05/2025 10:45:00","BZN|FR","Without Sequence","-5.00","",""
"25/05/2025 10:45:00 - 25/05/2025 11:00:00","BZN|FR","Without Sequence","-5.00","",""
"25/05/2025 11:00:00 - 25/05/2025 11:15:00","BZN|FR","Without Sequence","-4.38","",""
"25/05/2025 11:15:00 - 25/05/2025 11:30:00","BZN|FR","Without Sequence","-4.38","",""
"25/05/2025 11:30:00 - 25/05/2025 11:45:00","BZN|FR","Without Sequence","-4.38","",""
"25/05/2025 11:45:00 - 25/05/2025 12:00:00","BZN|FR","Without Sequence","-4.38","",""
"25/05/2025 12:00:00 - 25/05/2025 12:15:00","BZN|FR","Without Sequence","-7.71","",""
"25/05/2025 12:15:00 - 25/05/2025 12:30:00","BZN|FR","Without Sequence","-7.71","",""
"25/05/2025 12:30:00 - 25/05/2025 12:45:00","BZN|FR","Without Sequence","-7.71","",""
"25/05/2025 12:45:00 - 25/05/2025 13:00:00","BZN|FR","Without Sequence","-7.71","",""
"25/05/2025 13:00:00 - 25/05/2025 13:15:00","BZN|FR","Without Sequence","-15.00","",""
"25/05/2025 13:15:00 - 25/05/2025 13:30:00","BZN|FR","Without Sequence","-15.00","",""
"25/05/2025 13:30:00 - 25/05/2025 13:45:00","BZN|FR","Without Sequence","-15.00","",""
"25/05/2025 13:45:00 - 25/05/2025 14:00:00","BZN|FR","Without Sequence","-15.00","",""
"25/05/2025 14:00:00 - 25/05/2025 14:15:00","BZN|FR","Without Sequence","-16.99","",""
"25/05/2025 14:15:00 - 25/05/2025 14:30:00","BZN|FR","Without Sequence","-16.99","",""
"25/05/2025 14:30:00 - 25/05/2025 14:45:00","BZN|FR","Without Sequence","-16.99","",""
"25/05/2025 14:45:00 - 25/05/2025 15:00:00","BZN|FR","Without Sequence","-16.99","",""
"25/05/2025 15:00:00 - 25/05/2025 15:15:00","BZN|FR","Without Sequence","-14.00","",""
"25/05/2025 15:15:00 - 25/05/2025 15:30:00","BZN|FR","Without Sequence","-14.00","",""
"25/05/2025 15:30:00 - 25/05/2025 15:45:00","BZN|FR","Without Sequence","-14.00","",""
"25/05/2025 15:45:00 - 25/05/2025 16:00:00","BZN|FR","Without Sequence","-14.00","",""
"25/05/2025 16:00:00 - 25/05/2025 16:15:00","BZN|FR","Without Sequence","-9.02","",""
"25/05/2025 16:15:00 - 25/05/2025 16:30:00","BZN|FR","Without Sequence","-9.02","",""
"25/05/2025 16:30:00 - 25/05/2025 16:45:00","BZN|FR","Without Sequence","-9.02","",""
"25/05/2025 16:45:00 - 25/05/2025 17:00:00","BZN|FR","Without Sequence","-9.02","",""
"25/05/2025 17:00:00 - 25/05/2025 17:15:00","BZN|FR","Without Sequence","-0.04","",""
"25/05/2025 17:15:00 - 25/05/2025 17:30:00","BZN|FR","Without Sequence","-0.04","",""
"25/05/2025 17:30:00 - 25/05/2025 17:45:00","BZN|FR","Without Sequence","-0.04","",""
"25/05/2025 17:45:00 - 25/05/2025 18:00:00","BZN|FR","Without Sequence","-0.04","",""
"25/05/2025 18:00:00 - 25/05/2025 18:15:00","BZN|FR","Without Sequence","0.07","",""
"25/05/2025 18:15:00 - 25/05/2025 18:30:00","BZN|FR","Without Sequence","0.07","",""
"25/05/2025 18:30:00 - 25/05/2025 18:45:00","BZN|FR","Without Sequence","0.07","",""
"25/05/2025 18:45:00 - 25/05/2025 19:00:00","BZN|FR","Without Sequence","0.07","",""
"25/05/2025 19:00:00 - 25/05/2025 19:15:00","BZN|FR","Without Sequence","12.23","",""
"25/05/2025 19:15:00 - 25/05/2025 19:30:00","BZN|FR","Without Sequence","12.23","",""
"25/05/2025 19:30:00 - 25/05/2025 19:45:00","BZN|FR","Without Sequence","12.23","",""
"25/05/2025 19:45:00 - 25/05/2025 20:00:00","BZN|FR","Without Sequence","12.23","",""
"25/05/2025 20:00:00 - 25/05/2025 20:15:00","BZN|FR","Without Sequence","17.03","",""
"25/05/2025 20:15:00 - 25/05/2025 20:30:00","BZN|FR","Without Sequence","17.03","",""
"25/05/2025 20:30:00 - 25/05/2025 20:45:00","BZN|FR","Without Sequence","17.03","",""
"25/05/2025 20:45:00 - 25/05/2025 21:00:00","BZN|FR","Without Sequence","17.03","",""
"25/05/2025 21:00:00 - 25/05/2025 21:15:00","BZN|FR","Without Sequence","26.71","",""
"25/05/2025 21:15:00 - 25/05/2025 21:30:00","BZN|FR","Without Sequence","26.71","",""
"25/05/2025 21:30:00 - 25/05/2025 21:45:00","BZN|FR","Without Sequence","26.71","",""
"25/05/2025 21:45:00 - 25/05/2025 22:00:00","BZN|FR","Without Sequence","26.71","",""
"25/05/2025 22:00:00 - 25/05/2025 22:15:00","BZN|FR","Without Sequence","35.01","",""
"25/05/2025 22:15:00 - 25/05/2025 22:30:00","BZN|FR","Without Sequence","35.01","",""
"25/05/2025 22:30:00 - 25/05/2025 22:45:00","BZN|FR","Without Sequence","35.01","",""
"25/05/2025 22:45:00 - 25/05/2025 23:00:00","BZN|FR","Without Sequence","35.01","",""
"25/05/2025 23:00:00 - 25/05/2025 23:15:00","BZN|FR","Without Sequence","20.17","",""
"25/05/2025 23:15:00 - 25/05/2025 23:30:00","BZN|FR","Without Sequence","20.17","",""
"25/05/2025 23:30:00 - 25/05/2025 23:45:00","BZN|FR","Without Sequence","20.17","",""
"25/05/2025 23:45:00 - 26/05/2025 00:00:00","BZN|FR","Without Sequence","20.17","",""
"26/05/2025 00:00:00 - 26/05/2025 00:15:00","BZN|FR","Without Sequence","26.25","",""
"26/05/2025 00:15:00 - 26/05/2025 00:30:00","BZN|FR","Without Sequence","26.25","",""
"26/05/2025 00:30:00 - 26/05/2025 00:45:00","BZN|FR","Without Sequence","26.25","",""
"26/05/2025 00:45:00 - 26/05/2025 01:00:00","BZN|FR","Without Sequence","26.25","",""
"26/05/2025 01:00:00 - 26/05/2025 01:15:00","BZN|FR","Without Sequence","18.04","",""
"26/05/2025 01:15:00 - 26/05/2025 01:30:00","BZN|FR","Without Sequence","18.04","",""
"26/05/2025 01:30:00 - 26/05/2025 01:45:00","BZN|FR","Without Sequence","18.04","",""
"26/05/2025 01:45:00 - 26/05/2025 02:00:00","BZN|FR","Without Sequence","18.04","",""
"26/05/2025 02:00:00 - 26/05/2025 02:15:00","BZN|FR","Without Sequence","16.64","",""
"26/05/2025 02:15:00 - 26/05/2025 02:30:00","BZN|FR","Without Sequence","16.64","",""
"26/05/2025 02:30:00 - 26/05/2025 02:45:00","BZN|FR","Without Sequence","16.64","",""
"26/05/2025 02:45:00 - 26/05/2025 03:00:00","BZN|FR","Without Sequence","16.64","",""
"26/05/2025 03:00:00 - 26/05/2025 03:15:00","BZN|FR","Without Sequence","14.43","",""
"26/05/2025 03:15:00 - 26/05/2025 03:30:00","BZN|FR","Without Sequence","14.43","",""
"26/05/2025 03:30:00 - 26/05/2025 03:45:00","BZN|FR","Without Sequence","14.43","",""
"26/05/2025 03:45:00 - 26/05/2025 04:00:00","BZN|FR","Without Sequence","14.43","",""
"26/05/2025 04:00:00 - 26/05/2025 04:15:00","BZN|FR","Without Sequence","16.40","",""
"26/05/2025 04:15:00 - 26/05/2025 04:30:00","BZN|FR","Without Sequence","16.40","",""
"26/05/2025 04:30:00 - 26/05/2025 04:45:00","BZN|FR","Without Sequence","16.40","",""
"26/05/2025 04:45:00 - 26/05/2025 05:00:00","BZN|FR","Without Sequence","16.40","",""
"26/05/2025 05:00:00 - 26/05/2025 05:15:00","BZN|FR","Without Sequence","20.00","",""
"26/05/2025 05:15:00 - 26/05/2025 05:30:00","BZN|FR","Without Sequence","20.00","",""
"26/05/2025 05:30:00 - 26/05/2025 05:45:00","BZN|FR","Without Sequence","20.00","",""
"26/05/2025 05:45:00 - 26/05/2025 06:00:00","BZN|FR","Without Sequence","20.00","",""
"26/05/2025 06:00:00 - 26/05/2025 06:15:00","BZN|FR","Without Sequence","25.78","",""
"26/05/2025 06:15:00 - 26/05/2025 06:30:00","BZN|FR","Without Sequence","25.78","",""
"26/05/2025 06:30:00 - 26/05/2025 06:45:00","BZN|FR","Without Sequence","25.78","",""
"26/05/2025 06:45:00 - 26/05/2025 07:00:00","BZN|FR","Without Sequence","25.78","",""
"26/05/2025 07:00:00 - 26/05/2025 07:15:00","BZN|FR","Without Sequence","35.01","",""
"26/05/2025 07:15:00 - 26/05/2025 07:30:00","BZN|FR","Without Sequence","35.01","",""
"26/05/2025 07:30:00 - 26/05/2025 07:45:00","BZN|FR","Without Sequence","35.01","",""
"26/05/2025 07:45:00 - 26/05/2025 08:00:00","BZN|FR","Without Sequence","35.01","",""
"26/05/2025 08:00:00 - 26/05/2025 08:15:00","BZN|FR","Without Sequence","30.01","",""
"26/05/2025 08:15:00 - 26/05/2025 08:30:00","BZN|FR","Without Sequence","30.01","",""
"26/05/2025 08:30:00 - 26/05/2025 08:45:00","BZN|FR","Without Sequence","30.01","",""
"26/05/2025 08:45:00 - 26/05/2025 09:00:00","BZN|FR","Without Sequence","30.01","",""
"26/05/2025 09:00:00 - 26/05/2025 09:15:00","BZN|FR","Without Sequence","18.73","",""
"26/05/2025 09:15:00 - 26/05/2025 09:30:00","BZN|FR","Without Sequence","18.73","",""
"26/05/2025 09:30:00 - 26/05/2025 09:45:00","BZN|FR","Without Sequence","18.73","",""
"26/05/2025 09:45:00 - 26/05/2025 10:00:00","BZN|FR","Without Sequence","18.73","",""
"26/05/2025 10:00:00 - 26/05/2025 10:15:00","BZN|FR","Without Sequence","8.55","",""
"26/05/2025 10:15:00 - 26/05/2025 10:30:00","BZN|FR","Without Sequence","8.55","",""
"26/05/2025 10:30:00 - 26/05/2025 10:45:00","BZN|FR","Without Sequence","8.55","",""
"26/05/2025 10:45:00 - 26/05/2025 11:00:00","BZN|FR","Without Sequence","8.55","",""
"26/05/2025 11:00:00 - 26/05/2025 11:15:00","BZN|FR","Without Sequence","0.05","",""
"26/05/2025 11:15:00 - 26/05/2025 11:30:00","BZN|FR","Without Sequence","0.05","",""
"26/05/2025 11:30:00 - 26/05/2025 11:45:00","BZN|FR","Without Sequence","0.05","",""
"26/05/2025 11:45:00 - 26/05/2025 12:00:00","BZN|FR","Without Sequence","0.05","",""
"26/05/2025 12:00:00 - 26/05/2025 12:15:00","BZN|FR","Without Sequence","1.29","",""
"26/05/2025 12:15:00 - 26/05/2025 12:30:00","BZN|FR","Without Sequence","1.29","",""
"26/05/2025 12:30:00 - 26/05/2025 12:45:00","BZN|FR","Without Sequence","1.29","",""
"26/05/2025 12:45:00 - 26/05/2025 13:00:00","BZN|FR","Without Sequence","1.29","",""
"26/05/2025 13:00:00 - 26/05/2025 13:15:00","BZN|FR","Without Sequence","-0.01","",""
"26/05/2025 13:15:00 - 26/05/2025 13:30:00","BZN|FR","Without Sequence","-0.01","",""
"26/05/2025 13:30:00 - 26/05/2025 13:45:00","BZN|FR","Without Sequence","-0.01","",""
"26/05/2025 13:45:00 - 26/05/2025 14:00:00","BZN|FR","Without Sequence","-0.01","",""
"26/05/2025 14:00:00 - 26/05/2025 14:15:00","BZN|FR","Without Sequence","-0.01","",""
"26/05/2025 14:15:00 - 26/05/2025 14:30:00","BZN|FR","Without Sequence","-0.01","",""
"26/05/2025 14:30:00 - 26/05/2025 14:45:00","BZN|FR","Without Sequence","-0.01","",""
"26/05/2025 14:45:00 - 26/05/2025 15:00:00","BZN|FR","Without Sequence","-0.01","",""
"26/05/2025 15:00:00 - 26/05/2025 15:15:00","BZN|FR","Without Sequence","-0.01","",""
"26/05/2025 15:15:00 - 26/05/2025 15:30:00","BZN|FR","Without Sequence","-0.01","",""
"26/05/2025 15:30:00 - 26/05/2025 15:45:00","BZN|FR","Without Sequence","-0.01","",""
"26/05/2025 15:45:00 - 26/05/2025 16:00:00","BZN|FR","Without Sequence","-0.01","",""
"26/05/2025 16:00:00 - 26/05/2025 16:15:00","BZN|FR","Without Sequence","3.98","",""
"26/05/2025 16:15:00 - 26/05/2025 16:30:00","BZN|FR","Without Sequence","3.98","",""
"26/05/2025 16:30:00 - 26/05/2025 16:45:00","BZN|FR","Without Sequence","3.98","",""
"26/05/2025 16:45:00 - 26/05/2025 17:00:00","BZN|FR","Without Sequence","3.98","",""
"26/05/2025 17:00:00 - 26/05/2025 17:15:00","BZN|FR","Without Sequence","14.78","",""
"26/05/2025 17:15:00 - 26/05/2025 17:30:00","BZN|FR","Without Sequence","14.78","",""
"26/05/2025 17:30:00 - 26/05/2025 17:45:00","BZN|FR","Without Sequence","14.78","",""
"26/05/2025 17:45:00 - 26/05/2025 18:00:00","BZN|FR","Without Sequence","14.78","",""
"26/05/2025 18:00:00 - 26/05/2025 18:15:00","BZN|FR","Without Sequence","17.57","",""
"26/05/2025 18:15:00 - 26/05/2025 18:30:00","BZN|FR","Without Sequence","17.57","",""
"26/05/2025 18:30:00 - 26/05/2025 18:45:00","BZN|FR","Without Sequence","17.57","",""
"26/05/2025 18:45:00 - 26/05/2025 19:00:00","BZN|FR","Without Sequence","17.57","",""
"26/05/2025 19:00:00 - 26/05/2025 19:15:00","BZN|FR","Without Sequence","28.31","",""
"26/05/2025 19:15:00 - 26/05/2025 19:30:00","BZN|FR","Without Sequence","28.31","",""
"26/05/2025 19:30:00 - 26/05/2025 19:45:00","BZN|FR","Without Sequence","28.31","",""
"26/05/2025 19:45:00 - 26/05/2025 20:00:00","BZN|FR","Without Sequence","28.31","",""
"26/05/2025 20:00:00 - 26/05/2025 20:15:00","BZN|FR","Without Sequence","35.09","",""
"26/05/2025 20:15:00 - 26/05/2025 20:30:00","BZN|FR","Without Sequence","35.09","",""
"26/05/2025 20:30:00 - 26/05/2025 20:45:00","BZN|FR","Without Sequence","35.09","",""
"26/05/2025 20:45:00 - 26/05/2025 21:00:00","BZN|FR","Without Sequence","35.09","",""
"26/05/2025 21:00:00 - 26/05/2025 21:15:00","BZN|FR","Without Sequence","76.06","",""
"26/05/2025 21:15:00 - 26/05/2025 21:30:00","BZN|FR","Without Sequence","76.06","",""
"26/05/2025 21:30:00 - 26/05/2025 21:45:00","BZN|FR","Without Sequence","76.06","",""
"26/05/2025 21:45:00 - 26/05/2025 22:00:00","BZN|FR","Without Sequence","76.06","",""
"26/05/2025 22:00:00 - 26/05/2025 22:15:00","BZN|FR","Without Sequence","60.14","",""
"26/05/2025 22:15:00 - 26/05/2025 22:30:00","BZN|FR","Without Sequence","60.14","",""
"26/05/2025 22:30:00 - 26/05/2025 22:45:00","BZN|FR","Without Sequence","60.14","",""
"26/05/2025 22:45:00 - 26/05/2025 23:00:00","BZN|FR","Without Sequence","60.14","",""
"26/05/2025 23:00:00 - 26/05/2025 23:15:00","BZN|FR","Without Sequence","35.33","",""
"26/05/2025 23:15:00 - 26/05/2025 23:30:00","BZN|FR","Without Sequence","35.33","",""
"26/05/2025 23:30:00 - 26/05/2025 23:45:00","BZN|FR","Without Sequence","35.33","",""
"26/05/2025 23:45:00 - 27/05/2025 00:00:00","BZN|FR","Without Sequence","35.33","",""
"27/05/2025 00:00:00 - 27/05/2025 00:15:00","BZN|FR","Without Sequence","35.01","",""
"27/05/2025 00:15:00 - 27/05/2025 00:30:00","BZN|FR","Without Sequence","35.01","",""
"27/05/2025 00:30:00 - 27/05/2025 00:45:00","BZN|FR","Without Sequence","35.01","",""
"27/05/2025 00:45:00 - 27/05/2025 01:00:00","BZN|FR","Without Sequence","35.01","",""
"27/05/2025 01:00:00 - 27/05/2025 01:15:00","BZN|FR","Without Sequence","30.50","",""
"27/05/2025 01:15:00 - 27/05/2025 01:30:00","BZN|FR","Without Sequence","30.50","",""
"27/05/2025 01:30:00 - 27/05/2025 01:45:00","BZN|FR","Without Sequence","30.50","",""
"27/05/2025 01:45:00 - 27/05/2025 02:00:00","BZN|FR","Without Sequence","30.50","",""
"27/05/2025 02:00:00 - 27/05/2025 02:15:00","BZN|FR","Without Sequence","22.46","",""
"27/05/2025 02:15:00 - 27/05/2025 02:30:00","BZN|FR","Without Sequence","22.46","",""
"27/05/2025 02:30:00 - 27/05/2025 02:45:00","BZN|FR","Without Sequence","22.46","",""
"27/05/2025 02:45:00 - 27/05/2025 03:00:00","BZN|FR","Without Sequence","22.46","",""
"27/05/2025 03:00:00 - 27/05/2025 03:15:00","BZN|FR","Without Sequence","20.00","",""
"27/05/2025 03:15:00 - 27/05/2025 03:30:00","BZN|FR","Without Sequence","20.00","",""
"27/05/2025 03:30:00 - 27/05/2025 03:45:00","BZN|FR","Without Sequence","20.00","",""
"27/05/2025 03:45:00 - 27/05/2025 04:00:00","BZN|FR","Without Sequence","20.00","",""
"27/05/2025 04:00:00 - 27/05/2025 04:15:00","BZN|FR","Without Sequence","21.03","",""
"27/05/2025 04:15:00 - 27/05/2025 04:30:00","BZN|FR","Without Sequence","21.03","",""
"27/05/2025 04:30:00 - 27/05/2025 04:45:00","BZN|FR","Without Sequence","21.03","",""
"27/05/2025 04:45:00 - 27/05/2025 05:00:00","BZN|FR","Without Sequence","21.03","",""
"27/05/2025 05:00:00 - 27/05/2025 05:15:00","BZN|FR","Without Sequence","26.01","",""
"27/05/2025 05:15:00 - 27/05/2025 05:30:00","BZN|FR","Without Sequence","26.01","",""
"27/05/2025 05:30:00 - 27/05/2025 05:45:00","BZN|FR","Without Sequence","26.01","",""
"27/05/2025 05:45:00 - 27/05/2025 06:00:00","BZN|FR","Without Sequence","26.01","",""
"27/05/2025 06:00:00 - 27/05/2025 06:15:00","BZN|FR","Without Sequence","33.44","",""
"27/05/2025 06:15:00 - 27/05/2025 06:30:00","BZN|FR","Without Sequence","33.44","",""
"27/05/2025 06:30:00 - 27/05/2025 06:45:00","BZN|FR","Without Sequence","33.44","",""
"27/05/2025 06:45:00 - 27/05/2025 07:00:00","BZN|FR","Without Sequence","33.44","",""
"27/05/2025 07:00:00 - 27/05/2025 07:15:00","BZN|FR","Without Sequence","36.26","",""
"27/05/2025 07:15:00 - 27/05/2025 07:30:00","BZN|FR","Without Sequence","36.26","",""
"27/05/2025 07:30:00 - 27/05/2025 07:45:00","BZN|FR","Without Sequence","36.26","",""
"27/05/2025 07:45:00 - 27/05/2025 08:00:00","BZN|FR","Without Sequence","36.26","",""
"27/05/2025 08:00:00 - 27/05/2025 08:15:00","BZN|FR","Without Sequence","33.00","",""
"27/05/2025 08:15:00 - 27/05/2025 08:30:00","BZN|FR","Without Sequence","33.00","",""
"27/05/2025 08:30:00 - 27/05/2025 08:45:00","BZN|FR","Without Sequence","33.00","",""
"27/05/2025 08:45:00 - 27/05/2025 09:00:00","BZN|FR","Without Sequence","33.00","",""
"27/05/2025 09:00:00 - 27/05/2025 09:15:00","BZN|FR","Without Sequence","20.35","",""
"27/05/2025 09:15:00 - 27/05/2025 09:30:00","BZN|FR","Without Sequence","20.35","",""
"27/05/2025 09:30:00 - 27/05/2025 09:45:00","BZN|FR","Without Sequence","20.35","",""
"27/05/2025 09:45:00 - 27/05/2025 10:00:00","BZN|FR","Without Sequence","20.35","",""
"27/05/2025 10:00:00 - 27/05/2025 10:15:00","BZN|FR","Without Sequence","0.03","",""
"27/05/2025 10:15:00 - 27/05/2025 10:30:00","BZN|FR","Without Sequence","0.03","",""
"27/05/2025 10:30:00 - 27/05/2025 10:45:00","BZN|FR","Without Sequence","0.03","",""
"27/05/2025 10:45:00 - 27/05/2025 11:00:00","BZN|FR","Without Sequence","0.03","",""
"27/05/2025 11:00:00 - 27/05/2025 11:15:00","BZN|FR","Without Sequence","0.00","",""
"27/05/2025 11:15:00 - 27/05/2025 11:30:00","BZN|FR","Without Sequence","0.00","",""
"27/05/2025 11:30:00 - 27/05/2025 11:45:00","BZN|FR","Without Sequence","0.00","",""
"27/05/2025 11:45:00 - 27/05/2025 12:00:00","BZN|FR","Without Sequence","0.00","",""
"27/05/2025 12:00:00 - 27/05/2025 12:15:00","BZN|FR","Without Sequence","0.00","",""
"27/05/2025 12:15:00 - 27/05/2025 12:30:00","BZN|FR","Without Sequence","0.00","",""
"27/05/2025 12:30:00 - 27/05/2025 12:45:00","BZN|FR","Without Sequence","0.00","",""
"27/05/2025 12:45:00 - 27/05/2025 13:00:00","BZN|FR","Without Sequence","0.00","",""
"27/05/2025 13:00:00 - 27/05/2025 13:15:00","BZN|FR","Without Sequence","0.00","",""
"27/05/2025 13:15:00 - 27/05/2025 13:30:00","BZN|FR","Without Sequence","0.00","",""
"27/05/2025 13:30:00 - 27/05/2025 13:45:00","BZN|FR","Without Sequence","0.00","",""
"27/05/2025 13:45:00 - 27/05/2025 14:00:00","BZN|FR","Without Sequence","0.00","",""
"27/05/2025 14:00:00 - 27/05/2025 14:15:00","BZN|FR","Without Sequence","0.00","",""
"27/05/2025 14:15:00 - 27/05/2025 14:30:00","BZN|FR","Without Sequence","0.00","",""
"27/05/2025 14:30:00 - 27/05/2025 14:45:00","BZN|FR","Without Sequence","0.00","",""
"27/05/2025 14:45:00 - 27/05/2025 15:00:00","BZN|FR","Without Sequence","0.00","",""
"27/05/2025 15:00:00 - 27/05/2025 15:15:00","BZN|FR","Without Sequence","0.00","",""
"27/05/2025 15:15:00 - 27/05/2025 15:30:00","BZN|FR","Without Sequence","0.00","",""
"27/05/2025 15:30:00 - 27/05/2025 15:45:00","BZN|FR","Without Sequence","0.00","",""
"27/05/2025 15:45:00 - 27/05/2025 16:00:00","BZN|FR","Without Sequence","0.00","",""
"27/05/2025 16:00:00 - 27/05/2025 16:15:00","BZN|FR","Without Sequence","0.00","",""
"27/05/2025 16:15:00 - 27/05/2025 16:30:00","BZN|FR","Without Sequence","0.00","",""
"27/05/2025 16:30:00 - 27/05/2025 16:45:00","BZN|FR","Without Sequence","0.00","",""
"27/05/2025 16:45:00 - 27/05/2025 17:00:00","BZN|FR","Without Sequence","0.00","",""
"27/05/2025 17:00:00 - 27/05/2025 17:15:00","BZN|FR","Without Sequence","6.32","",""
"27/05/2025 17:15:00 - 27/05/2025 17:30:00","BZN|FR","Without Sequence","6.32","",""
"27/05/2025 17:30:00 - 27/05/2025 17:45:00","BZN|FR","Without Sequence","6.32","",""
"27/05/2025 17:45:00 - 27/05/2025 18:00:00","BZN|FR","Without Sequence","6.32","",""
"27/05/2025 18:00:00 - 27/05/2025 18:15:00","BZN|FR","Without Sequence","42.10","",""
"27/05/2025 18:15:00 - 27/05/2025 18:30:00","BZN|FR","Without Sequence","42.10","",""
"27/05/2025 18:30:00 - 27/05/2025 18:45:00","BZN|FR","Without Sequence","42.10","",""
"27/05/2025 18:45:00 - 27/05/2025 19:00:00","BZN|FR","Without Sequence","42.10","",""
"27/05/2025 19:00:00 - 27/05/2025 19:15:00","BZN|FR","Without Sequence","69.34","",""
"27/05/2025 19:15:00 - 27/05/2025 19:30:00","BZN|FR","Without Sequence","69.34","",""
"27/05/2025 19:30:00 - 27/05/2025 19:45:00","BZN|FR","Without Sequence","69.34","",""
"27/05/2025 19:45:00 - 27/05/2025 20:00:00","BZN|FR","Without Sequence","69.34","",""
"27/05/2025 20:00:00 - 27/05/2025 20:15:00","BZN|FR","Without Sequence","49.56","",""
"27/05/2025 20:15:00 - 27/05/2025 20:30:00","BZN|FR","Without Sequence","49.56","",""
"27/05/2025 20:30:00 - 27/05/2025 20:45:00","BZN|FR","Without Sequence","49.56","",""
"27/05/2025 20:45:00 - 27/05/2025 21:00:00","BZN|FR","Without Sequence","49.56","",""
"27/05/2025 21:00:00 - 27/05/2025 21:15:00","BZN|FR","Without Sequence","111.16","",""
"27/05/2025 21:15:00 - 27/05/2025 21:30:00","BZN|FR","Without Sequence","111.16","",""
"27/05/2025 21:30:00 - 27/05/2025 21:45:00","BZN|FR","Without Sequence","111.16","",""
"27/05/2025 21:45:00 - 27/05/2025 22:00:00","BZN|FR","Without Sequence","111.16","",""
"27/05/2025 22:00:00 - 27/05/2025 22:15:00","BZN|FR","Without Sequence","100.00","",""
"27/05/2025 22:15:00 - 27/05/2025 22:30:00","BZN|FR","Without Sequence","100.00","",""
"27/05/2025 22:30:00 - 27/05/2025 22:45:00","BZN|FR","Without Sequence","100.00","",""
"27/05/2025 22:45:00 - 27/05/2025 23:00:00","BZN|FR","Without Sequence","100.00","",""
"27/05/2025 23:00:00 - 27/05/2025 23:15:00","BZN|FR","Without Sequence","75.31","",""
"27/05/2025 23:15:00 - 27/05/2025 23:30:00","BZN|FR","Without Sequence","75.31","",""
"27/05/2025 23:30:00 - 27/05/2025 23:45:00","BZN|FR","Without Sequence","75.31","",""
"27/05/2025 23:45:00 - 28/05/2025 00:00:00","BZN|FR","Without Sequence","75.31","",""
"28/05/2025 00:00:00 - 28/05/2025 00:15:00","BZN|FR","Without Sequence","35.01","",""
"28/05/2025 00:15:00 - 28/05/2025 00:30:00","BZN|FR","Without Sequence","35.01","",""
"28/05/2025 00:30:00 - 28/05/2025 00:45:00","BZN|FR","Without Sequence","35.01","",""
"28/05/2025 00:45:00 - 28/05/2025 01:00:00","BZN|FR","Without Sequence","35.01","",""
"28/05/2025 01:00:00 - 28/05/2025 01:15:00","BZN|FR","Without Sequence","16.81","",""
"28/05/2025 01:15:00 - 28/05/2025 01:30:00","BZN|FR","Without Sequence","16.81","",""
"28/05/2025 01:30:00 - 28/05/2025 01:45:00","BZN|FR","Without Sequence","16.81","",""
"28/05/2025 01:45:00 - 28/05/2025 02:00:00","BZN|FR","Without Sequence","16.81","",""
"28/05/2025 02:00:00 - 28/05/2025 02:15:00","BZN|FR","Without Sequence","15.03","",""
"28/05/2025 02:15:00 - 28/05/2025 02:30:00","BZN|FR","Without Sequence","15.03","",""
"28/05/2025 02:30:00 - 28/05/2025 02:45:00","BZN|FR","Without Sequence","15.03","",""
"28/05/2025 02:45:00 - 28/05/2025 03:00:00","BZN|FR","Without Sequence","15.03","",""
"28/05/2025 03:00:00 - 28/05/2025 03:15:00","BZN|FR","Without Sequence","7.10","",""
"28/05/2025 03:15:00 - 28/05/2025 03:30:00","BZN|FR","Without Sequence","7.10","",""
"28/05/2025 03:30:00 - 28/05/2025 03:45:00","BZN|FR","Without Sequence","7.10","",""
"28/05/2025 03:45:00 - 28/05/2025 04:00:00","BZN|FR","Without Sequence","7.10","",""
"28/05/2025 04:00:00 - 28/05/2025 04:15:00","BZN|FR","Without Sequence","6.97","",""
"28/05/2025 04:15:00 - 28/05/2025 04:30:00","BZN|FR","Without Sequence","6.97","",""
"28/05/2025 04:30:00 - 28/05/2025 04:45:00","BZN|FR","Without Sequence","6.97","",""
"28/05/2025 04:45:00 - 28/05/2025 05:00:00","BZN|FR","Without Sequence","6.97","",""
"28/05/2025 05:00:00 - 28/05/2025 05:15:00","BZN|FR","Without Sequence","18.83","",""
"28/05/2025 05:15:00 - 28/05/2025 05:30:00","BZN|FR","Without Sequence","18.83","",""
"28/05/2025 05:30:00 - 28/05/2025 05:45:00","BZN|FR","Without Sequence","18.83","",""
"28/05/2025 05:45:00 - 28/05/2025 06:00:00","BZN|FR","Without Sequence","18.83","",""
"28/05/2025 06:00:00 - 28/05/2025 06:15:00","BZN|FR","Without Sequence","23.54","",""
"28/05/2025 06:15:00 - 28/05/2025 06:30:00","BZN|FR","Without Sequence","23.54","",""
"28/05/2025 06:30:00 - 28/05/2025 06:45:00","BZN|FR","Without Sequence","23.54","",""
"28/05/2025 06:45:00 - 28/05/2025 07:00:00","BZN|FR","Without Sequence","23.54","",""
"28/05/2025 07:00:00 - 28/05/2025 07:15:00","BZN|FR","Without Sequence","54.88","",""
"28/05/2025 07:15:00 - 28/05/2025 07:30:00","BZN|FR","Without Sequence","54.88","",""
"28/05/2025 07:30:00 - 28/05/2025 07:45:00","BZN|FR","Without Sequence","54.88","",""
"28/05/2025 07:45:00 - 28/05/2025 08:00:00","BZN|FR","Without Sequence","54.88","",""
"28/05/2025 08:00:00 - 28/05/2025 08:15:00","BZN|FR","Without Sequence","35.01","",""
"28/05/2025 08:15:00 - 28/05/2025 08:30:00","BZN|FR","Without Sequence","35.01","",""
"28/05/2025 08:30:00 - 28/05/2025 08:45:00","BZN|FR","Without Sequence","35.01","",""
"28/05/2025 08:45:00 - 28/05/2025 09:00:00","BZN|FR","Without Sequence","35.01","",""
"28/05/2025 09:00:00 - 28/05/2025 09:15:00","BZN|FR","Without Sequence","17.20","",""
"28/05/2025 09:15:00 - 28/05/2025 09:30:00","BZN|FR","Without Sequence","17.20","",""
"28/05/2025 09:30:00 - 28/05/2025 09:45:00","BZN|FR","Without Sequence","17.20","",""
"28/05/2025 09:45:00 - 28/05/2025 10:00:00","BZN|FR","Without Sequence","17.20","",""
"28/05/2025 10:00:00 - 28/05/2025 10:15:00","BZN|FR","Without Sequence","0.85","",""
"28/05/2025 10:15:00 - 28/05/2025 10:30:00","BZN|FR","Without Sequence","0.85","",""
"28/05/2025 10:30:00 - 28/05/2025 10:45:00","BZN|FR","Without Sequence","0.85","",""
"28/05/2025 10:45:00 - 28/05/2025 11:00:00","BZN|FR","Without Sequence","0.85","",""
"28/05/2025 11:00:00 - 28/05/2025 11:15:00","BZN|FR","Without Sequence","0.69","",""
"28/05/2025 11:15:00 - 28/05/2025 11:30:00","BZN|FR","Without Sequence","0.69","",""
"28/05/2025 11:30:00 - 28/05/2025 11:45:00","BZN|FR","Without Sequence","0.69","",""
"28/05/2025 11:45:00 - 28/05/2025 12:00:00","BZN|FR","Without Sequence","0.69","",""
"28/05/2025 12:00:00 - 28/05/2025 12:15:00","BZN|FR","Without Sequence","0.00","",""
"28/05/2025 12:15:00 - 28/05/2025 12:30:00","BZN|FR","Without Sequence","0.00","",""
"28/05/2025 12:30:00 - 28/05/2025 12:45:00","BZN|FR","Without Sequence","0.00","",""
"28/05/2025 12:45:00 - 28/05/2025 13:00:00","BZN|FR","Without Sequence","0.00","",""
"28/05/2025 13:00:00 - 28/05/2025 13:15:00","BZN|FR","Without Sequence","0.00","",""
"28/05/2025 13:15:00 - 28/05/2025 13:30:00","BZN|FR","Without Sequence","0.00","",""
"28/05/2025 13:30:00 - 28/05/2025 13:45:00","BZN|FR","Without Sequence","0.00","",""
"28/05/2025 13:45:00 - 28/05/2025 14:00:00","BZN|FR","Without Sequence","0.00","",""
"28/05/2025 14:00:00 - 28/05/2025 14:15:00","BZN|FR","Without Sequence","0.00","",""
"28/05/2025 14:15:00 - 28/05/2025 14:30:00","BZN|FR","Without Sequence","0.00","",""
"28/05/2025 14:30:00 - 28/05/2025 14:45:00","BZN|FR","Without Sequence","0.00","",""
"28/05/2025 14:45:00 - 28/05/2025 15:00:00","BZN|FR","Without Sequence","0.00","",""
"28/05/2025 15:00:00 - 28/05/2025 15:15:00","BZN|FR","Without Sequence","0.00","",""
"28/05/2025 15:15:00 - 28/05/2025 15:30:00","BZN|FR","Without Sequence","0.00","",""
"28/05/2025 15:30:00 - 28/05/2025 15:45:00","BZN|FR","Without Sequence","0.00","",""
"28/05/2025 15:45:00 - 28/05/2025 16:00:00","BZN|FR","Without Sequence","0.00","",""
"28/05/2025 16:00:00 - 28/05/2025 16:15:00","BZN|FR","Without Sequence","0.00","",""
"28/05/2025 16:15:00 - 28/05/2025 16:30:00","BZN|FR","Without Sequence","0.00","",""
"28/05/2025 16:30:00 - 28/05/2025 16:45:00","BZN|FR","Without Sequence","0.00","",""
"28/05/2025 16:45:00 - 28/05/2025 17:00:00","BZN|FR","Without Sequence","0.00","",""
"28/05/2025 17:00:00 - 28/05/2025 17:15:00","BZN|FR","Without Sequence","18.35","",""
"28/05/2025 17:15:00 - 28/05/2025 17:30:00","BZN|FR","Without Sequence","18.35","",""
"28/05/2025 17:30:00 - 28/05/2025 17:45:00","BZN|FR","Without Sequence","18.35","",""
"28/05/2025 17:45:00 - 28/05/2025 18:00:00","BZN|FR","Without Sequence","18.35","",""
"28/05/2025 18:00:00 - 28/05/2025 18:15:00","BZN|FR","Without Sequence","26.56","",""
"28/05/2025 18:15:00 - 28/05/2025 18:30:00","BZN|FR","Without Sequence","26.56","",""
"28/05/2025 18:30:00 - 28/05/2025 18:45:00","BZN|FR","Without Sequence","26.56","",""
"28/05/2025 18:45:00 - 28/05/2025 19:00:00","BZN|FR","Without Sequence","26.56","",""
"28/05/2025 19:00:00 - 28/05/2025 19:15:00","BZN|FR","Without Sequence","43.26","",""
"28/05/2025 19:15:00 - 28/05/2025 19:30:00","BZN|FR","Without Sequence","43.26","",""
"28/05/2025 19:30:00 - 28/05/2025 19:45:00","BZN|FR","Without Sequence","43.26","",""
"28/05/2025 19:45:00 - 28/05/2025 20:00:00","BZN|FR","Without Sequence","43.26","",""
"28/05/2025 20:00:00 - 28/05/2025 20:15:00","BZN|FR","Without Sequence","55.18","",""
"28/05/2025 20:15:00 - 28/05/2025 20:30:00","BZN|FR","Without Sequence","55.18","",""
"28/05/2025 20:30:00 - 28/05/2025 20:45:00","BZN|FR","Without Sequence","55.18","",""
"28/05/2025 20:45:00 - 28/05/2025 21:00:00","BZN|FR","Without Sequence","55.18","",""
"28/05/2025 21:00:00 - 28/05/2025 21:15:00","BZN|FR","Without Sequence","96.00","",""
"28/05/2025 21:15:00 - 28/05/2025 21:30:00","BZN|FR","Without Sequence","96.00","",""
"28/05/2025 21:30:00 - 28/05/2025 21:45:00","BZN|FR","Without Sequence","96.00","",""
"28/05/2025 21:45:00 - 28/05/2025 22:00:00","BZN|FR","Without Sequence","96.00","",""
"28/05/2025 22:00:00 - 28/05/2025 22:15:00","BZN|FR","Without Sequence","100.86","",""
"28/05/2025 22:15:00 - 28/05/2025 22:30:00","BZN|FR","Without Sequence","100.86","",""
"28/05/2025 22:30:00 - 28/05/2025 22:45:00","BZN|FR","Without Sequence","100.86","",""
"28/05/2025 22:45:00 - 28/05/2025 23:00:00","BZN|FR","Without Sequence","100.86","",""
"28/05/2025 23:00:00 - 28/05/2025 23:15:00","BZN|FR","Without Sequence","78.00","",""
"28/05/2025 23:15:00 - 28/05/2025 23:30:00","BZN|FR","Without Sequence","78.00","",""
"28/05/2025 23:30:00 - 28/05/2025 23:45:00","BZN|FR","Without Sequence","78.00","",""
"28/05/2025 23:45:00 - 29/05/2025 00:00:00","BZN|FR","Without Sequence","78.00","",""
"29/05/2025 00:00:00 - 29/05/2025 00:15:00","BZN|FR","Without Sequence","49.63","",""
"29/05/2025 00:15:00 - 29/05/2025 00:30:00","BZN|FR","Without Sequence","49.63","",""
"29/05/2025 00:30:00 - 29/05/2025 00:45:00","BZN|FR","Without Sequence","49.63","",""
"29/05/2025 00:45:00 - 29/05/2025 01:00:00","BZN|FR","Without Sequence","49.63","",""
"29/05/2025 01:00:00 - 29/05/2025 01:15:00","BZN|FR","Without Sequence","39.00","",""
"29/05/2025 01:15:00 - 29/05/2025 01:30:00","BZN|FR","Without Sequence","39.00","",""
"29/05/2025 01:30:00 - 29/05/2025 01:45:00","BZN|FR","Without Sequence","39.00","",""
"29/05/2025 01:45:00 - 29/05/2025 02:00:00","BZN|FR","Without Sequence","39.00","",""
"29/05/2025 02:00:00 - 29/05/2025 02:15:00","BZN|FR","Without Sequence","43.81","",""
"29/05/2025 02:15:00 - 29/05/2025 02:30:00","BZN|FR","Without Sequence","43.81","",""
"29/05/2025 02:30:00 - 29/05/2025 02:45:00","BZN|FR","Without Sequence","43.81","",""
"29/05/2025 02:45:00 - 29/05/2025 03:00:00","BZN|FR","Without Sequence","43.81","",""
"29/05/2025 03:00:00 - 29/05/2025 03:15:00","BZN|FR","Without Sequence","39.22","",""
"29/05/2025 03:15:00 - 29/05/2025 03:30:00","BZN|FR","Without Sequence","39.22","",""
"29/05/2025 03:30:00 - 29/05/2025 03:45:00","BZN|FR","Without Sequence","39.22","",""
"29/05/2025 03:45:00 - 29/05/2025 04:00:00","BZN|FR","Without Sequence","39.22","",""
"29/05/2025 04:00:00 - 29/05/2025 04:15:00","BZN|FR","Without Sequence","38.24","",""
"29/05/2025 04:15:00 - 29/05/2025 04:30:00","BZN|FR","Without Sequence","38.24","",""
"29/05/2025 04:30:00 - 29/05/2025 04:45:00","BZN|FR","Without Sequence","38.24","",""
"29/05/2025 04:45:00 - 29/05/2025 05:00:00","BZN|FR","Without Sequence","38.24","",""
"29/05/2025 05:00:00 - 29/05/2025 05:15:00","BZN|FR","Without Sequence","40.01","",""
"29/05/2025 05:15:00 - 29/05/2025 05:30:00","BZN|FR","Without Sequence","40.01","",""
"29/05/2025 05:30:00 - 29/05/2025 05:45:00","BZN|FR","Without Sequence","40.01","",""
"29/05/2025 05:45:00 - 29/05/2025 06:00:00","BZN|FR","Without Sequence","40.01","",""
"29/05/2025 06:00:00 - 29/05/2025 06:15:00","BZN|FR","Without Sequence","37.95","",""
"29/05/2025 06:15:00 - 29/05/2025 06:30:00","BZN|FR","Without Sequence","37.95","",""
"29/05/2025 06:30:00 - 29/05/2025 06:45:00","BZN|FR","Without Sequence","37.95","",""
"29/05/2025 06:45:00 - 29/05/2025 07:00:00","BZN|FR","Without Sequence","37.95","",""
"29/05/2025 07:00:00 - 29/05/2025 07:15:00","BZN|FR","Without Sequence","41.73","",""
"29/05/2025 07:15:00 - 29/05/2025 07:30:00","BZN|FR","Without Sequence","41.73","",""
"29/05/2025 07:30:00 - 29/05/2025 07:45:00","BZN|FR","Without Sequence","41.73","",""
"29/05/2025 07:45:00 - 29/05/2025 08:00:00","BZN|FR","Without Sequence","41.73","",""
"29/05/2025 08:00:00 - 29/05/2025 08:15:00","BZN|FR","Without Sequence","38.24","",""
"29/05/2025 08:15:00 - 29/05/2025 08:30:00","BZN|FR","Without Sequence","38.24","",""
"29/05/2025 08:30:00 - 29/05/2025 08:45:00","BZN|FR","Without Sequence","38.24","",""
"29/05/2025 08:45:00 - 29/05/2025 09:00:00","BZN|FR","Without Sequence","38.24","",""
"29/05/2025 09:00:00 - 29/05/2025 09:15:00","BZN|FR","Without Sequence","16.06","",""
"29/05/2025 09:15:00 - 29/05/2025 09:30:00","BZN|FR","Without Sequence","16.06","",""
"29/05/2025 09:30:00 - 29/05/2025 09:45:00","BZN|FR","Without Sequence","16.06","",""
"29/05/2025 09:45:00 - 29/05/2025 10:00:00","BZN|FR","Without Sequence","16.06","",""
"29/05/2025 10:00:00 - 29/05/2025 10:15:00","BZN|FR","Without Sequence","5.99","",""
"29/05/2025 10:15:00 - 29/05/2025 10:30:00","BZN|FR","Without Sequence","5.99","",""
"29/05/2025 10:30:00 - 29/05/2025 10:45:00","BZN|FR","Without Sequence","5.99","",""
"29/05/2025 10:45:00 - 29/05/2025 11:00:00","BZN|FR","Without Sequence","5.99","",""
"29/05/2025 11:00:00 - 29/05/2025 11:15:00","BZN|FR","Without Sequence","0.74","",""
"29/05/2025 11:15:00 - 29/05/2025 11:30:00","BZN|FR","Without Sequence","0.74","",""
"29/05/2025 11:30:00 - 29/05/2025 11:45:00","BZN|FR","Without Sequence","0.74","",""
"29/05/2025 11:45:00 - 29/05/2025 12:00:00","BZN|FR","Without Sequence","0.74","",""
"29/05/2025 12:00:00 - 29/05/2025 12:15:00","BZN|FR","Without Sequence","-0.01","",""
"29/05/2025 12:15:00 - 29/05/2025 12:30:00","BZN|FR","Without Sequence","-0.01","",""
"29/05/2025 12:30:00 - 29/05/2025 12:45:00","BZN|FR","Without Sequence","-0.01","",""
"29/05/2025 12:45:00 - 29/05/2025 13:00:00","BZN|FR","Without Sequence","-0.01","",""
"29/05/2025 13:00:00 - 29/05/2025 13:15:00","BZN|FR","Without Sequence","-0.48","",""
"29/05/2025 13:15:00 - 29/05/2025 13:30:00","BZN|FR","Without Sequence","-0.48","",""
"29/05/2025 13:30:00 - 29/05/2025 13:45:00","BZN|FR","Without Sequence","-0.48","",""
"29/05/2025 13:45:00 - 29/05/2025 14:00:00","BZN|FR","Without Sequence","-0.48","",""
"29/05/2025 14:00:00 - 29/05/2025 14:15:00","BZN|FR","Without Sequence","-0.90","",""
"29/05/2025 14:15:00 - 29/05/2025 14:30:00","BZN|FR","Without Sequence","-0.90","",""
"29/05/2025 14:30:00 - 29/05/2025 14:45:00","BZN|FR","Without Sequence","-0.90","",""
"29/05/2025 14:45:00 - 29/05/2025 15:00:00","BZN|FR","Without Sequence","-0.90","",""
"29/05/2025 15:00:00 - 29/05/2025 15:15:00","BZN|FR","Without Sequence","-0.12","",""
"29/05/2025 15:15:00 - 29/05/2025 15:30:00","BZN|FR","Without Sequence","-0.12","",""
"29/05/2025 15:30:00 - 29/05/2025 15:45:00","BZN|FR","Without Sequence","-0.12","",""
"29/05/2025 15:45:00 - 29/05/2025 16:00:00","BZN|FR","Without Sequence","-0.12","",""
"29/05/2025 16:00:00 - 29/05/2025 16:15:00","BZN|FR","Without Sequence","-0.01","",""
"29/05/2025 16:15:00 - 29/05/2025 16:30:00","BZN|FR","Without Sequence","-0.01","",""
"29/05/2025 16:30:00 - 29/05/2025 16:45:00","BZN|FR","Without Sequence","-0.01","",""
"29/05/2025 16:45:00 - 29/05/2025 17:00:00","BZN|FR","Without Sequence","-0.01","",""
"29/05/2025 17:00:00 - 29/05/2025 17:15:00","BZN|FR","Without Sequence","0.07","",""
"29/05/2025 17:15:00 - 29/05/2025 17:30:00","BZN|FR","Without Sequence","0.07","",""
"29/05/2025 17:30:00 - 29/05/2025 17:45:00","BZN|FR","Without Sequence","0.07","",""
"29/05/2025 17:45:00 - 29/05/2025 18:00:00","BZN|FR","Without Sequence","0.07","",""
"29/05/2025 18:00:00 - 29/05/2025 18:15:00","BZN|FR","Without Sequence","17.77","",""
"29/05/2025 18:15:00 - 29/05/2025 18:30:00","BZN|FR","Without Sequence","17.77","",""
"29/05/2025 18:30:00 - 29/05/2025 18:45:00","BZN|FR","Without Sequence","17.77","",""
"29/05/2025 18:45:00 - 29/05/2025 19:00:00","BZN|FR","Without Sequence","17.77","",""
"29/05/2025 19:00:00 - 29/05/2025 19:15:00","BZN|FR","Without Sequence","36.13","",""
"29/05/2025 19:15:00 - 29/05/2025 19:30:00","BZN|FR","Without Sequence","36.13","",""
"29/05/2025 19:30:00 - 29/05/2025 19:45:00","BZN|FR","Without Sequence","36.13","",""
"29/05/2025 19:45:00 - 29/05/2025 20:00:00","BZN|FR","Without Sequence","36.13","",""
"29/05/2025 20:00:00 - 29/05/2025 20:15:00","BZN|FR","Without Sequence","71.63","",""
"29/05/2025 20:15:00 - 29/05/2025 20:30:00","BZN|FR","Without Sequence","71.63","",""
"29/05/2025 20:30:00 - 29/05/2025 20:45:00","BZN|FR","Without Sequence","71.63","",""
"29/05/2025 20:45:00 - 29/05/2025 21:00:00","BZN|FR","Without Sequence","71.63","",""
"29/05/2025 21:00:00 - 29/05/2025 21:15:00","BZN|FR","Without Sequence","79.39","",""
"29/05/2025 21:15:00 - 29/05/2025 21:30:00","BZN|FR","Without Sequence","79.39","",""
"29/05/2025 21:30:00 - 29/05/2025 21:45:00","BZN|FR","Without Sequence","79.39","",""
"29/05/2025 21:45:00 - 29/05/2025 22:00:00","BZN|FR","Without Sequence","79.39","",""
"29/05/2025 22:00:00 - 29/05/2025 22:15:00","BZN|FR","Without Sequence","79.14","",""
"29/05/2025 22:15:00 - 29/05/2025 22:30:00","BZN|FR","Without Sequence","79.14","",""
"29/05/2025 22:30:00 - 29/05/2025 22:45:00","BZN|FR","Without Sequence","79.14","",""
"29/05/2025 22:45:00 - 29/05/2025 23:00:00","BZN|FR","Without Sequence","79.14","",""
"29/05/2025 23:00:00 - 29/05/2025 23:15:00","BZN|FR","Without Sequence","60.20","",""
"29/05/2025 23:15:00 - 29/05/2025 23:30:00","BZN|FR","Without Sequence","60.20","",""
"29/05/2025 23:30:00 - 29/05/2025 23:45:00","BZN|FR","Without Sequence","60.20","",""
"29/05/2025 23:45:00 - 30/05/2025 00:00:00","BZN|FR","Without Sequence","60.20","",""
"30/05/2025 00:00:00 - 30/05/2025 00:15:00","BZN|FR","Without Sequence","48.20","",""
"30/05/2025 00:15:00 - 30/05/2025 00:30:00","BZN|FR","Without Sequence","48.20","",""
"30/05/2025 00:30:00 - 30/05/2025 00:45:00","BZN|FR","Without Sequence","48.20","",""
"30/05/2025 00:45:00 - 30/05/2025 01:00:00","BZN|FR","Without Sequence","48.20","",""
"30/05/2025 01:00:00 - 30/05/2025 01:15:00","BZN|FR","Without Sequence","31.11","",""
"30/05/2025 01:15:00 - 30/05/2025 01:30:00","BZN|FR","Without Sequence","31.11","",""
"30/05/2025 01:30:00 - 30/05/2025 01:45:00","BZN|FR","Without Sequence","31.11","",""
"30/05/2025 01:45:00 - 30/05/2025 02:00:00","BZN|FR","Without Sequence","31.11","",""
"30/05/2025 02:00:00 - 30/05/2025 02:15:00","BZN|FR","Without Sequence","33.82","",""
"30/05/2025 02:15:00 - 30/05/2025 02:30:00","BZN|FR","Without Sequence","33.82","",""
"30/05/2025 02:30:00 - 30/05/2025 02:45:00","BZN|FR","Without Sequence","33.82","",""
"30/05/2025 02:45:00 - 30/05/2025 03:00:00","BZN|FR","Without Sequence","33.82","",""
"30/05/2025 03:00:00 - 30/05/2025 03:15:00","BZN|FR","Without Sequence","33.95","",""
"30/05/2025 03:15:00 - 30/05/2025 03:30:00","BZN|FR","Without Sequence","33.95","",""
"30/05/2025 03:30:00 - 30/05/2025 03:45:00","BZN|FR","Without Sequence","33.95","",""
"30/05/2025 03:45:00 - 30/05/2025 04:00:00","BZN|FR","Without Sequence","33.95","",""
"30/05/2025 04:00:00 - 30/05/2025 04:15:00","BZN|FR","Without Sequence","37.39","",""
"30/05/2025 04:15:00 - 30/05/2025 04:30:00","BZN|FR","Without Sequence","37.39","",""
"30/05/2025 04:30:00 - 30/05/2025 04:45:00","BZN|FR","Without Sequence","37.39","",""
"30/05/2025 04:45:00 - 30/05/2025 05:00:00","BZN|FR","Without Sequence","37.39","",""
"30/05/2025 05:00:00 - 30/05/2025 05:15:00","BZN|FR","Without Sequence","42.18","",""
"30/05/2025 05:15:00 - 30/05/2025 05:30:00","BZN|FR","Without Sequence","42.18","",""
"30/05/2025 05:30:00 - 30/05/2025 05:45:00","BZN|FR","Without Sequence","42.18","",""
"30/05/2025 05:45:00 - 30/05/2025 06:00:00","BZN|FR","Without Sequence","42.18","",""
"30/05/2025 06:00:00 - 30/05/2025 06:15:00","BZN|FR","Without Sequence","49.55","",""
"30/05/2025 06:15:00 - 30/05/2025 06:30:00","BZN|FR","Without Sequence","49.55","",""
"30/05/2025 06:30:00 - 30/05/2025 06:45:00","BZN|FR","Without Sequence","49.55","",""
"30/05/2025 06:45:00 - 30/05/2025 07:00:00","BZN|FR","Without Sequence","49.55","",""
"30/05/2025 07:00:00 - 30/05/2025 07:15:00","BZN|FR","Without Sequence","68.38","",""
"30/05/2025 07:15:00 - 30/05/2025 07:30:00","BZN|FR","Without Sequence","68.38","",""
"30/05/2025 07:30:00 - 30/05/2025 07:45:00","BZN|FR","Without Sequence","68.38","",""
"30/05/2025 07:45:00 - 30/05/2025 08:00:00","BZN|FR","Without Sequence","68.38","",""
"30/05/2025 08:00:00 - 30/05/2025 08:15:00","BZN|FR","Without Sequence","53.01","",""
"30/05/2025 08:15:00 - 30/05/2025 08:30:00","BZN|FR","Without Sequence","53.01","",""
"30/05/2025 08:30:00 - 30/05/2025 08:45:00","BZN|FR","Without Sequence","53.01","",""
"30/05/2025 08:45:00 - 30/05/2025 09:00:00","BZN|FR","Without Sequence","53.01","",""
"30/05/2025 09:00:00 - 30/05/2025 09:15:00","BZN|FR","Without Sequence","29.13","",""
"30/05/2025 09:15:00 - 30/05/2025 09:30:00","BZN|FR","Without Sequence","29.13","",""
"30/05/2025 09:30:00 - 30/05/2025 09:45:00","BZN|FR","Without Sequence","29.13","",""
"30/05/2025 09:45:00 - 30/05/2025 10:00:00","BZN|FR","Without Sequence","29.13","",""
"30/05/2025 10:00:00 - 30/05/2025 10:15:00","BZN|FR","Without Sequence","1.83","",""
"30/05/2025 10:15:00 - 30/05/2025 10:30:00","BZN|FR","Without Sequence","1.83","",""
"30/05/2025 10:30:00 - 30/05/2025 10:45:00","BZN|FR","Without Sequence","1.83","",""
"30/05/2025 10:45:00 - 30/05/2025 11:00:00","BZN|FR","Without Sequence","1.83","",""
"30/05/2025 11:00:00 - 30/05/2025 11:15:00","BZN|FR","Without Sequence","0.00","",""
"30/05/2025 11:15:00 - 30/05/2025 11:30:00","BZN|FR","Without Sequence","0.00","",""
"30/05/2025 11:30:00 - 30/05/2025 11:45:00","BZN|FR","Without Sequence","0.00","",""
"30/05/2025 11:45:00 - 30/05/2025 12:00:00","BZN|FR","Without Sequence","0.00","",""
"30/05/2025 12:00:00 - 30/05/2025 12:15:00","BZN|FR","Without Sequence","-0.02","",""
"30/05/2025 12:15:00 - 30/05/2025 12:30:00","BZN|FR","Without Sequence","-0.02","",""
"30/05/2025 12:30:00 - 30/05/2025 12:45:00","BZN|FR","Without Sequence","-0.02","",""
"30/05/2025 12:45:00 - 30/05/2025 13:00:00","BZN|FR","Without Sequence","-0.02","",""
"30/05/2025 13:00:00 - 30/05/2025 13:15:00","BZN|FR","Without Sequence","-2.11","",""
"30/05/2025 13:15:00 - 30/05/2025 13:30:00","BZN|FR","Without Sequence","-2.11","",""
"30/05/2025 13:30:00 - 30/05/2025 13:45:00","BZN|FR","Without Sequence","-2.11","",""
"30/05/2025 13:45:00 - 30/05/2025 14:00:00","BZN|FR","Without Sequence","-2.11","",""
"30/05/2025 14:00:00 - 30/05/2025 14:15:00","BZN|FR","Without Sequence","-2.66","",""
"30/05/2025 14:15:00 - 30/05/2025 14:30:00","BZN|FR","Without Sequence","-2.66","",""
"30/05/2025 14:30:00 - 30/05/2025 14:45:00","BZN|FR","Without Sequence","-2.66","",""
"30/05/2025 14:45:00 - 30/05/2025 15:00:00","BZN|FR","Without Sequence","-2.66","",""
"30/05/2025 15:00:00 - 30/05/2025 15:15:00","BZN|FR","Without Sequence","-0.07","",""
"30/05/2025 15:15:00 - 30/05/2025 15:30:00","BZN|FR","Without Sequence","-0.07","",""
"30/05/2025 15:30:00 - 30/05/2025 15:45:00","BZN|FR","Without Sequence","-0.07","",""
"30/05/2025 15:45:00 - 30/05/2025 16:00:00","BZN|FR","Without Sequence","-0.07","",""
"30/05/2025 16:00:00 - 30/05/2025 16:15:00","BZN|FR","Without Sequence","-0.01","",""
"30/05/2025 16:15:00 - 30/05/2025 16:30:00","BZN|FR","Without Sequence","-0.01","",""
"30/05/2025 16:30:00 - 30/05/2025 16:45:00","BZN|FR","Without Sequence","-0.01","",""
"30/05/2025 16:45:00 - 30/05/2025 17:00:00","BZN|FR","Without Sequence","-0.01","",""
"30/05/2025 17:00:00 - 30/05/2025 17:15:00","BZN|FR","Without Sequence","8.96","",""
"30/05/2025 17:15:00 - 30/05/2025 17:30:00","BZN|FR","Without Sequence","8.96","",""
"30/05/2025 17:30:00 - 30/05/2025 17:45:00","BZN|FR","Without Sequence","8.96","",""
"30/05/2025 17:45:00 - 30/05/2025 18:00:00","BZN|FR","Without Sequence","8.96","",""
"30/05/2025 18:00:00 - 30/05/2025 18:15:00","BZN|FR","Without Sequence","47.09","",""
"30/05/2025 18:15:00 - 30/05/2025 18:30:00","BZN|FR","Without Sequence","47.09","",""
"30/05/2025 18:30:00 - 30/05/2025 18:45:00","BZN|FR","Without Sequence","47.09","",""
"30/05/2025 18:45:00 - 30/05/2025 19:00:00","BZN|FR","Without Sequence","47.09","",""
"30/05/2025 19:00:00 - 30/05/2025 19:15:00","BZN|FR","Without Sequence","74.63","",""
"30/05/2025 19:15:00 - 30/05/2025 19:30:00","BZN|FR","Without Sequence","74.63","",""
"30/05/2025 19:30:00 - 30/05/2025 19:45:00","BZN|FR","Without Sequence","74.63","",""
"30/05/2025 19:45:00 - 30/05/2025 20:00:00","BZN|FR","Without Sequence","74.63","",""
"30/05/2025 20:00:00 - 30/05/2025 20:15:00","BZN|FR","Without Sequence","100.29","",""
"30/05/2025 20:15:00 - 30/05/2025 20:30:00","BZN|FR","Without Sequence","100.29","",""
"30/05/2025 20:30:00 - 30/05/2025 20:45:00","BZN|FR","Without Sequence","100.29","",""
"30/05/2025 20:45:00 - 30/05/2025 21:00:00","BZN|FR","Without Sequence","100.29","",""
"30/05/2025 21:00:00 - 30/05/2025 21:15:00","BZN|FR","Without Sequence","120.59","",""
"30/05/2025 21:15:00 - 30/05/2025 21:30:00","BZN|FR","Without Sequence","120.59","",""
"30/05/2025 21:30:00 - 30/05/2025 21:45:00","BZN|FR","Without Sequence","120.59","",""
"30/05/2025 21:45:00 - 30/05/2025 22:00:00","BZN|FR","Without Sequence","120.59","",""
"30/05/2025 22:00:00 - 30/05/2025 22:15:00","BZN|FR","Without Sequence","130.19","",""
"30/05/2025 22:15:00 - 30/05/2025 22:30:00","BZN|FR","Without Sequence","130.19","",""
"30/05/2025 22:30:00 - 30/05/2025 22:45:00","BZN|FR","Without Sequence","130.19","",""
"30/05/2025 22:45:00 - 30/05/2025 23:00:00","BZN|FR","Without Sequence","130.19","",""
"30/05/2025 23:00:00 - 30/05/2025 23:15:00","BZN|FR","Without Sequence","103.35","",""
"30/05/2025 23:15:00 - 30/05/2025 23:30:00","BZN|FR","Without Sequence","103.35","",""
"30/05/2025 23:30:00 - 30/05/2025 23:45:00","BZN|FR","Without Sequence","103.35","",""
"30/05/2025 23:45:00 - 31/05/2025 00:00:00","BZN|FR","Without Sequence","103.35","",""
"31/05/2025 00:00:00 - 31/05/2025 00:15:00","BZN|FR","Without Sequence","107.00","",""
"31/05/2025 00:15:00 - 31/05/2025 00:30:00","BZN|FR","Without Sequence","107.00","",""
"31/05/2025 00:30:00 - 31/05/2025 00:45:00","BZN|FR","Without Sequence","107.00","",""
"31/05/2025 00:45:00 - 31/05/2025 01:00:00","BZN|FR","Without Sequence","107.00","",""
"31/05/2025 01:00:00 - 31/05/2025 01:15:00","BZN|FR","Without Sequence","72.30","",""
"31/05/2025 01:15:00 - 31/05/2025 01:30:00","BZN|FR","Without Sequence","72.30","",""
"31/05/2025 01:30:00 - 31/05/2025 01:45:00","BZN|FR","Without Sequence","72.30","",""
"31/05/2025 01:45:00 - 31/05/2025 02:00:00","BZN|FR","Without Sequence","72.30","",""
"31/05/2025 02:00:00 - 31/05/2025 02:15:00","BZN|FR","Without Sequence","51.49","",""
"31/05/2025 02:15:00 - 31/05/2025 02:30:00","BZN|FR","Without Sequence","51.49","",""
"31/05/2025 02:30:00 - 31/05/2025 02:45:00","BZN|FR","Without Sequence","51.49","",""
"31/05/2025 02:45:00 - 31/05/2025 03:00:00","BZN|FR","Without Sequence","51.49","",""
"31/05/2025 03:00:00 - 31/05/2025 03:15:00","BZN|FR","Without Sequence","33.25","",""
"31/05/2025 03:15:00 - 31/05/2025 03:30:00","BZN|FR","Without Sequence","33.25","",""
"31/05/2025 03:30:00 - 31/05/2025 03:45:00","BZN|FR","Without Sequence","33.25","",""
"31/05/2025 03:45:00 - 31/05/2025 04:00:00","BZN|FR","Without Sequence","33.25","",""
"31/05/2025 04:00:00 - 31/05/2025 04:15:00","BZN|FR","Without Sequence","29.20","",""
"31/05/2025 04:15:00 - 31/05/2025 04:30:00","BZN|FR","Without Sequence","29.20","",""
"31/05/2025 04:30:00 - 31/05/2025 04:45:00","BZN|FR","Without Sequence","29.20","",""
"31/05/2025 04:45:00 - 31/05/2025 05:00:00","BZN|FR","Without Sequence","29.20","",""
"31/05/2025 05:00:00 - 31/05/2025 05:15:00","BZN|FR","Without Sequence","29.05","",""
"31/05/2025 05:15:00 - 31/05/2025 05:30:00","BZN|FR","Without Sequence","29.05","",""
"31/05/2025 05:30:00 - 31/05/2025 05:45:00","BZN|FR","Without Sequence","29.05","",""
"31/05/2025 05:45:00 - 31/05/2025 06:00:00","BZN|FR","Without Sequence","29.05","",""
"31/05/2025 06:00:00 - 31/05/2025 06:15:00","BZN|FR","Without Sequence","33.18","",""
"31/05/2025 06:15:00 - 31/05/2025 06:30:00","BZN|FR","Without Sequence","33.18","",""
"31/05/2025 06:30:00 - 31/05/2025 06:45:00","BZN|FR","Without Sequence","33.18","",""
"31/05/2025 06:45:00 - 31/05/2025 07:00:00","BZN|FR","Without Sequence","33.18","",""
"31/05/2025 07:00:00 - 31/05/2025 07:15:00","BZN|FR","Without Sequence","30.87","",""
"31/05/2025 07:15:00 - 31/05/2025 07:30:00","BZN|FR","Without Sequence","30.87","",""
"31/05/2025 07:30:00 - 31/05/2025 07:45:00","BZN|FR","Without Sequence","30.87","",""
"31/05/2025 07:45:00 - 31/05/2025 08:00:00","BZN|FR","Without Sequence","30.87","",""
"31/05/2025 08:00:00 - 31/05/2025 08:15:00","BZN|FR","Without Sequence","33.55","",""
"31/05/2025 08:15:00 - 31/05/2025 08:30:00","BZN|FR","Without Sequence","33.55","",""
"31/05/2025 08:30:00 - 31/05/2025 08:45:00","BZN|FR","Without Sequence","33.55","",""
"31/05/2025 08:45:00 - 31/05/2025 09:00:00","BZN|FR","Without Sequence","33.55","",""
"31/05/2025 09:00:00 - 31/05/2025 09:15:00","BZN|FR","Without Sequence","1.00","",""
"31/05/2025 09:15:00 - 31/05/2025 09:30:00","BZN|FR","Without Sequence","1.00","",""
"31/05/2025 09:30:00 - 31/05/2025 09:45:00","BZN|FR","Without Sequence","1.00","",""
"31/05/2025 09:45:00 - 31/05/2025 10:00:00","BZN|FR","Without Sequence","1.00","",""
"31/05/2025 10:00:00 - 31/05/2025 10:15:00","BZN|FR","Without Sequence","-0.02","",""
"31/05/2025 10:15:00 - 31/05/2025 10:30:00","BZN|FR","Without Sequence","-0.02","",""
"31/05/2025 10:30:00 - 31/05/2025 10:45:00","BZN|FR","Without Sequence","-0.02","",""
"31/05/2025 10:45:00 - 31/05/2025 11:00:00","BZN|FR","Without Sequence","-0.02","",""
"31/05/2025 11:00:00 - 31/05/2025 11:15:00","BZN|FR","Without Sequence","-1.00","",""
"31/05/2025 11:15:00 - 31/05/2025 11:30:00","BZN|FR","Without Sequence","-1.00","",""
"31/05/2025 11:30:00 - 31/05/2025 11:45:00","BZN|FR","Without Sequence","-1.00","",""
"31/05/2025 11:45:00 - 31/05/2025 12:00:00","BZN|FR","Without Sequence","-1.00","",""
"31/05/2025 12:00:00 - 31/05/2025 12:15:00","BZN|FR","Without Sequence","-3.07","",""
"31/05/2025 12:15:00 - 31/05/2025 12:30:00","BZN|FR","Without Sequence","-3.07","",""
"31/05/2025 12:30:00 - 31/05/2025 12:45:00","BZN|FR","Without Sequence","-3.07","",""
"31/05/2025 12:45:00 - 31/05/2025 13:00:00","BZN|FR","Without Sequence","-3.07","",""
"31/05/2025 13:00:00 - 31/05/2025 13:15:00","BZN|FR","Without Sequence","-13.17","",""
"31/05/2025 13:15:00 - 31/05/2025 13:30:00","BZN|FR","Without Sequence","-13.17","",""
"31/05/2025 13:30:00 - 31/05/2025 13:45:00","BZN|FR","Without Sequence","-13.17","",""
"31/05/2025 13:45:00 - 31/05/2025 14:00:00","BZN|FR","Without Sequence","-13.17","",""
"31/05/2025 14:00:00 - 31/05/2025 14:15:00","BZN|FR","Without Sequence","-7.75","",""
"31/05/2025 14:15:00 - 31/05/2025 14:30:00","BZN|FR","Without Sequence","-7.75","",""
"31/05/2025 14:30:00 - 31/05/2025 14:45:00","BZN|FR","Without Sequence","-7.75","",""
"31/05/2025 14:45:00 - 31/05/2025 15:00:00","BZN|FR","Without Sequence","-7.75","",""
"31/05/2025 15:00:00 - 31/05/2025 15:15:00","BZN|FR","Without Sequence","-3.00","",""
"31/05/2025 15:15:00 - 31/05/2025 15:30:00","BZN|FR","Without Sequence","-3.00","",""
"31/05/2025 15:30:00 - 31/05/2025 15:45:00","BZN|FR","Without Sequence","-3.00","",""
"31/05/2025 15:45:00 - 31/05/2025 16:00:00","BZN|FR","Without Sequence","-3.00","",""
"31/05/2025 16:00:00 - 31/05/2025 16:15:00","BZN|FR","Without Sequence","-0.05","",""
"31/05/2025 16:15:00 - 31/05/2025 16:30:00","BZN|FR","Without Sequence","-0.05","",""
"31/05/2025 16:30:00 - 31/05/2025 16:45:00","BZN|FR","Without Sequence","-0.05","",""
"31/05/2025 16:45:00 - 31/05/2025 17:00:00","BZN|FR","Without Sequence","-0.05","",""
"31/05/2025 17:00:00 - 31/05/2025 17:15:00","BZN|FR","Without Sequence","7.74","",""
"31/05/2025 17:15:00 - 31/05/2025 17:30:00","BZN|FR","Without Sequence","7.74","",""
"31/05/2025 17:30:00 - 31/05/2025 17:45:00","BZN|FR","Without Sequence","7.74","",""
"31/05/2025 17:45:00 - 31/05/2025 18:00:00","BZN|FR","Without Sequence","7.74","",""
"31/05/2025 18:00:00 - 31/05/2025 18:15:00","BZN|FR","Without Sequence","24.14","",""
"31/05/2025 18:15:00 - 31/05/2025 18:30:00","BZN|FR","Without Sequence","24.14","",""
"31/05/2025 18:30:00 - 31/05/2025 18:45:00","BZN|FR","Without Sequence","24.14","",""
"31/05/2025 18:45:00 - 31/05/2025 19:00:00","BZN|FR","Without Sequence","24.14","",""
"31/05/2025 19:00:00 - 31/05/2025 19:15:00","BZN|FR","Without Sequence","31.78","",""
"31/05/2025 19:15:00 - 31/05/2025 19:30:00","BZN|FR","Without Sequence","31.78","",""
"31/05/2025 19:30:00 - 31/05/2025 19:45:00","BZN|FR","Without Sequence","31.78","",""
"31/05/2025 19:45:00 - 31/05/2025 20:00:00","BZN|FR","Without Sequence","31.78","",""
"31/05/2025 20:00:00 - 31/05/2025 20:15:00","BZN|FR","Without Sequence","62.00","",""
"31/05/2025 20:15:00 - 31/05/2025 20:30:00","BZN|FR","Without Sequence","62.00","",""
"31/05/2025 20:30:00 - 31/05/2025 20:45:00","BZN|FR","Without Sequence","62.00","",""
"31/05/2025 20:45:00 - 31/05/2025 21:00:00","BZN|FR","Without Sequence","62.00","",""
"31/05/2025 21:00:00 - 31/05/2025 21:15:00","BZN|FR","Without Sequence","48.17","",""
"31/05/2025 21:15:00 - 31/05/2025 21:30:00","BZN|FR","Without Sequence","48.17","",""
"31/05/2025 21:30:00 - 31/05/2025 21:45:00","BZN|FR","Without Sequence","48.17","",""
"31/05/2025 21:45:00 - 31/05/2025 22:00:00","BZN|FR","Without Sequence","48.17","",""
"31/05/2025 22:00:00 - 31/05/2025 22:15:00","BZN|FR","Without Sequence","74.44","",""
"31/05/2025 22:15:00 - 31/05/2025 22:30:00","BZN|FR","Without Sequence","74.44","",""
"31/05/2025 22:30:00 - 31/05/2025 22:45:00","BZN|FR","Without Sequence","74.44","",""
"31/05/2025 22:45:00 - 31/05/2025 23:00:00","BZN|FR","Without Sequence","74.44","",""
"31/05/2025 23:00:00 - 31/05/2025 23:15:00","BZN|FR","Without Sequence","63.50","",""
"31/05/2025 23:15:00 - 31/05/2025 23:30:00","BZN|FR","Without Sequence","63.50","",""
"31/05/2025 23:30:00 - 31/05/2025 23:45:00","BZN|FR","Without Sequence","63.50","",""
"31/05/2025 23:45:00 - 01/06/2025 00:00:00","BZN|FR","Without Sequence","63.50","",""
"01/06/2025 00:00:00 - 01/06/2025 00:15:00","BZN|FR","Without Sequence","60.00","",""
"01/06/2025 00:15:00 - 01/06/2025 00:30:00","BZN|FR","Without Sequence","60.00","",""
"01/06/2025 00:30:00 - 01/06/2025 00:45:00","BZN|FR","Without Sequence","60.00","",""
"01/06/2025 00:45:00 - 01/06/2025 01:00:00","BZN|FR","Without Sequence","60.00","",""
"01/06/2025 01:00:00 - 01/06/2025 01:15:00","BZN|FR","Without Sequence","36.07","",""
"01/06/2025 01:15:00 - 01/06/2025 01:30:00","BZN|FR","Without Sequence","36.07","",""
"01/06/2025 01:30:00 - 01/06/2025 01:45:00","BZN|FR","Without Sequence","36.07","",""
"01/06/2025 01:45:00 - 01/06/2025 02:00:00","BZN|FR","Without Sequence","36.07","",""
"01/06/2025 02:00:00 - 01/06/2025 02:15:00","BZN|FR","Without Sequence","28.27","",""
"01/06/2025 02:15:00 - 01/06/2025 02:30:00","BZN|FR","Without Sequence","28.27","",""
"01/06/2025 02:30:00 - 01/06/2025 02:45:00","BZN|FR","Without Sequence","28.27","",""
"01/06/2025 02:45:00 - 01/06/2025 03:00:00","BZN|FR","Without Sequence","28.27","",""
"01/06/2025 03:00:00 - 01/06/2025 03:15:00","BZN|FR","Without Sequence","24.32","",""
"01/06/2025 03:15:00 - 01/06/2025 03:30:00","BZN|FR","Without Sequence","24.32","",""
"01/06/2025 03:30:00 - 01/06/2025 03:45:00","BZN|FR","Without Sequence","24.32","",""
"01/06/2025 03:45:00 - 01/06/2025 04:00:00","BZN|FR","Without Sequence","24.32","",""
"01/06/2025 04:00:00 - 01/06/2025 04:15:00","BZN|FR","Without Sequence","24.95","",""
"01/06/2025 04:15:00 - 01/06/2025 04:30:00","BZN|FR","Without Sequence","24.95","",""
"01/06/2025 04:30:00 - 01/06/2025 04:45:00","BZN|FR","Without Sequence","24.95","",""
"01/06/2025 04:45:00 - 01/06/2025 05:00:00","BZN|FR","Without Sequence","24.95","",""
"01/06/2025 05:00:00 - 01/06/2025 05:15:00","BZN|FR","Without Sequence","24.92","",""
"01/06/2025 05:15:00 - 01/06/2025 05:30:00","BZN|FR","Without Sequence","24.92","",""
"01/06/2025 05:30:00 - 01/06/2025 05:45:00","BZN|FR","Without Sequence","24.92","",""
"01/06/2025 05:45:00 - 01/06/2025 06:00:00","BZN|FR","Without Sequence","24.92","",""
"01/06/2025 06:00:00 - 01/06/2025 06:15:00","BZN|FR","Without Sequence","26.68","",""
"01/06/2025 06:15:00 - 01/06/2025 06:30:00","BZN|FR","Without Sequence","26.68","",""
"01/06/2025 06:30:00 - 01/06/2025 06:45:00","BZN|FR","Without Sequence","26.68","",""
"01/06/2025 06:45:00 - 01/06/2025 07:00:00","BZN|FR","Without Sequence","26.68","",""
"01/06/2025 07:00:00 - 01/06/2025 07:15:00","BZN|FR","Without Sequence","13.00","",""
"01/06/2025 07:15:00 - 01/06/2025 07:30:00","BZN|FR","Without Sequence","13.00","",""
"01/06/2025 07:30:00 - 01/06/2025 07:45:00","BZN|FR","Without Sequence","13.00","",""
"01/06/2025 07:45:00 - 01/06/2025 08:00:00","BZN|FR","Without Sequence","13.00","",""
"01/06/2025 08:00:00 - 01/06/2025 08:15:00","BZN|FR","Without Sequence","2.40","",""
"01/06/2025 08:15:00 - 01/06/2025 08:30:00","BZN|FR","Without Sequence","2.40","",""
"01/06/2025 08:30:00 - 01/06/2025 08:45:00","BZN|FR","Without Sequence","2.40","",""
"01/06/2025 08:45:00 - 01/06/2025 09:00:00","BZN|FR","Without Sequence","2.40","",""
"01/06/2025 09:00:00 - 01/06/2025 09:15:00","BZN|FR","Without Sequence","-0.01","",""
"01/06/2025 09:15:00 - 01/06/2025 09:30:00","BZN|FR","Without Sequence","-0.01","",""
"01/06/2025 09:30:00 - 01/06/2025 09:45:00","BZN|FR","Without Sequence","-0.01","",""
"01/06/2025 09:45:00 - 01/06/2025 10:00:00","BZN|FR","Without Sequence","-0.01","",""
"01/06/2025 10:00:00 - 01/06/2025 10:15:00","BZN|FR","Without Sequence","-0.60","",""
"01/06/2025 10:15:00 - 01/06/2025 10:30:00","BZN|FR","Without Sequence","-0.60","",""
"01/06/2025 10:30:00 - 01/06/2025 10:45:00","BZN|FR","Without Sequence","-0.60","",""
"01/06/2025 10:45:00 - 01/06/2025 11:00:00","BZN|FR","Without Sequence","-0.60","",""
"01/06/2025 11:00:00 - 01/06/2025 11:15:00","BZN|FR","Without Sequence","-2.11","",""
"01/06/2025 11:15:00 - 01/06/2025 11:30:00","BZN|FR","Without Sequence","-2.11","",""
"01/06/2025 11:30:00 - 01/06/2025 11:45:00","BZN|FR","Without Sequence","-2.11","",""
"01/06/2025 11:45:00 - 01/06/2025 12:00:00","BZN|FR","Without Sequence","-2.11","",""
"01/06/2025 12:00:00 - 01/06/2025 12:15:00","BZN|FR","Without Sequence","-5.48","",""
"01/06/2025 12:15:00 - 01/06/2025 12:30:00","BZN|FR","Without Sequence","-5.48","",""
"01/06/2025 12:30:00 - 01/06/2025 12:45:00","BZN|FR","Without Sequence","-5.48","",""
"01/06/2025 12:45:00 - 01/06/2025 13:00:00","BZN|FR","Without Sequence","-5.48","",""
"01/06/2025 13:00:00 - 01/06/2025 13:15:00","BZN|FR","Without Sequence","-12.93","",""
"01/06/2025 13:15:00 - 01/06/2025 13:30:00","BZN|FR","Without Sequence","-12.93","",""
"01/06/2025 13:30:00 - 01/06/2025 13:45:00","BZN|FR","Without Sequence","-12.93","",""
"01/06/2025 13:45:00 - 01/06/2025 14:00:00","BZN|FR","Without Sequence","-12.93","",""
"01/06/2025 14:00:00 - 01/06/2025 14:15:00","BZN|FR","Without Sequence","-20.41","",""
"01/06/2025 14:15:00 - 01/06/2025 14:30:00","BZN|FR","Without Sequence","-20.41","",""
"01/06/2025 14:30:00 - 01/06/2025 14:45:00","BZN|FR","Without Sequence","-20.41","",""
"01/06/2025 14:45:00 - 01/06/2025 15:00:00","BZN|FR","Without Sequence","-20.41","",""
"01/06/2025 15:00:00 - 01/06/2025 15:15:00","BZN|FR","Without Sequence","-15.61","",""
"01/06/2025 15:15:00 - 01/06/2025 15:30:00","BZN|FR","Without Sequence","-15.61","",""
"01/06/2025 15:30:00 - 01/06/2025 15:45:00","BZN|FR","Without Sequence","-15.61","",""
"01/06/2025 15:45:00 - 01/06/2025 16:00:00","BZN|FR","Without Sequence","-15.61","",""
"01/06/2025 16:00:00 - 01/06/2025 16:15:00","BZN|FR","Without Sequence","-6.00","",""
"01/06/2025 16:15:00 - 01/06/2025 16:30:00","BZN|FR","Without Sequence","-6.00","",""
"01/06/2025 16:30:00 - 01/06/2025 16:45:00","BZN|FR","Without Sequence","-6.00","",""
"01/06/2025 16:45:00 - 01/06/2025 17:00:00","BZN|FR","Without Sequence","-6.00","",""
"01/06/2025 17:00:00 - 01/06/2025 17:15:00","BZN|FR","Without Sequence","-0.62","",""
"01/06/2025 17:15:00 - 01/06/2025 17:30:00","BZN|FR","Without Sequence","-0.62","",""
"01/06/2025 17:30:00 - 01/06/2025 17:45:00","BZN|FR","Without Sequence","-0.62","",""
"01/06/2025 17:45:00 - 01/06/2025 18:00:00","BZN|FR","Without Sequence","-0.62","",""
"01/06/2025 18:00:00 - 01/06/2025 18:15:00","BZN|FR","Without Sequence","2.94","",""
"01/06/2025 18:15:00 - 01/06/2025 18:30:00","BZN|FR","Without Sequence","2.94","",""
"01/06/2025 18:30:00 - 01/06/2025 18:45:00","BZN|FR","Without Sequence","2.94","",""
"01/06/2025 18:45:00 - 01/06/2025 19:00:00","BZN|FR","Without Sequence","2.94","",""
"01/06/2025 19:00:00 - 01/06/2025 19:15:00","BZN|FR","Without Sequence","22.82","",""
"01/06/2025 19:15:00 - 01/06/2025 19:30:00","BZN|FR","Without Sequence","22.82","",""
"01/06/2025 19:30:00 - 01/06/2025 19:45:00","BZN|FR","Without Sequence","22.82","",""
"01/06/2025 19:45:00 - 01/06/2025 20:00:00","BZN|FR","Without Sequence","22.82","",""
"01/06/2025 20:00:00 - 01/06/2025 20:15:00","BZN|FR","Without Sequence","35.01","",""
"01/06/2025 20:15:00 - 01/06/2025 20:30:00","BZN|FR","Without Sequence","35.01","",""
"01/06/2025 20:30:00 - 01/06/2025 20:45:00","BZN|FR","Without Sequence","35.01","",""
"01/06/2025 20:45:00 - 01/06/2025 21:00:00","BZN|FR","Without Sequence","35.01","",""
"01/06/2025 21:00:00 - 01/06/2025 21:15:00","BZN|FR","Without Sequence","40.55","",""
"01/06/2025 21:15:00 - 01/06/2025 21:30:00","BZN|FR","Without Sequence","40.55","",""
"01/06/2025 21:30:00 - 01/06/2025 21:45:00","BZN|FR","Without Sequence","40.55","",""
"01/06/2025 21:45:00 - 01/06/2025 22:00:00","BZN|FR","Without Sequence","40.55","",""
"01/06/2025 22:00:00 - 01/06/2025 22:15:00","BZN|FR","Without Sequence","53.96","",""
"01/06/2025 22:15:00 - 01/06/2025 22:30:00","BZN|FR","Without Sequence","53.96","",""
"01/06/2025 22:30:00 - 01/06/2025 22:45:00","BZN|FR","Without Sequence","53.96","",""
"01/06/2025 22:45:00 - 01/06/2025 23:00:00","BZN|FR","Without Sequence","53.96","",""
"01/06/2025 23:00:00 - 01/06/2025 23:15:00","BZN|FR","Without Sequence","40.41","",""
"01/06/2025 23:15:00 - 01/06/2025 23:30:00","BZN|FR","Without Sequence","40.41","",""
"01/06/2025 23:30:00 - 01/06/2025 23:45:00","BZN|FR","Without Sequence","40.41","",""
"01/06/2025 23:45:00 - 02/06/2025 00:00:00","BZN|FR","Without Sequence","40.41","",""
"02/06/2025 00:00:00 - 02/06/2025 00:15:00","BZN|FR","Without Sequence","30.24","",""
"02/06/2025 00:15:00 - 02/06/2025 00:30:00","BZN|FR","Without Sequence","30.24","",""
"02/06/2025 00:30:00 - 02/06/2025 00:45:00","BZN|FR","Without Sequence","30.24","",""
"02/06/2025 00:45:00 - 02/06/2025 01:00:00","BZN|FR","Without Sequence","30.24","",""
"02/06/2025 01:00:00 - 02/06/2025 01:15:00","BZN|FR","Without Sequence","27.25","",""
"02/06/2025 01:15:00 - 02/06/2025 01:30:00","BZN|FR","Without Sequence","27.25","",""
"02/06/2025 01:30:00 - 02/06/2025 01:45:00","BZN|FR","Without Sequence","27.25","",""
"02/06/2025 01:45:00 - 02/06/2025 02:00:00","BZN|FR","Without Sequence","27.25","",""
"02/06/2025 02:00:00 - 02/06/2025 02:15:00","BZN|FR","Without Sequence","26.66","",""
"02/06/2025 02:15:00 - 02/06/2025 02:30:00","BZN|FR","Without Sequence","26.66","",""
"02/06/2025 02:30:00 - 02/06/2025 02:45:00","BZN|FR","Without Sequence","26.66","",""
"02/06/2025 02:45:00 - 02/06/2025 03:00:00","BZN|FR","Without Sequence","26.66","",""
"02/06/2025 03:00:00 - 02/06/2025 03:15:00","BZN|FR","Without Sequence","19.10","",""
"02/06/2025 03:15:00 - 02/06/2025 03:30:00","BZN|FR","Without Sequence","19.10","",""
"02/06/2025 03:30:00 - 02/06/2025 03:45:00","BZN|FR","Without Sequence","19.10","",""
"02/06/2025 03:45:00 - 02/06/2025 04:00:00","BZN|FR","Without Sequence","19.10","",""
"02/06/2025 04:00:00 - 02/06/2025 04:15:00","BZN|FR","Without Sequence","20.01","",""
"02/06/2025 04:15:00 - 02/06/2025 04:30:00","BZN|FR","Without Sequence","20.01","",""
"02/06/2025 04:30:00 - 02/06/2025 04:45:00","BZN|FR","Without Sequence","20.01","",""
"02/06/2025 04:45:00 - 02/06/2025 05:00:00","BZN|FR","Without Sequence","20.01","",""
"02/06/2025 05:00:00 - 02/06/2025 05:15:00","BZN|FR","Without Sequence","18.89","",""
"02/06/2025 05:15:00 - 02/06/2025 05:30:00","BZN|FR","Without Sequence","18.89","",""
"02/06/2025 05:30:00 - 02/06/2025 05:45:00","BZN|FR","Without Sequence","18.89","",""
"02/06/2025 05:45:00 - 02/06/2025 06:00:00","BZN|FR","Without Sequence","18.89","",""
"02/06/2025 06:00:00 - 02/06/2025 06:15:00","BZN|FR","Without Sequence","27.90","",""
"02/06/2025 06:15:00 - 02/06/2025 06:30:00","BZN|FR","Without Sequence","27.90","",""
"02/06/2025 06:30:00 - 02/06/2025 06:45:00","BZN|FR","Without Sequence","27.90","",""
"02/06/2025 06:45:00 - 02/06/2025 07:00:00","BZN|FR","Without Sequence","27.90","",""
"02/06/2025 07:00:00 - 02/06/2025 07:15:00","BZN|FR","Without Sequence","45.59","",""
"02/06/2025 07:15:00 - 02/06/2025 07:30:00","BZN|FR","Without Sequence","45.59","",""
"02/06/2025 07:30:00 - 02/06/2025 07:45:00","BZN|FR","Without Sequence","45.59","",""
"02/06/2025 07:45:00 - 02/06/2025 08:00:00","BZN|FR","Without Sequence","45.59","",""
"02/06/2025 08:00:00 - 02/06/2025 08:15:00","BZN|FR","Without Sequence","52.96","",""
"02/06/2025 08:15:00 - 02/06/2025 08:30:00","BZN|FR","Without Sequence","52.96","",""
"02/06/2025 08:30:00 - 02/06/2025 08:45:00","BZN|FR","Without Sequence","52.96","",""
"02/06/2025 08:45:00 - 02/06/2025 09:00:00","BZN|FR","Without Sequence","52.96","",""
"02/06/2025 09:00:00 - 02/06/2025 09:15:00","BZN|FR","Without Sequence","40.01","",""
"02/06/2025 09:15:00 - 02/06/2025 09:30:00","BZN|FR","Without Sequence","40.01","",""
"02/06/2025 09:30:00 - 02/06/2025 09:45:00","BZN|FR","Without Sequence","40.01","",""
"02/06/2025 09:45:00 - 02/06/2025 10:00:00","BZN|FR","Without Sequence","40.01","",""
"02/06/2025 10:00:00 - 02/06/2025 10:15:00","BZN|FR","Without Sequence","17.55","",""
"02/06/2025 10:15:00 - 02/06/2025 10:30:00","BZN|FR","Without Sequence","17.55","",""
"02/06/2025 10:30:00 - 02/06/2025 10:45:00","BZN|FR","Without Sequence","17.55","",""
"02/06/2025 10:45:00 - 02/06/2025 11:00:00","BZN|FR","Without Sequence","17.55","",""
"02/06/2025 11:00:00 - 02/06/2025 11:15:00","BZN|FR","Without Sequence","33.21","",""
"02/06/2025 11:15:00 - 02/06/2025 11:30:00","BZN|FR","Without Sequence","33.21","",""
"02/06/2025 11:30:00 - 02/06/2025 11:45:00","BZN|FR","Without Sequence","33.21","",""
"02/06/2025 11:45:00 - 02/06/2025 12:00:00","BZN|FR","Without Sequence","33.21","",""
"02/06/2025 12:00:00 - 02/06/2025 12:15:00","BZN|FR","Without Sequence","20.00","",""
"02/06/2025 12:15:00 - 02/06/2025 12:30:00","BZN|FR","Without Sequence","20.00","",""
"02/06/2025 12:30:00 - 02/06/2025 12:45:00","BZN|FR","Without Sequence","20.00","",""
"02/06/2025 12:45:00 - 02/06/2025 13:00:00","BZN|FR","Without Sequence","20.00","",""
"02/06/2025 13:00:00 - 02/06/2025 13:15:00","BZN|FR","Without Sequence","12.78","",""
"02/06/2025 13:15:00 - 02/06/2025 13:30:00","BZN|FR","Without Sequence","12.78","",""
"02/06/2025 13:30:00 - 02/06/2025 13:45:00","BZN|FR","Without Sequence","12.78","",""
"02/06/2025 13:45:00 - 02/06/2025 14:00:00","BZN|FR","Without Sequence","12.78","",""
"02/06/2025 14:00:00 - 02/06/2025 14:15:00","BZN|FR","Without Sequence","11.00","",""
"02/06/2025 14:15:00 - 02/06/2025 14:30:00","BZN|FR","Without Sequence","11.00","",""
"02/06/2025 14:30:00 - 02/06/2025 14:45:00","BZN|FR","Without Sequence","11.00","",""
"02/06/2025 14:45:00 - 02/06/2025 15:00:00","BZN|FR","Without Sequence","11.00","",""
"02/06/2025 15:00:00 - 02/06/2025 15:15:00","BZN|FR","Without Sequence","19.75","",""
"02/06/2025 15:15:00 - 02/06/2025 15:30:00","BZN|FR","Without Sequence","19.75","",""
"02/06/2025 15:30:00 - 02/06/2025 15:45:00","BZN|FR","Without Sequence","19.75","",""
"02/06/2025 15:45:00 - 02/06/2025 16:00:00","BZN|FR","Without Sequence","19.75","",""
"02/06/2025 16:00:00 - 02/06/2025 16:15:00","BZN|FR","Without Sequence","0.68","",""
"02/06/2025 16:15:00 - 02/06/2025 16:30:00","BZN|FR","Without Sequence","0.68","",""
"02/06/2025 16:30:00 - 02/06/2025 16:45:00","BZN|FR","Without Sequence","0.68","",""
"02/06/2025 16:45:00 - 02/06/2025 17:00:00","BZN|FR","Without Sequence","0.68","",""
"02/06/2025 17:00:00 - 02/06/2025 17:15:00","BZN|FR","Without Sequence","5.86","",""
"02/06/2025 17:15:00 - 02/06/2025 17:30:00","BZN|FR","Without Sequence","5.86","",""
"02/06/2025 17:30:00 - 02/06/2025 17:45:00","BZN|FR","Without Sequence","5.86","",""
"02/06/2025 17:45:00 - 02/06/2025 18:00:00","BZN|FR","Without Sequence","5.86","",""
"02/06/2025 18:00:00 - 02/06/2025 18:15:00","BZN|FR","Without Sequence","24.28","",""
"02/06/2025 18:15:00 - 02/06/2025 18:30:00","BZN|FR","Without Sequence","24.28","",""
"02/06/2025 18:30:00 - 02/06/2025 18:45:00","BZN|FR","Without Sequence","24.28","",""
"02/06/2025 18:45:00 - 02/06/2025 19:00:00","BZN|FR","Without Sequence","24.28","",""
"02/06/2025 19:00:00 - 02/06/2025 19:15:00","BZN|FR","Without Sequence","79.01","",""
"02/06/2025 19:15:00 - 02/06/2025 19:30:00","BZN|FR","Without Sequence","79.01","",""
"02/06/2025 19:30:00 - 02/06/2025 19:45:00","BZN|FR","Without Sequence","79.01","",""
"02/06/2025 19:45:00 - 02/06/2025 20:00:00","BZN|FR","Without Sequence","79.01","",""
"02/06/2025 20:00:00 - 02/06/2025 20:15:00","BZN|FR","Without Sequence","88.05","",""
"02/06/2025 20:15:00 - 02/06/2025 20:30:00","BZN|FR","Without Sequence","88.05","",""
"02/06/2025 20:30:00 - 02/06/2025 20:45:00","BZN|FR","Without Sequence","88.05","",""
"02/06/2025 20:45:00 - 02/06/2025 21:00:00","BZN|FR","Without Sequence","88.05","",""
"02/06/2025 21:00:00 - 02/06/2025 21:15:00","BZN|FR","Without Sequence","94.50","",""
"02/06/2025 21:15:00 - 02/06/2025 21:30:00","BZN|FR","Without Sequence","94.50","",""
"02/06/2025 21:30:00 - 02/06/2025 21:45:00","BZN|FR","Without Sequence","94.50","",""
"02/06/2025 21:45:00 - 02/06/2025 22:00:00","BZN|FR","Without Sequence","94.50","",""
"02/06/2025 22:00:00 - 02/06/2025 22:15:00","BZN|FR","Without Sequence","95.69","",""
"02/06/2025 22:15:00 - 02/06/2025 22:30:00","BZN|FR","Without Sequence","95.69","",""
"02/06/2025 22:30:00 - 02/06/2025 22:45:00","BZN|FR","Without Sequence","95.69","",""
"02/06/2025 22:45:00 - 02/06/2025 23:00:00","BZN|FR","Without Sequence","95.69","",""
"02/06/2025 23:00:00 - 02/06/2025 23:15:00","BZN|FR","Without Sequence","66.50","",""
"02/06/2025 23:15:00 - 02/06/2025 23:30:00","BZN|FR","Without Sequence","66.50","",""
"02/06/2025 23:30:00 - 02/06/2025 23:45:00","BZN|FR","Without Sequence","66.50","",""
"02/06/2025 23:45:00 - 03/06/2025 00:00:00","BZN|FR","Without Sequence","66.50","",""
"03/06/2025 00:00:00 - 03/06/2025 00:15:00","BZN|FR","Without Sequence","28.03","",""
"03/06/2025 00:15:00 - 03/06/2025 00:30:00","BZN|FR","Without Sequence","28.03","",""
"03/06/2025 00:30:00 - 03/06/2025 00:45:00","BZN|FR","Without Sequence","28.03","",""
"03/06/2025 00:45:00 - 03/06/2025 01:00:00","BZN|FR","Without Sequence","28.03","",""
"03/06/2025 01:00:00 - 03/06/2025 01:15:00","BZN|FR","Without Sequence","10.40","",""
"03/06/2025 01:15:00 - 03/06/2025 01:30:00","BZN|FR","Without Sequence","10.40","",""
"03/06/2025 01:30:00 - 03/06/2025 01:45:00","BZN|FR","Without Sequence","10.40","",""
"03/06/2025 01:45:00 - 03/06/2025 02:00:00","BZN|FR","Without Sequence","10.40","",""
"03/06/2025 02:00:00 - 03/06/2025 02:15:00","BZN|FR","Without Sequence","7.85","",""
"03/06/2025 02:15:00 - 03/06/2025 02:30:00","BZN|FR","Without Sequence","7.85","",""
"03/06/2025 02:30:00 - 03/06/2025 02:45:00","BZN|FR","Without Sequence","7.85","",""
"03/06/2025 02:45:00 - 03/06/2025 03:00:00","BZN|FR","Without Sequence","7.85","",""
"03/06/2025 03:00:00 - 03/06/2025 03:15:00","BZN|FR","Without Sequence","-0.01","",""
"03/06/2025 03:15:00 - 03/06/2025 03:30:00","BZN|FR","Without Sequence","-0.01","",""
"03/06/2025 03:30:00 - 03/06/2025 03:45:00","BZN|FR","Without Sequence","-0.01","",""
"03/06/2025 03:45:00 - 03/06/2025 04:00:00","BZN|FR","Without Sequence","-0.01","",""
"03/06/2025 04:00:00 - 03/06/2025 04:15:00","BZN|FR","Without Sequence","-2.41","",""
"03/06/2025 04:15:00 - 03/06/2025 04:30:00","BZN|FR","Without Sequence","-2.41","",""
"03/06/2025 04:30:00 - 03/06/2025 04:45:00","BZN|FR","Without Sequence","-2.41","",""
"03/06/2025 04:45:00 - 03/06/2025 05:00:00","BZN|FR","Without Sequence","-2.41","",""
"03/06/2025 05:00:00 - 03/06/2025 05:15:00","BZN|FR","Without Sequence","-8.71","",""
"03/06/2025 05:15:00 - 03/06/2025 05:30:00","BZN|FR","Without Sequence","-8.71","",""
"03/06/2025 05:30:00 - 03/06/2025 05:45:00","BZN|FR","Without Sequence","-8.71","",""
"03/06/2025 05:45:00 - 03/06/2025 06:00:00","BZN|FR","Without Sequence","-8.71","",""
"03/06/2025 06:00:00 - 03/06/2025 06:15:00","BZN|FR","Without Sequence","-0.01","",""
"03/06/2025 06:15:00 - 03/06/2025 06:30:00","BZN|FR","Without Sequence","-0.01","",""
"03/06/2025 06:30:00 - 03/06/2025 06:45:00","BZN|FR","Without Sequence","-0.01","",""
"03/06/2025 06:45:00 - 03/06/2025 07:00:00","BZN|FR","Without Sequence","-0.01","",""
"03/06/2025 07:00:00 - 03/06/2025 07:15:00","BZN|FR","Without Sequence","4.48","",""
"03/06/2025 07:15:00 - 03/06/2025 07:30:00","BZN|FR","Without Sequence","4.48","",""
"03/06/2025 07:30:00 - 03/06/2025 07:45:00","BZN|FR","Without Sequence","4.48","",""
"03/06/2025 07:45:00 - 03/06/2025 08:00:00","BZN|FR","Without Sequence","4.48","",""
"03/06/2025 08:00:00 - 03/06/2025 08:15:00","BZN|FR","Without Sequence","46.21","",""
"03/06/2025 08:15:00 - 03/06/2025 08:30:00","BZN|FR","Without Sequence","46.21","",""
"03/06/2025 08:30:00 - 03/06/2025 08:45:00","BZN|FR","Without Sequence","46.21","",""
"03/06/2025 08:45:00 - 03/06/2025 09:00:00","BZN|FR","Without Sequence","46.21","",""
"03/06/2025 09:00:00 - 03/06/2025 09:15:00","BZN|FR","Without Sequence","38.13","",""
"03/06/2025 09:15:00 - 03/06/2025 09:30:00","BZN|FR","Without Sequence","38.13","",""
"03/06/2025 09:30:00 - 03/06/2025 09:45:00","BZN|FR","Without Sequence","38.13","",""
"03/06/2025 09:45:00 - 03/06/2025 10:00:00","BZN|FR","Without Sequence","38.13","",""
"03/06/2025 10:00:00 - 03/06/2025 10:15:00","BZN|FR","Without Sequence","0.00","",""
"03/06/2025 10:15:00 - 03/06/2025 10:30:00","BZN|FR","Without Sequence","0.00","",""
"03/06/2025 10:30:00 - 03/06/2025 10:45:00","BZN|FR","Without Sequence","0.00","",""
"03/06/2025 10:45:00 - 03/06/2025 11:00:00","BZN|FR","Without Sequence","0.00","",""
"03/06/2025 11:00:00 - 03/06/2025 11:15:00","BZN|FR","Without Sequence","-0.01","",""
"03/06/2025 11:15:00 - 03/06/2025 11:30:00","BZN|FR","Without Sequence","-0.01","",""
"03/06/2025 11:30:00 - 03/06/2025 11:45:00","BZN|FR","Without Sequence","-0.01","",""
"03/06/2025 11:45:00 - 03/06/2025 12:00:00","BZN|FR","Without Sequence","-0.01","",""
"03/06/2025 12:00:00 - 03/06/2025 12:15:00","BZN|FR","Without Sequence","-0.10","",""
"03/06/2025 12:15:00 - 03/06/2025 12:30:00","BZN|FR","Without Sequence","-0.10","",""
"03/06/2025 12:30:00 - 03/06/2025 12:45:00","BZN|FR","Without Sequence","-0.10","",""
"03/06/2025 12:45:00 - 03/06/2025 13:00:00","BZN|FR","Without Sequence","-0.10","",""
"03/06/2025 13:00:00 - 03/06/2025 13:15:00","BZN|FR","Without Sequence","-1.57","",""
"03/06/2025 13:15:00 - 03/06/2025 13:30:00","BZN|FR","Without Sequence","-1.57","",""
"03/06/2025 13:30:00 - 03/06/2025 13:45:00","BZN|FR","Without Sequence","-1.57","",""
"03/06/2025 13:45:00 - 03/06/2025 14:00:00","BZN|FR","Without Sequence","-1.57","",""
"03/06/2025 14:00:00 - 03/06/2025 14:15:00","BZN|FR","Without Sequence","-5.80","",""
"03/06/2025 14:15:00 - 03/06/2025 14:30:00","BZN|FR","Without Sequence","-5.80","",""
"03/06/2025 14:30:00 - 03/06/2025 14:45:00","BZN|FR","Without Sequence","-5.80","",""
"03/06/2025 14:45:00 - 03/06/2025 15:00:00","BZN|FR","Without Sequence","-5.80","",""
"03/06/2025 15:00:00 - 03/06/2025 15:15:00","BZN|FR","Without Sequence","-1.06","",""
"03/06/2025 15:15:00 - 03/06/2025 15:30:00","BZN|FR","Without Sequence","-1.06","",""
"03/06/2025 15:30:00 - 03/06/2025 15:45:00","BZN|FR","Without Sequence","-1.06","",""
"03/06/2025 15:45:00 - 03/06/2025 16:00:00","BZN|FR","Without Sequence","-1.06","",""
"03/06/2025 16:00:00 - 03/06/2025 16:15:00","BZN|FR","Without Sequence","-0.01","",""
"03/06/2025 16:15:00 - 03/06/2025 16:30:00","BZN|FR","Without Sequence","-0.01","",""
"03/06/2025 16:30:00 - 03/06/2025 16:45:00","BZN|FR","Without Sequence","-0.01","",""
"03/06/2025 16:45:00 - 03/06/2025 17:00:00","BZN|FR","Without Sequence","-0.01","",""
"03/06/2025 17:00:00 - 03/06/2025 17:15:00","BZN|FR","Without Sequence","0.00","",""
"03/06/2025 17:15:00 - 03/06/2025 17:30:00","BZN|FR","Without Sequence","0.00","",""
"03/06/2025 17:30:00 - 03/06/2025 17:45:00","BZN|FR","Without Sequence","0.00","",""
"03/06/2025 17:45:00 - 03/06/2025 18:00:00","BZN|FR","Without Sequence","0.00","",""
"03/06/2025 18:00:00 - 03/06/2025 18:15:00","BZN|FR","Without Sequence","17.71","",""
"03/06/2025 18:15:00 - 03/06/2025 18:30:00","BZN|FR","Without Sequence","17.71","",""
"03/06/2025 18:30:00 - 03/06/2025 18:45:00","BZN|FR","Without Sequence","17.71","",""
"03/06/2025 18:45:00 - 03/06/2025 19:00:00","BZN|FR","Without Sequence","17.71","",""
"03/06/2025 19:00:00 - 03/06/2025 19:15:00","BZN|FR","Without Sequence","38.57","",""
"03/06/2025 19:15:00 - 03/06/2025 19:30:00","BZN|FR","Without Sequence","38.57","",""
"03/06/2025 19:30:00 - 03/06/2025 19:45:00","BZN|FR","Without Sequence","38.57","",""
"03/06/2025 19:45:00 - 03/06/2025 20:00:00","BZN|FR","Without Sequence","38.57","",""
"03/06/2025 20:00:00 - 03/06/2025 20:15:00","BZN|FR","Without Sequence","36.31","",""
"03/06/2025 20:15:00 - 03/06/2025 20:30:00","BZN|FR","Without Sequence","36.31","",""
"03/06/2025 20:30:00 - 03/06/2025 20:45:00","BZN|FR","Without Sequence","36.31","",""
"03/06/2025 20:45:00 - 03/06/2025 21:00:00","BZN|FR","Without Sequence","36.31","",""
"03/06/2025 21:00:00 - 03/06/2025 21:15:00","BZN|FR","Without Sequence","53.08","",""
"03/06/2025 21:15:00 - 03/06/2025 21:30:00","BZN|FR","Without Sequence","53.08","",""
"03/06/2025 21:30:00 - 03/06/2025 21:45:00","BZN|FR","Without Sequence","53.08","",""
"03/06/2025 21:45:00 - 03/06/2025 22:00:00","BZN|FR","Without Sequence","53.08","",""
"03/06/2025 22:00:00 - 03/06/2025 22:15:00","BZN|FR","Without Sequence","90.01","",""
"03/06/2025 22:15:00 - 03/06/2025 22:30:00","BZN|FR","Without Sequence","90.01","",""
"03/06/2025 22:30:00 - 03/06/2025 22:45:00","BZN|FR","Without Sequence","90.01","",""
"03/06/2025 22:45:00 - 03/06/2025 23:00:00","BZN|FR","Without Sequence","90.01","",""
"03/06/2025 23:00:00 - 03/06/2025 23:15:00","BZN|FR","Without Sequence","62.74","",""
"03/06/2025 23:15:00 - 03/06/2025 23:30:00","BZN|FR","Without Sequence","62.74","",""
"03/06/2025 23:30:00 - 03/06/2025 23:45:00","BZN|FR","Without Sequence","62.74","",""
"03/06/2025 23:45:00 - 04/06/2025 00:00:00","BZN|FR","Without Sequence","62.74","",""
"04/06/2025 00:00:00 - 04/06/2025 00:15:00","BZN|FR","Without Sequence","28.83","",""
"04/06/2025 00:15:00 - 04/06/2025 00:30:00","BZN|FR","Without Sequence","28.83","",""
"04/06/2025 00:30:00 - 04/06/2025 00:45:00","BZN|FR","Without Sequence","28.83","",""
"04/06/2025 00:45:00 - 04/06/2025 01:00:00","BZN|FR","Without Sequence","28.83","",""
"04/06/2025 01:00:00 - 04/06/2025 01:15:00","BZN|FR","Without Sequence","10.15","",""
"04/06/2025 01:15:00 - 04/06/2025 01:30:00","BZN|FR","Without Sequence","10.15","",""
"04/06/2025 01:30:00 - 04/06/2025 01:45:00","BZN|FR","Without Sequence","10.15","",""
"04/06/2025 01:45:00 - 04/06/2025 02:00:00","BZN|FR","Without Sequence","10.15","",""
"04/06/2025 02:00:00 - 04/06/2025 02:15:00","BZN|FR","Without Sequence","14.08","",""
"04/06/2025 02:15:00 - 04/06/2025 02:30:00","BZN|FR","Without Sequence","14.08","",""
"04/06/2025 02:30:00 - 04/06/2025 02:45:00","BZN|FR","Without Sequence","14.08","",""
"04/06/2025 02:45:00 - 04/06/2025 03:00:00","BZN|FR","Without Sequence","14.08","",""
"04/06/2025 03:00:00 - 04/06/2025 03:15:00","BZN|FR","Without Sequence","16.25","",""
"04/06/2025 03:15:00 - 04/06/2025 03:30:00","BZN|FR","Without Sequence","16.25","",""
"04/06/2025 03:30:00 - 04/06/2025 03:45:00","BZN|FR","Without Sequence","16.25","",""
"04/06/2025 03:45:00 - 04/06/2025 04:00:00","BZN|FR","Without Sequence","16.25","",""
"04/06/2025 04:00:00 - 04/06/2025 04:15:00","BZN|FR","Without Sequence","13.02","",""
"04/06/2025 04:15:00 - 04/06/2025 04:30:00","BZN|FR","Without Sequence","13.02","",""
"04/06/2025 04:30:00 - 04/06/2025 04:45:00","BZN|FR","Without Sequence","13.02","",""
"04/06/2025 04:45:00 - 04/06/2025 05:00:00","BZN|FR","Without Sequence","13.02","",""
"04/06/2025 05:00:00 - 04/06/2025 05:15:00","BZN|FR","Without Sequence","10.50","",""
"04/06/2025 05:15:00 - 04/06/2025 05:30:00","BZN|FR","Without Sequence","10.50","",""
"04/06/2025 05:30:00 - 04/06/2025 05:45:00","BZN|FR","Without Sequence","10.50","",""
"04/06/2025 05:45:00 - 04/06/2025 06:00:00","BZN|FR","Without Sequence","10.50","",""
"04/06/2025 06:00:00 - 04/06/2025 06:15:00","BZN|FR","Without Sequence","23.83","",""
"04/06/2025 06:15:00 - 04/06/2025 06:30:00","BZN|FR","Without Sequence","23.83","",""
"04/06/2025 06:30:00 - 04/06/2025 06:45:00","BZN|FR","Without Sequence","23.83","",""
"04/06/2025 06:45:00 - 04/06/2025 07:00:00","BZN|FR","Without Sequence","23.83","",""
"04/06/2025 07:00:00 - 04/06/2025 07:15:00","BZN|FR","Without Sequence","3.00","",""
"04/06/2025 07:15:00 - 04/06/2025 07:30:00","BZN|FR","Without Sequence","3.00","",""
"04/06/2025 07:30:00 - 04/06/2025 07:45:00","BZN|FR","Without Sequence","3.00","",""
"04/06/2025 07:45:00 - 04/06/2025 08:00:00","BZN|FR","Without Sequence","3.00","",""
"04/06/2025 08:00:00 - 04/06/2025 08:15:00","BZN|FR","Without Sequence","48.72","",""
"04/06/2025 08:15:00 - 04/06/2025 08:30:00","BZN|FR","Without Sequence","48.72","",""
"04/06/2025 08:30:00 - 04/06/2025 08:45:00","BZN|FR","Without Sequence","48.72","",""
"04/06/2025 08:45:00 - 04/06/2025 09:00:00","BZN|FR","Without Sequence","48.72","",""
"04/06/2025 09:00:00 - 04/06/2025 09:15:00","BZN|FR","Without Sequence","33.02","",""
"04/06/2025 09:15:00 - 04/06/2025 09:30:00","BZN|FR","Without Sequence","33.02","",""
"04/06/2025 09:30:00 - 04/06/2025 09:45:00","BZN|FR","Without Sequence","33.02","",""
"04/06/2025 09:45:00 - 04/06/2025 10:00:00","BZN|FR","Without Sequence","33.02","",""
"04/06/2025 10:00:00 - 04/06/2025 10:15:00","BZN|FR","Without Sequence","32.35","",""
"04/06/2025 10:15:00 - 04/06/2025 10:30:00","BZN|FR","Without Sequence","32.35","",""
"04/06/2025 10:30:00 - 04/06/2025 10:45:00","BZN|FR","Without Sequence","32.35","",""
"04/06/2025 10:45:00 - 04/06/2025 11:00:00","BZN|FR","Without Sequence","32.35","",""
"04/06/2025 11:00:00 - 04/06/2025 11:15:00","BZN|FR","Without Sequence","4.83","",""
"04/06/2025 11:15:00 - 04/06/2025 11:30:00","BZN|FR","Without Sequence","4.83","",""
"04/06/2025 11:30:00 - 04/06/2025 11:45:00","BZN|FR","Without Sequence","4.83","",""
"04/06/2025 11:45:00 - 04/06/2025 12:00:00","BZN|FR","Without Sequence","4.83","",""
"04/06/2025 12:00:00 - 04/06/2025 12:15:00","BZN|FR","Without Sequence","19.21","",""
"04/06/2025 12:15:00 - 04/06/2025 12:30:00","BZN|FR","Without Sequence","19.21","",""
"04/06/2025 12:30:00 - 04/06/2025 12:45:00","BZN|FR","Without Sequence","19.21","",""
"04/06/2025 12:45:00 - 04/06/2025 13:00:00","BZN|FR","Without Sequence","19.21","",""
"04/06/2025 13:00:00 - 04/06/2025 13:15:00","BZN|FR","Without Sequence","9.69","",""
"04/06/2025 13:15:00 - 04/06/2025 13:30:00","BZN|FR","Without Sequence","9.69","",""
"04/06/2025 13:30:00 - 04/06/2025 13:45:00","BZN|FR","Without Sequence","9.69","",""
"04/06/2025 13:45:00 - 04/06/2025 14:00:00","BZN|FR","Without Sequence","9.69","",""
"04/06/2025 14:00:00 - 04/06/2025 14:15:00","BZN|FR","Without Sequence","1.72","",""
"04/06/2025 14:15:00 - 04/06/2025 14:30:00","BZN|FR","Without Sequence","1.72","",""
"04/06/2025 14:30:00 - 04/06/2025 14:45:00","BZN|FR","Without Sequence","1.72","",""
"04/06/2025 14:45:00 - 04/06/2025 15:00:00","BZN|FR","Without Sequence","1.72","",""
"04/06/2025 15:00:00 - 04/06/2025 15:15:00","BZN|FR","Without Sequence","0.09","",""
"04/06/2025 15:15:00 - 04/06/2025 15:30:00","BZN|FR","Without Sequence","0.09","",""
"04/06/2025 15:30:00 - 04/06/2025 15:45:00","BZN|FR","Without Sequence","0.09","",""
"04/06/2025 15:45:00 - 04/06/2025 16:00:00","BZN|FR","Without Sequence","0.09","",""
"04/06/2025 16:00:00 - 04/06/2025 16:15:00","BZN|FR","Without Sequence","0.00","",""
"04/06/2025 16:15:00 - 04/06/2025 16:30:00","BZN|FR","Without Sequence","0.00","",""
"04/06/2025 16:30:00 - 04/06/2025 16:45:00","BZN|FR","Without Sequence","0.00","",""
"04/06/2025 16:45:00 - 04/06/2025 17:00:00","BZN|FR","Without Sequence","0.00","",""
"04/06/2025 17:00:00 - 04/06/2025 17:15:00","BZN|FR","Without Sequence","6.20","",""
"04/06/2025 17:15:00 - 04/06/2025 17:30:00","BZN|FR","Without Sequence","6.20","",""
"04/06/2025 17:30:00 - 04/06/2025 17:45:00","BZN|FR","Without Sequence","6.20","",""
"04/06/2025 17:45:00 - 04/06/2025 18:00:00","BZN|FR","Without Sequence","6.20","",""
"04/06/2025 18:00:00 - 04/06/2025 18:15:00","BZN|FR","Without Sequence","15.49","",""
"04/06/2025 18:15:00 - 04/06/2025 18:30:00","BZN|FR","Without Sequence","15.49","",""
"04/06/2025 18:30:00 - 04/06/2025 18:45:00","BZN|FR","Without Sequence","15.49","",""
"04/06/2025 18:45:00 - 04/06/2025 19:00:00","BZN|FR","Without Sequence","15.49","",""
"04/06/2025 19:00:00 - 04/06/2025 19:15:00","BZN|FR","Without Sequence","39.15","",""
"04/06/2025 19:15:00 - 04/06/2025 19:30:00","BZN|FR","Without Sequence","39.15","",""
"04/06/2025 19:30:00 - 04/06/2025 19:45:00","BZN|FR","Without Sequence","39.15","",""
"04/06/2025 19:45:00 - 04/06/2025 20:00:00","BZN|FR","Without Sequence","39.15","",""
"04/06/2025 20:00:00 - 04/06/2025 20:15:00","BZN|FR","Without Sequence","32.77","",""
"04/06/2025 20:15:00 - 04/06/2025 20:30:00","BZN|FR","Without Sequence","32.77","",""
"04/06/2025 20:30:00 - 04/06/2025 20:45:00","BZN|FR","Without Sequence","32.77","",""
"04/06/2025 20:45:00 - 04/06/2025 21:00:00","BZN|FR","Without Sequence","32.77","",""
"04/06/2025 21:00:00 - 04/06/2025 21:15:00","BZN|FR","Without Sequence","23.82","",""
"04/06/2025 21:15:00 - 04/06/2025 21:30:00","BZN|FR","Without Sequence","23.82","",""
"04/06/2025 21:30:00 - 04/06/2025 21:45:00","BZN|FR","Without Sequence","23.82","",""
"04/06/2025 21:45:00 - 04/06/2025 22:00:00","BZN|FR","Without Sequence","23.82","",""
"04/06/2025 22:00:00 - 04/06/2025 22:15:00","BZN|FR","Without Sequence","55.92","",""
"04/06/2025 22:15:00 - 04/06/2025 22:30:00","BZN|FR","Without Sequence","55.92","",""
"04/06/2025 22:30:00 - 04/06/2025 22:45:00","BZN|FR","Without Sequence","55.92","",""
"04/06/2025 22:45:00 - 04/06/2025 23:00:00","BZN|FR","Without Sequence","55.92","",""
"04/06/2025 23:00:00 - 04/06/2025 23:15:00","BZN|FR","Without Sequence","53.22","",""
"04/06/2025 23:15:00 - 04/06/2025 23:30:00","BZN|FR","Without Sequence","53.22","",""
"04/06/2025 23:30:00 - 04/06/2025 23:45:00","BZN|FR","Without Sequence","53.22","",""
"04/06/2025 23:45:00 - 05/06/2025 00:00:00","BZN|FR","Without Sequence","53.22","",""
"05/06/2025 00:00:00 - 05/06/2025 00:15:00","BZN|FR","Without Sequence","-0.01","",""
"05/06/2025 00:15:00 - 05/06/2025 00:30:00","BZN|FR","Without Sequence","-0.01","",""
"05/06/2025 00:30:00 - 05/06/2025 00:45:00","BZN|FR","Without Sequence","-0.01","",""
"05/06/2025 00:45:00 - 05/06/2025 01:00:00","BZN|FR","Without Sequence","-0.01","",""
"05/06/2025 01:00:00 - 05/06/2025 01:15:00","BZN|FR","Without Sequence","-0.01","",""
"05/06/2025 01:15:00 - 05/06/2025 01:30:00","BZN|FR","Without Sequence","-0.01","",""
"05/06/2025 01:30:00 - 05/06/2025 01:45:00","BZN|FR","Without Sequence","-0.01","",""
"05/06/2025 01:45:00 - 05/06/2025 02:00:00","BZN|FR","Without Sequence","-0.01","",""
"05/06/2025 02:00:00 - 05/06/2025 02:15:00","BZN|FR","Without Sequence","-0.06","",""
"05/06/2025 02:15:00 - 05/06/2025 02:30:00","BZN|FR","Without Sequence","-0.06","",""
"05/06/2025 02:30:00 - 05/06/2025 02:45:00","BZN|FR","Without Sequence","-0.06","",""
"05/06/2025 02:45:00 - 05/06/2025 03:00:00","BZN|FR","Without Sequence","-0.06","",""
"05/06/2025 03:00:00 - 05/06/2025 03:15:00","BZN|FR","Without Sequence","-0.39","",""
"05/06/2025 03:15:00 - 05/06/2025 03:30:00","BZN|FR","Without Sequence","-0.39","",""
"05/06/2025 03:30:00 - 05/06/2025 03:45:00","BZN|FR","Without Sequence","-0.39","",""
"05/06/2025 03:45:00 - 05/06/2025 04:00:00","BZN|FR","Without Sequence","-0.39","",""
"05/06/2025 04:00:00 - 05/06/2025 04:15:00","BZN|FR","Without Sequence","-2.20","",""
"05/06/2025 04:15:00 - 05/06/2025 04:30:00","BZN|FR","Without Sequence","-2.20","",""
"05/06/2025 04:30:00 - 05/06/2025 04:45:00","BZN|FR","Without Sequence","-2.20","",""
"05/06/2025 04:45:00 - 05/06/2025 05:00:00","BZN|FR","Without Sequence","-2.20","",""
"05/06/2025 05:00:00 - 05/06/2025 05:15:00","BZN|FR","Without Sequence","-0.11","",""
"05/06/2025 05:15:00 - 05/06/2025 05:30:00","BZN|FR","Without Sequence","-0.11","",""
"05/06/2025 05:30:00 - 05/06/2025 05:45:00","BZN|FR","Without Sequence","-0.11","",""
"05/06/2025 05:45:00 - 05/06/2025 06:00:00","BZN|FR","Without Sequence","-0.11","",""
"05/06/2025 06:00:00 - 05/06/2025 06:15:00","BZN|FR","Without Sequence","-0.02","",""
"05/06/2025 06:15:00 - 05/06/2025 06:30:00","BZN|FR","Without Sequence","-0.02","",""
"05/06/2025 06:30:00 - 05/06/2025 06:45:00","BZN|FR","Without Sequence","-0.02","",""
"05/06/2025 06:45:00 - 05/06/2025 07:00:00","BZN|FR","Without Sequence","-0.02","",""
"05/06/2025 07:00:00 - 05/06/2025 07:15:00","BZN|FR","Without Sequence","0.00","",""
"05/06/2025 07:15:00 - 05/06/2025 07:30:00","BZN|FR","Without Sequence","0.00","",""
"05/06/2025 07:30:00 - 05/06/2025 07:45:00","BZN|FR","Without Sequence","0.00","",""
"05/06/2025 07:45:00 - 05/06/2025 08:00:00","BZN|FR","Without Sequence","0.00","",""
"05/06/2025 08:00:00 - 05/06/2025 08:15:00","BZN|FR","Without Sequence","0.00","",""
"05/06/2025 08:15:00 - 05/06/2025 08:30:00","BZN|FR","Without Sequence","0.00","",""
"05/06/2025 08:30:00 - 05/06/2025 08:45:00","BZN|FR","Without Sequence","0.00","",""
"05/06/2025 08:45:00 - 05/06/2025 09:00:00","BZN|FR","Without Sequence","0.00","",""
"05/06/2025 09:00:00 - 05/06/2025 09:15:00","BZN|FR","Without Sequence","-0.01","",""
"05/06/2025 09:15:00 - 05/06/2025 09:30:00","BZN|FR","Without Sequence","-0.01","",""
"05/06/2025 09:30:00 - 05/06/2025 09:45:00","BZN|FR","Without Sequence","-0.01","",""
"05/06/2025 09:45:00 - 05/06/2025 10:00:00","BZN|FR","Without Sequence","-0.01","",""
"05/06/2025 10:00:00 - 05/06/2025 10:15:00","BZN|FR","Without Sequence","-0.01","",""
"05/06/2025 10:15:00 - 05/06/2025 10:30:00","BZN|FR","Without Sequence","-0.01","",""
"05/06/2025 10:30:00 - 05/06/2025 10:45:00","BZN|FR","Without Sequence","-0.01","",""
"05/06/2025 10:45:00 - 05/06/2025 11:00:00","BZN|FR","Without Sequence","-0.01","",""
"05/06/2025 11:00:00 - 05/06/2025 11:15:00","BZN|FR","Without Sequence","-0.02","",""
"05/06/2025 11:15:00 - 05/06/2025 11:30:00","BZN|FR","Without Sequence","-0.02","",""
"05/06/2025 11:30:00 - 05/06/2025 11:45:00","BZN|FR","Without Sequence","-0.02","",""
"05/06/2025 11:45:00 - 05/06/2025 12:00:00","BZN|FR","Without Sequence","-0.02","",""
"05/06/2025 12:00:00 - 05/06/2025 12:15:00","BZN|FR","Without Sequence","-0.01","",""
"05/06/2025 12:15:00 - 05/06/2025 12:30:00","BZN|FR","Without Sequence","-0.01","",""
"05/06/2025 12:30:00 - 05/06/2025 12:45:00","BZN|FR","Without Sequence","-0.01","",""
"05/06/2025 12:45:00 - 05/06/2025 13:00:00","BZN|FR","Without Sequence","-0.01","",""
"05/06/2025 13:00:00 - 05/06/2025 13:15:00","BZN|FR","Without Sequence","-0.01","",""
"05/06/2025 13:15:00 - 05/06/2025 13:30:00","BZN|FR","Without Sequence","-0.01","",""
"05/06/2025 13:30:00 - 05/06/2025 13:45:00","BZN|FR","Without Sequence","-0.01","",""
"05/06/2025 13:45:00 - 05/06/2025 14:00:00","BZN|FR","Without Sequence","-0.01","",""
"05/06/2025 14:00:00 - 05/06/2025 14:15:00","BZN|FR","Without Sequence","-0.01","",""
"05/06/2025 14:15:00 - 05/06/2025 14:30:00","BZN|FR","Without Sequence","-0.01","",""
"05/06/2025 14:30:00 - 05/06/2025 14:45:00","BZN|FR","Without Sequence","-0.01","",""
"05/06/2025 14:45:00 - 05/06/2025 15:00:00","BZN|FR","Without Sequence","-0.01","",""
"05/06/2025 15:00:00 - 05/06/2025 15:15:00","BZN|FR","Without Sequence","-0.01","",""
"05/06/2025 15:15:00 - 05/06/2025 15:30:00","BZN|FR","Without Sequence","-0.01","",""
"05/06/2025 15:30:00 - 05/06/2025 15:45:00","BZN|FR","Without Sequence","-0.01","",""
"05/06/2025 15:45:00 - 05/06/2025 16:00:00","BZN|FR","Without Sequence","-0.01","",""
"05/06/2025 16:00:00 - 05/06/2025 16:15:00","BZN|FR","Without Sequence","-0.01","",""
"05/06/2025 16:15:00 - 05/06/2025 16:30:00","BZN|FR","Without Sequence","-0.01","",""
"05/06/2025 16:30:00 - 05/06/2025 16:45:00","BZN|FR","Without Sequence","-0.01","",""
"05/06/2025 16:45:00 - 05/06/2025 17:00:00","BZN|FR","Without Sequence","-0.01","",""
"05/06/2025 17:00:00 - 05/06/2025 17:15:00","BZN|FR","Without Sequence","-0.01","",""
"05/06/2025 17:15:00 - 05/06/2025 17:30:00","BZN|FR","Without Sequence","-0.01","",""
"05/06/2025 17:30:00 - 05/06/2025 17:45:00","BZN|FR","Without Sequence","-0.01","",""
"05/06/2025 17:45:00 - 05/06/2025 18:00:00","BZN|FR","Without Sequence","-0.01","",""
"05/06/2025 18:00:00 - 05/06/2025 18:15:00","BZN|FR","Without Sequence","3.17","",""
"05/06/2025 18:15:00 - 05/06/2025 18:30:00","BZN|FR","Without Sequence","3.17","",""
"05/06/2025 18:30:00 - 05/06/2025 18:45:00","BZN|FR","Without Sequence","3.17","",""
"05/06/2025 18:45:00 - 05/06/2025 19:00:00","BZN|FR","Without Sequence","3.17","",""
"05/06/2025 19:00:00 - 05/06/2025 19:15:00","BZN|FR","Without Sequence","25.52","",""
"05/06/2025 19:15:00 - 05/06/2025 19:30:00","BZN|FR","Without Sequence","25.52","",""
"05/06/2025 19:30:00 - 05/06/2025 19:45:00","BZN|FR","Without Sequence","25.52","",""
"05/06/2025 19:45:00 - 05/06/2025 20:00:00","BZN|FR","Without Sequence","25.52","",""
"05/06/2025 20:00:00 - 05/06/2025 20:15:00","BZN|FR","Without Sequence","16.14","",""
"05/06/2025 20:15:00 - 05/06/2025 20:30:00","BZN|FR","Without Sequence","16.14","",""
"05/06/2025 20:30:00 - 05/06/2025 20:45:00","BZN|FR","Without Sequence","16.14","",""
"05/06/2025 20:45:00 - 05/06/2025 21:00:00","BZN|FR","Without Sequence","16.14","",""
"05/06/2025 21:00:00 - 05/06/2025 21:15:00","BZN|FR","Without Sequence","32.62","",""
"05/06/2025 21:15:00 - 05/06/2025 21:30:00","BZN|FR","Without Sequence","32.62","",""
"05/06/2025 21:30:00 - 05/06/2025 21:45:00","BZN|FR","Without Sequence","32.62","",""
"05/06/2025 21:45:00 - 05/06/2025 22:00:00","BZN|FR","Without Sequence","32.62","",""
"05/06/2025 22:00:00 - 05/06/2025 22:15:00","BZN|FR","Without Sequence","24.04","",""
"05/06/2025 22:15:00 - 05/06/2025 22:30:00","BZN|FR","Without Sequence","24.04","",""
"05/06/2025 22:30:00 - 05/06/2025 22:45:00","BZN|FR","Without Sequence","24.04","",""
"05/06/2025 22:45:00 - 05/06/2025 23:00:00","BZN|FR","Without Sequence","24.04","",""
"05/06/2025 23:00:00 - 05/06/2025 23:15:00","BZN|FR","Without Sequence","26.93","",""
"05/06/2025 23:15:00 - 05/06/2025 23:30:00","BZN|FR","Without Sequence","26.93","",""
"05/06/2025 23:30:00 - 05/06/2025 23:45:00","BZN|FR","Without Sequence","26.93","",""
"05/06/2025 23:45:00 - 06/06/2025 00:00:00","BZN|FR","Without Sequence","26.93","",""
"06/06/2025 00:00:00 - 06/06/2025 00:15:00","BZN|FR","Without Sequence","34.63","",""
"06/06/2025 00:15:00 - 06/06/2025 00:30:00","BZN|FR","Without Sequence","34.63","",""
"06/06/2025 00:30:00 - 06/06/2025 00:45:00","BZN|FR","Without Sequence","34.63","",""
"06/06/2025 00:45:00 - 06/06/2025 01:00:00","BZN|FR","Without Sequence","34.63","",""
"06/06/2025 01:00:00 - 06/06/2025 01:15:00","BZN|FR","Without Sequence","13.39","",""
"06/06/2025 01:15:00 - 06/06/2025 01:30:00","BZN|FR","Without Sequence","13.39","",""
"06/06/2025 01:30:00 - 06/06/2025 01:45:00","BZN|FR","Without Sequence","13.39","",""
"06/06/2025 01:45:00 - 06/06/2025 02:00:00","BZN|FR","Without Sequence","13.39","",""
"06/06/2025 02:00:00 - 06/06/2025 02:15:00","BZN|FR","Without Sequence","11.17","",""
"06/06/2025 02:15:00 - 06/06/2025 02:30:00","BZN|FR","Without Sequence","11.17","",""
"06/06/2025 02:30:00 - 06/06/2025 02:45:00","BZN|FR","Without Sequence","11.17","",""
"06/06/2025 02:45:00 - 06/06/2025 03:00:00","BZN|FR","Without Sequence","11.17","",""
"06/06/2025 03:00:00 - 06/06/2025 03:15:00","BZN|FR","Without Sequence","14.79","",""
"06/06/2025 03:15:00 - 06/06/2025 03:30:00","BZN|FR","Without Sequence","14.79","",""
"06/06/2025 03:30:00 - 06/06/2025 03:45:00","BZN|FR","Without Sequence","14.79","",""
"06/06/2025 03:45:00 - 06/06/2025 04:00:00","BZN|FR","Without Sequence","14.79","",""
"06/06/2025 04:00:00 - 06/06/2025 04:15:00","BZN|FR","Without Sequence","20.02","",""
"06/06/2025 04:15:00 - 06/06/2025 04:30:00","BZN|FR","Without Sequence","20.02","",""
"06/06/2025 04:30:00 - 06/06/2025 04:45:00","BZN|FR","Without Sequence","20.02","",""
"06/06/2025 04:45:00 - 06/06/2025 05:00:00","BZN|FR","Without Sequence","20.02","",""
"06/06/2025 05:00:00 - 06/06/2025 05:15:00","BZN|FR","Without Sequence","0.00","",""
"06/06/2025 05:15:00 - 06/06/2025 05:30:00","BZN|FR","Without Sequence","0.00","",""
"06/06/2025 05:30:00 - 06/06/2025 05:45:00","BZN|FR","Without Sequence","0.00","",""
"06/06/2025 05:45:00 - 06/06/2025 06:00:00","BZN|FR","Without Sequence","0.00","",""
"06/06/2025 06:00:00 - 06/06/2025 06:15:00","BZN|FR","Without Sequence","13.90","",""
"06/06/2025 06:15:00 - 06/06/2025 06:30:00","BZN|FR","Without Sequence","13.90","",""
"06/06/2025 06:30:00 - 06/06/2025 06:45:00","BZN|FR","Without Sequence","13.90","",""
"06/06/2025 06:45:00 - 06/06/2025 07:00:00","BZN|FR","Without Sequence","13.90","",""
"06/06/2025 07:00:00 - 06/06/2025 07:15:00","BZN|FR","Without Sequence","5.19","",""
"06/06/2025 07:15:00 - 06/06/2025 07:30:00","BZN|FR","Without Sequence","5.19","",""
"06/06/2025 07:30:00 - 06/06/2025 07:45:00","BZN|FR","Without Sequence","5.19","",""
"06/06/2025 07:45:00 - 06/06/2025 08:00:00","BZN|FR","Without Sequence","5.19","",""
"06/06/2025 08:00:00 - 06/06/2025 08:15:00","BZN|FR","Without Sequence","14.23","",""
"06/06/2025 08:15:00 - 06/06/2025 08:30:00","BZN|FR","Without Sequence","14.23","",""
"06/06/2025 08:30:00 - 06/06/2025 08:45:00","BZN|FR","Without Sequence","14.23","",""
"06/06/2025 08:45:00 - 06/06/2025 09:00:00","BZN|FR","Without Sequence","14.23","",""
"06/06/2025 09:00:00 - 06/06/2025 09:15:00","BZN|FR","Without Sequence","4.66","",""
"06/06/2025 09:15:00 - 06/06/2025 09:30:00","BZN|FR","Without Sequence","4.66","",""
"06/06/2025 09:30:00 - 06/06/2025 09:45:00","BZN|FR","Without Sequence","4.66","",""
"06/06/2025 09:45:00 - 06/06/2025 10:00:00","BZN|FR","Without Sequence","4.66","",""
"06/06/2025 10:00:00 - 06/06/2025 10:15:00","BZN|FR","Without Sequence","0.00","",""
"06/06/2025 10:15:00 - 06/06/2025 10:30:00","BZN|FR","Without Sequence","0.00","",""
"06/06/2025 10:30:00 - 06/06/2025 10:45:00","BZN|FR","Without Sequence","0.00","",""
"06/06/2025 10:45:00 - 06/06/2025 11:00:00","BZN|FR","Without Sequence","0.00","",""
"06/06/2025 11:00:00 - 06/06/2025 11:15:00","BZN|FR","Without Sequence","-0.01","",""
"06/06/2025 11:15:00 - 06/06/2025 11:30:00","BZN|FR","Without Sequence","-0.01","",""
"06/06/2025 11:30:00 - 06/06/2025 11:45:00","BZN|FR","Without Sequence","-0.01","",""
"06/06/2025 11:45:00 - 06/06/2025 12:00:00","BZN|FR","Without Sequence","-0.01","",""
"06/06/2025 12:00:00 - 06/06/2025 12:15:00","BZN|FR","Without Sequence","-0.02","",""
"06/06/2025 12:15:00 - 06/06/2025 12:30:00","BZN|FR","Without Sequence","-0.02","",""
"06/06/2025 12:30:00 - 06/06/2025 12:45:00","BZN|FR","Without Sequence","-0.02","",""
"06/06/2025 12:45:00 - 06/06/2025 13:00:00","BZN|FR","Without Sequence","-0.02","",""
"06/06/2025 13:00:00 - 06/06/2025 13:15:00","BZN|FR","Without Sequence","-1.04","",""
"06/06/2025 13:15:00 - 06/06/2025 13:30:00","BZN|FR","Without Sequence","-1.04","",""
"06/06/2025 13:30:00 - 06/06/2025 13:45:00","BZN|FR","Without Sequence","-1.04","",""
"06/06/2025 13:45:00 - 06/06/2025 14:00:00","BZN|FR","Without Sequence","-1.04","",""
"06/06/2025 14:00:00 - 06/06/2025 14:15:00","BZN|FR","Without Sequence","-1.67","",""
"06/06/2025 14:15:00 - 06/06/2025 14:30:00","BZN|FR","Without Sequence","-1.67","",""
"06/06/2025 14:30:00 - 06/06/2025 14:45:00","BZN|FR","Without Sequence","-1.67","",""
"06/06/2025 14:45:00 - 06/06/2025 15:00:00","BZN|FR","Without Sequence","-1.67","",""
"06/06/2025 15:00:00 - 06/06/2025 15:15:00","BZN|FR","Without Sequence","-0.01","",""
"06/06/2025 15:15:00 - 06/06/2025 15:30:00","BZN|FR","Without Sequence","-0.01","",""
"06/06/2025 15:30:00 - 06/06/2025 15:45:00","BZN|FR","Without Sequence","-0.01","",""
"06/06/2025 15:45:00 - 06/06/2025 16:00:00","BZN|FR","Without Sequence","-0.01","",""
"06/06/2025 16:00:00 - 06/06/2025 16:15:00","BZN|FR","Without Sequence","-0.01","",""
"06/06/2025 16:15:00 - 06/06/2025 16:30:00","BZN|FR","Without Sequence","-0.01","",""
"06/06/2025 16:30:00 - 06/06/2025 16:45:00","BZN|FR","Without Sequence","-0.01","",""
"06/06/2025 16:45:00 - 06/06/2025 17:00:00","BZN|FR","Without Sequence","-0.01","",""
"06/06/2025 17:00:00 - 06/06/2025 17:15:00","BZN|FR","Without Sequence","1.20","",""
"06/06/2025 17:15:00 - 06/06/2025 17:30:00","BZN|FR","Without Sequence","1.20","",""
"06/06/2025 17:30:00 - 06/06/2025 17:45:00","BZN|FR","Without Sequence","1.20","",""
"06/06/2025 17:45:00 - 06/06/2025 18:00:00","BZN|FR","Without Sequence","1.20","",""
"06/06/2025 18:00:00 - 06/06/2025 18:15:00","BZN|FR","Without Sequence","14.34","",""
"06/06/2025 18:15:00 - 06/06/2025 18:30:00","BZN|FR","Without Sequence","14.34","",""
"06/06/2025 18:30:00 - 06/06/2025 18:45:00","BZN|FR","Without Sequence","14.34","",""
"06/06/2025 18:45:00 - 06/06/2025 19:00:00","BZN|FR","Without Sequence","14.34","",""
"06/06/2025 19:00:00 - 06/06/2025 19:15:00","BZN|FR","Without Sequence","44.69","",""
"06/06/2025 19:15:00 - 06/06/2025 19:30:00","BZN|FR","Without Sequence","44.69","",""
"06/06/2025 19:30:00 - 06/06/2025 19:45:00","BZN|FR","Without Sequence","44.69","",""
"06/06/2025 19:45:00 - 06/06/2025 20:00:00","BZN|FR","Without Sequence","44.69","",""
"06/06/2025 20:00:00 - 06/06/2025 20:15:00","BZN|FR","Without Sequence","57.85","",""
"06/06/2025 20:15:00 - 06/06/2025 20:30:00","BZN|FR","Without Sequence","57.85","",""
"06/06/2025 20:30:00 - 06/06/2025 20:45:00","BZN|FR","Without Sequence","57.85","",""
"06/06/2025 20:45:00 - 06/06/2025 21:00:00","BZN|FR","Without Sequence","57.85","",""
"06/06/2025 21:00:00 - 06/06/2025 21:15:00","BZN|FR","Without Sequence","87.68","",""
"06/06/2025 21:15:00 - 06/06/2025 21:30:00","BZN|FR","Without Sequence","87.68","",""
"06/06/2025 21:30:00 - 06/06/2025 21:45:00","BZN|FR","Without Sequence","87.68","",""
"06/06/2025 21:45:00 - 06/06/2025 22:00:00","BZN|FR","Without Sequence","87.68","",""
"06/06/2025 22:00:00 - 06/06/2025 22:15:00","BZN|FR","Without Sequence","119.03","",""
"06/06/2025 22:15:00 - 06/06/2025 22:30:00","BZN|FR","Without Sequence","119.03","",""
"06/06/2025 22:30:00 - 06/06/2025 22:45:00","BZN|FR","Without Sequence","119.03","",""
"06/06/2025 22:45:00 - 06/06/2025 23:00:00","BZN|FR","Without Sequence","119.03","",""
"06/06/2025 23:00:00 - 06/06/2025 23:15:00","BZN|FR","Without Sequence","90.15","",""
"06/06/2025 23:15:00 - 06/06/2025 23:30:00","BZN|FR","Without Sequence","90.15","",""
"06/06/2025 23:30:00 - 06/06/2025 23:45:00","BZN|FR","Without Sequence","90.15","",""
"06/06/2025 23:45:00 - 07/06/2025 00:00:00","BZN|FR","Without Sequence","90.15","",""
"07/06/2025 00:00:00 - 07/06/2025 00:15:00","BZN|FR","Without Sequence","44.25","",""
"07/06/2025 00:15:00 - 07/06/2025 00:30:00","BZN|FR","Without Sequence","44.25","",""
"07/06/2025 00:30:00 - 07/06/2025 00:45:00","BZN|FR","Without Sequence","44.25","",""
"07/06/2025 00:45:00 - 07/06/2025 01:00:00","BZN|FR","Without Sequence","44.25","",""
"07/06/2025 01:00:00 - 07/06/2025 01:15:00","BZN|FR","Without Sequence","28.70","",""
"07/06/2025 01:15:00 - 07/06/2025 01:30:00","BZN|FR","Without Sequence","28.70","",""
"07/06/2025 01:30:00 - 07/06/2025 01:45:00","BZN|FR","Without Sequence","28.70","",""
"07/06/2025 01:45:00 - 07/06/2025 02:00:00","BZN|FR","Without Sequence","28.70","",""
"07/06/2025 02:00:00 - 07/06/2025 02:15:00","BZN|FR","Without Sequence","30.92","",""
"07/06/2025 02:15:00 - 07/06/2025 02:30:00","BZN|FR","Without Sequence","30.92","",""
"07/06/2025 02:30:00 - 07/06/2025 02:45:00","BZN|FR","Without Sequence","30.92","",""
"07/06/2025 02:45:00 - 07/06/2025 03:00:00","BZN|FR","Without Sequence","30.92","",""
"07/06/2025 03:00:00 - 07/06/2025 03:15:00","BZN|FR","Without Sequence","20.45","",""
"07/06/2025 03:15:00 - 07/06/2025 03:30:00","BZN|FR","Without Sequence","20.45","",""
"07/06/2025 03:30:00 - 07/06/2025 03:45:00","BZN|FR","Without Sequence","20.45","",""
"07/06/2025 03:45:00 - 07/06/2025 04:00:00","BZN|FR","Without Sequence","20.45","",""
"07/06/2025 04:00:00 - 07/06/2025 04:15:00","BZN|FR","Without Sequence","18.70","",""
"07/06/2025 04:15:00 - 07/06/2025 04:30:00","BZN|FR","Without Sequence","18.70","",""
"07/06/2025 04:30:00 - 07/06/2025 04:45:00","BZN|FR","Without Sequence","18.70","",""
"07/06/2025 04:45:00 - 07/06/2025 05:00:00","BZN|FR","Without Sequence","18.70","",""
"07/06/2025 05:00:00 - 07/06/2025 05:15:00","BZN|FR","Without Sequence","17.67","",""
"07/06/2025 05:15:00 - 07/06/2025 05:30:00","BZN|FR","Without Sequence","17.67","",""
"07/06/2025 05:30:00 - 07/06/2025 05:45:00","BZN|FR","Without Sequence","17.67","",""
"07/06/2025 05:45:00 - 07/06/2025 06:00:00","BZN|FR","Without Sequence","17.67","",""
"07/06/2025 06:00:00 - 07/06/2025 06:15:00","BZN|FR","Without Sequence","17.61","",""
"07/06/2025 06:15:00 - 07/06/2025 06:30:00","BZN|FR","Without Sequence","17.61","",""
"07/06/2025 06:30:00 - 07/06/2025 06:45:00","BZN|FR","Without Sequence","17.61","",""
"07/06/2025 06:45:00 - 07/06/2025 07:00:00","BZN|FR","Without Sequence","17.61","",""
"07/06/2025 07:00:00 - 07/06/2025 07:15:00","BZN|FR","Without Sequence","10.34","",""
"07/06/2025 07:15:00 - 07/06/2025 07:30:00","BZN|FR","Without Sequence","10.34","",""
"07/06/2025 07:30:00 - 07/06/2025 07:45:00","BZN|FR","Without Sequence","10.34","",""
"07/06/2025 07:45:00 - 07/06/2025 08:00:00","BZN|FR","Without Sequence","10.34","",""
"07/06/2025 08:00:00 - 07/06/2025 08:15:00","BZN|FR","Without Sequence","20.79","",""
"07/06/2025 08:15:00 - 07/06/2025 08:30:00","BZN|FR","Without Sequence","20.79","",""
"07/06/2025 08:30:00 - 07/06/2025 08:45:00","BZN|FR","Without Sequence","20.79","",""
"07/06/2025 08:45:00 - 07/06/2025 09:00:00","BZN|FR","Without Sequence","20.79","",""
"07/06/2025 09:00:00 - 07/06/2025 09:15:00","BZN|FR","Without Sequence","9.70","",""
"07/06/2025 09:15:00 - 07/06/2025 09:30:00","BZN|FR","Without Sequence","9.70","",""
"07/06/2025 09:30:00 - 07/06/2025 09:45:00","BZN|FR","Without Sequence","9.70","",""
"07/06/2025 09:45:00 - 07/06/2025 10:00:00","BZN|FR","Without Sequence","9.70","",""
"07/06/2025 10:00:00 - 07/06/2025 10:15:00","BZN|FR","Without Sequence","10.93","",""
"07/06/2025 10:15:00 - 07/06/2025 10:30:00","BZN|FR","Without Sequence","10.93","",""
"07/06/2025 10:30:00 - 07/06/2025 10:45:00","BZN|FR","Without Sequence","10.93","",""
"07/06/2025 10:45:00 - 07/06/2025 11:00:00","BZN|FR","Without Sequence","10.93","",""
"07/06/2025 11:00:00 - 07/06/2025 11:15:00","BZN|FR","Without Sequence","9.44","",""
"07/06/2025 11:15:00 - 07/06/2025 11:30:00","BZN|FR","Without Sequence","9.44","",""
"07/06/2025 11:30:00 - 07/06/2025 11:45:00","BZN|FR","Without Sequence","9.44","",""
"07/06/2025 11:45:00 - 07/06/2025 12:00:00","BZN|FR","Without Sequence","9.44","",""
"07/06/2025 12:00:00 - 07/06/2025 12:15:00","BZN|FR","Without Sequence","1.19","",""
"07/06/2025 12:15:00 - 07/06/2025 12:30:00","BZN|FR","Without Sequence","1.19","",""
"07/06/2025 12:30:00 - 07/06/2025 12:45:00","BZN|FR","Without Sequence","1.19","",""
"07/06/2025 12:45:00 - 07/06/2025 13:00:00","BZN|FR","Without Sequence","1.19","",""
"07/06/2025 13:00:00 - 07/06/2025 13:15:00","BZN|FR","Without Sequence","-0.01","",""
"07/06/2025 13:15:00 - 07/06/2025 13:30:00","BZN|FR","Without Sequence","-0.01","",""
"07/06/2025 13:30:00 - 07/06/2025 13:45:00","BZN|FR","Without Sequence","-0.01","",""
"07/06/2025 13:45:00 - 07/06/2025 14:00:00","BZN|FR","Without Sequence","-0.01","",""
"07/06/2025 14:00:00 - 07/06/2025 14:15:00","BZN|FR","Without Sequence","-0.02","",""
"07/06/2025 14:15:00 - 07/06/2025 14:30:00","BZN|FR","Without Sequence","-0.02","",""
"07/06/2025 14:30:00 - 07/06/2025 14:45:00","BZN|FR","Without Sequence","-0.02","",""
"07/06/2025 14:45:00 - 07/06/2025 15:00:00","BZN|FR","Without Sequence","-0.02","",""
"07/06/2025 15:00:00 - 07/06/2025 15:15:00","BZN|FR","Without Sequence","-0.02","",""
"07/06/2025 15:15:00 - 07/06/2025 15:30:00","BZN|FR","Without Sequence","-0.02","",""
"07/06/2025 15:30:00 - 07/06/2025 15:45:00","BZN|FR","Without Sequence","-0.02","",""
"07/06/2025 15:45:00 - 07/06/2025 16:00:00","BZN|FR","Without Sequence","-0.02","",""
"07/06/2025 16:00:00 - 07/06/2025 16:15:00","BZN|FR","Without Sequence","0.00","",""
"07/06/2025 16:15:00 - 07/06/2025 16:30:00","BZN|FR","Without Sequence","0.00","",""
"07/06/2025 16:30:00 - 07/06/2025 16:45:00","BZN|FR","Without Sequence","0.00","",""
"07/06/2025 16:45:00 - 07/06/2025 17:00:00","BZN|FR","Without Sequence","0.00","",""
"07/06/2025 17:00:00 - 07/06/2025 17:15:00","BZN|FR","Without Sequence","0.00","",""
"07/06/2025 17:15:00 - 07/06/2025 17:30:00","BZN|FR","Without Sequence","0.00","",""
"07/06/2025 17:30:00 - 07/06/2025 17:45:00","BZN|FR","Without Sequence","0.00","",""
"07/06/2025 17:45:00 - 07/06/2025 18:00:00","BZN|FR","Without Sequence","0.00","",""
"07/06/2025 18:00:00 - 07/06/2025 18:15:00","BZN|FR","Without Sequence","0.09","",""
"07/06/2025 18:15:00 - 07/06/2025 18:30:00","BZN|FR","Without Sequence","0.09","",""
"07/06/2025 18:30:00 - 07/06/2025 18:45:00","BZN|FR","Without Sequence","0.09","",""
"07/06/2025 18:45:00 - 07/06/2025 19:00:00","BZN|FR","Without Sequence","0.09","",""
"07/06/2025 19:00:00 - 07/06/2025 19:15:00","BZN|FR","Without Sequence","9.91","",""
"07/06/2025 19:15:00 - 07/06/2025 19:30:00","BZN|FR","Without Sequence","9.91","",""
"07/06/2025 19:30:00 - 07/06/2025 19:45:00","BZN|FR","Without Sequence","9.91","",""
"07/06/2025 19:45:00 - 07/06/2025 20:00:00","BZN|FR","Without Sequence","9.91","",""
"07/06/2025 20:00:00 - 07/06/2025 20:15:00","BZN|FR","Without Sequence","27.55","",""
"07/06/2025 20:15:00 - 07/06/2025 20:30:00","BZN|FR","Without Sequence","27.55","",""
"07/06/2025 20:30:00 - 07/06/2025 20:45:00","BZN|FR","Without Sequence","27.55","",""
"07/06/2025 20:45:00 - 07/06/2025 21:00:00","BZN|FR","Without Sequence","27.55","",""
"07/06/2025 21:00:00 - 07/06/2025 21:15:00","BZN|FR","Without Sequence","14.64","",""
"07/06/2025 21:15:00 - 07/06/2025 21:30:00","BZN|FR","Without Sequence","14.64","",""
"07/06/2025 21:30:00 - 07/06/2025 21:45:00","BZN|FR","Without Sequence","14.64","",""
"07/06/2025 21:45:00 - 07/06/2025 22:00:00","BZN|FR","Without Sequence","14.64","",""
"07/06/2025 22:00:00 - 07/06/2025 22:15:00","BZN|FR","Without Sequence","31.50","",""
"07/06/2025 22:15:00 - 07/06/2025 22:30:00","BZN|FR","Without Sequence","31.50","",""
"07/06/2025 22:30:00 - 07/06/2025 22:45:00","BZN|FR","Without Sequence","31.50","",""
"07/06/2025 22:45:00 - 07/06/2025 23:00:00","BZN|FR","Without Sequence","31.50","",""
"07/06/2025 23:00:00 - 07/06/2025 23:15:00","BZN|FR","Without Sequence","30.46","",""
"07/06/2025 23:15:00 - 07/06/2025 23:30:00","BZN|FR","Without Sequence","30.46","",""
"07/06/2025 23:30:00 - 07/06/2025 23:45:00","BZN|FR","Without Sequence","30.46","",""
"07/06/2025 23:45:00 - 08/06/2025 00:00:00","BZN|FR","Without Sequence","30.46","",""
"08/06/2025 00:00:00 - 08/06/2025 00:15:00","BZN|FR","Without Sequence","23.62","",""
"08/06/2025 00:15:00 - 08/06/2025 00:30:00","BZN|FR","Without Sequence","23.62","",""
"08/06/2025 00:30:00 - 08/06/2025 00:45:00","BZN|FR","Without Sequence","23.62","",""
"08/06/2025 00:45:00 - 08/06/2025 01:00:00","BZN|FR","Without Sequence","23.62","",""
"08/06/2025 01:00:00 - 08/06/2025 01:15:00","BZN|FR","Without Sequence","14.47","",""
"08/06/2025 01:15:00 - 08/06/2025 01:30:00","BZN|FR","Without Sequence","14.47","",""
"08/06/2025 01:30:00 - 08/06/2025 01:45:00","BZN|FR","Without Sequence","14.47","",""
"08/06/2025 01:45:00 - 08/06/2025 02:00:00","BZN|FR","Without Sequence","14.47","",""
"08/06/2025 02:00:00 - 08/06/2025 02:15:00","BZN|FR","Without Sequence","10.18","",""
"08/06/2025 02:15:00 - 08/06/2025 02:30:00","BZN|FR","Without Sequence","10.18","",""
"08/06/2025 02:30:00 - 08/06/2025 02:45:00","BZN|FR","Without Sequence","10.18","",""
"08/06/2025 02:45:00 - 08/06/2025 03:00:00","BZN|FR","Without Sequence","10.18","",""
"08/06/2025 03:00:00 - 08/06/2025 03:15:00","BZN|FR","Without Sequence","0.08","",""
"08/06/2025 03:15:00 - 08/06/2025 03:30:00","BZN|FR","Without Sequence","0.08","",""
"08/06/2025 03:30:00 - 08/06/2025 03:45:00","BZN|FR","Without Sequence","0.08","",""
"08/06/2025 03:45:00 - 08/06/2025 04:00:00","BZN|FR","Without Sequence","0.08","",""
"08/06/2025 04:00:00 - 08/06/2025 04:15:00","BZN|FR","Without Sequence","2.53","",""
"08/06/2025 04:15:00 - 08/06/2025 04:30:00","BZN|FR","Without Sequence","2.53","",""
"08/06/2025 04:30:00 - 08/06/2025 04:45:00","BZN|FR","Without Sequence","2.53","",""
"08/06/2025 04:45:00 - 08/06/2025 05:00:00","BZN|FR","Without Sequence","2.53","",""
"08/06/2025 05:00:00 - 08/06/2025 05:15:00","BZN|FR","Without Sequence","5.05","",""
"08/06/2025 05:15:00 - 08/06/2025 05:30:00","BZN|FR","Without Sequence","5.05","",""
"08/06/2025 05:30:00 - 08/06/2025 05:45:00","BZN|FR","Without Sequence","5.05","",""
"08/06/2025 05:45:00 - 08/06/2025 06:00:00","BZN|FR","Without Sequence","5.05","",""
"08/06/2025 06:00:00 - 08/06/2025 06:15:00","BZN|FR","Without Sequence","0.01","",""
"08/06/2025 06:15:00 - 08/06/2025 06:30:00","BZN|FR","Without Sequence","0.01","",""
"08/06/2025 06:30:00 - 08/06/2025 06:45:00","BZN|FR","Without Sequence","0.01","",""
"08/06/2025 06:45:00 - 08/06/2025 07:00:00","BZN|FR","Without Sequence","0.01","",""
"08/06/2025 07:00:00 - 08/06/2025 07:15:00","BZN|FR","Without Sequence","0.02","",""
"08/06/2025 07:15:00 - 08/06/2025 07:30:00","BZN|FR","Without Sequence","0.02","",""
"08/06/2025 07:30:00 - 08/06/2025 07:45:00","BZN|FR","Without Sequence","0.02","",""
"08/06/2025 07:45:00 - 08/06/2025 08:00:00","BZN|FR","Without Sequence","0.02","",""
"08/06/2025 08:00:00 - 08/06/2025 08:15:00","BZN|FR","Without Sequence","-0.01","",""
"08/06/2025 08:15:00 - 08/06/2025 08:30:00","BZN|FR","Without Sequence","-0.01","",""
"08/06/2025 08:30:00 - 08/06/2025 08:45:00","BZN|FR","Without Sequence","-0.01","",""
"08/06/2025 08:45:00 - 08/06/2025 09:00:00","BZN|FR","Without Sequence","-0.01","",""
"08/06/2025 09:00:00 - 08/06/2025 09:15:00","BZN|FR","Without Sequence","-0.50","",""
"08/06/2025 09:15:00 - 08/06/2025 09:30:00","BZN|FR","Without Sequence","-0.50","",""
"08/06/2025 09:30:00 - 08/06/2025 09:45:00","BZN|FR","Without Sequence","-0.50","",""
"08/06/2025 09:45:00 - 08/06/2025 10:00:00","BZN|FR","Without Sequence","-0.50","",""
"08/06/2025 10:00:00 - 08/06/2025 10:15:00","BZN|FR","Without Sequence","-2.00","",""
"08/06/2025 10:15:00 - 08/06/2025 10:30:00","BZN|FR","Without Sequence","-2.00","",""
"08/06/2025 10:30:00 - 08/06/2025 10:45:00","BZN|FR","Without Sequence","-2.00","",""
"08/06/2025 10:45:00 - 08/06/2025 11:00:00","BZN|FR","Without Sequence","-2.00","",""
"08/06/2025 11:00:00 - 08/06/2025 11:15:00","BZN|FR","Without Sequence","-7.39","",""
"08/06/2025 11:15:00 - 08/06/2025 11:30:00","BZN|FR","Without Sequence","-7.39","",""
"08/06/2025 11:30:00 - 08/06/2025 11:45:00","BZN|FR","Without Sequence","-7.39","",""
"08/06/2025 11:45:00 - 08/06/2025 12:00:00","BZN|FR","Without Sequence","-7.39","",""
"08/06/2025 12:00:00 - 08/06/2025 12:15:00","BZN|FR","Without Sequence","-19.45","",""
"08/06/2025 12:15:00 - 08/06/2025 12:30:00","BZN|FR","Without Sequence","-19.45","",""
"08/06/2025 12:30:00 - 08/06/2025 12:45:00","BZN|FR","Without Sequence","-19.45","",""
"08/06/2025 12:45:00 - 08/06/2025 13:00:00","BZN|FR","Without Sequence","-19.45","",""
"08/06/2025 13:00:00 - 08/06/2025 13:15:00","BZN|FR","Without Sequence","-37.93","",""
"08/06/2025 13:15:00 - 08/06/2025 13:30:00","BZN|FR","Without Sequence","-37.93","",""
"08/06/2025 13:30:00 - 08/06/2025 13:45:00","BZN|FR","Without Sequence","-37.93","",""
"08/06/2025 13:45:00 - 08/06/2025 14:00:00","BZN|FR","Without Sequence","-37.93","",""
"08/06/2025 14:00:00 - 08/06/2025 14:15:00","BZN|FR","Without Sequence","-50.00","",""
"08/06/2025 14:15:00 - 08/06/2025 14:30:00","BZN|FR","Without Sequence","-50.00","",""
"08/06/2025 14:30:00 - 08/06/2025 14:45:00","BZN|FR","Without Sequence","-50.00","",""
"08/06/2025 14:45:00 - 08/06/2025 15:00:00","BZN|FR","Without Sequence","-50.00","",""
"08/06/2025 15:00:00 - 08/06/2025 15:15:00","BZN|FR","Without Sequence","-48.01","",""
"08/06/2025 15:15:00 - 08/06/2025 15:30:00","BZN|FR","Without Sequence","-48.01","",""
"08/06/2025 15:30:00 - 08/06/2025 15:45:00","BZN|FR","Without Sequence","-48.01","",""
"08/06/2025 15:45:00 - 08/06/2025 16:00:00","BZN|FR","Without Sequence","-48.01","",""
"08/06/2025 16:00:00 - 08/06/2025 16:15:00","BZN|FR","Without Sequence","-35.35","",""
"08/06/2025 16:15:00 - 08/06/2025 16:30:00","BZN|FR","Without Sequence","-35.35","",""
"08/06/2025 16:30:00 - 08/06/2025 16:45:00","BZN|FR","Without Sequence","-35.35","",""
"08/06/2025 16:45:00 - 08/06/2025 17:00:00","BZN|FR","Without Sequence","-35.35","",""
"08/06/2025 17:00:00 - 08/06/2025 17:15:00","BZN|FR","Without Sequence","-2.85","",""
"08/06/2025 17:15:00 - 08/06/2025 17:30:00","BZN|FR","Without Sequence","-2.85","",""
"08/06/2025 17:30:00 - 08/06/2025 17:45:00","BZN|FR","Without Sequence","-2.85","",""
"08/06/2025 17:45:00 - 08/06/2025 18:00:00","BZN|FR","Without Sequence","-2.85","",""
"08/06/2025 18:00:00 - 08/06/2025 18:15:00","BZN|FR","Without Sequence","0.00","",""
"08/06/2025 18:15:00 - 08/06/2025 18:30:00","BZN|FR","Without Sequence","0.00","",""
"08/06/2025 18:30:00 - 08/06/2025 18:45:00","BZN|FR","Without Sequence","0.00","",""
"08/06/2025 18:45:00 - 08/06/2025 19:00:00","BZN|FR","Without Sequence","0.00","",""
"08/06/2025 19:00:00 - 08/06/2025 19:15:00","BZN|FR","Without Sequence","17.86","",""
"08/06/2025 19:15:00 - 08/06/2025 19:30:00","BZN|FR","Without Sequence","17.86","",""
"08/06/2025 19:30:00 - 08/06/2025 19:45:00","BZN|FR","Without Sequence","17.86","",""
"08/06/2025 19:45:00 - 08/06/2025 20:00:00","BZN|FR","Without Sequence","17.86","",""
"08/06/2025 20:00:00 - 08/06/2025 20:15:00","BZN|FR","Without Sequence","30.46","",""
"08/06/2025 20:15:00 - 08/06/2025 20:30:00","BZN|FR","Without Sequence","30.46","",""
"08/06/2025 20:30:00 - 08/06/2025 20:45:00","BZN|FR","Without Sequence","30.46","",""
"08/06/2025 20:45:00 - 08/06/2025 21:00:00","BZN|FR","Without Sequence","30.46","",""
"08/06/2025 21:00:00 - 08/06/2025 21:15:00","BZN|FR","Without Sequence","39.92","",""
"08/06/2025 21:15:00 - 08/06/2025 21:30:00","BZN|FR","Without Sequence","39.92","",""
"08/06/2025 21:30:00 - 08/06/2025 21:45:00","BZN|FR","Without Sequence","39.92","",""
"08/06/2025 21:45:00 - 08/06/2025 22:00:00","BZN|FR","Without Sequence","39.92","",""
"08/06/2025 22:00:00 - 08/06/2025 22:15:00","BZN|FR","Without Sequence","64.35","",""
"08/06/2025 22:15:00 - 08/06/2025 22:30:00","BZN|FR","Without Sequence","64.35","",""
"08/06/2025 22:30:00 - 08/06/2025 22:45:00","BZN|FR","Without Sequence","64.35","",""
"08/06/2025 22:45:00 - 08/06/2025 23:00:00","BZN|FR","Without Sequence","64.35","",""
"08/06/2025 23:00:00 - 08/06/2025 23:15:00","BZN|FR","Without Sequence","54.69","",""
"08/06/2025 23:15:00 - 08/06/2025 23:30:00","BZN|FR","Without Sequence","54.69","",""
"08/06/2025 23:30:00 - 08/06/2025 23:45:00","BZN|FR","Without Sequence","54.69","",""
"08/06/2025 23:45:00 - 09/06/2025 00:00:00","BZN|FR","Without Sequence","54.69","",""
"09/06/2025 00:00:00 - 09/06/2025 00:15:00","BZN|FR","Without Sequence","34.16","",""
"09/06/2025 00:15:00 - 09/06/2025 00:30:00","BZN|FR","Without Sequence","34.16","",""
"09/06/2025 00:30:00 - 09/06/2025 00:45:00","BZN|FR","Without Sequence","34.16","",""
"09/06/2025 00:45:00 - 09/06/2025 01:00:00","BZN|FR","Without Sequence","34.16","",""
"09/06/2025 01:00:00 - 09/06/2025 01:15:00","BZN|FR","Without Sequence","28.03","",""
"09/06/2025 01:15:00 - 09/06/2025 01:30:00","BZN|FR","Without Sequence","28.03","",""
"09/06/2025 01:30:00 - 09/06/2025 01:45:00","BZN|FR","Without Sequence","28.03","",""
"09/06/2025 01:45:00 - 09/06/2025 02:00:00","BZN|FR","Without Sequence","28.03","",""
"09/06/2025 02:00:00 - 09/06/2025 02:15:00","BZN|FR","Without Sequence","21.99","",""
"09/06/2025 02:15:00 - 09/06/2025 02:30:00","BZN|FR","Without Sequence","21.99","",""
"09/06/2025 02:30:00 - 09/06/2025 02:45:00","BZN|FR","Without Sequence","21.99","",""
"09/06/2025 02:45:00 - 09/06/2025 03:00:00","BZN|FR","Without Sequence","21.99","",""
"09/06/2025 03:00:00 - 09/06/2025 03:15:00","BZN|FR","Without Sequence","21.10","",""
"09/06/2025 03:15:00 - 09/06/2025 03:30:00","BZN|FR","Without Sequence","21.10","",""
"09/06/2025 03:30:00 - 09/06/2025 03:45:00","BZN|FR","Without Sequence","21.10","",""
"09/06/2025 03:45:00 - 09/06/2025 04:00:00","BZN|FR","Without Sequence","21.10","",""
"09/06/2025 04:00:00 - 09/06/2025 04:15:00","BZN|FR","Without Sequence","19.82","",""
"09/06/2025 04:15:00 - 09/06/2025 04:30:00","BZN|FR","Without Sequence","19.82","",""
"09/06/2025 04:30:00 - 09/06/2025 04:45:00","BZN|FR","Without Sequence","19.82","",""
"09/06/2025 04:45:00 - 09/06/2025 05:00:00","BZN|FR","Without Sequence","19.82","",""
"09/06/2025 05:00:00 - 09/06/2025 05:15:00","BZN|FR","Without Sequence","21.88","",""
"09/06/2025 05:15:00 - 09/06/2025 05:30:00","BZN|FR","Without Sequence","21.88","",""
"09/06/2025 05:30:00 - 09/06/2025 05:45:00","BZN|FR","Without Sequence","21.88","",""
"09/06/2025 05:45:00 - 09/06/2025 06:00:00","BZN|FR","Without Sequence","21.88","",""
"09/06/2025 06:00:00 - 09/06/2025 06:15:00","BZN|FR","Without Sequence","23.51","",""
"09/06/2025 06:15:00 - 09/06/2025 06:30:00","BZN|FR","Without Sequence","23.51","",""
"09/06/2025 06:30:00 - 09/06/2025 06:45:00","BZN|FR","Without Sequence","23.51","",""
"09/06/2025 06:45:00 - 09/06/2025 07:00:00","BZN|FR","Without Sequence","23.51","",""
"09/06/2025 07:00:00 - 09/06/2025 07:15:00","BZN|FR","Without Sequence","21.71","",""
"09/06/2025 07:15:00 - 09/06/2025 07:30:00","BZN|FR","Without Sequence","21.71","",""
"09/06/2025 07:30:00 - 09/06/2025 07:45:00","BZN|FR","Without Sequence","21.71","",""
"09/06/2025 07:45:00 - 09/06/2025 08:00:00","BZN|FR","Without Sequence","21.71","",""
"09/06/2025 08:00:00 - 09/06/2025 08:15:00","BZN|FR","Without Sequence","12.13","",""
"09/06/2025 08:15:00 - 09/06/2025 08:30:00","BZN|FR","Without Sequence","12.13","",""
"09/06/2025 08:30:00 - 09/06/2025 08:45:00","BZN|FR","Without Sequence","12.13","",""
"09/06/2025 08:45:00 - 09/06/2025 09:00:00","BZN|FR","Without Sequence","12.13","",""
"09/06/2025 09:00:00 - 09/06/2025 09:15:00","BZN|FR","Without Sequence","1.69","",""
"09/06/2025 09:15:00 - 09/06/2025 09:30:00","BZN|FR","Without Sequence","1.69","",""
"09/06/2025 09:30:00 - 09/06/2025 09:45:00","BZN|FR","Without Sequence","1.69","",""
"09/06/2025 09:45:00 - 09/06/2025 10:00:00","BZN|FR","Without Sequence","1.69","",""
"09/06/2025 10:00:00 - 09/06/2025 10:15:00","BZN|FR","Without Sequence","-0.02","",""
"09/06/2025 10:15:00 - 09/06/2025 10:30:00","BZN|FR","Without Sequence","-0.02","",""
"09/06/2025 10:30:00 - 09/06/2025 10:45:00","BZN|FR","Without Sequence","-0.02","",""
"09/06/2025 10:45:00 - 09/06/2025 11:00:00","BZN|FR","Without Sequence","-0.02","",""
"09/06/2025 11:00:00 - 09/06/2025 11:15:00","BZN|FR","Without Sequence","-1.48","",""
"09/06/2025 11:15:00 - 09/06/2025 11:30:00","BZN|FR","Without Sequence","-1.48","",""
"09/06/2025 11:30:00 - 09/06/2025 11:45:00","BZN|FR","Without Sequence","-1.48","",""
"09/06/2025 11:45:00 - 09/06/2025 12:00:00","BZN|FR","Without Sequence","-1.48","",""
"09/06/2025 12:00:00 - 09/06/2025 12:15:00","BZN|FR","Without Sequence","-6.42","",""
"09/06/2025 12:15:00 - 09/06/2025 12:30:00","BZN|FR","Without Sequence","-6.42","",""
"09/06/2025 12:30:00 - 09/06/2025 12:45:00","BZN|FR","Without Sequence","-6.42","",""
"09/06/2025 12:45:00 - 09/06/2025 13:00:00","BZN|FR","Without Sequence","-6.42","",""
"09/06/2025 13:00:00 - 09/06/2025 13:15:00","BZN|FR","Without Sequence","-16.01","",""
"09/06/2025 13:15:00 - 09/06/2025 13:30:00","BZN|FR","Without Sequence","-16.01","",""
"09/06/2025 13:30:00 - 09/06/2025 13:45:00","BZN|FR","Without Sequence","-16.01","",""
"09/06/2025 13:45:00 - 09/06/2025 14:00:00","BZN|FR","Without Sequence","-16.01","",""
"09/06/2025 14:00:00 - 09/06/2025 14:15:00","BZN|FR","Without Sequence","-14.99","",""
"09/06/2025 14:15:00 - 09/06/2025 14:30:00","BZN|FR","Without Sequence","-14.99","",""
"09/06/2025 14:30:00 - 09/06/2025 14:45:00","BZN|FR","Without Sequence","-14.99","",""
"09/06/2025 14:45:00 - 09/06/2025 15:00:00","BZN|FR","Without Sequence","-14.99","",""
"09/06/2025 15:00:00 - 09/06/2025 15:15:00","BZN|FR","Without Sequence","-3.21","",""
"09/06/2025 15:15:00 - 09/06/2025 15:30:00","BZN|FR","Without Sequence","-3.21","",""
"09/06/2025 15:30:00 - 09/06/2025 15:45:00","BZN|FR","Without Sequence","-3.21","",""
"09/06/2025 15:45:00 - 09/06/2025 16:00:00","BZN|FR","Without Sequence","-3.21","",""
"09/06/2025 16:00:00 - 09/06/2025 16:15:00","BZN|FR","Without Sequence","-0.03","",""
"09/06/2025 16:15:00 - 09/06/2025 16:30:00","BZN|FR","Without Sequence","-0.03","",""
"09/06/2025 16:30:00 - 09/06/2025 16:45:00","BZN|FR","Without Sequence","-0.03","",""
"09/06/2025 16:45:00 - 09/06/2025 17:00:00","BZN|FR","Without Sequence","-0.03","",""
"09/06/2025 17:00:00 - 09/06/2025 17:15:00","BZN|FR","Without Sequence","7.64","",""
"09/06/2025 17:15:00 - 09/06/2025 17:30:00","BZN|FR","Without Sequence","7.64","",""
"09/06/2025 17:30:00 - 09/06/2025 17:45:00","BZN|FR","Without Sequence","7.64","",""
"09/06/2025 17:45:00 - 09/06/2025 18:00:00","BZN|FR","Without Sequence","7.64","",""
"09/06/2025 18:00:00 - 09/06/2025 18:15:00","BZN|FR","Without Sequence","19.09","",""
"09/06/2025 18:15:00 - 09/06/2025 18:30:00","BZN|FR","Without Sequence","19.09","",""
"09/06/2025 18:30:00 - 09/06/2025 18:45:00","BZN|FR","Without Sequence","19.09","",""
"09/06/2025 18:45:00 - 09/06/2025 19:00:00","BZN|FR","Without Sequence","19.09","",""
"09/06/2025 19:00:00 - 09/06/2025 19:15:00","BZN|FR","Without Sequence","30.36","",""
"09/06/2025 19:15:00 - 09/06/2025 19:30:00","BZN|FR","Without Sequence","30.36","",""
"09/06/2025 19:30:00 - 09/06/2025 19:45:00","BZN|FR","Without Sequence","30.36","",""
"09/06/2025 19:45:00 - 09/06/2025 20:00:00","BZN|FR","Without Sequence","30.36","",""
"09/06/2025 20:00:00 - 09/06/2025 20:15:00","BZN|FR","Without Sequence","33.84","",""
"09/06/2025 20:15:00 - 09/06/2025 20:30:00","BZN|FR","Without Sequence","33.84","",""
"09/06/2025 20:30:00 - 09/06/2025 20:45:00","BZN|FR","Without Sequence","33.84","",""
"09/06/2025 20:45:00 - 09/06/2025 21:00:00","BZN|FR","Without Sequence","33.84","",""
"09/06/2025 21:00:00 - 09/06/2025 21:15:00","BZN|FR","Without Sequence","35.49","",""
"09/06/2025 21:15:00 - 09/06/2025 21:30:00","BZN|FR","Without Sequence","35.49","",""
"09/06/2025 21:30:00 - 09/06/2025 21:45:00","BZN|FR","Without Sequence","35.49","",""
"09/06/2025 21:45:00 - 09/06/2025 22:00:00","BZN|FR","Without Sequence","35.49","",""
"09/06/2025 22:00:00 - 09/06/2025 22:15:00","BZN|FR","Without Sequence","60.99","",""
"09/06/2025 22:15:00 - 09/06/2025 22:30:00","BZN|FR","Without Sequence","60.99","",""
"09/06/2025 22:30:00 - 09/06/2025 22:45:00","BZN|FR","Without Sequence","60.99","",""
"09/06/2025 22:45:00 - 09/06/2025 23:00:00","BZN|FR","Without Sequence","60.99","",""
"09/06/2025 23:00:00 - 09/06/2025 23:15:00","BZN|FR","Without Sequence","40.00","",""
"09/06/2025 23:15:00 - 09/06/2025 23:30:00","BZN|FR","Without Sequence","40.00","",""
"09/06/2025 23:30:00 - 09/06/2025 23:45:00","BZN|FR","Without Sequence","40.00","",""
"09/06/2025 23:45:00 - 10/06/2025 00:00:00","BZN|FR","Without Sequence","40.00","",""
"10/06/2025 00:00:00 - 10/06/2025 00:15:00","BZN|FR","Without Sequence","38.39","",""
"10/06/2025 00:15:00 - 10/06/2025 00:30:00","BZN|FR","Without Sequence","38.39","",""
"10/06/2025 00:30:00 - 10/06/2025 00:45:00","BZN|FR","Without Sequence","38.39","",""
"10/06/2025 00:45:00 - 10/06/2025 01:00:00","BZN|FR","Without Sequence","38.39","",""
"10/06/2025 01:00:00 - 10/06/2025 01:15:00","BZN|FR","Without Sequence","12.50","",""
"10/06/2025 01:15:00 - 10/06/2025 01:30:00","BZN|FR","Without Sequence","12.50","",""
"10/06/2025 01:30:00 - 10/06/2025 01:45:00","BZN|FR","Without Sequence","12.50","",""
"10/06/2025 01:45:00 - 10/06/2025 02:00:00","BZN|FR","Without Sequence","12.50","",""
"10/06/2025 02:00:00 - 10/06/2025 02:15:00","BZN|FR","Without Sequence","16.46","",""
"10/06/2025 02:15:00 - 10/06/2025 02:30:00","BZN|FR","Without Sequence","16.46","",""
"10/06/2025 02:30:00 - 10/06/2025 02:45:00","BZN|FR","Without Sequence","16.46","",""
"10/06/2025 02:45:00 - 10/06/2025 03:00:00","BZN|FR","Without Sequence","16.46","",""
"10/06/2025 03:00:00 - 10/06/2025 03:15:00","BZN|FR","Without Sequence","15.93","",""
"10/06/2025 03:15:00 - 10/06/2025 03:30:00","BZN|FR","Without Sequence","15.93","",""
"10/06/2025 03:30:00 - 10/06/2025 03:45:00","BZN|FR","Without Sequence","15.93","",""
"10/06/2025 03:45:00 - 10/06/2025 04:00:00","BZN|FR","Without Sequence","15.93","",""
"10/06/2025 04:00:00 - 10/06/2025 04:15:00","BZN|FR","Without Sequence","12.23","",""
"10/06/2025 04:15:00 - 10/06/2025 04:30:00","BZN|FR","Without Sequence","12.23","",""
"10/06/2025 04:30:00 - 10/06/2025 04:45:00","BZN|FR","Without Sequence","12.23","",""
"10/06/2025 04:45:00 - 10/06/2025 05:00:00","BZN|FR","Without Sequence","12.23","",""
"10/06/2025 05:00:00 - 10/06/2025 05:15:00","BZN|FR","Without Sequence","20.57","",""
"10/06/2025 05:15:00 - 10/06/2025 05:30:00","BZN|FR","Without Sequence","20.57","",""
"10/06/2025 05:30:00 - 10/06/2025 05:45:00","BZN|FR","Without Sequence","20.57","",""
"10/06/2025 05:45:00 - 10/06/2025 06:00:00","BZN|FR","Without Sequence","20.57","",""
"10/06/2025 06:00:00 - 10/06/2025 06:15:00","BZN|FR","Without Sequence","30.71","",""
"10/06/2025 06:15:00 - 10/06/2025 06:30:00","BZN|FR","Without Sequence","30.71","",""
"10/06/2025 06:30:00 - 10/06/2025 06:45:00","BZN|FR","Without Sequence","30.71","",""
"10/06/2025 06:45:00 - 10/06/2025 07:00:00","BZN|FR","Without Sequence","30.71","",""
"10/06/2025 07:00:00 - 10/06/2025 07:15:00","BZN|FR","Without Sequence","38.52","",""
"10/06/2025 07:15:00 - 10/06/2025 07:30:00","BZN|FR","Without Sequence","38.52","",""
"10/06/2025 07:30:00 - 10/06/2025 07:45:00","BZN|FR","Without Sequence","38.52","",""
"10/06/2025 07:45:00 - 10/06/2025 08:00:00","BZN|FR","Without Sequence","38.52","",""
"10/06/2025 08:00:00 - 10/06/2025 08:15:00","BZN|FR","Without Sequence","39.10","",""
"10/06/2025 08:15:00 - 10/06/2025 08:30:00","BZN|FR","Without Sequence","39.10","",""
"10/06/2025 08:30:00 - 10/06/2025 08:45:00","BZN|FR","Without Sequence","39.10","",""
"10/06/2025 08:45:00 - 10/06/2025 09:00:00","BZN|FR","Without Sequence","39.10","",""
"10/06/2025 09:00:00 - 10/06/2025 09:15:00","BZN|FR","Without Sequence","24.63","",""
"10/06/2025 09:15:00 - 10/06/2025 09:30:00","BZN|FR","Without Sequence","24.63","",""
"10/06/2025 09:30:00 - 10/06/2025 09:45:00","BZN|FR","Without Sequence","24.63","",""
"10/06/2025 09:45:00 - 10/06/2025 10:00:00","BZN|FR","Without Sequence","24.63","",""
"10/06/2025 10:00:00 - 10/06/2025 10:15:00","BZN|FR","Without Sequence","9.29","",""
"10/06/2025 10:15:00 - 10/06/2025 10:30:00","BZN|FR","Without Sequence","9.29","",""
"10/06/2025 10:30:00 - 10/06/2025 10:45:00","BZN|FR","Without Sequence","9.29","",""
"10/06/2025 10:45:00 - 10/06/2025 11:00:00","BZN|FR","Without Sequence","9.29","",""
"10/06/2025 11:00:00 - 10/06/2025 11:15:00","BZN|FR","Without Sequence","0.00","",""
"10/06/2025 11:15:00 - 10/06/2025 11:30:00","BZN|FR","Without Sequence","0.00","",""
"10/06/2025 11:30:00 - 10/06/2025 11:45:00","BZN|FR","Without Sequence","0.00","",""
"10/06/2025 11:45:00 - 10/06/2025 12:00:00","BZN|FR","Without Sequence","0.00","",""
"10/06/2025 12:00:00 - 10/06/2025 12:15:00","BZN|FR","Without Sequence","0.00","",""
"10/06/2025 12:15:00 - 10/06/2025 12:30:00","BZN|FR","Without Sequence","0.00","",""
"10/06/2025 12:30:00 - 10/06/2025 12:45:00","BZN|FR","Without Sequence","0.00","",""
"10/06/2025 12:45:00 - 10/06/2025 13:00:00","BZN|FR","Without Sequence","0.00","",""
"10/06/2025 13:00:00 - 10/06/2025 13:15:00","BZN|FR","Without Sequence","-0.01","",""
"10/06/2025 13:15:00 - 10/06/2025 13:30:00","BZN|FR","Without Sequence","-0.01","",""
"10/06/2025 13:30:00 - 10/06/2025 13:45:00","BZN|FR","Without Sequence","-0.01","",""
"10/06/2025 13:45:00 - 10/06/2025 14:00:00","BZN|FR","Without Sequence","-0.01","",""
"10/06/2025 14:00:00 - 10/06/2025 14:15:00","BZN|FR","Without Sequence","-0.01","",""
"10/06/2025 14:15:00 - 10/06/2025 14:30:00","BZN|FR","Without Sequence","-0.01","",""
"10/06/2025 14:30:00 - 10/06/2025 14:45:00","BZN|FR","Without Sequence","-0.01","",""
"10/06/2025 14:45:00 - 10/06/2025 15:00:00","BZN|FR","Without Sequence","-0.01","",""
"10/06/2025 15:00:00 - 10/06/2025 15:15:00","BZN|FR","Without Sequence","-0.01","",""
"10/06/2025 15:15:00 - 10/06/2025 15:30:00","BZN|FR","Without Sequence","-0.01","",""
"10/06/2025 15:30:00 - 10/06/2025 15:45:00","BZN|FR","Without Sequence","-0.01","",""
"10/06/2025 15:45:00 - 10/06/2025 16:00:00","BZN|FR","Without Sequence","-0.01","",""
"10/06/2025 16:00:00 - 10/06/2025 16:15:00","BZN|FR","Without Sequence","-0.01","",""
"10/06/2025 16:15:00 - 10/06/2025 16:30:00","BZN|FR","Without Sequence","-0.01","",""
"10/06/2025 16:30:00 - 10/06/2025 16:45:00","BZN|FR","Without Sequence","-0.01","",""
"10/06/2025 16:45:00 - 10/06/2025 17:00:00","BZN|FR","Without Sequence","-0.01","",""
"10/06/2025 17:00:00 - 10/06/2025 17:15:00","BZN|FR","Without Sequence","21.91","",""
"10/06/2025 17:15:00 - 10/06/2025 17:30:00","BZN|FR","Without Sequence","21.91","",""
"10/06/2025 17:30:00 - 10/06/2025 17:45:00","BZN|FR","Without Sequence","21.91","",""
"10/06/2025 17:45:00 - 10/06/2025 18:00:00","BZN|FR","Without Sequence","21.91","",""
"10/06/2025 18:00:00 - 10/06/2025 18:15:00","BZN|FR","Without Sequence","35.95","",""
"10/06/2025 18:15:00 - 10/06/2025 18:30:00","BZN|FR","Without Sequence","35.95","",""
"10/06/2025 18:30:00 - 10/06/2025 18:45:00","BZN|FR","Without Sequence","35.95","",""
"10/06/2025 18:45:00 - 10/06/2025 19:00:00","BZN|FR","Without Sequence","35.95","",""
"10/06/2025 19:00:00 - 10/06/2025 19:15:00","BZN|FR","Without Sequence","65.57","",""
"10/06/2025 19:15:00 - 10/06/2025 19:30:00","BZN|FR","Without Sequence","65.57","",""
"10/06/2025 19:30:00 - 10/06/2025 19:45:00","BZN|FR","Without Sequence","65.57","",""
"10/06/2025 19:45:00 - 10/06/2025 20:00:00","BZN|FR","Without Sequence","65.57","",""
"10/06/2025 20:00:00 - 10/06/2025 20:15:00","BZN|FR","Without Sequence","56.60","",""
"10/06/2025 20:15:00 - 10/06/2025 20:30:00","BZN|FR","Without Sequence","56.60","",""
"10/06/2025 20:30:00 - 10/06/2025 20:45:00","BZN|FR","Without Sequence","56.60","",""
"10/06/2025 20:45:00 - 10/06/2025 21:00:00","BZN|FR","Without Sequence","56.60","",""
"10/06/2025 21:00:00 - 10/06/2025 21:15:00","BZN|FR","Without Sequence","58.20","",""
"10/06/2025 21:15:00 - 10/06/2025 21:30:00","BZN|FR","Without Sequence","58.20","",""
"10/06/2025 21:30:00 - 10/06/2025 21:45:00","BZN|FR","Without Sequence","58.20","",""
"10/06/2025 21:45:00 - 10/06/2025 22:00:00","BZN|FR","Without Sequence","58.20","",""
"10/06/2025 22:00:00 - 10/06/2025 22:15:00","BZN|FR","Without Sequence","71.92","",""
"10/06/2025 22:15:00 - 10/06/2025 22:30:00","BZN|FR","Without Sequence","71.92","",""
"10/06/2025 22:30:00 - 10/06/2025 22:45:00","BZN|FR","Without Sequence","71.92","",""
"10/06/2025 22:45:00 - 10/06/2025 23:00:00","BZN|FR","Without Sequence","71.92","",""
"10/06/2025 23:00:00 - 10/06/2025 23:15:00","BZN|FR","Without Sequence","61.63","",""
"10/06/2025 23:15:00 - 10/06/2025 23:30:00","BZN|FR","Without Sequence","61.63","",""
"10/06/2025 23:30:00 - 10/06/2025 23:45:00","BZN|FR","Without Sequence","61.63","",""
"10/06/2025 23:45:00 - 11/06/2025 00:00:00","BZN|FR","Without Sequence","61.63","",""
"11/06/2025 00:00:00 - 11/06/2025 00:15:00","BZN|FR","Without Sequence","62.76","",""
"11/06/2025 00:15:00 - 11/06/2025 00:30:00","BZN|FR","Without Sequence","62.76","",""
"11/06/2025 00:30:00 - 11/06/2025 00:45:00","BZN|FR","Without Sequence","62.76","",""
"11/06/2025 00:45:00 - 11/06/2025 01:00:00","BZN|FR","Without Sequence","62.76","",""
"11/06/2025 01:00:00 - 11/06/2025 01:15:00","BZN|FR","Without Sequence","35.49","",""
"11/06/2025 01:15:00 - 11/06/2025 01:30:00","BZN|FR","Without Sequence","35.49","",""
"11/06/2025 01:30:00 - 11/06/2025 01:45:00","BZN|FR","Without Sequence","35.49","",""
"11/06/2025 01:45:00 - 11/06/2025 02:00:00","BZN|FR","Without Sequence","35.49","",""
"11/06/2025 02:00:00 - 11/06/2025 02:15:00","BZN|FR","Without Sequence","37.04","",""
"11/06/2025 02:15:00 - 11/06/2025 02:30:00","BZN|FR","Without Sequence","37.04","",""
"11/06/2025 02:30:00 - 11/06/2025 02:45:00","BZN|FR","Without Sequence","37.04","",""
"11/06/2025 02:45:00 - 11/06/2025 03:00:00","BZN|FR","Without Sequence","37.04","",""
"11/06/2025 03:00:00 - 11/06/2025 03:15:00","BZN|FR","Without Sequence","20.95","",""
"11/06/2025 03:15:00 - 11/06/2025 03:30:00","BZN|FR","Without Sequence","20.95","",""
"11/06/2025 03:30:00 - 11/06/2025 03:45:00","BZN|FR","Without Sequence","20.95","",""
"11/06/2025 03:45:00 - 11/06/2025 04:00:00","BZN|FR","Without Sequence","20.95","",""
"11/06/2025 04:00:00 - 11/06/2025 04:15:00","BZN|FR","Without Sequence","15.49","",""
"11/06/2025 04:15:00 - 11/06/2025 04:30:00","BZN|FR","Without Sequence","15.49","",""
"11/06/2025 04:30:00 - 11/06/2025 04:45:00","BZN|FR","Without Sequence","15.49","",""
"11/06/2025 04:45:00 - 11/06/2025 05:00:00","BZN|FR","Without Sequence","15.49","",""
"11/06/2025 05:00:00 - 11/06/2025 05:15:00","BZN|FR","Without Sequence","21.44","",""
"11/06/2025 05:15:00 - 11/06/2025 05:30:00","BZN|FR","Without Sequence","21.44","",""
"11/06/2025 05:30:00 - 11/06/2025 05:45:00","BZN|FR","Without Sequence","21.44","",""
"11/06/2025 05:45:00 - 11/06/2025 06:00:00","BZN|FR","Without Sequence","21.44","",""
"11/06/2025 06:00:00 - 11/06/2025 06:15:00","BZN|FR","Without Sequence","32.76","",""
"11/06/2025 06:15:00 - 11/06/2025 06:30:00","BZN|FR","Without Sequence","32.76","",""
"11/06/2025 06:30:00 - 11/06/2025 06:45:00","BZN|FR","Without Sequence","32.76","",""
"11/06/2025 06:45:00 - 11/06/2025 07:00:00","BZN|FR","Without Sequence","32.76","",""
"11/06/2025 07:00:00 - 11/06/2025 07:15:00","BZN|FR","Without Sequence","32.01","",""
"11/06/2025 07:15:00 - 11/06/2025 07:30:00","BZN|FR","Without Sequence","32.01","",""
"11/06/2025 07:30:00 - 11/06/2025 07:45:00","BZN|FR","Without Sequence","32.01","",""
"11/06/2025 07:45:00 - 11/06/2025 08:00:00","BZN|FR","Without Sequence","32.01","",""
"11/06/2025 08:00:00 - 11/06/2025 08:15:00","BZN|FR","Without Sequence","42.71","",""
"11/06/2025 08:15:00 - 11/06/2025 08:30:00","BZN|FR","Without Sequence","42.71","",""
"11/06/2025 08:30:00 - 11/06/2025 08:45:00","BZN|FR","Without Sequence","42.71","",""
"11/06/2025 08:45:00 - 11/06/2025 09:00:00","BZN|FR","Without Sequence","42.71","",""
"11/06/2025 09:00:00 - 11/06/2025 09:15:00","BZN|FR","Without Sequence","25.63","",""
"11/06/2025 09:15:00 - 11/06/2025 09:30:00","BZN|FR","Without Sequence","25.63","",""
"11/06/2025 09:30:00 - 11/06/2025 09:45:00","BZN|FR","Without Sequence","25.63","",""
"11/06/2025 09:45:00 - 11/06/2025 10:00:00","BZN|FR","Without Sequence","25.63","",""
"11/06/2025 10:00:00 - 11/06/2025 10:15:00","BZN|FR","Without Sequence","6.77","",""
"11/06/2025 10:15:00 - 11/06/2025 10:30:00","BZN|FR","Without Sequence","6.77","",""
"11/06/2025 10:30:00 - 11/06/2025 10:45:00","BZN|FR","Without Sequence","6.77","",""
"11/06/2025 10:45:00 - 11/06/2025 11:00:00","BZN|FR","Without Sequence","6.77","",""
"11/06/2025 11:00:00 - 11/06/2025 11:15:00","BZN|FR","Without Sequence","0.00","",""
"11/06/2025 11:15:00 - 11/06/2025 11:30:00","BZN|FR","Without Sequence","0.00","",""
"11/06/2025 11:30:00 - 11/06/2025 11:45:00","BZN|FR","Without Sequence","0.00","",""
"11/06/2025 11:45:00 - 11/06/2025 12:00:00","BZN|FR","Without Sequence","0.00","",""
"11/06/2025 12:00:00 - 11/06/2025 12:15:00","BZN|FR","Without Sequence","-0.01","",""
"11/06/2025 12:15:00 - 11/06/2025 12:30:00","BZN|FR","Without Sequence","-0.01","",""
"11/06/2025 12:30:00 - 11/06/2025 12:45:00","BZN|FR","Without Sequence","-0.01","",""
"11/06/2025 12:45:00 - 11/06/2025 13:00:00","BZN|FR","Without Sequence","-0.01","",""
"11/06/2025 13:00:00 - 11/06/2025 13:15:00","BZN|FR","Without Sequence","-0.18","",""
"11/06/2025 13:15:00 - 11/06/2025 13:30:00","BZN|FR","Without Sequence","-0.18","",""
"11/06/2025 13:30:00 - 11/06/2025 13:45:00","BZN|FR","Without Sequence","-0.18","",""
"11/06/2025 13:45:00 - 11/06/2025 14:00:00","BZN|FR","Without Sequence","-0.18","",""
"11/06/2025 14:00:00 - 11/06/2025 14:15:00","BZN|FR","Without Sequence","-2.08","",""
"11/06/2025 14:15:00 - 11/06/2025 14:30:00","BZN|FR","Without Sequence","-2.08","",""
"11/06/2025 14:30:00 - 11/06/2025 14:45:00","BZN|FR","Without Sequence","-2.08","",""
"11/06/2025 14:45:00 - 11/06/2025 15:00:00","BZN|FR","Without Sequence","-2.08","",""
"11/06/2025 15:00:00 - 11/06/2025 15:15:00","BZN|FR","Without Sequence","-0.01","",""
"11/06/2025 15:15:00 - 11/06/2025 15:30:00","BZN|FR","Without Sequence","-0.01","",""
"11/06/2025 15:30:00 - 11/06/2025 15:45:00","BZN|FR","Without Sequence","-0.01","",""
"11/06/2025 15:45:00 - 11/06/2025 16:00:00","BZN|FR","Without Sequence","-0.01","",""
"11/06/2025 16:00:00 - 11/06/2025 16:15:00","BZN|FR","Without Sequence","2.50","",""
"11/06/2025 16:15:00 - 11/06/2025 16:30:00","BZN|FR","Without Sequence","2.50","",""
"11/06/2025 16:30:00 - 11/06/2025 16:45:00","BZN|FR","Without Sequence","2.50","",""
"11/06/2025 16:45:00 - 11/06/2025 17:00:00","BZN|FR","Without Sequence","2.50","",""
"11/06/2025 17:00:00 - 11/06/2025 17:15:00","BZN|FR","Without Sequence","24.59","",""
"11/06/2025 17:15:00 - 11/06/2025 17:30:00","BZN|FR","Without Sequence","24.59","",""
"11/06/2025 17:30:00 - 11/06/2025 17:45:00","BZN|FR","Without Sequence","24.59","",""
"11/06/2025 17:45:00 - 11/06/2025 18:00:00","BZN|FR","Without Sequence","24.59","",""
"11/06/2025 18:00:00 - 11/06/2025 18:15:00","BZN|FR","Without Sequence","29.56","",""
"11/06/2025 18:15:00 - 11/06/2025 18:30:00","BZN|FR","Without Sequence","29.56","",""
"11/06/2025 18:30:00 - 11/06/2025 18:45:00","BZN|FR","Without Sequence","29.56","",""
"11/06/2025 18:45:00 - 11/06/2025 19:00:00","BZN|FR","Without Sequence","29.56","",""
"11/06/2025 19:00:00 - 11/06/2025 19:15:00","BZN|FR","Without Sequence","74.00","",""
"11/06/2025 19:15:00 - 11/06/2025 19:30:00","BZN|FR","Without Sequence","74.00","",""
"11/06/2025 19:30:00 - 11/06/2025 19:45:00","BZN|FR","Without Sequence","74.00","",""
"11/06/2025 19:45:00 - 11/06/2025 20:00:00","BZN|FR","Without Sequence","74.00","",""
"11/06/2025 20:00:00 - 11/06/2025 20:15:00","BZN|FR","Without Sequence","84.01","",""
"11/06/2025 20:15:00 - 11/06/2025 20:30:00","BZN|FR","Without Sequence","84.01","",""
"11/06/2025 20:30:00 - 11/06/2025 20:45:00","BZN|FR","Without Sequence","84.01","",""
"11/06/2025 20:45:00 - 11/06/2025 21:00:00","BZN|FR","Without Sequence","84.01","",""
"11/06/2025 21:00:00 - 11/06/2025 21:15:00","BZN|FR","Without Sequence","60.98","",""
"11/06/2025 21:15:00 - 11/06/2025 21:30:00","BZN|FR","Without Sequence","60.98","",""
"11/06/2025 21:30:00 - 11/06/2025 21:45:00","BZN|FR","Without Sequence","60.98","",""
"11/06/2025 21:45:00 - 11/06/2025 22:00:00","BZN|FR","Without Sequence","60.98","",""
"11/06/2025 22:00:00 - 11/06/2025 22:15:00","BZN|FR","Without Sequence","70.01","",""
"11/06/2025 22:15:00 - 11/06/2025 22:30:00","BZN|FR","Without Sequence","70.01","",""
"11/06/2025 22:30:00 - 11/06/2025 22:45:00","BZN|FR","Without Sequence","70.01","",""
"11/06/2025 22:45:00 - 11/06/2025 23:00:00","BZN|FR","Without Sequence","70.01","",""
"11/06/2025 23:00:00 - 11/06/2025 23:15:00","BZN|FR","Without Sequence","57.01","",""
"11/06/2025 23:15:00 - 11/06/2025 23:30:00","BZN|FR","Without Sequence","57.01","",""
"11/06/2025 23:30:00 - 11/06/2025 23:45:00","BZN|FR","Without Sequence","57.01","",""
"11/06/2025 23:45:00 - 12/06/2025 00:00:00","BZN|FR","Without Sequence","57.01","",""
"12/06/2025 00:00:00 - 12/06/2025 00:15:00","BZN|FR","Without Sequence","24.60","",""
"12/06/2025 00:15:00 - 12/06/2025 00:30:00","BZN|FR","Without Sequence","24.60","",""
"12/06/2025 00:30:00 - 12/06/2025 00:45:00","BZN|FR","Without Sequence","24.60","",""
"12/06/2025 00:45:00 - 12/06/2025 01:00:00","BZN|FR","Without Sequence","24.60","",""
"12/06/2025 01:00:00 - 12/06/2025 01:15:00","BZN|FR","Without Sequence","0.00","",""
"12/06/2025 01:15:00 - 12/06/2025 01:30:00","BZN|FR","Without Sequence","0.00","",""
"12/06/2025 01:30:00 - 12/06/2025 01:45:00","BZN|FR","Without Sequence","0.00","",""
"12/06/2025 01:45:00 - 12/06/2025 02:00:00","BZN|FR","Without Sequence","0.00","",""
"12/06/2025 02:00:00 - 12/06/2025 02:15:00","BZN|FR","Without Sequence","6.88","",""
"12/06/2025 02:15:00 - 12/06/2025 02:30:00","BZN|FR","Without Sequence","6.88","",""
"12/06/2025 02:30:00 - 12/06/2025 02:45:00","BZN|FR","Without Sequence","6.88","",""
"12/06/2025 02:45:00 - 12/06/2025 03:00:00","BZN|FR","Without Sequence","6.88","",""
"12/06/2025 03:00:00 - 12/06/2025 03:15:00","BZN|FR","Without Sequence","0.00","",""
"12/06/2025 03:15:00 - 12/06/2025 03:30:00","BZN|FR","Without Sequence","0.00","",""
"12/06/2025 03:30:00 - 12/06/2025 03:45:00","BZN|FR","Without Sequence","0.00","",""
"12/06/2025 03:45:00 - 12/06/2025 04:00:00","BZN|FR","Without Sequence","0.00","",""
"12/06/2025 04:00:00 - 12/06/2025 04:15:00","BZN|FR","Without Sequence","-0.01","",""
"12/06/2025 04:15:00 - 12/06/2025 04:30:00","BZN|FR","Without Sequence","-0.01","",""
"12/06/2025 04:30:00 - 12/06/2025 04:45:00","BZN|FR","Without Sequence","-0.01","",""
"12/06/2025 04:45:00 - 12/06/2025 05:00:00","BZN|FR","Without Sequence","-0.01","",""
"12/06/2025 05:00:00 - 12/06/2025 05:15:00","BZN|FR","Without Sequence","0.00","",""
"12/06/2025 05:15:00 - 12/06/2025 05:30:00","BZN|FR","Without Sequence","0.00","",""
"12/06/2025 05:30:00 - 12/06/2025 05:45:00","BZN|FR","Without Sequence","0.00","",""
"12/06/2025 05:45:00 - 12/06/2025 06:00:00","BZN|FR","Without Sequence","0.00","",""
"12/06/2025 06:00:00 - 12/06/2025 06:15:00","BZN|FR","Without Sequence","19.73","",""
"12/06/2025 06:15:00 - 12/06/2025 06:30:00","BZN|FR","Without Sequence","19.73","",""
"12/06/2025 06:30:00 - 12/06/2025 06:45:00","BZN|FR","Without Sequence","19.73","",""
"12/06/2025 06:45:00 - 12/06/2025 07:00:00","BZN|FR","Without Sequence","19.73","",""
"12/06/2025 07:00:00 - 12/06/2025 07:15:00","BZN|FR","Without Sequence","37.29","",""
"12/06/2025 07:15:00 - 12/06/2025 07:30:00","BZN|FR","Without Sequence","37.29","",""
"12/06/2025 07:30:00 - 12/06/2025 07:45:00","BZN|FR","Without Sequence","37.29","",""
"12/06/2025 07:45:00 - 12/06/2025 08:00:00","BZN|FR","Without Sequence","37.29","",""
"12/06/2025 08:00:00 - 12/06/2025 08:15:00","BZN|FR","Without Sequence","34.69","",""
"12/06/2025 08:15:00 - 12/06/2025 08:30:00","BZN|FR","Without Sequence","34.69","",""
"12/06/2025 08:30:00 - 12/06/2025 08:45:00","BZN|FR","Without Sequence","34.69","",""
"12/06/2025 08:45:00 - 12/06/2025 09:00:00","BZN|FR","Without Sequence","34.69","",""
"12/06/2025 09:00:00 - 12/06/2025 09:15:00","BZN|FR","Without Sequence","15.27","",""
"12/06/2025 09:15:00 - 12/06/2025 09:30:00","BZN|FR","Without Sequence","15.27","",""
"12/06/2025 09:30:00 - 12/06/2025 09:45:00","BZN|FR","Without Sequence","15.27","",""
"12/06/2025 09:45:00 - 12/06/2025 10:00:00","BZN|FR","Without Sequence","15.27","",""
"12/06/2025 10:00:00 - 12/06/2025 10:15:00","BZN|FR","Without Sequence","0.00","",""
"12/06/2025 10:15:00 - 12/06/2025 10:30:00","BZN|FR","Without Sequence","0.00","",""
"12/06/2025 10:30:00 - 12/06/2025 10:45:00","BZN|FR","Without Sequence","0.00","",""
"12/06/2025 10:45:00 - 12/06/2025 11:00:00","BZN|FR","Without Sequence","0.00","",""
"12/06/2025 11:00:00 - 12/06/2025 11:15:00","BZN|FR","Without Sequence","-1.45","",""
"12/06/2025 11:15:00 - 12/06/2025 11:30:00","BZN|FR","Without Sequence","-1.45","",""
"12/06/2025 11:30:00 - 12/06/2025 11:45:00","BZN|FR","Without Sequence","-1.45","",""
"12/06/2025 11:45:00 - 12/06/2025 12:00:00","BZN|FR","Without Sequence","-1.45","",""
"12/06/2025 12:00:00 - 12/06/2025 12:15:00","BZN|FR","Without Sequence","-8.44","",""
"12/06/2025 12:15:00 - 12/06/2025 12:30:00","BZN|FR","Without Sequence","-8.44","",""
"12/06/2025 12:30:00 - 12/06/2025 12:45:00","BZN|FR","Without Sequence","-8.44","",""
"12/06/2025 12:45:00 - 12/06/2025 13:00:00","BZN|FR","Without Sequence","-8.44","",""
"12/06/2025 13:00:00 - 12/06/2025 13:15:00","BZN|FR","Without Sequence","-21.03","",""
"12/06/2025 13:15:00 - 12/06/2025 13:30:00","BZN|FR","Without Sequence","-21.03","",""
"12/06/2025 13:30:00 - 12/06/2025 13:45:00","BZN|FR","Without Sequence","-21.03","",""
"12/06/2025 13:45:00 - 12/06/2025 14:00:00","BZN|FR","Without Sequence","-21.03","",""
"12/06/2025 14:00:00 - 12/06/2025 14:15:00","BZN|FR","Without Sequence","-14.62","",""
"12/06/2025 14:15:00 - 12/06/2025 14:30:00","BZN|FR","Without Sequence","-14.62","",""
"12/06/2025 14:30:00 - 12/06/2025 14:45:00","BZN|FR","Without Sequence","-14.62","",""
"12/06/2025 14:45:00 - 12/06/2025 15:00:00","BZN|FR","Without Sequence","-14.62","",""
"12/06/2025 15:00:00 - 12/06/2025 15:15:00","BZN|FR","Without Sequence","-3.72","",""
"12/06/2025 15:15:00 - 12/06/2025 15:30:00","BZN|FR","Without Sequence","-3.72","",""
"12/06/2025 15:30:00 - 12/06/2025 15:45:00","BZN|FR","Without Sequence","-3.72","",""
"12/06/2025 15:45:00 - 12/06/2025 16:00:00","BZN|FR","Without Sequence","-3.72","",""
"12/06/2025 16:00:00 - 12/06/2025 16:15:00","BZN|FR","Without Sequence","0.01","",""
"12/06/2025 16:15:00 - 12/06/2025 16:30:00","BZN|FR","Without Sequence","0.01","",""
"12/06/2025 16:30:00 - 12/06/2025 16:45:00","BZN|FR","Without Sequence","0.01","",""
"12/06/2025 16:45:00 - 12/06/2025 17:00:00","BZN|FR","Without Sequence","0.01","",""
"12/06/2025 17:00:00 - 12/06/2025 17:15:00","BZN|FR","Without Sequence","15.98","",""
"12/06/2025 17:15:00 - 12/06/2025 17:30:00","BZN|FR","Without Sequence","15.98","",""
"12/06/2025 17:30:00 - 12/06/2025 17:45:00","BZN|FR","Without Sequence","15.98","",""
"12/06/2025 17:45:00 - 12/06/2025 18:00:00","BZN|FR","Without Sequence","15.98","",""
"12/06/2025 18:00:00 - 12/06/2025 18:15:00","BZN|FR","Without Sequence","40.23","",""
"12/06/2025 18:15:00 - 12/06/2025 18:30:00","BZN|FR","Without Sequence","40.23","",""
"12/06/2025 18:30:00 - 12/06/2025 18:45:00","BZN|FR","Without Sequence","40.23","",""
"12/06/2025 18:45:00 - 12/06/2025 19:00:00","BZN|FR","Without Sequence","40.23","",""
"12/06/2025 19:00:00 - 12/06/2025 19:15:00","BZN|FR","Without Sequence","89.60","",""
"12/06/2025 19:15:00 - 12/06/2025 19:30:00","BZN|FR","Without Sequence","89.60","",""
"12/06/2025 19:30:00 - 12/06/2025 19:45:00","BZN|FR","Without Sequence","89.60","",""
"12/06/2025 19:45:00 - 12/06/2025 20:00:00","BZN|FR","Without Sequence","89.60","",""
"12/06/2025 20:00:00 - 12/06/2025 20:15:00","BZN|FR","Without Sequence","104.01","",""
"12/06/2025 20:15:00 - 12/06/2025 20:30:00","BZN|FR","Without Sequence","104.01","",""
"12/06/2025 20:30:00 - 12/06/2025 20:45:00","BZN|FR","Without Sequence","104.01","",""
"12/06/2025 20:45:00 - 12/06/2025 21:00:00","BZN|FR","Without Sequence","104.01","",""
"12/06/2025 21:00:00 - 12/06/2025 21:15:00","BZN|FR","Without Sequence","116.10","",""
"12/06/2025 21:15:00 - 12/06/2025 21:30:00","BZN|FR","Without Sequence","116.10","",""
"12/06/2025 21:30:00 - 12/06/2025 21:45:00","BZN|FR","Without Sequence","116.10","",""
"12/06/2025 21:45:00 - 12/06/2025 22:00:00","BZN|FR","Without Sequence","116.10","",""
"12/06/2025 22:00:00 - 12/06/2025 22:15:00","BZN|FR","Without Sequence","107.99","",""
"12/06/2025 22:15:00 - 12/06/2025 22:30:00","BZN|FR","Without Sequence","107.99","",""
"12/06/2025 22:30:00 - 12/06/2025 22:45:00","BZN|FR","Without Sequence","107.99","",""
"12/06/2025 22:45:00 - 12/06/2025 23:00:00","BZN|FR","Without Sequence","107.99","",""
"12/06/2025 23:00:00 - 12/06/2025 23:15:00","BZN|FR","Without Sequence","91.68","",""
"12/06/2025 23:15:00 - 12/06/2025 23:30:00","BZN|FR","Without Sequence","91.68","",""
"12/06/2025 23:30:00 - 12/06/2025 23:45:00","BZN|FR","Without Sequence","91.68","",""
"12/06/2025 23:45:00 - 13/06/2025 00:00:00","BZN|FR","Without Sequence","91.68","",""
"13/06/2025 00:00:00 - 13/06/2025 00:15:00","BZN|FR","Without Sequence","70.29","",""
"13/06/2025 00:15:00 - 13/06/2025 00:30:00","BZN|FR","Without Sequence","70.29","",""
"13/06/2025 00:30:00 - 13/06/2025 00:45:00","BZN|FR","Without Sequence","70.29","",""
"13/06/2025 00:45:00 - 13/06/2025 01:00:00","BZN|FR","Without Sequence","70.29","",""
"13/06/2025 01:00:00 - 13/06/2025 01:15:00","BZN|FR","Without Sequence","51.38","",""
"13/06/2025 01:15:00 - 13/06/2025 01:30:00","BZN|FR","Without Sequence","51.38","",""
"13/06/2025 01:30:00 - 13/06/2025 01:45:00","BZN|FR","Without Sequence","51.38","",""
"13/06/2025 01:45:00 - 13/06/2025 02:00:00","BZN|FR","Without Sequence","51.38","",""
"13/06/2025 02:00:00 - 13/06/2025 02:15:00","BZN|FR","Without Sequence","52.04","",""
"13/06/2025 02:15:00 - 13/06/2025 02:30:00","BZN|FR","Without Sequence","52.04","",""
"13/06/2025 02:30:00 - 13/06/2025 02:45:00","BZN|FR","Without Sequence","52.04","",""
"13/06/2025 02:45:00 - 13/06/2025 03:00:00","BZN|FR","Without Sequence","52.04","",""
"13/06/2025 03:00:00 - 13/06/2025 03:15:00","BZN|FR","Without Sequence","60.03","",""
"13/06/2025 03:15:00 - 13/06/2025 03:30:00","BZN|FR","Without Sequence","60.03","",""
"13/06/2025 03:30:00 - 13/06/2025 03:45:00","BZN|FR","Without Sequence","60.03","",""
"13/06/2025 03:45:00 - 13/06/2025 04:00:00","BZN|FR","Without Sequence","60.03","",""
"13/06/2025 04:00:00 - 13/06/2025 04:15:00","BZN|FR","Without Sequence","57.87","",""
"13/06/2025 04:15:00 - 13/06/2025 04:30:00","BZN|FR","Without Sequence","57.87","",""
"13/06/2025 04:30:00 - 13/06/2025 04:45:00","BZN|FR","Without Sequence","57.87","",""
"13/06/2025 04:45:00 - 13/06/2025 05:00:00","BZN|FR","Without Sequence","57.87","",""
"13/06/2025 05:00:00 - 13/06/2025 05:15:00","BZN|FR","Without Sequence","60.87","",""
"13/06/2025 05:15:00 - 13/06/2025 05:30:00","BZN|FR","Without Sequence","60.87","",""
"13/06/2025 05:30:00 - 13/06/2025 05:45:00","BZN|FR","Without Sequence","60.87","",""
"13/06/2025 05:45:00 - 13/06/2025 06:00:00","BZN|FR","Without Sequence","60.87","",""
"13/06/2025 06:00:00 - 13/06/2025 06:15:00","BZN|FR","Without Sequence","65.25","",""
"13/06/2025 06:15:00 - 13/06/2025 06:30:00","BZN|FR","Without Sequence","65.25","",""
"13/06/2025 06:30:00 - 13/06/2025 06:45:00","BZN|FR","Without Sequence","65.25","",""
"13/06/2025 06:45:00 - 13/06/2025 07:00:00","BZN|FR","Without Sequence","65.25","",""
"13/06/2025 07:00:00 - 13/06/2025 07:15:00","BZN|FR","Without Sequence","80.19","",""
"13/06/2025 07:15:00 - 13/06/2025 07:30:00","BZN|FR","Without Sequence","80.19","",""
"13/06/2025 07:30:00 - 13/06/2025 07:45:00","BZN|FR","Without Sequence","80.19","",""
"13/06/2025 07:45:00 - 13/06/2025 08:00:00","BZN|FR","Without Sequence","80.19","",""
"13/06/2025 08:00:00 - 13/06/2025 08:15:00","BZN|FR","Without Sequence","68.94","",""
"13/06/2025 08:15:00 - 13/06/2025 08:30:00","BZN|FR","Without Sequence","68.94","",""
"13/06/2025 08:30:00 - 13/06/2025 08:45:00","BZN|FR","Without Sequence","68.94","",""
"13/06/2025 08:45:00 - 13/06/2025 09:00:00","BZN|FR","Without Sequence","68.94","",""
"13/06/2025 09:00:00 - 13/06/2025 09:15:00","BZN|FR","Without Sequence","40.03","",""
"13/06/2025 09:15:00 - 13/06/2025 09:30:00","BZN|FR","Without Sequence","40.03","",""
"13/06/2025 09:30:00 - 13/06/2025 09:45:00","BZN|FR","Without Sequence","40.03","",""
"13/06/2025 09:45:00 - 13/06/2025 10:00:00","BZN|FR","Without Sequence","40.03","",""
"13/06/2025 10:00:00 - 13/06/2025 10:15:00","BZN|FR","Without Sequence","12.21","",""
"13/06/2025 10:15:00 - 13/06/2025 10:30:00","BZN|FR","Without Sequence","12.21","",""
"13/06/2025 10:30:00 - 13/06/2025 10:45:00","BZN|FR","Without Sequence","12.21","",""
"13/06/2025 10:45:00 - 13/06/2025 11:00:00","BZN|FR","Without Sequence","12.21","",""
"13/06/2025 11:00:00 - 13/06/2025 11:15:00","BZN|FR","Without Sequence","0.24","",""
"13/06/2025 11:15:00 - 13/06/2025 11:30:00","BZN|FR","Without Sequence","0.24","",""
"13/06/2025 11:30:00 - 13/06/2025 11:45:00","BZN|FR","Without Sequence","0.24","",""
"13/06/2025 11:45:00 - 13/06/2025 12:00:00","BZN|FR","Without Sequence","0.24","",""
"13/06/2025 12:00:00 - 13/06/2025 12:15:00","BZN|FR","Without Sequence","-0.01","",""
"13/06/2025 12:15:00 - 13/06/2025 12:30:00","BZN|FR","Without Sequence","-0.01","",""
"13/06/2025 12:30:00 - 13/06/2025 12:45:00","BZN|FR","Without Sequence","-0.01","",""
"13/06/2025 12:45:00 - 13/06/2025 13:00:00","BZN|FR","Without Sequence","-0.01","",""
"13/06/2025 13:00:00 - 13/06/2025 13:15:00","BZN|FR","Without Sequence","-0.02","",""
"13/06/2025 13:15:00 - 13/06/2025 13:30:00","BZN|FR","Without Sequence","-0.02","",""
"13/06/2025 13:30:00 - 13/06/2025 13:45:00","BZN|FR","Without Sequence","-0.02","",""
"13/06/2025 13:45:00 - 13/06/2025 14:00:00","BZN|FR","Without Sequence","-0.02","",""
"13/06/2025 14:00:00 - 13/06/2025 14:15:00","BZN|FR","Without Sequence","-1.02","",""
"13/06/2025 14:15:00 - 13/06/2025 14:30:00","BZN|FR","Without Sequence","-1.02","",""
"13/06/2025 14:30:00 - 13/06/2025 14:45:00","BZN|FR","Without Sequence","-1.02","",""
"13/06/2025 14:45:00 - 13/06/2025 15:00:00","BZN|FR","Without Sequence","-1.02","",""
"13/06/2025 15:00:00 - 13/06/2025 15:15:00","BZN|FR","Without Sequence","-0.01","",""
"13/06/2025 15:15:00 - 13/06/2025 15:30:00","BZN|FR","Without Sequence","-0.01","",""
"13/06/2025 15:30:00 - 13/06/2025 15:45:00","BZN|FR","Without Sequence","-0.01","",""
"13/06/2025 15:45:00 - 13/06/2025 16:00:00","BZN|FR","Without Sequence","-0.01","",""
"13/06/2025 16:00:00 - 13/06/2025 16:15:00","BZN|FR","Without Sequence","0.93","",""
"13/06/2025 16:15:00 - 13/06/2025 16:30:00","BZN|FR","Without Sequence","0.93","",""
"13/06/2025 16:30:00 - 13/06/2025 16:45:00","BZN|FR","Without Sequence","0.93","",""
"13/06/2025 16:45:00 - 13/06/2025 17:00:00","BZN|FR","Without Sequence","0.93","",""
"13/06/2025 17:00:00 - 13/06/2025 17:15:00","BZN|FR","Without Sequence","39.28","",""
"13/06/2025 17:15:00 - 13/06/2025 17:30:00","BZN|FR","Without Sequence","39.28","",""
"13/06/2025 17:30:00 - 13/06/2025 17:45:00","BZN|FR","Without Sequence","39.28","",""
"13/06/2025 17:45:00 - 13/06/2025 18:00:00","BZN|FR","Without Sequence","39.28","",""
"13/06/2025 18:00:00 - 13/06/2025 18:15:00","BZN|FR","Without Sequence","61.37","",""
"13/06/2025 18:15:00 - 13/06/2025 18:30:00","BZN|FR","Without Sequence","61.37","",""
"13/06/2025 18:30:00 - 13/06/2025 18:45:00","BZN|FR","Without Sequence","61.37","",""
"13/06/2025 18:45:00 - 13/06/2025 19:00:00","BZN|FR","Without Sequence","61.37","",""
"13/06/2025 19:00:00 - 13/06/2025 19:15:00","BZN|FR","Without Sequence","90.40","",""
"13/06/2025 19:15:00 - 13/06/2025 19:30:00","BZN|FR","Without Sequence","90.40","",""
"13/06/2025 19:30:00 - 13/06/2025 19:45:00","BZN|FR","Without Sequence","90.40","",""
"13/06/2025 19:45:00 - 13/06/2025 20:00:00","BZN|FR","Without Sequence","90.40","",""
"13/06/2025 20:00:00 - 13/06/2025 20:15:00","BZN|FR","Without Sequence","105.47","",""
"13/06/2025 20:15:00 - 13/06/2025 20:30:00","BZN|FR","Without Sequence","105.47","",""
"13/06/2025 20:30:00 - 13/06/2025 20:45:00","BZN|FR","Without Sequence","105.47","",""
"13/06/2025 20:45:00 - 13/06/2025 21:00:00","BZN|FR","Without Sequence","105.47","",""
"13/06/2025 21:00:00 - 13/06/2025 21:15:00","BZN|FR","Without Sequence","97.33","",""
"13/06/2025 21:15:00 - 13/06/2025 21:30:00","BZN|FR","Without Sequence","97.33","",""
"13/06/2025 21:30:00 - 13/06/2025 21:45:00","BZN|FR","Without Sequence","97.33","",""
"13/06/2025 21:45:00 - 13/06/2025 22:00:00","BZN|FR","Without Sequence","97.33","",""
"13/06/2025 22:00:00 - 13/06/2025 22:15:00","BZN|FR","Without Sequence","97.18","",""
"13/06/2025 22:15:00 - 13/06/2025 22:30:00","BZN|FR","Without Sequence","97.18","",""
"13/06/2025 22:30:00 - 13/06/2025 22:45:00","BZN|FR","Without Sequence","97.18","",""
"13/06/2025 22:45:00 - 13/06/2025 23:00:00","BZN|FR","Without Sequence","97.18","",""
"13/06/2025 23:00:00 - 13/06/2025 23:15:00","BZN|FR","Without Sequence","79.22","",""
"13/06/2025 23:15:00 - 13/06/2025 23:30:00","BZN|FR","Without Sequence","79.22","",""
"13/06/2025 23:30:00 - 13/06/2025 23:45:00","BZN|FR","Without Sequence","79.22","",""
"13/06/2025 23:45:00 - 14/06/2025 00:00:00","BZN|FR","Without Sequence","79.22","",""
"14/06/2025 00:00:00 - 14/06/2025 00:15:00","BZN|FR","Without Sequence","82.10","",""
"14/06/2025 00:15:00 - 14/06/2025 00:30:00","BZN|FR","Without Sequence","82.10","",""
"14/06/2025 00:30:00 - 14/06/2025 00:45:00","BZN|FR","Without Sequence","82.10","",""
"14/06/2025 00:45:00 - 14/06/2025 01:00:00","BZN|FR","Without Sequence","82.10","",""
"14/06/2025 01:00:00 - 14/06/2025 01:15:00","BZN|FR","Without Sequence","64.79","",""
"14/06/2025 01:15:00 - 14/06/2025 01:30:00","BZN|FR","Without Sequence","64.79","",""
"14/06/2025 01:30:00 - 14/06/2025 01:45:00","BZN|FR","Without Sequence","64.79","",""
"14/06/2025 01:45:00 - 14/06/2025 02:00:00","BZN|FR","Without Sequence","64.79","",""
"14/06/2025 02:00:00 - 14/06/2025 02:15:00","BZN|FR","Without Sequence","37.16","",""
"14/06/2025 02:15:00 - 14/06/2025 02:30:00","BZN|FR","Without Sequence","37.16","",""
"14/06/2025 02:30:00 - 14/06/2025 02:45:00","BZN|FR","Without Sequence","37.16","",""
"14/06/2025 02:45:00 - 14/06/2025 03:00:00","BZN|FR","Without Sequence","37.16","",""
"14/06/2025 03:00:00 - 14/06/2025 03:15:00","BZN|FR","Without Sequence","29.71","",""
"14/06/2025 03:15:00 - 14/06/2025 03:30:00","BZN|FR","Without Sequence","29.71","",""
"14/06/2025 03:30:00 - 14/06/2025 03:45:00","BZN|FR","Without Sequence","29.71","",""
"14/06/2025 03:45:00 - 14/06/2025 04:00:00","BZN|FR","Without Sequence","29.71","",""
"14/06/2025 04:00:00 - 14/06/2025 04:15:00","BZN|FR","Without Sequence","25.46","",""
"14/06/2025 04:15:00 - 14/06/2025 04:30:00","BZN|FR","Without Sequence","25.46","",""
"14/06/2025 04:30:00 - 14/06/2025 04:45:00","BZN|FR","Without Sequence","25.46","",""
"14/06/2025 04:45:00 - 14/06/2025 05:00:00","BZN|FR","Without Sequence","25.46","",""
"14/06/2025 05:00:00 - 14/06/2025 05:15:00","BZN|FR","Without Sequence","26.73","",""
"14/06/2025 05:15:00 - 14/06/2025 05:30:00","BZN|FR","Without Sequence","26.73","",""
"14/06/2025 05:30:00 - 14/06/2025 05:45:00","BZN|FR","Without Sequence","26.73","",""
"14/06/2025 05:45:00 - 14/06/2025 06:00:00","BZN|FR","Without Sequence","26.73","",""
"14/06/2025 06:00:00 - 14/06/2025 06:15:00","BZN|FR","Without Sequence","24.97","",""
"14/06/2025 06:15:00 - 14/06/2025 06:30:00","BZN|FR","Without Sequence","24.97","",""
"14/06/2025 06:30:00 - 14/06/2025 06:45:00","BZN|FR","Without Sequence","24.97","",""
"14/06/2025 06:45:00 - 14/06/2025 07:00:00","BZN|FR","Without Sequence","24.97","",""
"14/06/2025 07:00:00 - 14/06/2025 07:15:00","BZN|FR","Without Sequence","21.11","",""
"14/06/2025 07:15:00 - 14/06/2025 07:30:00","BZN|FR","Without Sequence","21.11","",""
"14/06/2025 07:30:00 - 14/06/2025 07:45:00","BZN|FR","Without Sequence","21.11","",""
"14/06/2025 07:45:00 - 14/06/2025 08:00:00","BZN|FR","Without Sequence","21.11","",""
"14/06/2025 08:00:00 - 14/06/2025 08:15:00","BZN|FR","Without Sequence","12.76","",""
"14/06/2025 08:15:00 - 14/06/2025 08:30:00","BZN|FR","Without Sequence","12.76","",""
"14/06/2025 08:30:00 - 14/06/2025 08:45:00","BZN|FR","Without Sequence","12.76","",""
"14/06/2025 08:45:00 - 14/06/2025 09:00:00","BZN|FR","Without Sequence","12.76","",""
"14/06/2025 09:00:00 - 14/06/2025 09:15:00","BZN|FR","Without Sequence","0.00","",""
"14/06/2025 09:15:00 - 14/06/2025 09:30:00","BZN|FR","Without Sequence","0.00","",""
"14/06/2025 09:30:00 - 14/06/2025 09:45:00","BZN|FR","Without Sequence","0.00","",""
"14/06/2025 09:45:00 - 14/06/2025 10:00:00","BZN|FR","Without Sequence","0.00","",""
"14/06/2025 10:00:00 - 14/06/2025 10:15:00","BZN|FR","Without Sequence","-0.01","",""
"14/06/2025 10:15:00 - 14/06/2025 10:30:00","BZN|FR","Without Sequence","-0.01","",""
"14/06/2025 10:30:00 - 14/06/2025 10:45:00","BZN|FR","Without Sequence","-0.01","",""
"14/06/2025 10:45:00 - 14/06/2025 11:00:00","BZN|FR","Without Sequence","-0.01","",""
"14/06/2025 11:00:00 - 14/06/2025 11:15:00","BZN|FR","Without Sequence","-2.37","",""
"14/06/2025 11:15:00 - 14/06/2025 11:30:00","BZN|FR","Without Sequence","-2.37","",""
"14/06/2025 11:30:00 - 14/06/2025 11:45:00","BZN|FR","Without Sequence","-2.37","",""
"14/06/2025 11:45:00 - 14/06/2025 12:00:00","BZN|FR","Without Sequence","-2.37","",""
"14/06/2025 12:00:00 - 14/06/2025 12:15:00","BZN|FR","Without Sequence","-0.58","",""
"14/06/2025 12:15:00 - 14/06/2025 12:30:00","BZN|FR","Without Sequence","-0.58","",""
"14/06/2025 12:30:00 - 14/06/2025 12:45:00","BZN|FR","Without Sequence","-0.58","",""
"14/06/2025 12:45:00 - 14/06/2025 13:00:00","BZN|FR","Without Sequence","-0.58","",""
"14/06/2025 13:00:00 - 14/06/2025 13:15:00","BZN|FR","Without Sequence","-4.90","",""
"14/06/2025 13:15:00 - 14/06/2025 13:30:00","BZN|FR","Without Sequence","-4.90","",""
"14/06/2025 13:30:00 - 14/06/2025 13:45:00","BZN|FR","Without Sequence","-4.90","",""
"14/06/2025 13:45:00 - 14/06/2025 14:00:00","BZN|FR","Without Sequence","-4.90","",""
"14/06/2025 14:00:00 - 14/06/2025 14:15:00","BZN|FR","Without Sequence","-23.48","",""
"14/06/2025 14:15:00 - 14/06/2025 14:30:00","BZN|FR","Without Sequence","-23.48","",""
"14/06/2025 14:30:00 - 14/06/2025 14:45:00","BZN|FR","Without Sequence","-23.48","",""
"14/06/2025 14:45:00 - 14/06/2025 15:00:00","BZN|FR","Without Sequence","-23.48","",""
"14/06/2025 15:00:00 - 14/06/2025 15:15:00","BZN|FR","Without Sequence","-6.70","",""
"14/06/2025 15:15:00 - 14/06/2025 15:30:00","BZN|FR","Without Sequence","-6.70","",""
"14/06/2025 15:30:00 - 14/06/2025 15:45:00","BZN|FR","Without Sequence","-6.70","",""
"14/06/2025 15:45:00 - 14/06/2025 16:00:00","BZN|FR","Without Sequence","-6.70","",""
"14/06/2025 16:00:00 - 14/06/2025 16:15:00","BZN|FR","Without Sequence","-0.37","",""
"14/06/2025 16:15:00 - 14/06/2025 16:30:00","BZN|FR","Without Sequence","-0.37","",""
"14/06/2025 16:30:00 - 14/06/2025 16:45:00","BZN|FR","Without Sequence","-0.37","",""
"14/06/2025 16:45:00 - 14/06/2025 17:00:00","BZN|FR","Without Sequence","-0.37","",""
"14/06/2025 17:00:00 - 14/06/2025 17:15:00","BZN|FR","Without Sequence","8.87","",""
"14/06/2025 17:15:00 - 14/06/2025 17:30:00","BZN|FR","Without Sequence","8.87","",""
"14/06/2025 17:30:00 - 14/06/2025 17:45:00","BZN|FR","Without Sequence","8.87","",""
"14/06/2025 17:45:00 - 14/06/2025 18:00:00","BZN|FR","Without Sequence","8.87","",""
"14/06/2025 18:00:00 - 14/06/2025 18:15:00","BZN|FR","Without Sequence","26.93","",""
"14/06/2025 18:15:00 - 14/06/2025 18:30:00","BZN|FR","Without Sequence","26.93","",""
"14/06/2025 18:30:00 - 14/06/2025 18:45:00","BZN|FR","Without Sequence","26.93","",""
"14/06/2025 18:45:00 - 14/06/2025 19:00:00","BZN|FR","Without Sequence","26.93","",""
"14/06/2025 19:00:00 - 14/06/2025 19:15:00","BZN|FR","Without Sequence","36.27","",""
"14/06/2025 19:15:00 - 14/06/2025 19:30:00","BZN|FR","Without Sequence","36.27","",""
"14/06/2025 19:30:00 - 14/06/2025 19:45:00","BZN|FR","Without Sequence","36.27","",""
"14/06/2025 19:45:00 - 14/06/2025 20:00:00","BZN|FR","Without Sequence","36.27","",""
"14/06/2025 20:00:00 - 14/06/2025 20:15:00","BZN|FR","Without Sequence","84.39","",""
"14/06/2025 20:15:00 - 14/06/2025 20:30:00","BZN|FR","Without Sequence","84.39","",""
"14/06/2025 20:30:00 - 14/06/2025 20:45:00","BZN|FR","Without Sequence","84.39","",""
"14/06/2025 20:45:00 - 14/06/2025 21:00:00","BZN|FR","Without Sequence","84.39","",""
"14/06/2025 21:00:00 - 14/06/2025 21:15:00","BZN|FR","Without Sequence","67.94","",""
"14/06/2025 21:15:00 - 14/06/2025 21:30:00","BZN|FR","Without Sequence","67.94","",""
"14/06/2025 21:30:00 - 14/06/2025 21:45:00","BZN|FR","Without Sequence","67.94","",""
"14/06/2025 21:45:00 - 14/06/2025 22:00:00","BZN|FR","Without Sequence","67.94","",""
"14/06/2025 22:00:00 - 14/06/2025 22:15:00","BZN|FR","Without Sequence","105.88","",""
"14/06/2025 22:15:00 - 14/06/2025 22:30:00","BZN|FR","Without Sequence","105.88","",""
"14/06/2025 22:30:00 - 14/06/2025 22:45:00","BZN|FR","Without Sequence","105.88","",""
"14/06/2025 22:45:00 - 14/06/2025 23:00:00","BZN|FR","Without Sequence","105.88","",""
"14/06/2025 23:00:00 - 14/06/2025 23:15:00","BZN|FR","Without Sequence","92.40","",""
"14/06/2025 23:15:00 - 14/06/2025 23:30:00","BZN|FR","Without Sequence","92.40","",""
"14/06/2025 23:30:00 - 14/06/2025 23:45:00","BZN|FR","Without Sequence","92.40","",""
"14/06/2025 23:45:00 - 15/06/2025 00:00:00","BZN|FR","Without Sequence","92.40","",""
"15/06/2025 00:00:00 - 15/06/2025 00:15:00","BZN|FR","Without Sequence","51.35","",""
"15/06/2025 00:15:00 - 15/06/2025 00:30:00","BZN|FR","Without Sequence","51.35","",""
"15/06/2025 00:30:00 - 15/06/2025 00:45:00","BZN|FR","Without Sequence","51.35","",""
"15/06/2025 00:45:00 - 15/06/2025 01:00:00","BZN|FR","Without Sequence","51.35","",""
"15/06/2025 01:00:00 - 15/06/2025 01:15:00","BZN|FR","Without Sequence","28.31","",""
"15/06/2025 01:15:00 - 15/06/2025 01:30:00","BZN|FR","Without Sequence","28.31","",""
"15/06/2025 01:30:00 - 15/06/2025 01:45:00","BZN|FR","Without Sequence","28.31","",""
"15/06/2025 01:45:00 - 15/06/2025 02:00:00","BZN|FR","Without Sequence","28.31","",""
"15/06/2025 02:00:00 - 15/06/2025 02:15:00","BZN|FR","Without Sequence","26.87","",""
"15/06/2025 02:15:00 - 15/06/2025 02:30:00","BZN|FR","Without Sequence","26.87","",""
"15/06/2025 02:30:00 - 15/06/2025 02:45:00","BZN|FR","Without Sequence","26.87","",""
"15/06/2025 02:45:00 - 15/06/2025 03:00:00","BZN|FR","Without Sequence","26.87","",""
"15/06/2025 03:00:00 - 15/06/2025 03:15:00","BZN|FR","Without Sequence","21.88","",""
"15/06/2025 03:15:00 - 15/06/2025 03:30:00","BZN|FR","Without Sequence","21.88","",""
"15/06/2025 03:30:00 - 15/06/2025 03:45:00","BZN|FR","Without Sequence","21.88","",""
"15/06/2025 03:45:00 - 15/06/2025 04:00:00","BZN|FR","Without Sequence","21.88","",""
"15/06/2025 04:00:00 - 15/06/2025 04:15:00","BZN|FR","Without Sequence","18.78","",""
"15/06/2025 04:15:00 - 15/06/2025 04:30:00","BZN|FR","Without Sequence","18.78","",""
"15/06/2025 04:30:00 - 15/06/2025 04:45:00","BZN|FR","Without Sequence","18.78","",""
"15/06/2025 04:45:00 - 15/06/2025 05:00:00","BZN|FR","Without Sequence","18.78","",""
"15/06/2025 05:00:00 - 15/06/2025 05:15:00","BZN|FR","Without Sequence","17.86","",""
"15/06/2025 05:15:00 - 15/06/2025 05:30:00","BZN|FR","Without Sequence","17.86","",""
"15/06/2025 05:30:00 - 15/06/2025 05:45:00","BZN|FR","Without Sequence","17.86","",""
"15/06/2025 05:45:00 - 15/06/2025 06:00:00","BZN|FR","Without Sequence","17.86","",""
"15/06/2025 06:00:00 - 15/06/2025 06:15:00","BZN|FR","Without Sequence","18.47","",""
"15/06/2025 06:15:00 - 15/06/2025 06:30:00","BZN|FR","Without Sequence","18.47","",""
"15/06/2025 06:30:00 - 15/06/2025 06:45:00","BZN|FR","Without Sequence","18.47","",""
"15/06/2025 06:45:00 - 15/06/2025 07:00:00","BZN|FR","Without Sequence","18.47","",""
"15/06/2025 07:00:00 - 15/06/2025 07:15:00","BZN|FR","Without Sequence","15.13","",""
"15/06/2025 07:15:00 - 15/06/2025 07:30:00","BZN|FR","Without Sequence","15.13","",""
"15/06/2025 07:30:00 - 15/06/2025 07:45:00","BZN|FR","Without Sequence","15.13","",""
"15/06/2025 07:45:00 - 15/06/2025 08:00:00","BZN|FR","Without Sequence","15.13","",""
"15/06/2025 08:00:00 - 15/06/2025 08:15:00","BZN|FR","Without Sequence","8.97","",""
"15/06/2025 08:15:00 - 15/06/2025 08:30:00","BZN|FR","Without Sequence","8.97","",""
"15/06/2025 08:30:00 - 15/06/2025 08:45:00","BZN|FR","Without Sequence","8.97","",""
"15/06/2025 08:45:00 - 15/06/2025 09:00:00","BZN|FR","Without Sequence","8.97","",""
"15/06/2025 09:00:00 - 15/06/2025 09:15:00","BZN|FR","Without Sequence","4.55","",""
"15/06/2025 09:15:00 - 15/06/2025 09:30:00","BZN|FR","Without Sequence","4.55","",""
"15/06/2025 09:30:00 - 15/06/2025 09:45:00","BZN|FR","Without Sequence","4.55","",""
"15/06/2025 09:45:00 - 15/06/2025 10:00:00","BZN|FR","Without Sequence","4.55","",""
"15/06/2025 10:00:00 - 15/06/2025 10:15:00","BZN|FR","Without Sequence","0.00","",""
"15/06/2025 10:15:00 - 15/06/2025 10:30:00","BZN|FR","Without Sequence","0.00","",""
"15/06/2025 10:30:00 - 15/06/2025 10:45:00","BZN|FR","Without Sequence","0.00","",""
"15/06/2025 10:45:00 - 15/06/2025 11:00:00","BZN|FR","Without Sequence","0.00","",""
"15/06/2025 11:00:00 - 15/06/2025 11:15:00","BZN|FR","Without Sequence","-0.02","",""
"15/06/2025 11:15:00 - 15/06/2025 11:30:00","BZN|FR","Without Sequence","-0.02","",""
"15/06/2025 11:30:00 - 15/06/2025 11:45:00","BZN|FR","Without Sequence","-0.02","",""
"15/06/2025 11:45:00 - 15/06/2025 12:00:00","BZN|FR","Without Sequence","-0.02","",""
"15/06/2025 12:00:00 - 15/06/2025 12:15:00","BZN|FR","Without Sequence","-1.21","",""
"15/06/2025 12:15:00 - 15/06/2025 12:30:00","BZN|FR","Without Sequence","-1.21","",""
"15/06/2025 12:30:00 - 15/06/2025 12:45:00","BZN|FR","Without Sequence","-1.21","",""
"15/06/2025 12:45:00 - 15/06/2025 13:00:00","BZN|FR","Without Sequence","-1.21","",""
"15/06/2025 13:00:00 - 15/06/2025 13:15:00","BZN|FR","Without Sequence","-5.60","",""
"15/06/2025 13:15:00 - 15/06/2025 13:30:00","BZN|FR","Without Sequence","-5.60","",""
"15/06/2025 13:30:00 - 15/06/2025 13:45:00","BZN|FR","Without Sequence","-5.60","",""
"15/06/2025 13:45:00 - 15/06/2025 14:00:00","BZN|FR","Without Sequence","-5.60","",""
"15/06/2025 14:00:00 - 15/06/2025 14:15:00","BZN|FR","Without Sequence","-5.00","",""
"15/06/2025 14:15:00 - 15/06/2025 14:30:00","BZN|FR","Without Sequence","-5.00","",""
"15/06/2025 14:30:00 - 15/06/2025 14:45:00","BZN|FR","Without Sequence","-5.00","",""
"15/06/2025 14:45:00 - 15/06/2025 15:00:00","BZN|FR","Without Sequence","-5.00","",""
"15/06/2025 15:00:00 - 15/06/2025 15:15:00","BZN|FR","Without Sequence","-2.00","",""
"15/06/2025 15:15:00 - 15/06/2025 15:30:00","BZN|FR","Without Sequence","-2.00","",""
"15/06/2025 15:30:00 - 15/06/2025 15:45:00","BZN|FR","Without Sequence","-2.00","",""
"15/06/2025 15:45:00 - 15/06/2025 16:00:00","BZN|FR","Without Sequence","-2.00","",""
"15/06/2025 16:00:00 - 15/06/2025 16:15:00","BZN|FR","Without Sequence","-0.01","",""
"15/06/2025 16:15:00 - 15/06/2025 16:30:00","BZN|FR","Without Sequence","-0.01","",""
"15/06/2025 16:30:00 - 15/06/2025 16:45:00","BZN|FR","Without Sequence","-0.01","",""
"15/06/2025 16:45:00 - 15/06/2025 17:00:00","BZN|FR","Without Sequence","-0.01","",""
"15/06/2025 17:00:00 - 15/06/2025 17:15:00","BZN|FR","Without Sequence","-0.01","",""
"15/06/2025 17:15:00 - 15/06/2025 17:30:00","BZN|FR","Without Sequence","-0.01","",""
"15/06/2025 17:30:00 - 15/06/2025 17:45:00","BZN|FR","Without Sequence","-0.01","",""
"15/06/2025 17:45:00 - 15/06/2025 18:00:00","BZN|FR","Without Sequence","-0.01","",""
"15/06/2025 18:00:00 - 15/06/2025 18:15:00","BZN|FR","Without Sequence","12.37","",""
"15/06/2025 18:15:00 - 15/06/2025 18:30:00","BZN|FR","Without Sequence","12.37","",""
"15/06/2025 18:30:00 - 15/06/2025 18:45:00","BZN|FR","Without Sequence","12.37","",""
"15/06/2025 18:45:00 - 15/06/2025 19:00:00","BZN|FR","Without Sequence","12.37","",""
"15/06/2025 19:00:00 - 15/06/2025 19:15:00","BZN|FR","Without Sequence","19.29","",""
"15/06/2025 19:15:00 - 15/06/2025 19:30:00","BZN|FR","Without Sequence","19.29","",""
"15/06/2025 19:30:00 - 15/06/2025 19:45:00","BZN|FR","Without Sequence","19.29","",""
"15/06/2025 19:45:00 - 15/06/2025 20:00:00","BZN|FR","Without Sequence","19.29","",""
"15/06/2025 20:00:00 - 15/06/2025 20:15:00","BZN|FR","Without Sequence","33.96","",""
"15/06/2025 20:15:00 - 15/06/2025 20:30:00","BZN|FR","Without Sequence","33.96","",""
"15/06/2025 20:30:00 - 15/06/2025 20:45:00","BZN|FR","Without Sequence","33.96","",""
"15/06/2025 20:45:00 - 15/06/2025 21:00:00","BZN|FR","Without Sequence","33.96","",""
"15/06/2025 21:00:00 - 15/06/2025 21:15:00","BZN|FR","Without Sequence","39.96","",""
"15/06/2025 21:15:00 - 15/06/2025 21:30:00","BZN|FR","Without Sequence","39.96","",""
"15/06/2025 21:30:00 - 15/06/2025 21:45:00","BZN|FR","Without Sequence","39.96","",""
"15/06/2025 21:45:00 - 15/06/2025 22:00:00","BZN|FR","Without Sequence","39.96","",""
"15/06/2025 22:00:00 - 15/06/2025 22:15:00","BZN|FR","Without Sequence","61.70","",""
"15/06/2025 22:15:00 - 15/06/2025 22:30:00","BZN|FR","Without Sequence","61.70","",""
"15/06/2025 22:30:00 - 15/06/2025 22:45:00","BZN|FR","Without Sequence","61.70","",""
"15/06/2025 22:45:00 - 15/06/2025 23:00:00","BZN|FR","Without Sequence","61.70","",""
"15/06/2025 23:00:00 - 15/06/2025 23:15:00","BZN|FR","Without Sequence","53.03","",""
"15/06/2025 23:15:00 - 15/06/2025 23:30:00","BZN|FR","Without Sequence","53.03","",""
"15/06/2025 23:30:00 - 15/06/2025 23:45:00","BZN|FR","Without Sequence","53.03","",""
"15/06/2025 23:45:00 - 16/06/2025 00:00:00","BZN|FR","Without Sequence","53.03","",""
"16/06/2025 00:00:00 - 16/06/2025 00:15:00","BZN|FR","Without Sequence","24.99","",""
"16/06/2025 00:15:00 - 16/06/2025 00:30:00","BZN|FR","Without Sequence","24.99","",""
"16/06/2025 00:30:00 - 16/06/2025 00:45:00","BZN|FR","Without Sequence","24.99","",""
"16/06/2025 00:45:00 - 16/06/2025 01:00:00","BZN|FR","Without Sequence","24.99","",""
"16/06/2025 01:00:00 - 16/06/2025 01:15:00","BZN|FR","Without Sequence","19.96","",""
"16/06/2025 01:15:00 - 16/06/2025 01:30:00","BZN|FR","Without Sequence","19.96","",""
"16/06/2025 01:30:00 - 16/06/2025 01:45:00","BZN|FR","Without Sequence","19.96","",""
"16/06/2025 01:45:00 - 16/06/2025 02:00:00","BZN|FR","Without Sequence","19.96","",""
"16/06/2025 02:00:00 - 16/06/2025 02:15:00","BZN|FR","Without Sequence","16.58","",""
"16/06/2025 02:15:00 - 16/06/2025 02:30:00","BZN|FR","Without Sequence","16.58","",""
"16/06/2025 02:30:00 - 16/06/2025 02:45:00","BZN|FR","Without Sequence","16.58","",""
"16/06/2025 02:45:00 - 16/06/2025 03:00:00","BZN|FR","Without Sequence","16.58","",""
"16/06/2025 03:00:00 - 16/06/2025 03:15:00","BZN|FR","Without Sequence","13.27","",""
"16/06/2025 03:15:00 - 16/06/2025 03:30:00","BZN|FR","Without Sequence","13.27","",""
"16/06/2025 03:30:00 - 16/06/2025 03:45:00","BZN|FR","Without Sequence","13.27","",""
"16/06/2025 03:45:00 - 16/06/2025 04:00:00","BZN|FR","Without Sequence","13.27","",""
"16/06/2025 04:00:00 - 16/06/2025 04:15:00","BZN|FR","Without Sequence","12.35","",""
"16/06/2025 04:15:00 - 16/06/2025 04:30:00","BZN|FR","Without Sequence","12.35","",""
"16/06/2025 04:30:00 - 16/06/2025 04:45:00","BZN|FR","Without Sequence","12.35","",""
"16/06/2025 04:45:00 - 16/06/2025 05:00:00","BZN|FR","Without Sequence","12.35","",""
"16/06/2025 05:00:00 - 16/06/2025 05:15:00","BZN|FR","Without Sequence","19.27","",""
"16/06/2025 05:15:00 - 16/06/2025 05:30:00","BZN|FR","Without Sequence","19.27","",""
"16/06/2025 05:30:00 - 16/06/2025 05:45:00","BZN|FR","Without Sequence","19.27","",""
"16/06/2025 05:45:00 - 16/06/2025 06:00:00","BZN|FR","Without Sequence","19.27","",""
"16/06/2025 06:00:00 - 16/06/2025 06:15:00","BZN|FR","Without Sequence","22.05","",""
"16/06/2025 06:15:00 - 16/06/2025 06:30:00","BZN|FR","Without Sequence","22.05","",""
"16/06/2025 06:30:00 - 16/06/2025 06:45:00","BZN|FR","Without Sequence","22.05","",""
"16/06/2025 06:45:00 - 16/06/2025 07:00:00","BZN|FR","Without Sequence","22.05","",""
"16/06/2025 07:00:00 - 16/06/2025 07:15:00","BZN|FR","Without Sequence","53.16","",""
"16/06/2025 07:15:00 - 16/06/2025 07:30:00","BZN|FR","Without Sequence","53.16","",""
"16/06/2025 07:30:00 - 16/06/2025 07:45:00","BZN|FR","Without Sequence","53.16","",""
"16/06/2025 07:45:00 - 16/06/2025 08:00:00","BZN|FR","Without Sequence","53.16","",""
"16/06/2025 08:00:00 - 16/06/2025 08:15:00","BZN|FR","Without Sequence","58.49","",""
"16/06/2025 08:15:00 - 16/06/2025 08:30:00","BZN|FR","Without Sequence","58.49","",""
"16/06/2025 08:30:00 - 16/06/2025 08:45:00","BZN|FR","Without Sequence","58.49","",""
"16/06/2025 08:45:00 - 16/06/2025 09:00:00","BZN|FR","Without Sequence","58.49","",""
"16/06/2025 09:00:00 - 16/06/2025 09:15:00","BZN|FR","Without Sequence","20.00","",""
"16/06/2025 09:15:00 - 16/06/2025 09:30:00","BZN|FR","Without Sequence","20.00","",""
"16/06/2025 09:30:00 - 16/06/2025 09:45:00","BZN|FR","Without Sequence","20.00","",""
"16/06/2025 09:45:00 - 16/06/2025 10:00:00","BZN|FR","Without Sequence","20.00","",""
"16/06/2025 10:00:00 - 16/06/2025 10:15:00","BZN|FR","Without Sequence","4.50","",""
"16/06/2025 10:15:00 - 16/06/2025 10:30:00","BZN|FR","Without Sequence","4.50","",""
"16/06/2025 10:30:00 - 16/06/2025 10:45:00","BZN|FR","Without Sequence","4.50","",""
"16/06/2025 10:45:00 - 16/06/2025 11:00:00","BZN|FR","Without Sequence","4.50","",""
"16/06/2025 11:00:00 - 16/06/2025 11:15:00","BZN|FR","Without Sequence","0.00","",""
"16/06/2025 11:15:00 - 16/06/2025 11:30:00","BZN|FR","Without Sequence","0.00","",""
"16/06/2025 11:30:00 - 16/06/2025 11:45:00","BZN|FR","Without Sequence","0.00","",""
"16/06/2025 11:45:00 - 16/06/2025 12:00:00","BZN|FR","Without Sequence","0.00","",""
"16/06/2025 12:00:00 - 16/06/2025 12:15:00","BZN|FR","Without Sequence","0.00","",""
"16/06/2025 12:15:00 - 16/06/2025 12:30:00","BZN|FR","Without Sequence","0.00","",""
"16/06/2025 12:30:00 - 16/06/2025 12:45:00","BZN|FR","Without Sequence","0.00","",""
"16/06/2025 12:45:00 - 16/06/2025 13:00:00","BZN|FR","Without Sequence","0.00","",""
"16/06/2025 13:00:00 - 16/06/2025 13:15:00","BZN|FR","Without Sequence","0.00","",""
"16/06/2025 13:15:00 - 16/06/2025 13:30:00","BZN|FR","Without Sequence","0.00","",""
"16/06/2025 13:30:00 - 16/06/2025 13:45:00","BZN|FR","Without Sequence","0.00","",""
"16/06/2025 13:45:00 - 16/06/2025 14:00:00","BZN|FR","Without Sequence","0.00","",""
"16/06/2025 14:00:00 - 16/06/2025 14:15:00","BZN|FR","Without Sequence","0.00","",""
"16/06/2025 14:15:00 - 16/06/2025 14:30:00","BZN|FR","Without Sequence","0.00","",""
"16/06/2025 14:30:00 - 16/06/2025 14:45:00","BZN|FR","Without Sequence","0.00","",""
"16/06/2025 14:45:00 - 16/06/2025 15:00:00","BZN|FR","Without Sequence","0.00","",""
"16/06/2025 15:00:00 - 16/06/2025 15:15:00","BZN|FR","Without Sequence","0.00","",""
"16/06/2025 15:15:00 - 16/06/2025 15:30:00","BZN|FR","Without Sequence","0.00","",""
"16/06/2025 15:30:00 - 16/06/2025 15:45:00","BZN|FR","Without Sequence","0.00","",""
"16/06/2025 15:45:00 - 16/06/2025 16:00:00","BZN|FR","Without Sequence","0.00","",""
"16/06/2025 16:00:00 - 16/06/2025 16:15:00","BZN|FR","Without Sequence","1.03","",""
"16/06/2025 16:15:00 - 16/06/2025 16:30:00","BZN|FR","Without Sequence","1.03","",""
"16/06/2025 16:30:00 - 16/06/2025 16:45:00","BZN|FR","Without Sequence","1.03","",""
"16/06/2025 16:45:00 - 16/06/2025 17:00:00","BZN|FR","Without Sequence","1.03","",""
"16/06/2025 17:00:00 - 16/06/2025 17:15:00","BZN|FR","Without Sequence","12.36","",""
"16/06/2025 17:15:00 - 16/06/2025 17:30:00","BZN|FR","Without Sequence","12.36","",""
"16/06/2025 17:30:00 - 16/06/2025 17:45:00","BZN|FR","Without Sequence","12.36","",""
"16/06/2025 17:45:00 - 16/06/2025 18:00:00","BZN|FR","Without Sequence","12.36","",""
"16/06/2025 18:00:00 - 16/06/2025 18:15:00","BZN|FR","Without Sequence","75.30","",""
"16/06/2025 18:15:00 - 16/06/2025 18:30:00","BZN|FR","Without Sequence","75.30","",""
"16/06/2025 18:30:00 - 16/06/2025 18:45:00","BZN|FR","Without Sequence","75.30","",""
"16/06/2025 18:45:00 - 16/06/2025 19:00:00","BZN|FR","Without Sequence","75.30","",""
"16/06/2025 19:00:00 - 16/06/2025 19:15:00","BZN|FR","Without Sequence","113.86","",""
"16/06/2025 19:15:00 - 16/06/2025 19:30:00","BZN|FR","Without Sequence","113.86","",""
"16/06/2025 19:30:00 - 16/06/2025 19:45:00","BZN|FR","Without Sequence","113.86","",""
"16/06/2025 19:45:00 - 16/06/2025 20:00:00","BZN|FR","Without Sequence","113.86","",""
"16/06/2025 20:00:00 - 16/06/2025 20:15:00","BZN|FR","Without Sequence","108.36","",""
"16/06/2025 20:15:00 - 16/06/2025 20:30:00","BZN|FR","Without Sequence","108.36","",""
"16/06/2025 20:30:00 - 16/06/2025 20:45:00","BZN|FR","Without Sequence","108.36","",""
"16/06/2025 20:45:00 - 16/06/2025 21:00:00","BZN|FR","Without Sequence","108.36","",""
"16/06/2025 21:00:00 - 16/06/2025 21:15:00","BZN|FR","Without Sequence","84.75","",""
"16/06/2025 21:15:00 - 16/06/2025 21:30:00","BZN|FR","Without Sequence","84.75","",""
"16/06/2025 21:30:00 - 16/06/2025 21:45:00","BZN|FR","Without Sequence","84.75","",""
"16/06/2025 21:45:00 - 16/06/2025 22:00:00","BZN|FR","Without Sequence","84.75","",""
"16/06/2025 22:00:00 - 16/06/2025 22:15:00","BZN|FR","Without Sequence","106.59","",""
"16/06/2025 22:15:00 - 16/06/2025 22:30:00","BZN|FR","Without Sequence","106.59","",""
"16/06/2025 22:30:00 - 16/06/2025 22:45:00","BZN|FR","Without Sequence","106.59","",""
"16/06/2025 22:45:00 - 16/06/2025 23:00:00","BZN|FR","Without Sequence","106.59","",""
"16/06/2025 23:00:00 - 16/06/2025 23:15:00","BZN|FR","Without Sequence","82.32","",""
"16/06/2025 23:15:00 - 16/06/2025 23:30:00","BZN|FR","Without Sequence","82.32","",""
"16/06/2025 23:30:00 - 16/06/2025 23:45:00","BZN|FR","Without Sequence","82.32","",""
"16/06/2025 23:45:00 - 17/06/2025 00:00:00","BZN|FR","Without Sequence","82.32","",""
"17/06/2025 00:00:00 - 17/06/2025 00:15:00","BZN|FR","Without Sequence","55.73","",""
"17/06/2025 00:15:00 - 17/06/2025 00:30:00","BZN|FR","Without Sequence","55.73","",""
"17/06/2025 00:30:00 - 17/06/2025 00:45:00","BZN|FR","Without Sequence","55.73","",""
"17/06/2025 00:45:00 - 17/06/2025 01:00:00","BZN|FR","Without Sequence","55.73","",""
"17/06/2025 01:00:00 - 17/06/2025 01:15:00","BZN|FR","Without Sequence","21.73","",""
"17/06/2025 01:15:00 - 17/06/2025 01:30:00","BZN|FR","Without Sequence","21.73","",""
"17/06/2025 01:30:00 - 17/06/2025 01:45:00","BZN|FR","Without Sequence","21.73","",""
"17/06/2025 01:45:00 - 17/06/2025 02:00:00","BZN|FR","Without Sequence","21.73","",""
"17/06/2025 02:00:00 - 17/06/2025 02:15:00","BZN|FR","Without Sequence","25.89","",""
"17/06/2025 02:15:00 - 17/06/2025 02:30:00","BZN|FR","Without Sequence","25.89","",""
"17/06/2025 02:30:00 - 17/06/2025 02:45:00","BZN|FR","Without Sequence","25.89","",""
"17/06/2025 02:45:00 - 17/06/2025 03:00:00","BZN|FR","Without Sequence","25.89","",""
"17/06/2025 03:00:00 - 17/06/2025 03:15:00","BZN|FR","Without Sequence","25.45","",""
"17/06/2025 03:15:00 - 17/06/2025 03:30:00","BZN|FR","Without Sequence","25.45","",""
"17/06/2025 03:30:00 - 17/06/2025 03:45:00","BZN|FR","Without Sequence","25.45","",""
"17/06/2025 03:45:00 - 17/06/2025 04:00:00","BZN|FR","Without Sequence","25.45","",""
"17/06/2025 04:00:00 - 17/06/2025 04:15:00","BZN|FR","Without Sequence","13.47","",""
"17/06/2025 04:15:00 - 17/06/2025 04:30:00","BZN|FR","Without Sequence","13.47","",""
"17/06/2025 04:30:00 - 17/06/2025 04:45:00","BZN|FR","Without Sequence","13.47","",""
"17/06/2025 04:45:00 - 17/06/2025 05:00:00","BZN|FR","Without Sequence","13.47","",""
"17/06/2025 05:00:00 - 17/06/2025 05:15:00","BZN|FR","Without Sequence","30.38","",""
"17/06/2025 05:15:00 - 17/06/2025 05:30:00","BZN|FR","Without Sequence","30.38","",""
"17/06/2025 05:30:00 - 17/06/2025 05:45:00","BZN|FR","Without Sequence","30.38","",""
"17/06/2025 05:45:00 - 17/06/2025 06:00:00","BZN|FR","Without Sequence","30.38","",""
"17/06/2025 06:00:00 - 17/06/2025 06:15:00","BZN|FR","Without Sequence","37.45","",""
"17/06/2025 06:15:00 - 17/06/2025 06:30:00","BZN|FR","Without Sequence","37.45","",""
"17/06/2025 06:30:00 - 17/06/2025 06:45:00","BZN|FR","Without Sequence","37.45","",""
"17/06/2025 06:45:00 - 17/06/2025 07:00:00","BZN|FR","Without Sequence","37.45","",""
"17/06/2025 07:00:00 - 17/06/2025 07:15:00","BZN|FR","Without Sequence","57.51","",""
"17/06/2025 07:15:00 - 17/06/2025 07:30:00","BZN|FR","Without Sequence","57.51","",""
"17/06/2025 07:30:00 - 17/06/2025 07:45:00","BZN|FR","Without Sequence","57.51","",""
"17/06/2025 07:45:00 - 17/06/2025 08:00:00","BZN|FR","Without Sequence","57.51","",""
"17/06/2025 08:00:00 - 17/06/2025 08:15:00","BZN|FR","Without Sequence","67.17","",""
"17/06/2025 08:15:00 - 17/06/2025 08:30:00","BZN|FR","Without Sequence","67.17","",""
"17/06/2025 08:30:00 - 17/06/2025 08:45:00","BZN|FR","Without Sequence","67.17","",""
"17/06/2025 08:45:00 - 17/06/2025 09:00:00","BZN|FR","Without Sequence","67.17","",""
"17/06/2025 09:00:00 - 17/06/2025 09:15:00","BZN|FR","Without Sequence","38.01","",""
"17/06/2025 09:15:00 - 17/06/2025 09:30:00","BZN|FR","Without Sequence","38.01","",""
"17/06/2025 09:30:00 - 17/06/2025 09:45:00","BZN|FR","Without Sequence","38.01","",""
"17/06/2025 09:45:00 - 17/06/2025 10:00:00","BZN|FR","Without Sequence","38.01","",""
"17/06/2025 10:00:00 - 17/06/2025 10:15:00","BZN|FR","Without Sequence","4.48","",""
"17/06/2025 10:15:00 - 17/06/2025 10:30:00","BZN|FR","Without Sequence","4.48","",""
"17/06/2025 10:30:00 - 17/06/2025 10:45:00","BZN|FR","Without Sequence","4.48","",""
"17/06/2025 10:45:00 - 17/06/2025 11:00:00","BZN|FR","Without Sequence","4.48","",""
"17/06/2025 11:00:00 - 17/06/2025 11:15:00","BZN|FR","Without Sequence","0.00","",""
"17/06/2025 11:15:00 - 17/06/2025 11:30:00","BZN|FR","Without Sequence","0.00","",""
"17/06/2025 11:30:00 - 17/06/2025 11:45:00","BZN|FR","Without Sequence","0.00","",""
"17/06/2025 11:45:00 - 17/06/2025 12:00:00","BZN|FR","Without Sequence","0.00","",""
"17/06/2025 12:00:00 - 17/06/2025 12:15:00","BZN|FR","Without Sequence","-0.01","",""
"17/06/2025 12:15:00 - 17/06/2025 12:30:00","BZN|FR","Without Sequence","-0.01","",""
"17/06/2025 12:30:00 - 17/06/2025 12:45:00","BZN|FR","Without Sequence","-0.01","",""
"17/06/2025 12:45:00 - 17/06/2025 13:00:00","BZN|FR","Without Sequence","-0.01","",""
"17/06/2025 13:00:00 - 17/06/2025 13:15:00","BZN|FR","Without Sequence","-0.01","",""
"17/06/2025 13:15:00 - 17/06/2025 13:30:00","BZN|FR","Without Sequence","-0.01","",""
"17/06/2025 13:30:00 - 17/06/2025 13:45:00","BZN|FR","Without Sequence","-0.01","",""
"17/06/2025 13:45:00 - 17/06/2025 14:00:00","BZN|FR","Without Sequence","-0.01","",""
"17/06/2025 14:00:00 - 17/06/2025 14:15:00","BZN|FR","Without Sequence","-0.01","",""
"17/06/2025 14:15:00 - 17/06/2025 14:30:00","BZN|FR","Without Sequence","-0.01","",""
"17/06/2025 14:30:00 - 17/06/2025 14:45:00","BZN|FR","Without Sequence","-0.01","",""
"17/06/2025 14:45:00 - 17/06/2025 15:00:00","BZN|FR","Without Sequence","-0.01","",""
"17/06/2025 15:00:00 - 17/06/2025 15:15:00","BZN|FR","Without Sequence","0.05","",""
"17/06/2025 15:15:00 - 17/06/2025 15:30:00","BZN|FR","Without Sequence","0.05","",""
"17/06/2025 15:30:00 - 17/06/2025 15:45:00","BZN|FR","Without Sequence","0.05","",""
"17/06/2025 15:45:00 - 17/06/2025 16:00:00","BZN|FR","Without Sequence","0.05","",""
"17/06/2025 16:00:00 - 17/06/2025 16:15:00","BZN|FR","Without Sequence","12.80","",""
"17/06/2025 16:15:00 - 17/06/2025 16:30:00","BZN|FR","Without Sequence","12.80","",""
"17/06/2025 16:30:00 - 17/06/2025 16:45:00","BZN|FR","Without Sequence","12.80","",""
"17/06/2025 16:45:00 - 17/06/2025 17:00:00","BZN|FR","Without Sequence","12.80","",""
"17/06/2025 17:00:00 - 17/06/2025 17:15:00","BZN|FR","Without Sequence","50.91","",""
"17/06/2025 17:15:00 - 17/06/2025 17:30:00","BZN|FR","Without Sequence","50.91","",""
"17/06/2025 17:30:00 - 17/06/2025 17:45:00","BZN|FR","Without Sequence","50.91","",""
"17/06/2025 17:45:00 - 17/06/2025 18:00:00","BZN|FR","Without Sequence","50.91","",""
"17/06/2025 18:00:00 - 17/06/2025 18:15:00","BZN|FR","Without Sequence","94.78","",""
"17/06/2025 18:15:00 - 17/06/2025 18:30:00","BZN|FR","Without Sequence","94.78","",""
"17/06/2025 18:30:00 - 17/06/2025 18:45:00","BZN|FR","Without Sequence","94.78","",""
"17/06/2025 18:45:00 - 17/06/2025 19:00:00","BZN|FR","Without Sequence","94.78","",""
"17/06/2025 19:00:00 - 17/06/2025 19:15:00","BZN|FR","Without Sequence","115.00","",""
"17/06/2025 19:15:00 - 17/06/2025 19:30:00","BZN|FR","Without Sequence","115.00","",""
"17/06/2025 19:30:00 - 17/06/2025 19:45:00","BZN|FR","Without Sequence","115.00","",""
"17/06/2025 19:45:00 - 17/06/2025 20:00:00","BZN|FR","Without Sequence","115.00","",""
"17/06/2025 20:00:00 - 17/06/2025 20:15:00","BZN|FR","Without Sequence","126.68","",""
"17/06/2025 20:15:00 - 17/06/2025 20:30:00","BZN|FR","Without Sequence","126.68","",""
"17/06/2025 20:30:00 - 17/06/2025 20:45:00","BZN|FR","Without Sequence","126.68","",""
"17/06/2025 20:45:00 - 17/06/2025 21:00:00","BZN|FR","Without Sequence","126.68","",""
"17/06/2025 21:00:00 - 17/06/2025 21:15:00","BZN|FR","Without Sequence","115.67","",""
"17/06/2025 21:15:00 - 17/06/2025 21:30:00","BZN|FR","Without Sequence","115.67","",""
"17/06/2025 21:30:00 - 17/06/2025 21:45:00","BZN|FR","Without Sequence","115.67","",""
"17/06/2025 21:45:00 - 17/06/2025 22:00:00","BZN|FR","Without Sequence","115.67","",""
"17/06/2025 22:00:00 - 17/06/2025 22:15:00","BZN|FR","Without Sequence","122.86","",""
"17/06/2025 22:15:00 - 17/06/2025 22:30:00","BZN|FR","Without Sequence","122.86","",""
"17/06/2025 22:30:00 - 17/06/2025 22:45:00","BZN|FR","Without Sequence","122.86","",""
"17/06/2025 22:45:00 - 17/06/2025 23:00:00","BZN|FR","Without Sequence","122.86","",""
"17/06/2025 23:00:00 - 17/06/2025 23:15:00","BZN|FR","Without Sequence","114.90","",""
"17/06/2025 23:15:00 - 17/06/2025 23:30:00","BZN|FR","Without Sequence","114.90","",""
"17/06/2025 23:30:00 - 17/06/2025 23:45:00","BZN|FR","Without Sequence","114.90","",""
"17/06/2025 23:45:00 - 18/06/2025 00:00:00","BZN|FR","Without Sequence","114.90","",""
"18/06/2025 00:00:00 - 18/06/2025 00:15:00","BZN|FR","Without Sequence","99.30","",""
"18/06/2025 00:15:00 - 18/06/2025 00:30:00","BZN|FR","Without Sequence","99.30","",""
"18/06/2025 00:30:00 - 18/06/2025 00:45:00","BZN|FR","Without Sequence","99.30","",""
"18/06/2025 00:45:00 - 18/06/2025 01:00:00","BZN|FR","Without Sequence","99.30","",""
"18/06/2025 01:00:00 - 18/06/2025 01:15:00","BZN|FR","Without Sequence","87.44","",""
"18/06/2025 01:15:00 - 18/06/2025 01:30:00","BZN|FR","Without Sequence","87.44","",""
"18/06/2025 01:30:00 - 18/06/2025 01:45:00","BZN|FR","Without Sequence","87.44","",""
"18/06/2025 01:45:00 - 18/06/2025 02:00:00","BZN|FR","Without Sequence","87.44","",""
"18/06/2025 02:00:00 - 18/06/2025 02:15:00","BZN|FR","Without Sequence","95.03","",""
"18/06/2025 02:15:00 - 18/06/2025 02:30:00","BZN|FR","Without Sequence","95.03","",""
"18/06/2025 02:30:00 - 18/06/2025 02:45:00","BZN|FR","Without Sequence","95.03","",""
"18/06/2025 02:45:00 - 18/06/2025 03:00:00","BZN|FR","Without Sequence","95.03","",""
"18/06/2025 03:00:00 - 18/06/2025 03:15:00","BZN|FR","Without Sequence","72.94","",""
"18/06/2025 03:15:00 - 18/06/2025 03:30:00","BZN|FR","Without Sequence","72.94","",""
"18/06/2025 03:30:00 - 18/06/2025 03:45:00","BZN|FR","Without Sequence","72.94","",""
"18/06/2025 03:45:00 - 18/06/2025 04:00:00","BZN|FR","Without Sequence","72.94","",""
"18/06/2025 04:00:00 - 18/06/2025 04:15:00","BZN|FR","Without Sequence","68.30","",""
"18/06/2025 04:15:00 - 18/06/2025 04:30:00","BZN|FR","Without Sequence","68.30","",""
"18/06/2025 04:30:00 - 18/06/2025 04:45:00","BZN|FR","Without Sequence","68.30","",""
"18/06/2025 04:45:00 - 18/06/2025 05:00:00","BZN|FR","Without Sequence","68.30","",""
"18/06/2025 05:00:00 - 18/06/2025 05:15:00","BZN|FR","Without Sequence","61.53","",""
"18/06/2025 05:15:00 - 18/06/2025 05:30:00","BZN|FR","Without Sequence","61.53","",""
"18/06/2025 05:30:00 - 18/06/2025 05:45:00","BZN|FR","Without Sequence","61.53","",""
"18/06/2025 05:45:00 - 18/06/2025 06:00:00","BZN|FR","Without Sequence","61.53","",""
"18/06/2025 06:00:00 - 18/06/2025 06:15:00","BZN|FR","Without Sequence","77.00","",""
"18/06/2025 06:15:00 - 18/06/2025 06:30:00","BZN|FR","Without Sequence","77.00","",""
"18/06/2025 06:30:00 - 18/06/2025 06:45:00","BZN|FR","Without Sequence","77.00","",""
"18/06/2025 06:45:00 - 18/06/2025 07:00:00","BZN|FR","Without Sequence","77.00","",""
"18/06/2025 07:00:00 - 18/06/2025 07:15:00","BZN|FR","Without Sequence","98.69","",""
"18/06/2025 07:15:00 - 18/06/2025 07:30:00","BZN|FR","Without Sequence","98.69","",""
"18/06/2025 07:30:00 - 18/06/2025 07:45:00","BZN|FR","Without Sequence","98.69","",""
"18/06/2025 07:45:00 - 18/06/2025 08:00:00","BZN|FR","Without Sequence","98.69","",""
"18/06/2025 08:00:00 - 18/06/2025 08:15:00","BZN|FR","Without Sequence","104.56","",""
"18/06/2025 08:15:00 - 18/06/2025 08:30:00","BZN|FR","Without Sequence","104.56","",""
"18/06/2025 08:30:00 - 18/06/2025 08:45:00","BZN|FR","Without Sequence","104.56","",""
"18/06/2025 08:45:00 - 18/06/2025 09:00:00","BZN|FR","Without Sequence","104.56","",""
"18/06/2025 09:00:00 - 18/06/2025 09:15:00","BZN|FR","Without Sequence","60.67","",""
"18/06/2025 09:15:00 - 18/06/2025 09:30:00","BZN|FR","Without Sequence","60.67","",""
"18/06/2025 09:30:00 - 18/06/2025 09:45:00","BZN|FR","Without Sequence","60.67","",""
"18/06/2025 09:45:00 - 18/06/2025 10:00:00","BZN|FR","Without Sequence","60.67","",""
"18/06/2025 10:00:00 - 18/06/2025 10:15:00","BZN|FR","Without Sequence","21.81","",""
"18/06/2025 10:15:00 - 18/06/2025 10:30:00","BZN|FR","Without Sequence","21.81","",""
"18/06/2025 10:30:00 - 18/06/2025 10:45:00","BZN|FR","Without Sequence","21.81","",""
"18/06/2025 10:45:00 - 18/06/2025 11:00:00","BZN|FR","Without Sequence","21.81","",""
"18/06/2025 11:00:00 - 18/06/2025 11:15:00","BZN|FR","Without Sequence","1.17","",""
"18/06/2025 11:15:00 - 18/06/2025 11:30:00","BZN|FR","Without Sequence","1.17","",""
"18/06/2025 11:30:00 - 18/06/2025 11:45:00","BZN|FR","Without Sequence","1.17","",""
"18/06/2025 11:45:00 - 18/06/2025 12:00:00","BZN|FR","Without Sequence","1.17","",""
"18/06/2025 12:00:00 - 18/06/2025 12:15:00","BZN|FR","Without Sequence","0.00","",""
"18/06/2025 12:15:00 - 18/06/2025 12:30:00","BZN|FR","Without Sequence","0.00","",""
"18/06/2025 12:30:00 - 18/06/2025 12:45:00","BZN|FR","Without Sequence","0.00","",""
"18/06/2025 12:45:00 - 18/06/2025 13:00:00","BZN|FR","Without Sequence","0.00","",""
"18/06/2025 13:00:00 - 18/06/2025 13:15:00","BZN|FR","Without Sequence","-0.01","",""
"18/06/2025 13:15:00 - 18/06/2025 13:30:00","BZN|FR","Without Sequence","-0.01","",""
"18/06/2025 13:30:00 - 18/06/2025 13:45:00","BZN|FR","Without Sequence","-0.01","",""
"18/06/2025 13:45:00 - 18/06/2025 14:00:00","BZN|FR","Without Sequence","-0.01","",""
"18/06/2025 14:00:00 - 18/06/2025 14:15:00","BZN|FR","Without Sequence","0.00","",""
"18/06/2025 14:15:00 - 18/06/2025 14:30:00","BZN|FR","Without Sequence","0.00","",""
"18/06/2025 14:30:00 - 18/06/2025 14:45:00","BZN|FR","Without Sequence","0.00","",""
"18/06/2025 14:45:00 - 18/06/2025 15:00:00","BZN|FR","Without Sequence","0.00","",""
"18/06/2025 15:00:00 - 18/06/2025 15:15:00","BZN|FR","Without Sequence","2.71","",""
"18/06/2025 15:15:00 - 18/06/2025 15:30:00","BZN|FR","Without Sequence","2.71","",""
"18/06/2025 15:30:00 - 18/06/2025 15:45:00","BZN|FR","Without Sequence","2.71","",""
"18/06/2025 15:45:00 - 18/06/2025 16:00:00","BZN|FR","Without Sequence","2.71","",""
"18/06/2025 16:00:00 - 18/06/2025 16:15:00","BZN|FR","Without Sequence","6.27","",""
"18/06/2025 16:15:00 - 18/06/2025 16:30:00","BZN|FR","Without Sequence","6.27","",""
"18/06/2025 16:30:00 - 18/06/2025 16:45:00","BZN|FR","Without Sequence","6.27","",""
"18/06/2025 16:45:00 - 18/06/2025 17:00:00","BZN|FR","Without Sequence","6.27","",""
"18/06/2025 17:00:00 - 18/06/2025 17:15:00","BZN|FR","Without Sequence","52.91","",""
"18/06/2025 17:15:00 - 18/06/2025 17:30:00","BZN|FR","Without Sequence","52.91","",""
"18/06/2025 17:30:00 - 18/06/2025 17:45:00","BZN|FR","Without Sequence","52.91","",""
"18/06/2025 17:45:00 - 18/06/2025 18:00:00","BZN|FR","Without Sequence","52.91","",""
"18/06/2025 18:00:00 - 18/06/2025 18:15:00","BZN|FR","Without Sequence","75.01","",""
"18/06/2025 18:15:00 - 18/06/2025 18:30:00","BZN|FR","Without Sequence","75.01","",""
"18/06/2025 18:30:00 - 18/06/2025 18:45:00","BZN|FR","Without Sequence","75.01","",""
"18/06/2025 18:45:00 - 18/06/2025 19:00:00","BZN|FR","Without Sequence","75.01","",""
"18/06/2025 19:00:00 - 18/06/2025 19:15:00","BZN|FR","Without Sequence","114.64","",""
"18/06/2025 19:15:00 - 18/06/2025 19:30:00","BZN|FR","Without Sequence","114.64","",""
"18/06/2025 19:30:00 - 18/06/2025 19:45:00","BZN|FR","Without Sequence","114.64","",""
"18/06/2025 19:45:00 - 18/06/2025 20:00:00","BZN|FR","Without Sequence","114.64","",""
"18/06/2025 20:00:00 - 18/06/2025 20:15:00","BZN|FR","Without Sequence","124.90","",""
"18/06/2025 20:15:00 - 18/06/2025 20:30:00","BZN|FR","Without Sequence","124.90","",""
"18/06/2025 20:30:00 - 18/06/2025 20:45:00","BZN|FR","Without Sequence","124.90","",""
"18/06/2025 20:45:00 - 18/06/2025 21:00:00","BZN|FR","Without Sequence","124.90","",""
"18/06/2025 21:00:00 - 18/06/2025 21:15:00","BZN|FR","Without Sequence","111.60","",""
"18/06/2025 21:15:00 - 18/06/2025 21:30:00","BZN|FR","Without Sequence","111.60","",""
"18/06/2025 21:30:00 - 18/06/2025 21:45:00","BZN|FR","Without Sequence","111.60","",""
"18/06/2025 21:45:00 - 18/06/2025 22:00:00","BZN|FR","Without Sequence","111.60","",""
"18/06/2025 22:00:00 - 18/06/2025 22:15:00","BZN|FR","Without Sequence","128.32","",""
"18/06/2025 22:15:00 - 18/06/2025 22:30:00","BZN|FR","Without Sequence","128.32","",""
"18/06/2025 22:30:00 - 18/06/2025 22:45:00","BZN|FR","Without Sequence","128.32","",""
"18/06/2025 22:45:00 - 18/06/2025 23:00:00","BZN|FR","Without Sequence","128.32","",""
"18/06/2025 23:00:00 - 18/06/2025 23:15:00","BZN|FR","Without Sequence","99.01","",""
"18/06/2025 23:15:00 - 18/06/2025 23:30:00","BZN|FR","Without Sequence","99.01","",""
"18/06/2025 23:30:00 - 18/06/2025 23:45:00","BZN|FR","Without Sequence","99.01","",""
"18/06/2025 23:45:00 - 19/06/2025 00:00:00","BZN|FR","Without Sequence","99.01","",""
"19/06/2025 00:00:00 - 19/06/2025 00:15:00","BZN|FR","Without Sequence","98.07","",""
"19/06/2025 00:15:00 - 19/06/2025 00:30:00","BZN|FR","Without Sequence","98.07","",""
"19/06/2025 00:30:00 - 19/06/2025 00:45:00","BZN|FR","Without Sequence","98.07","",""
"19/06/2025 00:45:00 - 19/06/2025 01:00:00","BZN|FR","Without Sequence","98.07","",""
"19/06/2025 01:00:00 - 19/06/2025 01:15:00","BZN|FR","Without Sequence","50.89","",""
"19/06/2025 01:15:00 - 19/06/2025 01:30:00","BZN|FR","Without Sequence","50.89","",""
"19/06/2025 01:30:00 - 19/06/2025 01:45:00","BZN|FR","Without Sequence","50.89","",""
"19/06/2025 01:45:00 - 19/06/2025 02:00:00","BZN|FR","Without Sequence","50.89","",""
"19/06/2025 02:00:00 - 19/06/2025 02:15:00","BZN|FR","Without Sequence","41.39","",""
"19/06/2025 02:15:00 - 19/06/2025 02:30:00","BZN|FR","Without Sequence","41.39","",""
"19/06/2025 02:30:00 - 19/06/2025 02:45:00","BZN|FR","Without Sequence","41.39","",""
"19/06/2025 02:45:00 - 19/06/2025 03:00:00","BZN|FR","Without Sequence","41.39","",""
"19/06/2025 03:00:00 - 19/06/2025 03:15:00","BZN|FR","Without Sequence","23.71","",""
"19/06/2025 03:15:00 - 19/06/2025 03:30:00","BZN|FR","Without Sequence","23.71","",""
"19/06/2025 03:30:00 - 19/06/2025 03:45:00","BZN|FR","Without Sequence","23.71","",""
"19/06/2025 03:45:00 - 19/06/2025 04:00:00","BZN|FR","Without Sequence","23.71","",""
"19/06/2025 04:00:00 - 19/06/2025 04:15:00","BZN|FR","Without Sequence","18.21","",""
"19/06/2025 04:15:00 - 19/06/2025 04:30:00","BZN|FR","Without Sequence","18.21","",""
"19/06/2025 04:30:00 - 19/06/2025 04:45:00","BZN|FR","Without Sequence","18.21","",""
"19/06/2025 04:45:00 - 19/06/2025 05:00:00","BZN|FR","Without Sequence","18.21","",""
"19/06/2025 05:00:00 - 19/06/2025 05:15:00","BZN|FR","Without Sequence","24.40","",""
"19/06/2025 05:15:00 - 19/06/2025 05:30:00","BZN|FR","Without Sequence","24.40","",""
"19/06/2025 05:30:00 - 19/06/2025 05:45:00","BZN|FR","Without Sequence","24.40","",""
"19/06/2025 05:45:00 - 19/06/2025 06:00:00","BZN|FR","Without Sequence","24.40","",""
"19/06/2025 06:00:00 - 19/06/2025 06:15:00","BZN|FR","Without Sequence","38.20","",""
"19/06/2025 06:15:00 - 19/06/2025 06:30:00","BZN|FR","Without Sequence","38.20","",""
"19/06/2025 06:30:00 - 19/06/2025 06:45:00","BZN|FR","Without Sequence","38.20","",""
"19/06/2025 06:45:00 - 19/06/2025 07:00:00","BZN|FR","Without Sequence","38.20","",""
"19/06/2025 07:00:00 - 19/06/2025 07:15:00","BZN|FR","Without Sequence","65.05","",""
"19/06/2025 07:15:00 - 19/06/2025 07:30:00","BZN|FR","Without Sequence","65.05","",""
"19/06/2025 07:30:00 - 19/06/2025 07:45:00","BZN|FR","Without Sequence","65.05","",""
"19/06/2025 07:45:00 - 19/06/2025 08:00:00","BZN|FR","Without Sequence","65.05","",""
"19/06/2025 08:00:00 - 19/06/2025 08:15:00","BZN|FR","Without Sequence","41.98","",""
"19/06/2025 08:15:00 - 19/06/2025 08:30:00","BZN|FR","Without Sequence","41.98","",""
"19/06/2025 08:30:00 - 19/06/2025 08:45:00","BZN|FR","Without Sequence","41.98","",""
"19/06/2025 08:45:00 - 19/06/2025 09:00:00","BZN|FR","Without Sequence","41.98","",""
"19/06/2025 09:00:00 - 19/06/2025 09:15:00","BZN|FR","Without Sequence","16.85","",""
"19/06/2025 09:15:00 - 19/06/2025 09:30:00","BZN|FR","Without Sequence","16.85","",""
"19/06/2025 09:30:00 - 19/06/2025 09:45:00","BZN|FR","Without Sequence","16.85","",""
"19/06/2025 09:45:00 - 19/06/2025 10:00:00","BZN|FR","Without Sequence","16.85","",""
"19/06/2025 10:00:00 - 19/06/2025 10:15:00","BZN|FR","Without Sequence","-0.01","",""
"19/06/2025 10:15:00 - 19/06/2025 10:30:00","BZN|FR","Without Sequence","-0.01","",""
"19/06/2025 10:30:00 - 19/06/2025 10:45:00","BZN|FR","Without Sequence","-0.01","",""
"19/06/2025 10:45:00 - 19/06/2025 11:00:00","BZN|FR","Without Sequence","-0.01","",""
"19/06/2025 11:00:00 - 19/06/2025 11:15:00","BZN|FR","Without Sequence","-0.01","",""
"19/06/2025 11:15:00 - 19/06/2025 11:30:00","BZN|FR","Without Sequence","-0.01","",""
"19/06/2025 11:30:00 - 19/06/2025 11:45:00","BZN|FR","Without Sequence","-0.01","",""
"19/06/2025 11:45:00 - 19/06/2025 12:00:00","BZN|FR","Without Sequence","-0.01","",""
"19/06/2025 12:00:00 - 19/06/2025 12:15:00","BZN|FR","Without Sequence","-0.01","",""
"19/06/2025 12:15:00 - 19/06/2025 12:30:00","BZN|FR","Without Sequence","-0.01","",""
"19/06/2025 12:30:00 - 19/06/2025 12:45:00","BZN|FR","Without Sequence","-0.01","",""
"19/06/2025 12:45:00 - 19/06/2025 13:00:00","BZN|FR","Without Sequence","-0.01","",""
"19/06/2025 13:00:00 - 19/06/2025 13:15:00","BZN|FR","Without Sequence","-0.02","",""
"19/06/2025 13:15:00 - 19/06/2025 13:30:00","BZN|FR","Without Sequence","-0.02","",""
"19/06/2025 13:30:00 - 19/06/2025 13:45:00","BZN|FR","Without Sequence","-0.02","",""
"19/06/2025 13:45:00 - 19/06/2025 14:00:00","BZN|FR","Without Sequence","-0.02","",""
"19/06/2025 14:00:00 - 19/06/2025 14:15:00","BZN|FR","Without Sequence","-0.06","",""
"19/06/2025 14:15:00 - 19/06/2025 14:30:00","BZN|FR","Without Sequence","-0.06","",""
"19/06/2025 14:30:00 - 19/06/2025 14:45:00","BZN|FR","Without Sequence","-0.06","",""
"19/06/2025 14:45:00 - 19/06/2025 15:00:00","BZN|FR","Without Sequence","-0.06","",""
"19/06/2025 15:00:00 - 19/06/2025 15:15:00","BZN|FR","Without Sequence","-0.10","",""
"19/06/2025 15:15:00 - 19/06/2025 15:30:00","BZN|FR","Without Sequence","-0.10","",""
"19/06/2025 15:30:00 - 19/06/2025 15:45:00","BZN|FR","Without Sequence","-0.10","",""
"19/06/2025 15:45:00 - 19/06/2025 16:00:00","BZN|FR","Without Sequence","-0.10","",""
"19/06/2025 16:00:00 - 19/06/2025 16:15:00","BZN|FR","Without Sequence","2.71","",""
"19/06/2025 16:15:00 - 19/06/2025 16:30:00","BZN|FR","Without Sequence","2.71","",""
"19/06/2025 16:30:00 - 19/06/2025 16:45:00","BZN|FR","Without Sequence","2.71","",""
"19/06/2025 16:45:00 - 19/06/2025 17:00:00","BZN|FR","Without Sequence","2.71","",""
"19/06/2025 17:00:00 - 19/06/2025 17:15:00","BZN|FR","Without Sequence","18.92","",""
"19/06/2025 17:15:00 - 19/06/2025 17:30:00","BZN|FR","Without Sequence","18.92","",""
"19/06/2025 17:30:00 - 19/06/2025 17:45:00","BZN|FR","Without Sequence","18.92","",""
"19/06/2025 17:45:00 - 19/06/2025 18:00:00","BZN|FR","Without Sequence","18.92","",""
"19/06/2025 18:00:00 - 19/06/2025 18:15:00","BZN|FR","Without Sequence","82.60","",""
"19/06/2025 18:15:00 - 19/06/2025 18:30:00","BZN|FR","Without Sequence","82.60","",""
"19/06/2025 18:30:00 - 19/06/2025 18:45:00","BZN|FR","Without Sequence","82.60","",""
"19/06/2025 18:45:00 - 19/06/2025 19:00:00","BZN|FR","Without Sequence","82.60","",""
"19/06/2025 19:00:00 - 19/06/2025 19:15:00","BZN|FR","Without Sequence","118.47","",""
"19/06/2025 19:15:00 - 19/06/2025 19:30:00","BZN|FR","Without Sequence","118.47","",""
"19/06/2025 19:30:00 - 19/06/2025 19:45:00","BZN|FR","Without Sequence","118.47","",""
"19/06/2025 19:45:00 - 19/06/2025 20:00:00","BZN|FR","Without Sequence","118.47","",""
"19/06/2025 20:00:00 - 19/06/2025 20:15:00","BZN|FR","Without Sequence","126.02","",""
"19/06/2025 20:15:00 - 19/06/2025 20:30:00","BZN|FR","Without Sequence","126.02","",""
"19/06/2025 20:30:00 - 19/06/2025 20:45:00","BZN|FR","Without Sequence","126.02","",""
"19/06/2025 20:45:00 - 19/06/2025 21:00:00","BZN|FR","Without Sequence","126.02","",""
"19/06/2025 21:00:00 - 19/06/2025 21:15:00","BZN|FR","Without Sequence","111.61","",""
"19/06/2025 21:15:00 - 19/06/2025 21:30:00","BZN|FR","Without Sequence","111.61","",""
"19/06/2025 21:30:00 - 19/06/2025 21:45:00","BZN|FR","Without Sequence","111.61","",""
"19/06/2025 21:45:00 - 19/06/2025 22:00:00","BZN|FR","Without Sequence","111.61","",""
"19/06/2025 22:00:00 - 19/06/2025 22:15:00","BZN|FR","Without Sequence","124.64","",""
"19/06/2025 22:15:00 - 19/06/2025 22:30:00","BZN|FR","Without Sequence","124.64","",""
"19/06/2025 22:30:00 - 19/06/2025 22:45:00","BZN|FR","Without Sequence","124.64","",""
"19/06/2025 22:45:00 - 19/06/2025 23:00:00","BZN|FR","Without Sequence","124.64","",""
"19/06/2025 23:00:00 - 19/06/2025 23:15:00","BZN|FR","Without Sequence","105.01","",""
"19/06/2025 23:15:00 - 19/06/2025 23:30:00","BZN|FR","Without Sequence","105.01","",""
"19/06/2025 23:30:00 - 19/06/2025 23:45:00","BZN|FR","Without Sequence","105.01","",""
"19/06/2025 23:45:00 - 20/06/2025 00:00:00","BZN|FR","Without Sequence","105.01","",""
"20/06/2025 00:00:00 - 20/06/2025 00:15:00","BZN|FR","Without Sequence","102.33","",""
"20/06/2025 00:15:00 - 20/06/2025 00:30:00","BZN|FR","Without Sequence","102.33","",""
"20/06/2025 00:30:00 - 20/06/2025 00:45:00","BZN|FR","Without Sequence","102.33","",""
"20/06/2025 00:45:00 - 20/06/2025 01:00:00","BZN|FR","Without Sequence","102.33","",""
"20/06/2025 01:00:00 - 20/06/2025 01:15:00","BZN|FR","Without Sequence","71.17","",""
"20/06/2025 01:15:00 - 20/06/2025 01:30:00","BZN|FR","Without Sequence","71.17","",""
"20/06/2025 01:30:00 - 20/06/2025 01:45:00","BZN|FR","Without Sequence","71.17","",""
"20/06/2025 01:45:00 - 20/06/2025 02:00:00","BZN|FR","Without Sequence","71.17","",""
"20/06/2025 02:00:00 - 20/06/2025 02:15:00","BZN|FR","Without Sequence","65.43","",""
"20/06/2025 02:15:00 - 20/06/2025 02:30:00","BZN|FR","Without Sequence","65.43","",""
"20/06/2025 02:30:00 - 20/06/2025 02:45:00","BZN|FR","Without Sequence","65.43","",""
"20/06/2025 02:45:00 - 20/06/2025 03:00:00","BZN|FR","Without Sequence","65.43","",""
"20/06/2025 03:00:00 - 20/06/2025 03:15:00","BZN|FR","Without Sequence","45.84","",""
"20/06/2025 03:15:00 - 20/06/2025 03:30:00","BZN|FR","Without Sequence","45.84","",""
"20/06/2025 03:30:00 - 20/06/2025 03:45:00","BZN|FR","Without Sequence","45.84","",""
"20/06/2025 03:45:00 - 20/06/2025 04:00:00","BZN|FR","Without Sequence","45.84","",""
"20/06/2025 04:00:00 - 20/06/2025 04:15:00","BZN|FR","Without Sequence","44.57","",""
"20/06/2025 04:15:00 - 20/06/2025 04:30:00","BZN|FR","Without Sequence","44.57","",""
"20/06/2025 04:30:00 - 20/06/2025 04:45:00","BZN|FR","Without Sequence","44.57","",""
"20/06/2025 04:45:00 - 20/06/2025 05:00:00","BZN|FR","Without Sequence","44.57","",""
"20/06/2025 05:00:00 - 20/06/2025 05:15:00","BZN|FR","Without Sequence","57.44","",""
"20/06/2025 05:15:00 - 20/06/2025 05:30:00","BZN|FR","Without Sequence","57.44","",""
"20/06/2025 05:30:00 - 20/06/2025 05:45:00","BZN|FR","Without Sequence","57.44","",""
"20/06/2025 05:45:00 - 20/06/2025 06:00:00","BZN|FR","Without Sequence","57.44","",""
"20/06/2025 06:00:00 - 20/06/2025 06:15:00","BZN|FR","Without Sequence","81.70","",""
"20/06/2025 06:15:00 - 20/06/2025 06:30:00","BZN|FR","Without Sequence","81.70","",""
"20/06/2025 06:30:00 - 20/06/2025 06:45:00","BZN|FR","Without Sequence","81.70","",""
"20/06/2025 06:45:00 - 20/06/2025 07:00:00","BZN|FR","Without Sequence","81.70","",""
"20/06/2025 07:00:00 - 20/06/2025 07:15:00","BZN|FR","Without Sequence","111.10","",""
"20/06/2025 07:15:00 - 20/06/2025 07:30:00","BZN|FR","Without Sequence","111.10","",""
"20/06/2025 07:30:00 - 20/06/2025 07:45:00","BZN|FR","Without Sequence","111.10","",""
"20/06/2025 07:45:00 - 20/06/2025 08:00:00","BZN|FR","Without Sequence","111.10","",""
"20/06/2025 08:00:00 - 20/06/2025 08:15:00","BZN|FR","Without Sequence","109.76","",""
"20/06/2025 08:15:00 - 20/06/2025 08:30:00","BZN|FR","Without Sequence","109.76","",""
"20/06/2025 08:30:00 - 20/06/2025 08:45:00","BZN|FR","Without Sequence","109.76","",""
"20/06/2025 08:45:00 - 20/06/2025 09:00:00","BZN|FR","Without Sequence","109.76","",""
"20/06/2025 09:00:00 - 20/06/2025 09:15:00","BZN|FR","Without Sequence","81.49","",""
"20/06/2025 09:15:00 - 20/06/2025 09:30:00","BZN|FR","Without Sequence","81.49","",""
"20/06/2025 09:30:00 - 20/06/2025 09:45:00","BZN|FR","Without Sequence","81.49","",""
"20/06/2025 09:45:00 - 20/06/2025 10:00:00","BZN|FR","Without Sequence","81.49","",""
"20/06/2025 10:00:00 - 20/06/2025 10:15:00","BZN|FR","Without Sequence","26.73","",""
"20/06/2025 10:15:00 - 20/06/2025 10:30:00","BZN|FR","Without Sequence","26.73","",""
"20/06/2025 10:30:00 - 20/06/2025 10:45:00","BZN|FR","Without Sequence","26.73","",""
"20/06/2025 10:45:00 - 20/06/2025 11:00:00","BZN|FR","Without Sequence","26.73","",""
"20/06/2025 11:00:00 - 20/06/2025 11:15:00","BZN|FR","Without Sequence","8.05","",""
"20/06/2025 11:15:00 - 20/06/2025 11:30:00","BZN|FR","Without Sequence","8.05","",""
"20/06/2025 11:30:00 - 20/06/2025 11:45:00","BZN|FR","Without Sequence","8.05","",""
"20/06/2025 11:45:00 - 20/06/2025 12:00:00","BZN|FR","Without Sequence","8.05","",""
"20/06/2025 12:00:00 - 20/06/2025 12:15:00","BZN|FR","Without Sequence","3.85","",""
"20/06/2025 12:15:00 - 20/06/2025 12:30:00","BZN|FR","Without Sequence","3.85","",""
"20/06/2025 12:30:00 - 20/06/2025 12:45:00","BZN|FR","Without Sequence","3.85","",""
"20/06/2025 12:45:00 - 20/06/2025 13:00:00","BZN|FR","Without Sequence","3.85","",""
"20/06/2025 13:00:00 - 20/06/2025 13:15:00","BZN|FR","Without Sequence","0.07","",""
"20/06/2025 13:15:00 - 20/06/2025 13:30:00","BZN|FR","Without Sequence","0.07","",""
"20/06/2025 13:30:00 - 20/06/2025 13:45:00","BZN|FR","Without Sequence","0.07","",""
"20/06/2025 13:45:00 - 20/06/2025 14:00:00","BZN|FR","Without Sequence","0.07","",""
"20/06/2025 14:00:00 - 20/06/2025 14:15:00","BZN|FR","Without Sequence","0.02","",""
"20/06/2025 14:15:00 - 20/06/2025 14:30:00","BZN|FR","Without Sequence","0.02","",""
"20/06/2025 14:30:00 - 20/06/2025 14:45:00","BZN|FR","Without Sequence","0.02","",""
"20/06/2025 14:45:00 - 20/06/2025 15:00:00","BZN|FR","Without Sequence","0.02","",""
"20/06/2025 15:00:00 - 20/06/2025 15:15:00","BZN|FR","Without Sequence","1.39","",""
"20/06/2025 15:15:00 - 20/06/2025 15:30:00","BZN|FR","Without Sequence","1.39","",""
"20/06/2025 15:30:00 - 20/06/2025 15:45:00","BZN|FR","Without Sequence","1.39","",""
"20/06/2025 15:45:00 - 20/06/2025 16:00:00","BZN|FR","Without Sequence","1.39","",""
"20/06/2025 16:00:00 - 20/06/2025 16:15:00","BZN|FR","Without Sequence","31.96","",""
"20/06/2025 16:15:00 - 20/06/2025 16:30:00","BZN|FR","Without Sequence","31.96","",""
"20/06/2025 16:30:00 - 20/06/2025 16:45:00","BZN|FR","Without Sequence","31.96","",""
"20/06/2025 16:45:00 - 20/06/2025 17:00:00","BZN|FR","Without Sequence","31.96","",""
"20/06/2025 17:00:00 - 20/06/2025 17:15:00","BZN|FR","Without Sequence","88.00","",""
"20/06/2025 17:15:00 - 20/06/2025 17:30:00","BZN|FR","Without Sequence","88.00","",""
"20/06/2025 17:30:00 - 20/06/2025 17:45:00","BZN|FR","Without Sequence","88.00","",""
"20/06/2025 17:45:00 - 20/06/2025 18:00:00","BZN|FR","Without Sequence","88.00","",""
"20/06/2025 18:00:00 - 20/06/2025 18:15:00","BZN|FR","Without Sequence","111.79","",""
"20/06/2025 18:15:00 - 20/06/2025 18:30:00","BZN|FR","Without Sequence","111.79","",""
"20/06/2025 18:30:00 - 20/06/2025 18:45:00","BZN|FR","Without Sequence","111.79","",""
"20/06/2025 18:45:00 - 20/06/2025 19:00:00","BZN|FR","Without Sequence","111.79","",""
"20/06/2025 19:00:00 - 20/06/2025 19:15:00","BZN|FR","Without Sequence","128.94","",""
"20/06/2025 19:15:00 - 20/06/2025 19:30:00","BZN|FR","Without Sequence","128.94","",""
"20/06/2025 19:30:00 - 20/06/2025 19:45:00","BZN|FR","Without Sequence","128.94","",""
"20/06/2025 19:45:00 - 20/06/2025 20:00:00","BZN|FR","Without Sequence","128.94","",""
"20/06/2025 20:00:00 - 20/06/2025 20:15:00","BZN|FR","Without Sequence","140.00","",""
"20/06/2025 20:15:00 - 20/06/2025 20:30:00","BZN|FR","Without Sequence","140.00","",""
"20/06/2025 20:30:00 - 20/06/2025 20:45:00","BZN|FR","Without Sequence","140.00","",""
"20/06/2025 20:45:00 - 20/06/2025 21:00:00","BZN|FR","Without Sequence","140.00","",""
"20/06/2025 21:00:00 - 20/06/2025 21:15:00","BZN|FR","Without Sequence","142.18","",""
"20/06/2025 21:15:00 - 20/06/2025 21:30:00","BZN|FR","Without Sequence","142.18","",""
"20/06/2025 21:30:00 - 20/06/2025 21:45:00","BZN|FR","Without Sequence","142.18","",""
"20/06/2025 21:45:00 - 20/06/2025 22:00:00","BZN|FR","Without Sequence","142.18","",""
"20/06/2025 22:00:00 - 20/06/2025 22:15:00","BZN|FR","Without Sequence","137.05","",""
"20/06/2025 22:15:00 - 20/06/2025 22:30:00","BZN|FR","Without Sequence","137.05","",""
"20/06/2025 22:30:00 - 20/06/2025 22:45:00","BZN|FR","Without Sequence","137.05","",""
"20/06/2025 22:45:00 - 20/06/2025 23:00:00","BZN|FR","Without Sequence","137.05","",""
"20/06/2025 23:00:00 - 20/06/2025 23:15:00","BZN|FR","Without Sequence","121.38","",""
"20/06/2025 23:15:00 - 20/06/2025 23:30:00","BZN|FR","Without Sequence","121.38","",""
"20/06/2025 23:30:00 - 20/06/2025 23:45:00","BZN|FR","Without Sequence","121.38","",""
"20/06/2025 23:45:00 - 21/06/2025 00:00:00","BZN|FR","Without Sequence","121.38","",""
"21/06/2025 00:00:00 - 21/06/2025 00:15:00","BZN|FR","Without Sequence","118.53","",""
"21/06/2025 00:15:00 - 21/06/2025 00:30:00","BZN|FR","Without Sequence","118.53","",""
"21/06/2025 00:30:00 - 21/06/2025 00:45:00","BZN|FR","Without Sequence","118.53","",""
"21/06/2025 00:45:00 - 21/06/2025 01:00:00","BZN|FR","Without Sequence","118.53","",""
"21/06/2025 01:00:00 - 21/06/2025 01:15:00","BZN|FR","Without Sequence","110.48","",""
"21/06/2025 01:15:00 - 21/06/2025 01:30:00","BZN|FR","Without Sequence","110.48","",""
"21/06/2025 01:30:00 - 21/06/2025 01:45:00","BZN|FR","Without Sequence","110.48","",""
"21/06/2025 01:45:00 - 21/06/2025 02:00:00","BZN|FR","Without Sequence","110.48","",""
"21/06/2025 02:00:00 - 21/06/2025 02:15:00","BZN|FR","Without Sequence","108.15","",""
"21/06/2025 02:15:00 - 21/06/2025 02:30:00","BZN|FR","Without Sequence","108.15","",""
"21/06/2025 02:30:00 - 21/06/2025 02:45:00","BZN|FR","Without Sequence","108.15","",""
"21/06/2025 02:45:00 - 21/06/2025 03:00:00","BZN|FR","Without Sequence","108.15","",""
"21/06/2025 03:00:00 - 21/06/2025 03:15:00","BZN|FR","Without Sequence","98.03","",""
"21/06/2025 03:15:00 - 21/06/2025 03:30:00","BZN|FR","Without Sequence","98.03","",""
"21/06/2025 03:30:00 - 21/06/2025 03:45:00","BZN|FR","Without Sequence","98.03","",""
"21/06/2025 03:45:00 - 21/06/2025 04:00:00","BZN|FR","Without Sequence","98.03","",""
"21/06/2025 04:00:00 - 21/06/2025 04:15:00","BZN|FR","Without Sequence","81.62","",""
"21/06/2025 04:15:00 - 21/06/2025 04:30:00","BZN|FR","Without Sequence","81.62","",""
"21/06/2025 04:30:00 - 21/06/2025 04:45:00","BZN|FR","Without Sequence","81.62","",""
"21/06/2025 04:45:00 - 21/06/2025 05:00:00","BZN|FR","Without Sequence","81.62","",""
"21/06/2025 05:00:00 - 21/06/2025 05:15:00","BZN|FR","Without Sequence","92.27","",""
"21/06/2025 05:15:00 - 21/06/2025 05:30:00","BZN|FR","Without Sequence","92.27","",""
"21/06/2025 05:30:00 - 21/06/2025 05:45:00","BZN|FR","Without Sequence","92.27","",""
"21/06/2025 05:45:00 - 21/06/2025 06:00:00","BZN|FR","Without Sequence","92.27","",""
"21/06/2025 06:00:00 - 21/06/2025 06:15:00","BZN|FR","Without Sequence","98.79","",""
"21/06/2025 06:15:00 - 21/06/2025 06:30:00","BZN|FR","Without Sequence","98.79","",""
"21/06/2025 06:30:00 - 21/06/2025 06:45:00","BZN|FR","Without Sequence","98.79","",""
"21/06/2025 06:45:00 - 21/06/2025 07:00:00","BZN|FR","Without Sequence","98.79","",""
"21/06/2025 07:00:00 - 21/06/2025 07:15:00","BZN|FR","Without Sequence","90.74","",""
"21/06/2025 07:15:00 - 21/06/2025 07:30:00","BZN|FR","Without Sequence","90.74","",""
"21/06/2025 07:30:00 - 21/06/2025 07:45:00","BZN|FR","Without Sequence","90.74","",""
"21/06/2025 07:45:00 - 21/06/2025 08:00:00","BZN|FR","Without Sequence","90.74","",""
"21/06/2025 08:00:00 - 21/06/2025 08:15:00","BZN|FR","Without Sequence","75.93","",""
"21/06/2025 08:15:00 - 21/06/2025 08:30:00","BZN|FR","Without Sequence","75.93","",""
"21/06/2025 08:30:00 - 21/06/2025 08:45:00","BZN|FR","Without Sequence","75.93","",""
"21/06/2025 08:45:00 - 21/06/2025 09:00:00","BZN|FR","Without Sequence","75.93","",""
"21/06/2025 09:00:00 - 21/06/2025 09:15:00","BZN|FR","Without Sequence","23.40","",""
"21/06/2025 09:15:00 - 21/06/2025 09:30:00","BZN|FR","Without Sequence","23.40","",""
"21/06/2025 09:30:00 - 21/06/2025 09:45:00","BZN|FR","Without Sequence","23.40","",""
"21/06/2025 09:45:00 - 21/06/2025 10:00:00","BZN|FR","Without Sequence","23.40","",""
"21/06/2025 10:00:00 - 21/06/2025 10:15:00","BZN|FR","Without Sequence","2.50","",""
"21/06/2025 10:15:00 - 21/06/2025 10:30:00","BZN|FR","Without Sequence","2.50","",""
"21/06/2025 10:30:00 - 21/06/2025 10:45:00","BZN|FR","Without Sequence","2.50","",""
"21/06/2025 10:45:00 - 21/06/2025 11:00:00","BZN|FR","Without Sequence","2.50","",""
"21/06/2025 11:00:00 - 21/06/2025 11:15:00","BZN|FR","Without Sequence","0.00","",""
"21/06/2025 11:15:00 - 21/06/2025 11:30:00","BZN|FR","Without Sequence","0.00","",""
"21/06/2025 11:30:00 - 21/06/2025 11:45:00","BZN|FR","Without Sequence","0.00","",""
"21/06/2025 11:45:00 - 21/06/2025 12:00:00","BZN|FR","Without Sequence","0.00","",""
"21/06/2025 12:00:00 - 21/06/2025 12:15:00","BZN|FR","Without Sequence","0.00","",""
"21/06/2025 12:15:00 - 21/06/2025 12:30:00","BZN|FR","Without Sequence","0.00","",""
"21/06/2025 12:30:00 - 21/06/2025 12:45:00","BZN|FR","Without Sequence","0.00","",""
"21/06/2025 12:45:00 - 21/06/2025 13:00:00","BZN|FR","Without Sequence","0.00","",""
"21/06/2025 13:00:00 - 21/06/2025 13:15:00","BZN|FR","Without Sequence","0.00","",""
"21/06/2025 13:15:00 - 21/06/2025 13:30:00","BZN|FR","Without Sequence","0.00","",""
"21/06/2025 13:30:00 - 21/06/2025 13:45:00","BZN|FR","Without Sequence","0.00","",""
"21/06/2025 13:45:00 - 21/06/2025 14:00:00","BZN|FR","Without Sequence","0.00","",""
"21/06/2025 14:00:00 - 21/06/2025 14:15:00","BZN|FR","Without Sequence","0.00","",""
"21/06/2025 14:15:00 - 21/06/2025 14:30:00","BZN|FR","Without Sequence","0.00","",""
"21/06/2025 14:30:00 - 21/06/2025 14:45:00","BZN|FR","Without Sequence","0.00","",""
"21/06/2025 14:45:00 - 21/06/2025 15:00:00","BZN|FR","Without Sequence","0.00","",""
"21/06/2025 15:00:00 - 21/06/2025 15:15:00","BZN|FR","Without Sequence","0.00","",""
"21/06/2025 15:15:00 - 21/06/2025 15:30:00","BZN|FR","Without Sequence","0.00","",""
"21/06/2025 15:30:00 - 21/06/2025 15:45:00","BZN|FR","Without Sequence","0.00","",""
"21/06/2025 15:45:00 - 21/06/2025 16:00:00","BZN|FR","Without Sequence","0.00","",""
"21/06/2025 16:00:00 - 21/06/2025 16:15:00","BZN|FR","Without Sequence","0.10","",""
"21/06/2025 16:15:00 - 21/06/2025 16:30:00","BZN|FR","Without Sequence","0.10","",""
"21/06/2025 16:30:00 - 21/06/2025 16:45:00","BZN|FR","Without Sequence","0.10","",""
"21/06/2025 16:45:00 - 21/06/2025 17:00:00","BZN|FR","Without Sequence","0.10","",""
"21/06/2025 17:00:00 - 21/06/2025 17:15:00","BZN|FR","Without Sequence","60.40","",""
"21/06/2025 17:15:00 - 21/06/2025 17:30:00","BZN|FR","Without Sequence","60.40","",""
"21/06/2025 17:30:00 - 21/06/2025 17:45:00","BZN|FR","Without Sequence","60.40","",""
"21/06/2025 17:45:00 - 21/06/2025 18:00:00","BZN|FR","Without Sequence","60.40","",""
"21/06/2025 18:00:00 - 21/06/2025 18:15:00","BZN|FR","Without Sequence","98.64","",""
"21/06/2025 18:15:00 - 21/06/2025 18:30:00","BZN|FR","Without Sequence","98.64","",""
"21/06/2025 18:30:00 - 21/06/2025 18:45:00","BZN|FR","Without Sequence","98.64","",""
"21/06/2025 18:45:00 - 21/06/2025 19:00:00","BZN|FR","Without Sequence","98.64","",""
"21/06/2025 19:00:00 - 21/06/2025 19:15:00","BZN|FR","Without Sequence","127.53","",""
"21/06/2025 19:15:00 - 21/06/2025 19:30:00","BZN|FR","Without Sequence","127.53","",""
"21/06/2025 19:30:00 - 21/06/2025 19:45:00","BZN|FR","Without Sequence","127.53","",""
"21/06/2025 19:45:00 - 21/06/2025 20:00:00","BZN|FR","Without Sequence","127.53","",""
"21/06/2025 20:00:00 - 21/06/2025 20:15:00","BZN|FR","Without Sequence","141.99","",""
"21/06/2025 20:15:00 - 21/06/2025 20:30:00","BZN|FR","Without Sequence","141.99","",""
"21/06/2025 20:30:00 - 21/06/2025 20:45:00","BZN|FR","Without Sequence","141.99","",""
"21/06/2025 20:45:00 - 21/06/2025 21:00:00","BZN|FR","Without Sequence","141.99","",""
"21/06/2025 21:00:00 - 21/06/2025 21:15:00","BZN|FR","Without Sequence","134.93","",""
"21/06/2025 21:15:00 - 21/06/2025 21:30:00","BZN|FR","Without Sequence","134.93","",""
"21/06/2025 21:30:00 - 21/06/2025 21:45:00","BZN|FR","Without Sequence","134.93","",""
"21/06/2025 21:45:00 - 21/06/2025 22:00:00","BZN|FR","Without Sequence","134.93","",""
"21/06/2025 22:00:00 - 21/06/2025 22:15:00","BZN|FR","Without Sequence","138.81","",""
"21/06/2025 22:15:00 - 21/06/2025 22:30:00","BZN|FR","Without Sequence","138.81","",""
"21/06/2025 22:30:00 - 21/06/2025 22:45:00","BZN|FR","Without Sequence","138.81","",""
"21/06/2025 22:45:00 - 21/06/2025 23:00:00","BZN|FR","Without Sequence","138.81","",""
"21/06/2025 23:00:00 - 21/06/2025 23:15:00","BZN|FR","Without Sequence","119.48","",""
"21/06/2025 23:15:00 - 21/06/2025 23:30:00","BZN|FR","Without Sequence","119.48","",""
"21/06/2025 23:30:00 - 21/06/2025 23:45:00","BZN|FR","Without Sequence","119.48","",""
"21/06/2025 23:45:00 - 22/06/2025 00:00:00","BZN|FR","Without Sequence","119.48","",""
"22/06/2025 00:00:00 - 22/06/2025 00:15:00","BZN|FR","Without Sequence","77.02","",""
"22/06/2025 00:15:00 - 22/06/2025 00:30:00","BZN|FR","Without Sequence","77.02","",""
"22/06/2025 00:30:00 - 22/06/2025 00:45:00","BZN|FR","Without Sequence","77.02","",""
"22/06/2025 00:45:00 - 22/06/2025 01:00:00","BZN|FR","Without Sequence","77.02","",""
"22/06/2025 01:00:00 - 22/06/2025 01:15:00","BZN|FR","Without Sequence","59.91","",""
"22/06/2025 01:15:00 - 22/06/2025 01:30:00","BZN|FR","Without Sequence","59.91","",""
"22/06/2025 01:30:00 - 22/06/2025 01:45:00","BZN|FR","Without Sequence","59.91","",""
"22/06/2025 01:45:00 - 22/06/2025 02:00:00","BZN|FR","Without Sequence","59.91","",""
"22/06/2025 02:00:00 - 22/06/2025 02:15:00","BZN|FR","Without Sequence","39.84","",""
"22/06/2025 02:15:00 - 22/06/2025 02:30:00","BZN|FR","Without Sequence","39.84","",""
"22/06/2025 02:30:00 - 22/06/2025 02:45:00","BZN|FR","Without Sequence","39.84","",""
"22/06/2025 02:45:00 - 22/06/2025 03:00:00","BZN|FR","Without Sequence","39.84","",""
"22/06/2025 03:00:00 - 22/06/2025 03:15:00","BZN|FR","Without Sequence","30.33","",""
"22/06/2025 03:15:00 - 22/06/2025 03:30:00","BZN|FR","Without Sequence","30.33","",""
"22/06/2025 03:30:00 - 22/06/2025 03:45:00","BZN|FR","Without Sequence","30.33","",""
"22/06/2025 03:45:00 - 22/06/2025 04:00:00","BZN|FR","Without Sequence","30.33","",""
"22/06/2025 04:00:00 - 22/06/2025 04:15:00","BZN|FR","Without Sequence","25.00","",""
"22/06/2025 04:15:00 - 22/06/2025 04:30:00","BZN|FR","Without Sequence","25.00","",""
"22/06/2025 04:30:00 - 22/06/2025 04:45:00","BZN|FR","Without Sequence","25.00","",""
"22/06/2025 04:45:00 - 22/06/2025 05:00:00","BZN|FR","Without Sequence","25.00","",""
"22/06/2025 05:00:00 - 22/06/2025 05:15:00","BZN|FR","Without Sequence","27.95","",""
"22/06/2025 05:15:00 - 22/06/2025 05:30:00","BZN|FR","Without Sequence","27.95","",""
"22/06/2025 05:30:00 - 22/06/2025 05:45:00","BZN|FR","Without Sequence","27.95","",""
"22/06/2025 05:45:00 - 22/06/2025 06:00:00","BZN|FR","Without Sequence","27.95","",""
"22/06/2025 06:00:00 - 22/06/2025 06:15:00","BZN|FR","Without Sequence","28.27","",""
"22/06/2025 06:15:00 - 22/06/2025 06:30:00","BZN|FR","Without Sequence","28.27","",""
"22/06/2025 06:30:00 - 22/06/2025 06:45:00","BZN|FR","Without Sequence","28.27","",""
"22/06/2025 06:45:00 - 22/06/2025 07:00:00","BZN|FR","Without Sequence","28.27","",""
"22/06/2025 07:00:00 - 22/06/2025 07:15:00","BZN|FR","Without Sequence","26.44","",""
"22/06/2025 07:15:00 - 22/06/2025 07:30:00","BZN|FR","Without Sequence","26.44","",""
"22/06/2025 07:30:00 - 22/06/2025 07:45:00","BZN|FR","Without Sequence","26.44","",""
"22/06/2025 07:45:00 - 22/06/2025 08:00:00","BZN|FR","Without Sequence","26.44","",""
"22/06/2025 08:00:00 - 22/06/2025 08:15:00","BZN|FR","Without Sequence","0.00","",""
"22/06/2025 08:15:00 - 22/06/2025 08:30:00","BZN|FR","Without Sequence","0.00","",""
"22/06/2025 08:30:00 - 22/06/2025 08:45:00","BZN|FR","Without Sequence","0.00","",""
"22/06/2025 08:45:00 - 22/06/2025 09:00:00","BZN|FR","Without Sequence","0.00","",""
"22/06/2025 09:00:00 - 22/06/2025 09:15:00","BZN|FR","Without Sequence","-0.09","",""
"22/06/2025 09:15:00 - 22/06/2025 09:30:00","BZN|FR","Without Sequence","-0.09","",""
"22/06/2025 09:30:00 - 22/06/2025 09:45:00","BZN|FR","Without Sequence","-0.09","",""
"22/06/2025 09:45:00 - 22/06/2025 10:00:00","BZN|FR","Without Sequence","-0.09","",""
"22/06/2025 10:00:00 - 22/06/2025 10:15:00","BZN|FR","Without Sequence","-11.11","",""
"22/06/2025 10:15:00 - 22/06/2025 10:30:00","BZN|FR","Without Sequence","-11.11","",""
"22/06/2025 10:30:00 - 22/06/2025 10:45:00","BZN|FR","Without Sequence","-11.11","",""
"22/06/2025 10:45:00 - 22/06/2025 11:00:00","BZN|FR","Without Sequence","-11.11","",""
"22/06/2025 11:00:00 - 22/06/2025 11:15:00","BZN|FR","Without Sequence","-33.10","",""
"22/06/2025 11:15:00 - 22/06/2025 11:30:00","BZN|FR","Without Sequence","-33.10","",""
"22/06/2025 11:30:00 - 22/06/2025 11:45:00","BZN|FR","Without Sequence","-33.10","",""
"22/06/2025 11:45:00 - 22/06/2025 12:00:00","BZN|FR","Without Sequence","-33.10","",""
"22/06/2025 12:00:00 - 22/06/2025 12:15:00","BZN|FR","Without Sequence","-51.14","",""
"22/06/2025 12:15:00 - 22/06/2025 12:30:00","BZN|FR","Without Sequence","-51.14","",""
"22/06/2025 12:30:00 - 22/06/2025 12:45:00","BZN|FR","Without Sequence","-51.14","",""
"22/06/2025 12:45:00 - 22/06/2025 13:00:00","BZN|FR","Without Sequence","-51.14","",""
"22/06/2025 13:00:00 - 22/06/2025 13:15:00","BZN|FR","Without Sequence","-78.05","",""
"22/06/2025 13:15:00 - 22/06/2025 13:30:00","BZN|FR","Without Sequence","-78.05","",""
"22/06/2025 13:30:00 - 22/06/2025 13:45:00","BZN|FR","Without Sequence","-78.05","",""
"22/06/2025 13:45:00 - 22/06/2025 14:00:00","BZN|FR","Without Sequence","-78.05","",""
"22/06/2025 14:00:00 - 22/06/2025 14:15:00","BZN|FR","Without Sequence","-64.35","",""
"22/06/2025 14:15:00 - 22/06/2025 14:30:00","BZN|FR","Without Sequence","-64.35","",""
"22/06/2025 14:30:00 - 22/06/2025 14:45:00","BZN|FR","Without Sequence","-64.35","",""
"22/06/2025 14:45:00 - 22/06/2025 15:00:00","BZN|FR","Without Sequence","-64.35","",""
"22/06/2025 15:00:00 - 22/06/2025 15:15:00","BZN|FR","Without Sequence","-32.80","",""
"22/06/2025 15:15:00 - 22/06/2025 15:30:00","BZN|FR","Without Sequence","-32.80","",""
"22/06/2025 15:30:00 - 22/06/2025 15:45:00","BZN|FR","Without Sequence","-32.80","",""
"22/06/2025 15:45:00 - 22/06/2025 16:00:00","BZN|FR","Without Sequence","-32.80","",""
"22/06/2025 16:00:00 - 22/06/2025 16:15:00","BZN|FR","Without Sequence","-7.49","",""
"22/06/2025 16:15:00 - 22/06/2025 16:30:00","BZN|FR","Without Sequence","-7.49","",""
"22/06/2025 16:30:00 - 22/06/2025 16:45:00","BZN|FR","Without Sequence","-7.49","",""
"22/06/2025 16:45:00 - 22/06/2025 17:00:00","BZN|FR","Without Sequence","-7.49","",""
"22/06/2025 17:00:00 - 22/06/2025 17:15:00","BZN|FR","Without Sequence","0.00","",""
"22/06/2025 17:15:00 - 22/06/2025 17:30:00","BZN|FR","Without Sequence","0.00","",""
"22/06/2025 17:30:00 - 22/06/2025 17:45:00","BZN|FR","Without Sequence","0.00","",""
"22/06/2025 17:45:00 - 22/06/2025 18:00:00","BZN|FR","Without Sequence","0.00","",""
"22/06/2025 18:00:00 - 22/06/2025 18:15:00","BZN|FR","Without Sequence","27.56","",""
"22/06/2025 18:15:00 - 22/06/2025 18:30:00","BZN|FR","Without Sequence","27.56","",""
"22/06/2025 18:30:00 - 22/06/2025 18:45:00","BZN|FR","Without Sequence","27.56","",""
"22/06/2025 18:45:00 - 22/06/2025 19:00:00","BZN|FR","Without Sequence","27.56","",""
"22/06/2025 19:00:00 - 22/06/2025 19:15:00","BZN|FR","Without Sequence","71.14","",""
"22/06/2025 19:15:00 - 22/06/2025 19:30:00","BZN|FR","Without Sequence","71.14","",""
"22/06/2025 19:30:00 - 22/06/2025 19:45:00","BZN|FR","Without Sequence","71.14","",""
"22/06/2025 19:45:00 - 22/06/2025 20:00:00","BZN|FR","Without Sequence","71.14","",""
"22/06/2025 20:00:00 - 22/06/2025 20:15:00","BZN|FR","Without Sequence","114.12","",""
"22/06/2025 20:15:00 - 22/06/2025 20:30:00","BZN|FR","Without Sequence","114.12","",""
"22/06/2025 20:30:00 - 22/06/2025 20:45:00","BZN|FR","Without Sequence","114.12","",""
"22/06/2025 20:45:00 - 22/06/2025 21:00:00","BZN|FR","Without Sequence","114.12","",""
"22/06/2025 21:00:00 - 22/06/2025 21:15:00","BZN|FR","Without Sequence","115.32","",""
"22/06/2025 21:15:00 - 22/06/2025 21:30:00","BZN|FR","Without Sequence","115.32","",""
"22/06/2025 21:30:00 - 22/06/2025 21:45:00","BZN|FR","Without Sequence","115.32","",""
"22/06/2025 21:45:00 - 22/06/2025 22:00:00","BZN|FR","Without Sequence","115.32","",""
"22/06/2025 22:00:00 - 22/06/2025 22:15:00","BZN|FR","Without Sequence","112.43","",""
"22/06/2025 22:15:00 - 22/06/2025 22:30:00","BZN|FR","Without Sequence","112.43","",""
"22/06/2025 22:30:00 - 22/06/2025 22:45:00","BZN|FR","Without Sequence","112.43","",""
"22/06/2025 22:45:00 - 22/06/2025 23:00:00","BZN|FR","Without Sequence","112.43","",""
"22/06/2025 23:00:00 - 22/06/2025 23:15:00","BZN|FR","Without Sequence","101.63","",""
"22/06/2025 23:15:00 - 22/06/2025 23:30:00","BZN|FR","Without Sequence","101.63","",""
"22/06/2025 23:30:00 - 22/06/2025 23:45:00","BZN|FR","Without Sequence","101.63","",""
"22/06/2025 23:45:00 - 23/06/2025 00:00:00","BZN|FR","Without Sequence","101.63","",""
"23/06/2025 00:00:00 - 23/06/2025 00:15:00","BZN|FR","Without Sequence","41.21","",""
"23/06/2025 00:15:00 - 23/06/2025 00:30:00","BZN|FR","Without Sequence","41.21","",""
"23/06/2025 00:30:00 - 23/06/2025 00:45:00","BZN|FR","Without Sequence","41.21","",""
"23/06/2025 00:45:00 - 23/06/2025 01:00:00","BZN|FR","Without Sequence","41.21","",""
"23/06/2025 01:00:00 - 23/06/2025 01:15:00","BZN|FR","Without Sequence","23.60","",""
"23/06/2025 01:15:00 - 23/06/2025 01:30:00","BZN|FR","Without Sequence","23.60","",""
"23/06/2025 01:30:00 - 23/06/2025 01:45:00","BZN|FR","Without Sequence","23.60","",""
"23/06/2025 01:45:00 - 23/06/2025 02:00:00","BZN|FR","Without Sequence","23.60","",""
"23/06/2025 02:00:00 - 23/06/2025 02:15:00","BZN|FR","Without Sequence","15.66","",""
"23/06/2025 02:15:00 - 23/06/2025 02:30:00","BZN|FR","Without Sequence","15.66","",""
"23/06/2025 02:30:00 - 23/06/2025 02:45:00","BZN|FR","Without Sequence","15.66","",""
"23/06/2025 02:45:00 - 23/06/2025 03:00:00","BZN|FR","Without Sequence","15.66","",""
"23/06/2025 03:00:00 - 23/06/2025 03:15:00","BZN|FR","Without Sequence","12.29","",""
"23/06/2025 03:15:00 - 23/06/2025 03:30:00","BZN|FR","Without Sequence","12.29","",""
"23/06/2025 03:30:00 - 23/06/2025 03:45:00","BZN|FR","Without Sequence","12.29","",""
"23/06/2025 03:45:00 - 23/06/2025 04:00:00","BZN|FR","Without Sequence","12.29","",""
"23/06/2025 04:00:00 - 23/06/2025 04:15:00","BZN|FR","Without Sequence","12.20","",""
"23/06/2025 04:15:00 - 23/06/2025 04:30:00","BZN|FR","Without Sequence","12.20","",""
"23/06/2025 04:30:00 - 23/06/2025 04:45:00","BZN|FR","Without Sequence","12.20","",""
"23/06/2025 04:45:00 - 23/06/2025 05:00:00","BZN|FR","Without Sequence","12.20","",""
"23/06/2025 05:00:00 - 23/06/2025 05:15:00","BZN|FR","Without Sequence","12.51","",""
"23/06/2025 05:15:00 - 23/06/2025 05:30:00","BZN|FR","Without Sequence","12.51","",""
"23/06/2025 05:30:00 - 23/06/2025 05:45:00","BZN|FR","Without Sequence","12.51","",""
"23/06/2025 05:45:00 - 23/06/2025 06:00:00","BZN|FR","Without Sequence","12.51","",""
"23/06/2025 06:00:00 - 23/06/2025 06:15:00","BZN|FR","Without Sequence","19.63","",""
"23/06/2025 06:15:00 - 23/06/2025 06:30:00","BZN|FR","Without Sequence","19.63","",""
"23/06/2025 06:30:00 - 23/06/2025 06:45:00","BZN|FR","Without Sequence","19.63","",""
"23/06/2025 06:45:00 - 23/06/2025 07:00:00","BZN|FR","Without Sequence","19.63","",""
"23/06/2025 07:00:00 - 23/06/2025 07:15:00","BZN|FR","Without Sequence","26.00","",""
"23/06/2025 07:15:00 - 23/06/2025 07:30:00","BZN|FR","Without Sequence","26.00","",""
"23/06/2025 07:30:00 - 23/06/2025 07:45:00","BZN|FR","Without Sequence","26.00","",""
"23/06/2025 07:45:00 - 23/06/2025 08:00:00","BZN|FR","Without Sequence","26.00","",""
"23/06/2025 08:00:00 - 23/06/2025 08:15:00","BZN|FR","Without Sequence","38.41","",""
"23/06/2025 08:15:00 - 23/06/2025 08:30:00","BZN|FR","Without Sequence","38.41","",""
"23/06/2025 08:30:00 - 23/06/2025 08:45:00","BZN|FR","Without Sequence","38.41","",""
"23/06/2025 08:45:00 - 23/06/2025 09:00:00","BZN|FR","Without Sequence","38.41","",""
"23/06/2025 09:00:00 - 23/06/2025 09:15:00","BZN|FR","Without Sequence","14.96","",""
"23/06/2025 09:15:00 - 23/06/2025 09:30:00","BZN|FR","Without Sequence","14.96","",""
"23/06/2025 09:30:00 - 23/06/2025 09:45:00","BZN|FR","Without Sequence","14.96","",""
"23/06/2025 09:45:00 - 23/06/2025 10:00:00","BZN|FR","Without Sequence","14.96","",""
"23/06/2025 10:00:00 - 23/06/2025 10:15:00","BZN|FR","Without Sequence","0.02","",""
"23/06/2025 10:15:00 - 23/06/2025 10:30:00","BZN|FR","Without Sequence","0.02","",""
"23/06/2025 10:30:00 - 23/06/2025 10:45:00","BZN|FR","Without Sequence","0.02","",""
"23/06/2025 10:45:00 - 23/06/2025 11:00:00","BZN|FR","Without Sequence","0.02","",""
"23/06/2025 11:00:00 - 23/06/2025 11:15:00","BZN|FR","Without Sequence","-0.01","",""
"23/06/2025 11:15:00 - 23/06/2025 11:30:00","BZN|FR","Without Sequence","-0.01","",""
"23/06/2025 11:30:00 - 23/06/2025 11:45:00","BZN|FR","Without Sequence","-0.01","",""
"23/06/2025 11:45:00 - 23/06/2025 12:00:00","BZN|FR","Without Sequence","-0.01","",""
"23/06/2025 12:00:00 - 23/06/2025 12:15:00","BZN|FR","Without Sequence","-1.98","",""
"23/06/2025 12:15:00 - 23/06/2025 12:30:00","BZN|FR","Without Sequence","-1.98","",""
"23/06/2025 12:30:00 - 23/06/2025 12:45:00","BZN|FR","Without Sequence","-1.98","",""
"23/06/2025 12:45:00 - 23/06/2025 13:00:00","BZN|FR","Without Sequence","-1.98","",""
"23/06/2025 13:00:00 - 23/06/2025 13:15:00","BZN|FR","Without Sequence","-8.89","",""
"23/06/2025 13:15:00 - 23/06/2025 13:30:00","BZN|FR","Without Sequence","-8.89","",""
"23/06/2025 13:30:00 - 23/06/2025 13:45:00","BZN|FR","Without Sequence","-8.89","",""
"23/06/2025 13:45:00 - 23/06/2025 14:00:00","BZN|FR","Without Sequence","-8.89","",""
"23/06/2025 14:00:00 - 23/06/2025 14:15:00","BZN|FR","Without Sequence","-17.32","",""
"23/06/2025 14:15:00 - 23/06/2025 14:30:00","BZN|FR","Without Sequence","-17.32","",""
"23/06/2025 14:30:00 - 23/06/2025 14:45:00","BZN|FR","Without Sequence","-17.32","",""
"23/06/2025 14:45:00 - 23/06/2025 15:00:00","BZN|FR","Without Sequence","-17.32","",""
"23/06/2025 15:00:00 - 23/06/2025 15:15:00","BZN|FR","Without Sequence","-9.53","",""
"23/06/2025 15:15:00 - 23/06/2025 15:30:00","BZN|FR","Without Sequence","-9.53","",""
"23/06/2025 15:30:00 - 23/06/2025 15:45:00","BZN|FR","Without Sequence","-9.53","",""
"23/06/2025 15:45:00 - 23/06/2025 16:00:00","BZN|FR","Without Sequence","-9.53","",""
"23/06/2025 16:00:00 - 23/06/2025 16:15:00","BZN|FR","Without Sequence","-0.06","",""
"23/06/2025 16:15:00 - 23/06/2025 16:30:00","BZN|FR","Without Sequence","-0.06","",""
"23/06/2025 16:30:00 - 23/06/2025 16:45:00","BZN|FR","Without Sequence","-0.06","",""
"23/06/2025 16:45:00 - 23/06/2025 17:00:00","BZN|FR","Without Sequence","-0.06","",""
"23/06/2025 17:00:00 - 23/06/2025 17:15:00","BZN|FR","Without Sequence","0.00","",""
"23/06/2025 17:15:00 - 23/06/2025 17:30:00","BZN|FR","Without Sequence","0.00","",""
"23/06/2025 17:30:00 - 23/06/2025 17:45:00","BZN|FR","Without Sequence","0.00","",""
"23/06/2025 17:45:00 - 23/06/2025 18:00:00","BZN|FR","Without Sequence","0.00","",""
"23/06/2025 18:00:00 - 23/06/2025 18:15:00","BZN|FR","Without Sequence","20.98","",""
"23/06/2025 18:15:00 - 23/06/2025 18:30:00","BZN|FR","Without Sequence","20.98","",""
"23/06/2025 18:30:00 - 23/06/2025 18:45:00","BZN|FR","Without Sequence","20.98","",""
"23/06/2025 18:45:00 - 23/06/2025 19:00:00","BZN|FR","Without Sequence","20.98","",""
"23/06/2025 19:00:00 - 23/06/2025 19:15:00","BZN|FR","Without Sequence","47.44","",""
"23/06/2025 19:15:00 - 23/06/2025 19:30:00","BZN|FR","Without Sequence","47.44","",""
"23/06/2025 19:30:00 - 23/06/2025 19:45:00","BZN|FR","Without Sequence","47.44","",""
"23/06/2025 19:45:00 - 23/06/2025 20:00:00","BZN|FR","Without Sequence","47.44","",""
"23/06/2025 20:00:00 - 23/06/2025 20:15:00","BZN|FR","Without Sequence","94.98","",""
"23/06/2025 20:15:00 - 23/06/2025 20:30:00","BZN|FR","Without Sequence","94.98","",""
"23/06/2025 20:30:00 - 23/06/2025 20:45:00","BZN|FR","Without Sequence","94.98","",""
"23/06/2025 20:45:00 - 23/06/2025 21:00:00","BZN|FR","Without Sequence","94.98","",""
"23/06/2025 21:00:00 - 23/06/2025 21:15:00","BZN|FR","Without Sequence","100.15","",""
"23/06/2025 21:15:00 - 23/06/2025 21:30:00","BZN|FR","Without Sequence","100.15","",""
"23/06/2025 21:30:00 - 23/06/2025 21:45:00","BZN|FR","Without Sequence","100.15","",""
"23/06/2025 21:45:00 - 23/06/2025 22:00:00","BZN|FR","Without Sequence","100.15","",""
"23/06/2025 22:00:00 - 23/06/2025 22:15:00","BZN|FR","Without Sequence","106.50","",""
"23/06/2025 22:15:00 - 23/06/2025 22:30:00","BZN|FR","Without Sequence","106.50","",""
"23/06/2025 22:30:00 - 23/06/2025 22:45:00","BZN|FR","Without Sequence","106.50","",""
"23/06/2025 22:45:00 - 23/06/2025 23:00:00","BZN|FR","Without Sequence","106.50","",""
"23/06/2025 23:00:00 - 23/06/2025 23:15:00","BZN|FR","Without Sequence","94.55","",""
"23/06/2025 23:15:00 - 23/06/2025 23:30:00","BZN|FR","Without Sequence","94.55","",""
"23/06/2025 23:30:00 - 23/06/2025 23:45:00","BZN|FR","Without Sequence","94.55","",""
"23/06/2025 23:45:00 - 24/06/2025 00:00:00","BZN|FR","Without Sequence","94.55","",""
"24/06/2025 00:00:00 - 24/06/2025 00:15:00","BZN|FR","Without Sequence","81.34","",""
"24/06/2025 00:15:00 - 24/06/2025 00:30:00","BZN|FR","Without Sequence","81.34","",""
"24/06/2025 00:30:00 - 24/06/2025 00:45:00","BZN|FR","Without Sequence","81.34","",""
"24/06/2025 00:45:00 - 24/06/2025 01:00:00","BZN|FR","Without Sequence","81.34","",""
"24/06/2025 01:00:00 - 24/06/2025 01:15:00","BZN|FR","Without Sequence","66.17","",""
"24/06/2025 01:15:00 - 24/06/2025 01:30:00","BZN|FR","Without Sequence","66.17","",""
"24/06/2025 01:30:00 - 24/06/2025 01:45:00","BZN|FR","Without Sequence","66.17","",""
"24/06/2025 01:45:00 - 24/06/2025 02:00:00","BZN|FR","Without Sequence","66.17","",""
"24/06/2025 02:00:00 - 24/06/2025 02:15:00","BZN|FR","Without Sequence","63.79","",""
"24/06/2025 02:15:00 - 24/06/2025 02:30:00","BZN|FR","Without Sequence","63.79","",""
"24/06/2025 02:30:00 - 24/06/2025 02:45:00","BZN|FR","Without Sequence","63.79","",""
"24/06/2025 02:45:00 - 24/06/2025 03:00:00","BZN|FR","Without Sequence","63.79","",""
"24/06/2025 03:00:00 - 24/06/2025 03:15:00","BZN|FR","Without Sequence","45.14","",""
"24/06/2025 03:15:00 - 24/06/2025 03:30:00","BZN|FR","Without Sequence","45.14","",""
"24/06/2025 03:30:00 - 24/06/2025 03:45:00","BZN|FR","Without Sequence","45.14","",""
"24/06/2025 03:45:00 - 24/06/2025 04:00:00","BZN|FR","Without Sequence","45.14","",""
"24/06/2025 04:00:00 - 24/06/2025 04:15:00","BZN|FR","Without Sequence","46.62","",""
"24/06/2025 04:15:00 - 24/06/2025 04:30:00","BZN|FR","Without Sequence","46.62","",""
"24/06/2025 04:30:00 - 24/06/2025 04:45:00","BZN|FR","Without Sequence","46.62","",""
"24/06/2025 04:45:00 - 24/06/2025 05:00:00","BZN|FR","Without Sequence","46.62","",""
"24/06/2025 05:00:00 - 24/06/2025 05:15:00","BZN|FR","Without Sequence","71.30","",""
"24/06/2025 05:15:00 - 24/06/2025 05:30:00","BZN|FR","Without Sequence","71.30","",""
"24/06/2025 05:30:00 - 24/06/2025 05:45:00","BZN|FR","Without Sequence","71.30","",""
"24/06/2025 05:45:00 - 24/06/2025 06:00:00","BZN|FR","Without Sequence","71.30","",""
"24/06/2025 06:00:00 - 24/06/2025 06:15:00","BZN|FR","Without Sequence","84.53","",""
"24/06/2025 06:15:00 - 24/06/2025 06:30:00","BZN|FR","Without Sequence","84.53","",""
"24/06/2025 06:30:00 - 24/06/2025 06:45:00","BZN|FR","Without Sequence","84.53","",""
"24/06/2025 06:45:00 - 24/06/2025 07:00:00","BZN|FR","Without Sequence","84.53","",""
"24/06/2025 07:00:00 - 24/06/2025 07:15:00","BZN|FR","Without Sequence","90.09","",""
"24/06/2025 07:15:00 - 24/06/2025 07:30:00","BZN|FR","Without Sequence","90.09","",""
"24/06/2025 07:30:00 - 24/06/2025 07:45:00","BZN|FR","Without Sequence","90.09","",""
"24/06/2025 07:45:00 - 24/06/2025 08:00:00","BZN|FR","Without Sequence","90.09","",""
"24/06/2025 08:00:00 - 24/06/2025 08:15:00","BZN|FR","Without Sequence","73.55","",""
"24/06/2025 08:15:00 - 24/06/2025 08:30:00","BZN|FR","Without Sequence","73.55","",""
"24/06/2025 08:30:00 - 24/06/2025 08:45:00","BZN|FR","Without Sequence","73.55","",""
"24/06/2025 08:45:00 - 24/06/2025 09:00:00","BZN|FR","Without Sequence","73.55","",""
"24/06/2025 09:00:00 - 24/06/2025 09:15:00","BZN|FR","Without Sequence","37.04","",""
"24/06/2025 09:15:00 - 24/06/2025 09:30:00","BZN|FR","Without Sequence","37.04","",""
"24/06/2025 09:30:00 - 24/06/2025 09:45:00","BZN|FR","Without Sequence","37.04","",""
"24/06/2025 09:45:00 - 24/06/2025 10:00:00","BZN|FR","Without Sequence","37.04","",""
"24/06/2025 10:00:00 - 24/06/2025 10:15:00","BZN|FR","Without Sequence","1.34","",""
"24/06/2025 10:15:00 - 24/06/2025 10:30:00","BZN|FR","Without Sequence","1.34","",""
"24/06/2025 10:30:00 - 24/06/2025 10:45:00","BZN|FR","Without Sequence","1.34","",""
"24/06/2025 10:45:00 - 24/06/2025 11:00:00","BZN|FR","Without Sequence","1.34","",""
"24/06/2025 11:00:00 - 24/06/2025 11:15:00","BZN|FR","Without Sequence","0.00","",""
"24/06/2025 11:15:00 - 24/06/2025 11:30:00","BZN|FR","Without Sequence","0.00","",""
"24/06/2025 11:30:00 - 24/06/2025 11:45:00","BZN|FR","Without Sequence","0.00","",""
"24/06/2025 11:45:00 - 24/06/2025 12:00:00","BZN|FR","Without Sequence","0.00","",""
"24/06/2025 12:00:00 - 24/06/2025 12:15:00","BZN|FR","Without Sequence","-0.01","",""
"24/06/2025 12:15:00 - 24/06/2025 12:30:00","BZN|FR","Without Sequence","-0.01","",""
"24/06/2025 12:30:00 - 24/06/2025 12:45:00","BZN|FR","Without Sequence","-0.01","",""
"24/06/2025 12:45:00 - 24/06/2025 13:00:00","BZN|FR","Without Sequence","-0.01","",""
"24/06/2025 13:00:00 - 24/06/2025 13:15:00","BZN|FR","Without Sequence","-0.01","",""
"24/06/2025 13:15:00 - 24/06/2025 13:30:00","BZN|FR","Without Sequence","-0.01","",""
"24/06/2025 13:30:00 - 24/06/2025 13:45:00","BZN|FR","Without Sequence","-0.01","",""
"24/06/2025 13:45:00 - 24/06/2025 14:00:00","BZN|FR","Without Sequence","-0.01","",""
"24/06/2025 14:00:00 - 24/06/2025 14:15:00","BZN|FR","Without Sequence","-0.03","",""
"24/06/2025 14:15:00 - 24/06/2025 14:30:00","BZN|FR","Without Sequence","-0.03","",""
"24/06/2025 14:30:00 - 24/06/2025 14:45:00","BZN|FR","Without Sequence","-0.03","",""
"24/06/2025 14:45:00 - 24/06/2025 15:00:00","BZN|FR","Without Sequence","-0.03","",""
"24/06/2025 15:00:00 - 24/06/2025 15:15:00","BZN|FR","Without Sequence","-0.01","",""
"24/06/2025 15:15:00 - 24/06/2025 15:30:00","BZN|FR","Without Sequence","-0.01","",""
"24/06/2025 15:30:00 - 24/06/2025 15:45:00","BZN|FR","Without Sequence","-0.01","",""
"24/06/2025 15:45:00 - 24/06/2025 16:00:00","BZN|FR","Without Sequence","-0.01","",""
"24/06/2025 16:00:00 - 24/06/2025 16:15:00","BZN|FR","Without Sequence","7.50","",""
"24/06/2025 16:15:00 - 24/06/2025 16:30:00","BZN|FR","Without Sequence","7.50","",""
"24/06/2025 16:30:00 - 24/06/2025 16:45:00","BZN|FR","Without Sequence","7.50","",""
"24/06/2025 16:45:00 - 24/06/2025 17:00:00","BZN|FR","Without Sequence","7.50","",""
"24/06/2025 17:00:00 - 24/06/2025 17:15:00","BZN|FR","Without Sequence","20.06","",""
"24/06/2025 17:15:00 - 24/06/2025 17:30:00","BZN|FR","Without Sequence","20.06","",""
"24/06/2025 17:30:00 - 24/06/2025 17:45:00","BZN|FR","Without Sequence","20.06","",""
"24/06/2025 17:45:00 - 24/06/2025 18:00:00","BZN|FR","Without Sequence","20.06","",""
"24/06/2025 18:00:00 - 24/06/2025 18:15:00","BZN|FR","Without Sequence","71.95","",""
"24/06/2025 18:15:00 - 24/06/2025 18:30:00","BZN|FR","Without Sequence","71.95","",""
"24/06/2025 18:30:00 - 24/06/2025 18:45:00","BZN|FR","Without Sequence","71.95","",""
"24/06/2025 18:45:00 - 24/06/2025 19:00:00","BZN|FR","Without Sequence","71.95","",""
"24/06/2025 19:00:00 - 24/06/2025 19:15:00","BZN|FR","Without Sequence","104.61","",""
"24/06/2025 19:15:00 - 24/06/2025 19:30:00","BZN|FR","Without Sequence","104.61","",""
"24/06/2025 19:30:00 - 24/06/2025 19:45:00","BZN|FR","Without Sequence","104.61","",""
"24/06/2025 19:45:00 - 24/06/2025 20:00:00","BZN|FR","Without Sequence","104.61","",""
"24/06/2025 20:00:00 - 24/06/2025 20:15:00","BZN|FR","Without Sequence","125.40","",""
"24/06/2025 20:15:00 - 24/06/2025 20:30:00","BZN|FR","Without Sequence","125.40","",""
"24/06/2025 20:30:00 - 24/06/2025 20:45:00","BZN|FR","Without Sequence","125.40","",""
"24/06/2025 20:45:00 - 24/06/2025 21:00:00","BZN|FR","Without Sequence","125.40","",""
"24/06/2025 21:00:00 - 24/06/2025 21:15:00","BZN|FR","Without Sequence","125.49","",""
"24/06/2025 21:15:00 - 24/06/2025 21:30:00","BZN|FR","Without Sequence","125.49","",""
"24/06/2025 21:30:00 - 24/06/2025 21:45:00","BZN|FR","Without Sequence","125.49","",""
"24/06/2025 21:45:00 - 24/06/2025 22:00:00","BZN|FR","Without Sequence","125.49","",""
"24/06/2025 22:00:00 - 24/06/2025 22:15:00","BZN|FR","Without Sequence","131.91","",""
"24/06/2025 22:15:00 - 24/06/2025 22:30:00","BZN|FR","Without Sequence","131.91","",""
"24/06/2025 22:30:00 - 24/06/2025 22:45:00","BZN|FR","Without Sequence","131.91","",""
"24/06/2025 22:45:00 - 24/06/2025 23:00:00","BZN|FR","Without Sequence","131.91","",""
"24/06/2025 23:00:00 - 24/06/2025 23:15:00","BZN|FR","Without Sequence","102.48","",""
"24/06/2025 23:15:00 - 24/06/2025 23:30:00","BZN|FR","Without Sequence","102.48","",""
"24/06/2025 23:30:00 - 24/06/2025 23:45:00","BZN|FR","Without Sequence","102.48","",""
"24/06/2025 23:45:00 - 25/06/2025 00:00:00","BZN|FR","Without Sequence","102.48","",""
"25/06/2025 00:00:00 - 25/06/2025 00:15:00","BZN|FR","Without Sequence","84.50","",""
"25/06/2025 00:15:00 - 25/06/2025 00:30:00","BZN|FR","Without Sequence","84.50","",""
"25/06/2025 00:30:00 - 25/06/2025 00:45:00","BZN|FR","Without Sequence","84.50","",""
"25/06/2025 00:45:00 - 25/06/2025 01:00:00","BZN|FR","Without Sequence","84.50","",""
"25/06/2025 01:00:00 - 25/06/2025 01:15:00","BZN|FR","Without Sequence","74.31","",""
"25/06/2025 01:15:00 - 25/06/2025 01:30:00","BZN|FR","Without Sequence","74.31","",""
"25/06/2025 01:30:00 - 25/06/2025 01:45:00","BZN|FR","Without Sequence","74.31","",""
"25/06/2025 01:45:00 - 25/06/2025 02:00:00","BZN|FR","Without Sequence","74.31","",""
"25/06/2025 02:00:00 - 25/06/2025 02:15:00","BZN|FR","Without Sequence","75.51","",""
"25/06/2025 02:15:00 - 25/06/2025 02:30:00","BZN|FR","Without Sequence","75.51","",""
"25/06/2025 02:30:00 - 25/06/2025 02:45:00","BZN|FR","Without Sequence","75.51","",""
"25/06/2025 02:45:00 - 25/06/2025 03:00:00","BZN|FR","Without Sequence","75.51","",""
"25/06/2025 03:00:00 - 25/06/2025 03:15:00","BZN|FR","Without Sequence","74.94","",""
"25/06/2025 03:15:00 - 25/06/2025 03:30:00","BZN|FR","Without Sequence","74.94","",""
"25/06/2025 03:30:00 - 25/06/2025 03:45:00","BZN|FR","Without Sequence","74.94","",""
"25/06/2025 03:45:00 - 25/06/2025 04:00:00","BZN|FR","Without Sequence","74.94","",""
"25/06/2025 04:00:00 - 25/06/2025 04:15:00","BZN|FR","Without Sequence","76.39","",""
"25/06/2025 04:15:00 - 25/06/2025 04:30:00","BZN|FR","Without Sequence","76.39","",""
"25/06/2025 04:30:00 - 25/06/2025 04:45:00","BZN|FR","Without Sequence","76.39","",""
"25/06/2025 04:45:00 - 25/06/2025 05:00:00","BZN|FR","Without Sequence","76.39","",""
"25/06/2025 05:00:00 - 25/06/2025 05:15:00","BZN|FR","Without Sequence","83.45","",""
"25/06/2025 05:15:00 - 25/06/2025 05:30:00","BZN|FR","Without Sequence","83.45","",""
"25/06/2025 05:30:00 - 25/06/2025 05:45:00","BZN|FR","Without Sequence","83.45","",""
"25/06/2025 05:45:00 - 25/06/2025 06:00:00","BZN|FR","Without Sequence","83.45","",""
"25/06/2025 06:00:00 - 25/06/2025 06:15:00","BZN|FR","Without Sequence","103.14","",""
"25/06/2025 06:15:00 - 25/06/2025 06:30:00","BZN|FR","Without Sequence","103.14","",""
"25/06/2025 06:30:00 - 25/06/2025 06:45:00","BZN|FR","Without Sequence","103.14","",""
"25/06/2025 06:45:00 - 25/06/2025 07:00:00","BZN|FR","Without Sequence","103.14","",""
"25/06/2025 07:00:00 - 25/06/2025 07:15:00","BZN|FR","Without Sequence","109.54","",""
"25/06/2025 07:15:00 - 25/06/2025 07:30:00","BZN|FR","Without Sequence","109.54","",""
"25/06/2025 07:30:00 - 25/06/2025 07:45:00","BZN|FR","Without Sequence","109.54","",""
"25/06/2025 07:45:00 - 25/06/2025 08:00:00","BZN|FR","Without Sequence","109.54","",""
"25/06/2025 08:00:00 - 25/06/2025 08:15:00","BZN|FR","Without Sequence","104.74","",""
"25/06/2025 08:15:00 - 25/06/2025 08:30:00","BZN|FR","Without Sequence","104.74","",""
"25/06/2025 08:30:00 - 25/06/2025 08:45:00","BZN|FR","Without Sequence","104.74","",""
"25/06/2025 08:45:00 - 25/06/2025 09:00:00","BZN|FR","Without Sequence","104.74","",""
"25/06/2025 09:00:00 - 25/06/2025 09:15:00","BZN|FR","Without Sequence","85.23","",""
"25/06/2025 09:15:00 - 25/06/2025 09:30:00","BZN|FR","Without Sequence","85.23","",""
"25/06/2025 09:30:00 - 25/06/2025 09:45:00","BZN|FR","Without Sequence","85.23","",""
"25/06/2025 09:45:00 - 25/06/2025 10:00:00","BZN|FR","Without Sequence","85.23","",""
"25/06/2025 10:00:00 - 25/06/2025 10:15:00","BZN|FR","Without Sequence","42.63","",""
"25/06/2025 10:15:00 - 25/06/2025 10:30:00","BZN|FR","Without Sequence","42.63","",""
"25/06/2025 10:30:00 - 25/06/2025 10:45:00","BZN|FR","Without Sequence","42.63","",""
"25/06/2025 10:45:00 - 25/06/2025 11:00:00","BZN|FR","Without Sequence","42.63","",""
"25/06/2025 11:00:00 - 25/06/2025 11:15:00","BZN|FR","Without Sequence","27.98","",""
"25/06/2025 11:15:00 - 25/06/2025 11:30:00","BZN|FR","Without Sequence","27.98","",""
"25/06/2025 11:30:00 - 25/06/2025 11:45:00","BZN|FR","Without Sequence","27.98","",""
"25/06/2025 11:45:00 - 25/06/2025 12:00:00","BZN|FR","Without Sequence","27.98","",""
"25/06/2025 12:00:00 - 25/06/2025 12:15:00","BZN|FR","Without Sequence","15.00","",""
"25/06/2025 12:15:00 - 25/06/2025 12:30:00","BZN|FR","Without Sequence","15.00","",""
"25/06/2025 12:30:00 - 25/06/2025 12:45:00","BZN|FR","Without Sequence","15.00","",""
"25/06/2025 12:45:00 - 25/06/2025 13:00:00","BZN|FR","Without Sequence","15.00","",""
"25/06/2025 13:00:00 - 25/06/2025 13:15:00","BZN|FR","Without Sequence","5.79","",""
"25/06/2025 13:15:00 - 25/06/2025 13:30:00","BZN|FR","Without Sequence","5.79","",""
"25/06/2025 13:30:00 - 25/06/2025 13:45:00","BZN|FR","Without Sequence","5.79","",""
"25/06/2025 13:45:00 - 25/06/2025 14:00:00","BZN|FR","Without Sequence","5.79","",""
"25/06/2025 14:00:00 - 25/06/2025 14:15:00","BZN|FR","Without Sequence","7.94","",""
"25/06/2025 14:15:00 - 25/06/2025 14:30:00","BZN|FR","Without Sequence","7.94","",""
"25/06/2025 14:30:00 - 25/06/2025 14:45:00","BZN|FR","Without Sequence","7.94","",""
"25/06/2025 14:45:00 - 25/06/2025 15:00:00","BZN|FR","Without Sequence","7.94","",""
"25/06/2025 15:00:00 - 25/06/2025 15:15:00","BZN|FR","Without Sequence","13.40","",""
"25/06/2025 15:15:00 - 25/06/2025 15:30:00","BZN|FR","Without Sequence","13.40","",""
"25/06/2025 15:30:00 - 25/06/2025 15:45:00","BZN|FR","Without Sequence","13.40","",""
"25/06/2025 15:45:00 - 25/06/2025 16:00:00","BZN|FR","Without Sequence","13.40","",""
"25/06/2025 16:00:00 - 25/06/2025 16:15:00","BZN|FR","Without Sequence","27.13","",""
"25/06/2025 16:15:00 - 25/06/2025 16:30:00","BZN|FR","Without Sequence","27.13","",""
"25/06/2025 16:30:00 - 25/06/2025 16:45:00","BZN|FR","Without Sequence","27.13","",""
"25/06/2025 16:45:00 - 25/06/2025 17:00:00","BZN|FR","Without Sequence","27.13","",""
"25/06/2025 17:00:00 - 25/06/2025 17:15:00","BZN|FR","Without Sequence","87.09","",""
"25/06/2025 17:15:00 - 25/06/2025 17:30:00","BZN|FR","Without Sequence","87.09","",""
"25/06/2025 17:30:00 - 25/06/2025 17:45:00","BZN|FR","Without Sequence","87.09","",""
"25/06/2025 17:45:00 - 25/06/2025 18:00:00","BZN|FR","Without Sequence","87.09","",""
"25/06/2025 18:00:00 - 25/06/2025 18:15:00","BZN|FR","Without Sequence","107.05","",""
"25/06/2025 18:15:00 - 25/06/2025 18:30:00","BZN|FR","Without Sequence","107.05","",""
"25/06/2025 18:30:00 - 25/06/2025 18:45:00","BZN|FR","Without Sequence","107.05","",""
"25/06/2025 18:45:00 - 25/06/2025 19:00:00","BZN|FR","Without Sequence","107.05","",""
"25/06/2025 19:00:00 - 25/06/2025 19:15:00","BZN|FR","Without Sequence","135.00","",""
"25/06/2025 19:15:00 - 25/06/2025 19:30:00","BZN|FR","Without Sequence","135.00","",""
"25/06/2025 19:30:00 - 25/06/2025 19:45:00","BZN|FR","Without Sequence","135.00","",""
"25/06/2025 19:45:00 - 25/06/2025 20:00:00","BZN|FR","Without Sequence","135.00","",""
"25/06/2025 20:00:00 - 25/06/2025 20:15:00","BZN|FR","Without Sequence","143.33","",""
"25/06/2025 20:15:00 - 25/06/2025 20:30:00","BZN|FR","Without Sequence","143.33","",""
"25/06/2025 20:30:00 - 25/06/2025 20:45:00","BZN|FR","Without Sequence","143.33","",""
"25/06/2025 20:45:00 - 25/06/2025 21:00:00","BZN|FR","Without Sequence","143.33","",""
"25/06/2025 21:00:00 - 25/06/2025 21:15:00","BZN|FR","Without Sequence","141.89","",""
"25/06/2025 21:15:00 - 25/06/2025 21:30:00","BZN|FR","Without Sequence","141.89","",""
"25/06/2025 21:30:00 - 25/06/2025 21:45:00","BZN|FR","Without Sequence","141.89","",""
"25/06/2025 21:45:00 - 25/06/2025 22:00:00","BZN|FR","Without Sequence","141.89","",""
"25/06/2025 22:00:00 - 25/06/2025 22:15:00","BZN|FR","Without Sequence","135.00","",""
"25/06/2025 22:15:00 - 25/06/2025 22:30:00","BZN|FR","Without Sequence","135.00","",""
"25/06/2025 22:30:00 - 25/06/2025 22:45:00","BZN|FR","Without Sequence","135.00","",""
"25/06/2025 22:45:00 - 25/06/2025 23:00:00","BZN|FR","Without Sequence","135.00","",""
"25/06/2025 23:00:00 - 25/06/2025 23:15:00","BZN|FR","Without Sequence","102.26","",""
"25/06/2025 23:15:00 - 25/06/2025 23:30:00","BZN|FR","Without Sequence","102.26","",""
"25/06/2025 23:30:00 - 25/06/2025 23:45:00","BZN|FR","Without Sequence","102.26","",""
"25/06/2025 23:45:00 - 26/06/2025 00:00:00","BZN|FR","Without Sequence","102.26","",""
"26/06/2025 00:00:00 - 26/06/2025 00:15:00","BZN|FR","Without Sequence","119.95","",""
"26/06/2025 00:15:00 - 26/06/2025 00:30:00","BZN|FR","Without Sequence","119.95","",""
"26/06/2025 00:30:00 - 26/06/2025 00:45:00","BZN|FR","Without Sequence","119.95","",""
"26/06/2025 00:45:00 - 26/06/2025 01:00:00","BZN|FR","Without Sequence","119.95","",""
"26/06/2025 01:00:00 - 26/06/2025 01:15:00","BZN|FR","Without Sequence","99.63","",""
"26/06/2025 01:15:00 - 26/06/2025 01:30:00","BZN|FR","Without Sequence","99.63","",""
"26/06/2025 01:30:00 - 26/06/2025 01:45:00","BZN|FR","Without Sequence","99.63","",""
"26/06/2025 01:45:00 - 26/06/2025 02:00:00","BZN|FR","Without Sequence","99.63","",""
"26/06/2025 02:00:00 - 26/06/2025 02:15:00","BZN|FR","Without Sequence","93.02","",""
"26/06/2025 02:15:00 - 26/06/2025 02:30:00","BZN|FR","Without Sequence","93.02","",""
"26/06/2025 02:30:00 - 26/06/2025 02:45:00","BZN|FR","Without Sequence","93.02","",""
"26/06/2025 02:45:00 - 26/06/2025 03:00:00","BZN|FR","Without Sequence","93.02","",""
"26/06/2025 03:00:00 - 26/06/2025 03:15:00","BZN|FR","Without Sequence","76.20","",""
"26/06/2025 03:15:00 - 26/06/2025 03:30:00","BZN|FR","Without Sequence","76.20","",""
"26/06/2025 03:30:00 - 26/06/2025 03:45:00","BZN|FR","Without Sequence","76.20","",""
"26/06/2025 03:45:00 - 26/06/2025 04:00:00","BZN|FR","Without Sequence","76.20","",""
"26/06/2025 04:00:00 - 26/06/2025 04:15:00","BZN|FR","Without Sequence","77.45","",""
"26/06/2025 04:15:00 - 26/06/2025 04:30:00","BZN|FR","Without Sequence","77.45","",""
"26/06/2025 04:30:00 - 26/06/2025 04:45:00","BZN|FR","Without Sequence","77.45","",""
"26/06/2025 04:45:00 - 26/06/2025 05:00:00","BZN|FR","Without Sequence","77.45","",""
"26/06/2025 05:00:00 - 26/06/2025 05:15:00","BZN|FR","Without Sequence","79.62","",""
"26/06/2025 05:15:00 - 26/06/2025 05:30:00","BZN|FR","Without Sequence","79.62","",""
"26/06/2025 05:30:00 - 26/06/2025 05:45:00","BZN|FR","Without Sequence","79.62","",""
"26/06/2025 05:45:00 - 26/06/2025 06:00:00","BZN|FR","Without Sequence","79.62","",""
"26/06/2025 06:00:00 - 26/06/2025 06:15:00","BZN|FR","Without Sequence","84.95","",""
"26/06/2025 06:15:00 - 26/06/2025 06:30:00","BZN|FR","Without Sequence","84.95","",""
"26/06/2025 06:30:00 - 26/06/2025 06:45:00","BZN|FR","Without Sequence","84.95","",""
"26/06/2025 06:45:00 - 26/06/2025 07:00:00","BZN|FR","Without Sequence","84.95","",""
"26/06/2025 07:00:00 - 26/06/2025 07:15:00","BZN|FR","Without Sequence","114.40","",""
"26/06/2025 07:15:00 - 26/06/2025 07:30:00","BZN|FR","Without Sequence","114.40","",""
"26/06/2025 07:30:00 - 26/06/2025 07:45:00","BZN|FR","Without Sequence","114.40","",""
"26/06/2025 07:45:00 - 26/06/2025 08:00:00","BZN|FR","Without Sequence","114.40","",""
"26/06/2025 08:00:00 - 26/06/2025 08:15:00","BZN|FR","Without Sequence","106.79","",""
"26/06/2025 08:15:00 - 26/06/2025 08:30:00","BZN|FR","Without Sequence","106.79","",""
"26/06/2025 08:30:00 - 26/06/2025 08:45:00","BZN|FR","Without Sequence","106.79","",""
"26/06/2025 08:45:00 - 26/06/2025 09:00:00","BZN|FR","Without Sequence","106.79","",""
"26/06/2025 09:00:00 - 26/06/2025 09:15:00","BZN|FR","Without Sequence","85.00","",""
"26/06/2025 09:15:00 - 26/06/2025 09:30:00","BZN|FR","Without Sequence","85.00","",""
"26/06/2025 09:30:00 - 26/06/2025 09:45:00","BZN|FR","Without Sequence","85.00","",""
"26/06/2025 09:45:00 - 26/06/2025 10:00:00","BZN|FR","Without Sequence","85.00","",""
"26/06/2025 10:00:00 - 26/06/2025 10:15:00","BZN|FR","Without Sequence","69.02","",""
"26/06/2025 10:15:00 - 26/06/2025 10:30:00","BZN|FR","Without Sequence","69.02","",""
"26/06/2025 10:30:00 - 26/06/2025 10:45:00","BZN|FR","Without Sequence","69.02","",""
"26/06/2025 10:45:00 - 26/06/2025 11:00:00","BZN|FR","Without Sequence","69.02","",""
"26/06/2025 11:00:00 - 26/06/2025 11:15:00","BZN|FR","Without Sequence","64.44","",""
"26/06/2025 11:15:00 - 26/06/2025 11:30:00","BZN|FR","Without Sequence","64.44","",""
"26/06/2025 11:30:00 - 26/06/2025 11:45:00","BZN|FR","Without Sequence","64.44","",""
"26/06/2025 11:45:00 - 26/06/2025 12:00:00","BZN|FR","Without Sequence","64.44","",""
"26/06/2025 12:00:00 - 26/06/2025 12:15:00","BZN|FR","Without Sequence","62.59","",""
"26/06/2025 12:15:00 - 26/06/2025 12:30:00","BZN|FR","Without Sequence","62.59","",""
"26/06/2025 12:30:00 - 26/06/2025 12:45:00","BZN|FR","Without Sequence","62.59","",""
"26/06/2025 12:45:00 - 26/06/2025 13:00:00","BZN|FR","Without Sequence","62.59","",""
"26/06/2025 13:00:00 - 26/06/2025 13:15:00","BZN|FR","Without Sequence","45.64","",""
"26/06/2025 13:15:00 - 26/06/2025 13:30:00","BZN|FR","Without Sequence","45.64","",""
"26/06/2025 13:30:00 - 26/06/2025 13:45:00","BZN|FR","Without Sequence","45.64","",""
"26/06/2025 13:45:00 - 26/06/2025 14:00:00","BZN|FR","Without Sequence","45.64","",""
"26/06/2025 14:00:00 - 26/06/2025 14:15:00","BZN|FR","Without Sequence","37.39","",""
"26/06/2025 14:15:00 - 26/06/2025 14:30:00","BZN|FR","Without Sequence","37.39","",""
"26/06/2025 14:30:00 - 26/06/2025 14:45:00","BZN|FR","Without Sequence","37.39","",""
"26/06/2025 14:45:00 - 26/06/2025 15:00:00","BZN|FR","Without Sequence","37.39","",""
"26/06/2025 15:00:00 - 26/06/2025 15:15:00","BZN|FR","Without Sequence","36.20","",""
"26/06/2025 15:15:00 - 26/06/2025 15:30:00","BZN|FR","Without Sequence","36.20","",""
"26/06/2025 15:30:00 - 26/06/2025 15:45:00","BZN|FR","Without Sequence","36.20","",""
"26/06/2025 15:45:00 - 26/06/2025 16:00:00","BZN|FR","Without Sequence","36.20","",""
"26/06/2025 16:00:00 - 26/06/2025 16:15:00","BZN|FR","Without Sequence","37.39","",""
"26/06/2025 16:15:00 - 26/06/2025 16:30:00","BZN|FR","Without Sequence","37.39","",""
"26/06/2025 16:30:00 - 26/06/2025 16:45:00","BZN|FR","Without Sequence","37.39","",""
"26/06/2025 16:45:00 - 26/06/2025 17:00:00","BZN|FR","Without Sequence","37.39","",""
"26/06/2025 17:00:00 - 26/06/2025 17:15:00","BZN|FR","Without Sequence","59.13","",""
"26/06/2025 17:15:00 - 26/06/2025 17:30:00","BZN|FR","Without Sequence","59.13","",""
"26/06/2025 17:30:00 - 26/06/2025 17:45:00","BZN|FR","Without Sequence","59.13","",""
"26/06/2025 17:45:00 - 26/06/2025 18:00:00","BZN|FR","Without Sequence","59.13","",""
"26/06/2025 18:00:00 - 26/06/2025 18:15:00","BZN|FR","Without Sequence","80.09","",""
"26/06/2025 18:15:00 - 26/06/2025 18:30:00","BZN|FR","Without Sequence","80.09","",""
"26/06/2025 18:30:00 - 26/06/2025 18:45:00","BZN|FR","Without Sequence","80.09","",""
"26/06/2025 18:45:00 - 26/06/2025 19:00:00","BZN|FR","Without Sequence","80.09","",""
"26/06/2025 19:00:00 - 26/06/2025 19:15:00","BZN|FR","Without Sequence","97.81","",""
"26/06/2025 19:15:00 - 26/06/2025 19:30:00","BZN|FR","Without Sequence","97.81","",""
"26/06/2025 19:30:00 - 26/06/2025 19:45:00","BZN|FR","Without Sequence","97.81","",""
"26/06/2025 19:45:00 - 26/06/2025 20:00:00","BZN|FR","Without Sequence","97.81","",""
"26/06/2025 20:00:00 - 26/06/2025 20:15:00","BZN|FR","Without Sequence","114.53","",""
"26/06/2025 20:15:00 - 26/06/2025 20:30:00","BZN|FR","Without Sequence","114.53","",""
"26/06/2025 20:30:00 - 26/06/2025 20:45:00","BZN|FR","Without Sequence","114.53","",""
"26/06/2025 20:45:00 - 26/06/2025 21:00:00","BZN|FR","Without Sequence","114.53","",""
"26/06/2025 21:00:00 - 26/06/2025 21:15:00","BZN|FR","Without Sequence","110.61","",""
"26/06/2025 21:15:00 - 26/06/2025 21:30:00","BZN|FR","Without Sequence","110.61","",""
"26/06/2025 21:30:00 - 26/06/2025 21:45:00","BZN|FR","Without Sequence","110.61","",""
"26/06/2025 21:45:00 - 26/06/2025 22:00:00","BZN|FR","Without Sequence","110.61","",""
"26/06/2025 22:00:00 - 26/06/2025 22:15:00","BZN|FR","Without Sequence","112.12","",""
"26/06/2025 22:15:00 - 26/06/2025 22:30:00","BZN|FR","Without Sequence","112.12","",""
"26/06/2025 22:30:00 - 26/06/2025 22:45:00","BZN|FR","Without Sequence","112.12","",""
"26/06/2025 22:45:00 - 26/06/2025 23:00:00","BZN|FR","Without Sequence","112.12","",""
"26/06/2025 23:00:00 - 26/06/2025 23:15:00","BZN|FR","Without Sequence","99.84","",""
"26/06/2025 23:15:00 - 26/06/2025 23:30:00","BZN|FR","Without Sequence","99.84","",""
"26/06/2025 23:30:00 - 26/06/2025 23:45:00","BZN|FR","Without Sequence","99.84","",""
"26/06/2025 23:45:00 - 27/06/2025 00:00:00","BZN|FR","Without Sequence","99.84","",""
"27/06/2025 00:00:00 - 27/06/2025 00:15:00","BZN|FR","Without Sequence","87.72","",""
"27/06/2025 00:15:00 - 27/06/2025 00:30:00","BZN|FR","Without Sequence","87.72","",""
"27/06/2025 00:30:00 - 27/06/2025 00:45:00","BZN|FR","Without Sequence","87.72","",""
"27/06/2025 00:45:00 - 27/06/2025 01:00:00","BZN|FR","Without Sequence","87.72","",""
"27/06/2025 01:00:00 - 27/06/2025 01:15:00","BZN|FR","Without Sequence","85.58","",""
"27/06/2025 01:15:00 - 27/06/2025 01:30:00","BZN|FR","Without Sequence","85.58","",""
"27/06/2025 01:30:00 - 27/06/2025 01:45:00","BZN|FR","Without Sequence","85.58","",""
"27/06/2025 01:45:00 - 27/06/2025 02:00:00","BZN|FR","Without Sequence","85.58","",""
"27/06/2025 02:00:00 - 27/06/2025 02:15:00","BZN|FR","Without Sequence","85.15","",""
"27/06/2025 02:15:00 - 27/06/2025 02:30:00","BZN|FR","Without Sequence","85.15","",""
"27/06/2025 02:30:00 - 27/06/2025 02:45:00","BZN|FR","Without Sequence","85.15","",""
"27/06/2025 02:45:00 - 27/06/2025 03:00:00","BZN|FR","Without Sequence","85.15","",""
"27/06/2025 03:00:00 - 27/06/2025 03:15:00","BZN|FR","Without Sequence","86.03","",""
"27/06/2025 03:15:00 - 27/06/2025 03:30:00","BZN|FR","Without Sequence","86.03","",""
"27/06/2025 03:30:00 - 27/06/2025 03:45:00","BZN|FR","Without Sequence","86.03","",""
"27/06/2025 03:45:00 - 27/06/2025 04:00:00","BZN|FR","Without Sequence","86.03","",""
"27/06/2025 04:00:00 - 27/06/2025 04:15:00","BZN|FR","Without Sequence","82.39","",""
"27/06/2025 04:15:00 - 27/06/2025 04:30:00","BZN|FR","Without Sequence","82.39","",""
"27/06/2025 04:30:00 - 27/06/2025 04:45:00","BZN|FR","Without Sequence","82.39","",""
"27/06/2025 04:45:00 - 27/06/2025 05:00:00","BZN|FR","Without Sequence","82.39","",""
"27/06/2025 05:00:00 - 27/06/2025 05:15:00","BZN|FR","Without Sequence","89.38","",""
"27/06/2025 05:15:00 - 27/06/2025 05:30:00","BZN|FR","Without Sequence","89.38","",""
"27/06/2025 05:30:00 - 27/06/2025 05:45:00","BZN|FR","Without Sequence","89.38","",""
"27/06/2025 05:45:00 - 27/06/2025 06:00:00","BZN|FR","Without Sequence","89.38","",""
"27/06/2025 06:00:00 - 27/06/2025 06:15:00","BZN|FR","Without Sequence","97.99","",""
"27/06/2025 06:15:00 - 27/06/2025 06:30:00","BZN|FR","Without Sequence","97.99","",""
"27/06/2025 06:30:00 - 27/06/2025 06:45:00","BZN|FR","Without Sequence","97.99","",""
"27/06/2025 06:45:00 - 27/06/2025 07:00:00","BZN|FR","Without Sequence","97.99","",""
"27/06/2025 07:00:00 - 27/06/2025 07:15:00","BZN|FR","Without Sequence","113.20","",""
"27/06/2025 07:15:00 - 27/06/2025 07:30:00","BZN|FR","Without Sequence","113.20","",""
"27/06/2025 07:30:00 - 27/06/2025 07:45:00","BZN|FR","Without Sequence","113.20","",""
"27/06/2025 07:45:00 - 27/06/2025 08:00:00","BZN|FR","Without Sequence","113.20","",""
"27/06/2025 08:00:00 - 27/06/2025 08:15:00","BZN|FR","Without Sequence","107.70","",""
"27/06/2025 08:15:00 - 27/06/2025 08:30:00","BZN|FR","Without Sequence","107.70","",""
"27/06/2025 08:30:00 - 27/06/2025 08:45:00","BZN|FR","Without Sequence","107.70","",""
"27/06/2025 08:45:00 - 27/06/2025 09:00:00","BZN|FR","Without Sequence","107.70","",""
"27/06/2025 09:00:00 - 27/06/2025 09:15:00","BZN|FR","Without Sequence","92.91","",""
"27/06/2025 09:15:00 - 27/06/2025 09:30:00","BZN|FR","Without Sequence","92.91","",""
"27/06/2025 09:30:00 - 27/06/2025 09:45:00","BZN|FR","Without Sequence","92.91","",""
"27/06/2025 09:45:00 - 27/06/2025 10:00:00","BZN|FR","Without Sequence","92.91","",""
"27/06/2025 10:00:00 - 27/06/2025 10:15:00","BZN|FR","Without Sequence","79.56","",""
"27/06/2025 10:15:00 - 27/06/2025 10:30:00","BZN|FR","Without Sequence","79.56","",""
"27/06/2025 10:30:00 - 27/06/2025 10:45:00","BZN|FR","Without Sequence","79.56","",""
"27/06/2025 10:45:00 - 27/06/2025 11:00:00","BZN|FR","Without Sequence","79.56","",""
"27/06/2025 11:00:00 - 27/06/2025 11:15:00","BZN|FR","Without Sequence","67.45","",""
"27/06/2025 11:15:00 - 27/06/2025 11:30:00","BZN|FR","Without Sequence","67.45","",""
"27/06/2025 11:30:00 - 27/06/2025 11:45:00","BZN|FR","Without Sequence","67.45","",""
"27/06/2025 11:45:00 - 27/06/2025 12:00:00","BZN|FR","Without Sequence","67.45","",""
"27/06/2025 12:00:00 - 27/06/2025 12:15:00","BZN|FR","Without Sequence","54.60","",""
"27/06/2025 12:15:00 - 27/06/2025 12:30:00","BZN|FR","Without Sequence","54.60","",""
"27/06/2025 12:30:00 - 27/06/2025 12:45:00","BZN|FR","Without Sequence","54.60","",""
"27/06/2025 12:45:00 - 27/06/2025 13:00:00","BZN|FR","Without Sequence","54.60","",""
"27/06/2025 13:00:00 - 27/06/2025 13:15:00","BZN|FR","Without Sequence","35.30","",""
"27/06/2025 13:15:00 - 27/06/2025 13:30:00","BZN|FR","Without Sequence","35.30","",""
"27/06/2025 13:30:00 - 27/06/2025 13:45:00","BZN|FR","Without Sequence","35.30","",""
"27/06/2025 13:45:00 - 27/06/2025 14:00:00","BZN|FR","Without Sequence","35.30","",""
"27/06/2025 14:00:00 - 27/06/2025 14:15:00","BZN|FR","Without Sequence","20.96","",""
"27/06/2025 14:15:00 - 27/06/2025 14:30:00","BZN|FR","Without Sequence","20.96","",""
"27/06/2025 14:30:00 - 27/06/2025 14:45:00","BZN|FR","Without Sequence","20.96","",""
"27/06/2025 14:45:00 - 27/06/2025 15:00:00","BZN|FR","Without Sequence","20.96","",""
"27/06/2025 15:00:00 - 27/06/2025 15:15:00","BZN|FR","Without Sequence","19.70","",""
"27/06/2025 15:15:00 - 27/06/2025 15:30:00","BZN|FR","Without Sequence","19.70","",""
"27/06/2025 15:30:00 - 27/06/2025 15:45:00","BZN|FR","Without Sequence","19.70","",""
"27/06/2025 15:45:00 - 27/06/2025 16:00:00","BZN|FR","Without Sequence","19.70","",""
"27/06/2025 16:00:00 - 27/06/2025 16:15:00","BZN|FR","Without Sequence","36.78","",""
"27/06/2025 16:15:00 - 27/06/2025 16:30:00","BZN|FR","Without Sequence","36.78","",""
"27/06/2025 16:30:00 - 27/06/2025 16:45:00","BZN|FR","Without Sequence","36.78","",""
"27/06/2025 16:45:00 - 27/06/2025 17:00:00","BZN|FR","Without Sequence","36.78","",""
"27/06/2025 17:00:00 - 27/06/2025 17:15:00","BZN|FR","Without Sequence","71.87","",""
"27/06/2025 17:15:00 - 27/06/2025 17:30:00","BZN|FR","Without Sequence","71.87","",""
"27/06/2025 17:30:00 - 27/06/2025 17:45:00","BZN|FR","Without Sequence","71.87","",""
"27/06/2025 17:45:00 - 27/06/2025 18:00:00","BZN|FR","Without Sequence","71.87","",""
"27/06/2025 18:00:00 - 27/06/2025 18:15:00","BZN|FR","Without Sequence","88.27","",""
"27/06/2025 18:15:00 - 27/06/2025 18:30:00","BZN|FR","Without Sequence","88.27","",""
"27/06/2025 18:30:00 - 27/06/2025 18:45:00","BZN|FR","Without Sequence","88.27","",""
"27/06/2025 18:45:00 - 27/06/2025 19:00:00","BZN|FR","Without Sequence","88.27","",""
"27/06/2025 19:00:00 - 27/06/2025 19:15:00","BZN|FR","Without Sequence","109.29","",""
"27/06/2025 19:15:00 - 27/06/2025 19:30:00","BZN|FR","Without Sequence","109.29","",""
"27/06/2025 19:30:00 - 27/06/2025 19:45:00","BZN|FR","Without Sequence","109.29","",""
"27/06/2025 19:45:00 - 27/06/2025 20:00:00","BZN|FR","Without Sequence","109.29","",""
"27/06/2025 20:00:00 - 27/06/2025 20:15:00","BZN|FR","Without Sequence","116.83","",""
"27/06/2025 20:15:00 - 27/06/2025 20:30:00","BZN|FR","Without Sequence","116.83","",""
"27/06/2025 20:30:00 - 27/06/2025 20:45:00","BZN|FR","Without Sequence","116.83","",""
"27/06/2025 20:45:00 - 27/06/2025 21:00:00","BZN|FR","Without Sequence","116.83","",""
"27/06/2025 21:00:00 - 27/06/2025 21:15:00","BZN|FR","Without Sequence","134.94","",""
"27/06/2025 21:15:00 - 27/06/2025 21:30:00","BZN|FR","Without Sequence","134.94","",""
"27/06/2025 21:30:00 - 27/06/2025 21:45:00","BZN|FR","Without Sequence","134.94","",""
"27/06/2025 21:45:00 - 27/06/2025 22:00:00","BZN|FR","Without Sequence","134.94","",""
"27/06/2025 22:00:00 - 27/06/2025 22:15:00","BZN|FR","Without Sequence","125.71","",""
"27/06/2025 22:15:00 - 27/06/2025 22:30:00","BZN|FR","Without Sequence","125.71","",""
"27/06/2025 22:30:00 - 27/06/2025 22:45:00","BZN|FR","Without Sequence","125.71","",""
"27/06/2025 22:45:00 - 27/06/2025 23:00:00","BZN|FR","Without Sequence","125.71","",""
"27/06/2025 23:00:00 - 27/06/2025 23:15:00","BZN|FR","Without Sequence","107.86","",""
"27/06/2025 23:15:00 - 27/06/2025 23:30:00","BZN|FR","Without Sequence","107.86","",""
"27/06/2025 23:30:00 - 27/06/2025 23:45:00","BZN|FR","Without Sequence","107.86","",""
"27/06/2025 23:45:00 - 28/06/2025 00:00:00","BZN|FR","Without Sequence","107.86","",""
"28/06/2025 00:00:00 - 28/06/2025 00:15:00","BZN|FR","Without Sequence","95.11","",""
"28/06/2025 00:15:00 - 28/06/2025 00:30:00","BZN|FR","Without Sequence","95.11","",""
"28/06/2025 00:30:00 - 28/06/2025 00:45:00","BZN|FR","Without Sequence","95.11","",""
"28/06/2025 00:45:00 - 28/06/2025 01:00:00","BZN|FR","Without Sequence","95.11","",""
"28/06/2025 01:00:00 - 28/06/2025 01:15:00","BZN|FR","Without Sequence","78.50","",""
"28/06/2025 01:15:00 - 28/06/2025 01:30:00","BZN|FR","Without Sequence","78.50","",""
"28/06/2025 01:30:00 - 28/06/2025 01:45:00","BZN|FR","Without Sequence","78.50","",""
"28/06/2025 01:45:00 - 28/06/2025 02:00:00","BZN|FR","Without Sequence","78.50","",""
"28/06/2025 02:00:00 - 28/06/2025 02:15:00","BZN|FR","Without Sequence","65.57","",""
"28/06/2025 02:15:00 - 28/06/2025 02:30:00","BZN|FR","Without Sequence","65.57","",""
"28/06/2025 02:30:00 - 28/06/2025 02:45:00","BZN|FR","Without Sequence","65.57","",""
"28/06/2025 02:45:00 - 28/06/2025 03:00:00","BZN|FR","Without Sequence","65.57","",""
"28/06/2025 03:00:00 - 28/06/2025 03:15:00","BZN|FR","Without Sequence","35.07","",""
"28/06/2025 03:15:00 - 28/06/2025 03:30:00","BZN|FR","Without Sequence","35.07","",""
"28/06/2025 03:30:00 - 28/06/2025 03:45:00","BZN|FR","Without Sequence","35.07","",""
"28/06/2025 03:45:00 - 28/06/2025 04:00:00","BZN|FR","Without Sequence","35.07","",""
"28/06/2025 04:00:00 - 28/06/2025 04:15:00","BZN|FR","Without Sequence","51.29","",""
"28/06/2025 04:15:00 - 28/06/2025 04:30:00","BZN|FR","Without Sequence","51.29","",""
"28/06/2025 04:30:00 - 28/06/2025 04:45:00","BZN|FR","Without Sequence","51.29","",""
"28/06/2025 04:45:00 - 28/06/2025 05:00:00","BZN|FR","Without Sequence","51.29","",""
"28/06/2025 05:00:00 - 28/06/2025 05:15:00","BZN|FR","Without Sequence","44.30","",""
"28/06/2025 05:15:00 - 28/06/2025 05:30:00","BZN|FR","Without Sequence","44.30","",""
"28/06/2025 05:30:00 - 28/06/2025 05:45:00","BZN|FR","Without Sequence","44.30","",""
"28/06/2025 05:45:00 - 28/06/2025 06:00:00","BZN|FR","Without Sequence","44.30","",""
"28/06/2025 06:00:00 - 28/06/2025 06:15:00","BZN|FR","Without Sequence","31.81","",""
"28/06/2025 06:15:00 - 28/06/2025 06:30:00","BZN|FR","Without Sequence","31.81","",""
"28/06/2025 06:30:00 - 28/06/2025 06:45:00","BZN|FR","Without Sequence","31.81","",""
"28/06/2025 06:45:00 - 28/06/2025 07:00:00","BZN|FR","Without Sequence","31.81","",""
"28/06/2025 07:00:00 - 28/06/2025 07:15:00","BZN|FR","Without Sequence","47.38","",""
"28/06/2025 07:15:00 - 28/06/2025 07:30:00","BZN|FR","Without Sequence","47.38","",""
"28/06/2025 07:30:00 - 28/06/2025 07:45:00","BZN|FR","Without Sequence","47.38","",""
"28/06/2025 07:45:00 - 28/06/2025 08:00:00","BZN|FR","Without Sequence","47.38","",""
"28/06/2025 08:00:00 - 28/06/2025 08:15:00","BZN|FR","Without Sequence","27.80","",""
"28/06/2025 08:15:00 - 28/06/2025 08:30:00","BZN|FR","Without Sequence","27.80","",""
"28/06/2025 08:30:00 - 28/06/2025 08:45:00","BZN|FR","Without Sequence","27.80","",""
"28/06/2025 08:45:00 - 28/06/2025 09:00:00","BZN|FR","Without Sequence","27.80","",""
"28/06/2025 09:00:00 - 28/06/2025 09:15:00","BZN|FR","Without Sequence","2.34","",""
"28/06/2025 09:15:00 - 28/06/2025 09:30:00","BZN|FR","Without Sequence","2.34","",""
"28/06/2025 09:30:00 - 28/06/2025 09:45:00","BZN|FR","Without Sequence","2.34","",""
"28/06/2025 09:45:00 - 28/06/2025 10:00:00","BZN|FR","Without Sequence","2.34","",""
"28/06/2025 10:00:00 - 28/06/2025 10:15:00","BZN|FR","Without Sequence","0.01","",""
"28/06/2025 10:15:00 - 28/06/2025 10:30:00","BZN|FR","Without Sequence","0.01","",""
"28/06/2025 10:30:00 - 28/06/2025 10:45:00","BZN|FR","Without Sequence","0.01","",""
"28/06/2025 10:45:00 - 28/06/2025 11:00:00","BZN|FR","Without Sequence","0.01","",""
"28/06/2025 11:00:00 - 28/06/2025 11:15:00","BZN|FR","Without Sequence","0.00","",""
"28/06/2025 11:15:00 - 28/06/2025 11:30:00","BZN|FR","Without Sequence","0.00","",""
"28/06/2025 11:30:00 - 28/06/2025 11:45:00","BZN|FR","Without Sequence","0.00","",""
"28/06/2025 11:45:00 - 28/06/2025 12:00:00","BZN|FR","Without Sequence","0.00","",""
"28/06/2025 12:00:00 - 28/06/2025 12:15:00","BZN|FR","Without Sequence","-0.01","",""
"28/06/2025 12:15:00 - 28/06/2025 12:30:00","BZN|FR","Without Sequence","-0.01","",""
"28/06/2025 12:30:00 - 28/06/2025 12:45:00","BZN|FR","Without Sequence","-0.01","",""
"28/06/2025 12:45:00 - 28/06/2025 13:00:00","BZN|FR","Without Sequence","-0.01","",""
"28/06/2025 13:00:00 - 28/06/2025 13:15:00","BZN|FR","Without Sequence","-0.02","",""
"28/06/2025 13:15:00 - 28/06/2025 13:30:00","BZN|FR","Without Sequence","-0.02","",""
"28/06/2025 13:30:00 - 28/06/2025 13:45:00","BZN|FR","Without Sequence","-0.02","",""
"28/06/2025 13:45:00 - 28/06/2025 14:00:00","BZN|FR","Without Sequence","-0.02","",""
"28/06/2025 14:00:00 - 28/06/2025 14:15:00","BZN|FR","Without Sequence","-0.02","",""
"28/06/2025 14:15:00 - 28/06/2025 14:30:00","BZN|FR","Without Sequence","-0.02","",""
"28/06/2025 14:30:00 - 28/06/2025 14:45:00","BZN|FR","Without Sequence","-0.02","",""
"28/06/2025 14:45:00 - 28/06/2025 15:00:00","BZN|FR","Without Sequence","-0.02","",""
"28/06/2025 15:00:00 - 28/06/2025 15:15:00","BZN|FR","Without Sequence","-0.02","",""
"28/06/2025 15:15:00 - 28/06/2025 15:30:00","BZN|FR","Without Sequence","-0.02","",""
"28/06/2025 15:30:00 - 28/06/2025 15:45:00","BZN|FR","Without Sequence","-0.02","",""
"28/06/2025 15:45:00 - 28/06/2025 16:00:00","BZN|FR","Without Sequence","-0.02","",""
"28/06/2025 16:00:00 - 28/06/2025 16:15:00","BZN|FR","Without Sequence","2.12","",""
"28/06/2025 16:15:00 - 28/06/2025 16:30:00","BZN|FR","Without Sequence","2.12","",""
"28/06/2025 16:30:00 - 28/06/2025 16:45:00","BZN|FR","Without Sequence","2.12","",""
"28/06/2025 16:45:00 - 28/06/2025 17:00:00","BZN|FR","Without Sequence","2.12","",""
"28/06/2025 17:00:00 - 28/06/2025 17:15:00","BZN|FR","Without Sequence","10.26","",""
"28/06/2025 17:15:00 - 28/06/2025 17:30:00","BZN|FR","Without Sequence","10.26","",""
"28/06/2025 17:30:00 - 28/06/2025 17:45:00","BZN|FR","Without Sequence","10.26","",""
"28/06/2025 17:45:00 - 28/06/2025 18:00:00","BZN|FR","Without Sequence","10.26","",""
"28/06/2025 18:00:00 - 28/06/2025 18:15:00","BZN|FR","Without Sequence","65.00","",""
"28/06/2025 18:15:00 - 28/06/2025 18:30:00","BZN|FR","Without Sequence","65.00","",""
"28/06/2025 18:30:00 - 28/06/2025 18:45:00","BZN|FR","Without Sequence","65.00","",""
"28/06/2025 18:45:00 - 28/06/2025 19:00:00","BZN|FR","Without Sequence","65.00","",""
"28/06/2025 19:00:00 - 28/06/2025 19:15:00","BZN|FR","Without Sequence","96.26","",""
"28/06/2025 19:15:00 - 28/06/2025 19:30:00","BZN|FR","Without Sequence","96.26","",""
"28/06/2025 19:30:00 - 28/06/2025 19:45:00","BZN|FR","Without Sequence","96.26","",""
"28/06/2025 19:45:00 - 28/06/2025 20:00:00","BZN|FR","Without Sequence","96.26","",""
"28/06/2025 20:00:00 - 28/06/2025 20:15:00","BZN|FR","Without Sequence","110.00","",""
"28/06/2025 20:15:00 - 28/06/2025 20:30:00","BZN|FR","Without Sequence","110.00","",""
"28/06/2025 20:30:00 - 28/06/2025 20:45:00","BZN|FR","Without Sequence","110.00","",""
"28/06/2025 20:45:00 - 28/06/2025 21:00:00","BZN|FR","Without Sequence","110.00","",""
"28/06/2025 21:00:00 - 28/06/2025 21:15:00","BZN|FR","Without Sequence","105.09","",""
"28/06/2025 21:15:00 - 28/06/2025 21:30:00","BZN|FR","Without Sequence","105.09","",""
"28/06/2025 21:30:00 - 28/06/2025 21:45:00","BZN|FR","Without Sequence","105.09","",""
"28/06/2025 21:45:00 - 28/06/2025 22:00:00","BZN|FR","Without Sequence","105.09","",""
"28/06/2025 22:00:00 - 28/06/2025 22:15:00","BZN|FR","Without Sequence","117.48","",""
"28/06/2025 22:15:00 - 28/06/2025 22:30:00","BZN|FR","Without Sequence","117.48","",""
"28/06/2025 22:30:00 - 28/06/2025 22:45:00","BZN|FR","Without Sequence","117.48","",""
"28/06/2025 22:45:00 - 28/06/2025 23:00:00","BZN|FR","Without Sequence","117.48","",""
"28/06/2025 23:00:00 - 28/06/2025 23:15:00","BZN|FR","Without Sequence","103.50","",""
"28/06/2025 23:15:00 - 28/06/2025 23:30:00","BZN|FR","Without Sequence","103.50","",""
"28/06/2025 23:30:00 - 28/06/2025 23:45:00","BZN|FR","Without Sequence","103.50","",""
"28/06/2025 23:45:00 - 29/06/2025 00:00:00","BZN|FR","Without Sequence","103.50","",""
"29/06/2025 00:00:00 - 29/06/2025 00:15:00","BZN|FR","Without Sequence","95.07","",""
"29/06/2025 00:15:00 - 29/06/2025 00:30:00","BZN|FR","Without Sequence","95.07","",""
"29/06/2025 00:30:00 - 29/06/2025 00:45:00","BZN|FR","Without Sequence","95.07","",""
"29/06/2025 00:45:00 - 29/06/2025 01:00:00","BZN|FR","Without Sequence","95.07","",""
"29/06/2025 01:00:00 - 29/06/2025 01:15:00","BZN|FR","Without Sequence","89.42","",""
"29/06/2025 01:15:00 - 29/06/2025 01:30:00","BZN|FR","Without Sequence","89.42","",""
"29/06/2025 01:30:00 - 29/06/2025 01:45:00","BZN|FR","Without Sequence","89.42","",""
"29/06/2025 01:45:00 - 29/06/2025 02:00:00","BZN|FR","Without Sequence","89.42","",""
"29/06/2025 02:00:00 - 29/06/2025 02:15:00","BZN|FR","Without Sequence","89.66","",""
"29/06/2025 02:15:00 - 29/06/2025 02:30:00","BZN|FR","Without Sequence","89.66","",""
"29/06/2025 02:30:00 - 29/06/2025 02:45:00","BZN|FR","Without Sequence","89.66","",""
"29/06/2025 02:45:00 - 29/06/2025 03:00:00","BZN|FR","Without Sequence","89.66","",""
"29/06/2025 03:00:00 - 29/06/2025 03:15:00","BZN|FR","Without Sequence","86.82","",""
"29/06/2025 03:15:00 - 29/06/2025 03:30:00","BZN|FR","Without Sequence","86.82","",""
"29/06/2025 03:30:00 - 29/06/2025 03:45:00","BZN|FR","Without Sequence","86.82","",""
"29/06/2025 03:45:00 - 29/06/2025 04:00:00","BZN|FR","Without Sequence","86.82","",""
"29/06/2025 04:00:00 - 29/06/2025 04:15:00","BZN|FR","Without Sequence","84.30","",""
"29/06/2025 04:15:00 - 29/06/2025 04:30:00","BZN|FR","Without Sequence","84.30","",""
"29/06/2025 04:30:00 - 29/06/2025 04:45:00","BZN|FR","Without Sequence","84.30","",""
"29/06/2025 04:45:00 - 29/06/2025 05:00:00","BZN|FR","Without Sequence","84.30","",""
"29/06/2025 05:00:00 - 29/06/2025 05:15:00","BZN|FR","Without Sequence","85.30","",""
"29/06/2025 05:15:00 - 29/06/2025 05:30:00","BZN|FR","Without Sequence","85.30","",""
"29/06/2025 05:30:00 - 29/06/2025 05:45:00","BZN|FR","Without Sequence","85.30","",""
"29/06/2025 05:45:00 - 29/06/2025 06:00:00","BZN|FR","Without Sequence","85.30","",""
"29/06/2025 06:00:00 - 29/06/2025 06:15:00","BZN|FR","Without Sequence","86.00","",""
"29/06/2025 06:15:00 - 29/06/2025 06:30:00","BZN|FR","Without Sequence","86.00","",""
"29/06/2025 06:30:00 - 29/06/2025 06:45:00","BZN|FR","Without Sequence","86.00","",""
"29/06/2025 06:45:00 - 29/06/2025 07:00:00","BZN|FR","Without Sequence","86.00","",""
"29/06/2025 07:00:00 - 29/06/2025 07:15:00","BZN|FR","Without Sequence","74.71","",""
"29/06/2025 07:15:00 - 29/06/2025 07:30:00","BZN|FR","Without Sequence","74.71","",""
"29/06/2025 07:30:00 - 29/06/2025 07:45:00","BZN|FR","Without Sequence","74.71","",""
"29/06/2025 07:45:00 - 29/06/2025 08:00:00","BZN|FR","Without Sequence","74.71","",""
"29/06/2025 08:00:00 - 29/06/2025 08:15:00","BZN|FR","Without Sequence","47.40","",""
"29/06/2025 08:15:00 - 29/06/2025 08:30:00","BZN|FR","Without Sequence","47.40","",""
"29/06/2025 08:30:00 - 29/06/2025 08:45:00","BZN|FR","Without Sequence","47.40","",""
"29/06/2025 08:45:00 - 29/06/2025 09:00:00","BZN|FR","Without Sequence","47.40","",""
"29/06/2025 09:00:00 - 29/06/2025 09:15:00","BZN|FR","Without Sequence","3.75","",""
"29/06/2025 09:15:00 - 29/06/2025 09:30:00","BZN|FR","Without Sequence","3.75","",""
"29/06/2025 09:30:00 - 29/06/2025 09:45:00","BZN|FR","Without Sequence","3.75","",""
"29/06/2025 09:45:00 - 29/06/2025 10:00:00","BZN|FR","Without Sequence","3.75","",""
"29/06/2025 10:00:00 - 29/06/2025 10:15:00","BZN|FR","Without Sequence","0.00","",""
"29/06/2025 10:15:00 - 29/06/2025 10:30:00","BZN|FR","Without Sequence","0.00","",""
"29/06/2025 10:30:00 - 29/06/2025 10:45:00","BZN|FR","Without Sequence","0.00","",""
"29/06/2025 10:45:00 - 29/06/2025 11:00:00","BZN|FR","Without Sequence","0.00","",""
"29/06/2025 11:00:00 - 29/06/2025 11:15:00","BZN|FR","Without Sequence","-0.08","",""
"29/06/2025 11:15:00 - 29/06/2025 11:30:00","BZN|FR","Without Sequence","-0.08","",""
"29/06/2025 11:30:00 - 29/06/2025 11:45:00","BZN|FR","Without Sequence","-0.08","",""
"29/06/2025 11:45:00 - 29/06/2025 12:00:00","BZN|FR","Without Sequence","-0.08","",""
"29/06/2025 12:00:00 - 29/06/2025 12:15:00","BZN|FR","Without Sequence","-0.02","",""
"29/06/2025 12:15:00 - 29/06/2025 12:30:00","BZN|FR","Without Sequence","-0.02","",""
"29/06/2025 12:30:00 - 29/06/2025 12:45:00","BZN|FR","Without Sequence","-0.02","",""
"29/06/2025 12:45:00 - 29/06/2025 13:00:00","BZN|FR","Without Sequence","-0.02","",""
"29/06/2025 13:00:00 - 29/06/2025 13:15:00","BZN|FR","Without Sequence","-0.03","",""
"29/06/2025 13:15:00 - 29/06/2025 13:30:00","BZN|FR","Without Sequence","-0.03","",""
"29/06/2025 13:30:00 - 29/06/2025 13:45:00","BZN|FR","Without Sequence","-0.03","",""
"29/06/2025 13:45:00 - 29/06/2025 14:00:00","BZN|FR","Without Sequence","-0.03","",""
"29/06/2025 14:00:00 - 29/06/2025 14:15:00","BZN|FR","Without Sequence","-0.09","",""
"29/06/2025 14:15:00 - 29/06/2025 14:30:00","BZN|FR","Without Sequence","-0.09","",""
"29/06/2025 14:30:00 - 29/06/2025 14:45:00","BZN|FR","Without Sequence","-0.09","",""
"29/06/2025 14:45:00 - 29/06/2025 15:00:00","BZN|FR","Without Sequence","-0.09","",""
"29/06/2025 15:00:00 - 29/06/2025 15:15:00","BZN|FR","Without Sequence","-0.01","",""
"29/06/2025 15:15:00 - 29/06/2025 15:30:00","BZN|FR","Without Sequence","-0.01","",""
"29/06/2025 15:30:00 - 29/06/2025 15:45:00","BZN|FR","Without Sequence","-0.01","",""
"29/06/2025 15:45:00 - 29/06/2025 16:00:00","BZN|FR","Without Sequence","-0.01","",""
"29/06/2025 16:00:00 - 29/06/2025 16:15:00","BZN|FR","Without Sequence","0.00","",""
"29/06/2025 16:15:00 - 29/06/2025 16:30:00","BZN|FR","Without Sequence","0.00","",""
"29/06/2025 16:30:00 - 29/06/2025 16:45:00","BZN|FR","Without Sequence","0.00","",""
"29/06/2025 16:45:00 - 29/06/2025 17:00:00","BZN|FR","Without Sequence","0.00","",""
"29/06/2025 17:00:00 - 29/06/2025 17:15:00","BZN|FR","Without Sequence","20.00","",""
"29/06/2025 17:15:00 - 29/06/2025 17:30:00","BZN|FR","Without Sequence","20.00","",""
"29/06/2025 17:30:00 - 29/06/2025 17:45:00","BZN|FR","Without Sequence","20.00","",""
"29/06/2025 17:45:00 - 29/06/2025 18:00:00","BZN|FR","Without Sequence","20.00","",""
"29/06/2025 18:00:00 - 29/06/2025 18:15:00","BZN|FR","Without Sequence","79.38","",""
"29/06/2025 18:15:00 - 29/06/2025 18:30:00","BZN|FR","Without Sequence","79.38","",""
"29/06/2025 18:30:00 - 29/06/2025 18:45:00","BZN|FR","Without Sequence","79.38","",""
"29/06/2025 18:45:00 - 29/06/2025 19:00:00","BZN|FR","Without Sequence","79.38","",""
"29/06/2025 19:00:00 - 29/06/2025 19:15:00","BZN|FR","Without Sequence","102.14","",""
"29/06/2025 19:15:00 - 29/06/2025 19:30:00","BZN|FR","Without Sequence","102.14","",""
"29/06/2025 19:30:00 - 29/06/2025 19:45:00","BZN|FR","Without Sequence","102.14","",""
"29/06/2025 19:45:00 - 29/06/2025 20:00:00","BZN|FR","Without Sequence","102.14","",""
"29/06/2025 20:00:00 - 29/06/2025 20:15:00","BZN|FR","Without Sequence","111.98","",""
"29/06/2025 20:15:00 - 29/06/2025 20:30:00","BZN|FR","Without Sequence","111.98","",""
"29/06/2025 20:30:00 - 29/06/2025 20:45:00","BZN|FR","Without Sequence","111.98","",""
"29/06/2025 20:45:00 - 29/06/2025 21:00:00","BZN|FR","Without Sequence","111.98","",""
"29/06/2025 21:00:00 - 29/06/2025 21:15:00","BZN|FR","Without Sequence","118.07","",""
"29/06/2025 21:15:00 - 29/06/2025 21:30:00","BZN|FR","Without Sequence","118.07","",""
"29/06/2025 21:30:00 - 29/06/2025 21:45:00","BZN|FR","Without Sequence","118.07","",""
"29/06/2025 21:45:00 - 29/06/2025 22:00:00","BZN|FR","Without Sequence","118.07","",""
"29/06/2025 22:00:00 - 29/06/2025 22:15:00","BZN|FR","Without Sequence","113.73","",""
"29/06/2025 22:15:00 - 29/06/2025 22:30:00","BZN|FR","Without Sequence","113.73","",""
"29/06/2025 22:30:00 - 29/06/2025 22:45:00","BZN|FR","Without Sequence","113.73","",""
"29/06/2025 22:45:00 - 29/06/2025 23:00:00","BZN|FR","Without Sequence","113.73","",""
"29/06/2025 23:00:00 - 29/06/2025 23:15:00","BZN|FR","Without Sequence","101.00","",""
"29/06/2025 23:15:00 - 29/06/2025 23:30:00","BZN|FR","Without Sequence","101.00","",""
"29/06/2025 23:30:00 - 29/06/2025 23:45:00","BZN|FR","Without Sequence","101.00","",""
"29/06/2025 23:45:00 - 30/06/2025 00:00:00","BZN|FR","Without Sequence","101.00","",""
"30/06/2025 00:00:00 - 30/06/2025 00:15:00","BZN|FR","Without Sequence","98.73","",""
"30/06/2025 00:15:00 - 30/06/2025 00:30:00","BZN|FR","Without Sequence","98.73","",""
"30/06/2025 00:30:00 - 30/06/2025 00:45:00","BZN|FR","Without Sequence","98.73","",""
"30/06/2025 00:45:00 - 30/06/2025 01:00:00","BZN|FR","Without Sequence","98.73","",""
"30/06/2025 01:00:00 - 30/06/2025 01:15:00","BZN|FR","Without Sequence","89.03","",""
"30/06/2025 01:15:00 - 30/06/2025 01:30:00","BZN|FR","Without Sequence","89.03","",""
"30/06/2025 01:30:00 - 30/06/2025 01:45:00","BZN|FR","Without Sequence","89.03","",""
"30/06/2025 01:45:00 - 30/06/2025 02:00:00","BZN|FR","Without Sequence","89.03","",""
"30/06/2025 02:00:00 - 30/06/2025 02:15:00","BZN|FR","Without Sequence","85.03","",""
"30/06/2025 02:15:00 - 30/06/2025 02:30:00","BZN|FR","Without Sequence","85.03","",""
"30/06/2025 02:30:00 - 30/06/2025 02:45:00","BZN|FR","Without Sequence","85.03","",""
"30/06/2025 02:45:00 - 30/06/2025 03:00:00","BZN|FR","Without Sequence","85.03","",""
"30/06/2025 03:00:00 - 30/06/2025 03:15:00","BZN|FR","Without Sequence","84.13","",""
"30/06/2025 03:15:00 - 30/06/2025 03:30:00","BZN|FR","Without Sequence","84.13","",""
"30/06/2025 03:30:00 - 30/06/2025 03:45:00","BZN|FR","Without Sequence","84.13","",""
"30/06/2025 03:45:00 - 30/06/2025 04:00:00","BZN|FR","Without Sequence","84.13","",""
"30/06/2025 04:00:00 - 30/06/2025 04:15:00","BZN|FR","Without Sequence","82.98","",""
"30/06/2025 04:15:00 - 30/06/2025 04:30:00","BZN|FR","Without Sequence","82.98","",""
"30/06/2025 04:30:00 - 30/06/2025 04:45:00","BZN|FR","Without Sequence","82.98","",""
"30/06/2025 04:45:00 - 30/06/2025 05:00:00","BZN|FR","Without Sequence","82.98","",""
"30/06/2025 05:00:00 - 30/06/2025 05:15:00","BZN|FR","Without Sequence","82.02","",""
"30/06/2025 05:15:00 - 30/06/2025 05:30:00","BZN|FR","Without Sequence","82.02","",""
"30/06/2025 05:30:00 - 30/06/2025 05:45:00","BZN|FR","Without Sequence","82.02","",""
"30/06/2025 05:45:00 - 30/06/2025 06:00:00","BZN|FR","Without Sequence","82.02","",""
"30/06/2025 06:00:00 - 30/06/2025 06:15:00","BZN|FR","Without Sequence","97.73","",""
"30/06/2025 06:15:00 - 30/06/2025 06:30:00","BZN|FR","Without Sequence","97.73","",""
"30/06/2025 06:30:00 - 30/06/2025 06:45:00","BZN|FR","Without Sequence","97.73","",""
"30/06/2025 06:45:00 - 30/06/2025 07:00:00","BZN|FR","Without Sequence","97.73","",""
"30/06/2025 07:00:00 - 30/06/2025 07:15:00","BZN|FR","Without Sequence","111.68","",""
"30/06/2025 07:15:00 - 30/06/2025 07:30:00","BZN|FR","Without Sequence","111.68","",""
"30/06/2025 07:30:00 - 30/06/2025 07:45:00","BZN|FR","Without Sequence","111.68","",""
"30/06/2025 07:45:00 - 30/06/2025 08:00:00","BZN|FR","Without Sequence","111.68","",""
"30/06/2025 08:00:00 - 30/06/2025 08:15:00","BZN|FR","Without Sequence","108.58","",""
"30/06/2025 08:15:00 - 30/06/2025 08:30:00","BZN|FR","Without Sequence","108.58","",""
"30/06/2025 08:30:00 - 30/06/2025 08:45:00","BZN|FR","Without Sequence","108.58","",""
"30/06/2025 08:45:00 - 30/06/2025 09:00:00","BZN|FR","Without Sequence","108.58","",""
"30/06/2025 09:00:00 - 30/06/2025 09:15:00","BZN|FR","Without Sequence","92.42","",""
"30/06/2025 09:15:00 - 30/06/2025 09:30:00","BZN|FR","Without Sequence","92.42","",""
"30/06/2025 09:30:00 - 30/06/2025 09:45:00","BZN|FR","Without Sequence","92.42","",""
"30/06/2025 09:45:00 - 30/06/2025 10:00:00","BZN|FR","Without Sequence","92.42","",""
"30/06/2025 10:00:00 - 30/06/2025 10:15:00","BZN|FR","Without Sequence","79.83","",""
"30/06/2025 10:15:00 - 30/06/2025 10:30:00","BZN|FR","Without Sequence","79.83","",""
"30/06/2025 10:30:00 - 30/06/2025 10:45:00","BZN|FR","Without Sequence","79.83","",""
"30/06/2025 10:45:00 - 30/06/2025 11:00:00","BZN|FR","Without Sequence","79.83","",""
"30/06/2025 11:00:00 - 30/06/2025 11:15:00","BZN|FR","Without Sequence","69.05","",""
"30/06/2025 11:15:00 - 30/06/2025 11:30:00","BZN|FR","Without Sequence","69.05","",""
"30/06/2025 11:30:00 - 30/06/2025 11:45:00","BZN|FR","Without Sequence","69.05","",""
"30/06/2025 11:45:00 - 30/06/2025 12:00:00","BZN|FR","Without Sequence","69.05","",""
"30/06/2025 12:00:00 - 30/06/2025 12:15:00","BZN|FR","Without Sequence","52.44","",""
"30/06/2025 12:15:00 - 30/06/2025 12:30:00","BZN|FR","Without Sequence","52.44","",""
"30/06/2025 12:30:00 - 30/06/2025 12:45:00","BZN|FR","Without Sequence","52.44","",""
"30/06/2025 12:45:00 - 30/06/2025 13:00:00","BZN|FR","Without Sequence","52.44","",""
"30/06/2025 13:00:00 - 30/06/2025 13:15:00","BZN|FR","Without Sequence","46.31","",""
"30/06/2025 13:15:00 - 30/06/2025 13:30:00","BZN|FR","Without Sequence","46.31","",""
"30/06/2025 13:30:00 - 30/06/2025 13:45:00","BZN|FR","Without Sequence","46.31","",""
"30/06/2025 13:45:00 - 30/06/2025 14:00:00","BZN|FR","Without Sequence","46.31","",""
"30/06/2025 14:00:00 - 30/06/2025 14:15:00","BZN|FR","Without Sequence","51.53","",""
"30/06/2025 14:15:00 - 30/06/2025 14:30:00","BZN|FR","Without Sequence","51.53","",""
"30/06/2025 14:30:00 - 30/06/2025 14:45:00","BZN|FR","Without Sequence","51.53","",""
"30/06/2025 14:45:00 - 30/06/2025 15:00:00","BZN|FR","Without Sequence","51.53","",""
"30/06/2025 15:00:00 - 30/06/2025 15:15:00","BZN|FR","Without Sequence","64.76","",""
"30/06/2025 15:15:00 - 30/06/2025 15:30:00","BZN|FR","Without Sequence","64.76","",""
"30/06/2025 15:30:00 - 30/06/2025 15:45:00","BZN|FR","Without Sequence","64.76","",""
"30/06/2025 15:45:00 - 30/06/2025 16:00:00","BZN|FR","Without Sequence","64.76","",""
"30/06/2025 16:00:00 - 30/06/2025 16:15:00","BZN|FR","Without Sequence","83.83","",""
"30/06/2025 16:15:00 - 30/06/2025 16:30:00","BZN|FR","Without Sequence","83.83","",""
"30/06/2025 16:30:00 - 30/06/2025 16:45:00","BZN|FR","Without Sequence","83.83","",""
"30/06/2025 16:45:00 - 30/06/2025 17:00:00","BZN|FR","Without Sequence","83.83","",""
"30/06/2025 17:00:00 - 30/06/2025 17:15:00","BZN|FR","Without Sequence","93.57","",""
"30/06/2025 17:15:00 - 30/06/2025 17:30:00","BZN|FR","Without Sequence","93.57","",""
"30/06/2025 17:30:00 - 30/06/2025 17:45:00","BZN|FR","Without Sequence","93.57","",""
"30/06/2025 17:45:00 - 30/06/2025 18:00:00","BZN|FR","Without Sequence","93.57","",""
"30/06/2025 18:00:00 - 30/06/2025 18:15:00","BZN|FR","Without Sequence","110.65","",""
"30/06/2025 18:15:00 - 30/06/2025 18:30:00","BZN|FR","Without Sequence","110.65","",""
"30/06/2025 18:30:00 - 30/06/2025 18:45:00","BZN|FR","Without Sequence","110.65","",""
"30/06/2025 18:45:00 - 30/06/2025 19:00:00","BZN|FR","Without Sequence","110.65","",""
"30/06/2025 19:00:00 - 30/06/2025 19:15:00","BZN|FR","Without Sequence","178.94","",""
"30/06/2025 19:15:00 - 30/06/2025 19:30:00","BZN|FR","Without Sequence","178.94","",""
"30/06/2025 19:30:00 - 30/06/2025 19:45:00","BZN|FR","Without Sequence","178.94","",""
"30/06/2025 19:45:00 - 30/06/2025 20:00:00","BZN|FR","Without Sequence","178.94","",""
"30/06/2025 20:00:00 - 30/06/2025 20:15:00","BZN|FR","Without Sequence","185.00","",""
"30/06/2025 20:15:00 - 30/06/2025 20:30:00","BZN|FR","Without Sequence","185.00","",""
"30/06/2025 20:30:00 - 30/06/2025 20:45:00","BZN|FR","Without Sequence","185.00","",""
"30/06/2025 20:45:00 - 30/06/2025 21:00:00","BZN|FR","Without Sequence","185.00","",""
"30/06/2025 21:00:00 - 30/06/2025 21:15:00","BZN|FR","Without Sequence","175.01","",""
"30/06/2025 21:15:00 - 30/06/2025 21:30:00","BZN|FR","Without Sequence","175.01","",""
"30/06/2025 21:30:00 - 30/06/2025 21:45:00","BZN|FR","Without Sequence","175.01","",""
"30/06/2025 21:45:00 - 30/06/2025 22:00:00","BZN|FR","Without Sequence","175.01","",""
"30/06/2025 22:00:00 - 30/06/2025 22:15:00","BZN|FR","Without Sequence","157.00","",""
"30/06/2025 22:15:00 - 30/06/2025 22:30:00","BZN|FR","Without Sequence","157.00","",""
"30/06/2025 22:30:00 - 30/06/2025 22:45:00","BZN|FR","Without Sequence","157.00","",""
"30/06/2025 22:45:00 - 30/06/2025 23:00:00","BZN|FR","Without Sequence","157.00","",""
"30/06/2025 23:00:00 - 30/06/2025 23:15:00","BZN|FR","Without Sequence","122.65","",""
"30/06/2025 23:15:00 - 30/06/2025 23:30:00","BZN|FR","Without Sequence","122.65","",""
"30/06/2025 23:30:00 - 30/06/2025 23:45:00","BZN|FR","Without Sequence","122.65","",""
"30/06/2025 23:45:00 - 01/07/2025 00:00:00","BZN|FR","Without Sequence","122.65","",""
"01/07/2025 00:00:00 - 01/07/2025 00:15:00","BZN|FR","Without Sequence","111.28","",""
"01/07/2025 00:15:00 - 01/07/2025 00:30:00","BZN|FR","Without Sequence","111.28","",""
"01/07/2025 00:30:00 - 01/07/2025 00:45:00","BZN|FR","Without Sequence","111.28","",""
"01/07/2025 00:45:00 - 01/07/2025 01:00:00","BZN|FR","Without Sequence","111.28","",""
"01/07/2025 01:00:00 - 01/07/2025 01:15:00","BZN|FR","Without Sequence","95.41","",""
"01/07/2025 01:15:00 - 01/07/2025 01:30:00","BZN|FR","Without Sequence","95.41","",""
"01/07/2025 01:30:00 - 01/07/2025 01:45:00","BZN|FR","Without Sequence","95.41","",""
"01/07/2025 01:45:00 - 01/07/2025 02:00:00","BZN|FR","Without Sequence","95.41","",""
"01/07/2025 02:00:00 - 01/07/2025 02:15:00","BZN|FR","Without Sequence","89.10","",""
"01/07/2025 02:15:00 - 01/07/2025 02:30:00","BZN|FR","Without Sequence","89.10","",""
"01/07/2025 02:30:00 - 01/07/2025 02:45:00","BZN|FR","Without Sequence","89.10","",""
"01/07/2025 02:45:00 - 01/07/2025 03:00:00","BZN|FR","Without Sequence","89.10","",""
"01/07/2025 03:00:00 - 01/07/2025 03:15:00","BZN|FR","Without Sequence","88.08","",""
"01/07/2025 03:15:00 - 01/07/2025 03:30:00","BZN|FR","Without Sequence","88.08","",""
"01/07/2025 03:30:00 - 01/07/2025 03:45:00","BZN|FR","Without Sequence","88.08","",""
"01/07/2025 03:45:00 - 01/07/2025 04:00:00","BZN|FR","Without Sequence","88.08","",""
"01/07/2025 04:00:00 - 01/07/2025 04:15:00","BZN|FR","Without Sequence","90.01","",""
"01/07/2025 04:15:00 - 01/07/2025 04:30:00","BZN|FR","Without Sequence","90.01","",""
"01/07/2025 04:30:00 - 01/07/2025 04:45:00","BZN|FR","Without Sequence","90.01","",""
"01/07/2025 04:45:00 - 01/07/2025 05:00:00","BZN|FR","Without Sequence","90.01","",""
"01/07/2025 05:00:00 - 01/07/2025 05:15:00","BZN|FR","Without Sequence","96.64","",""
"01/07/2025 05:15:00 - 01/07/2025 05:30:00","BZN|FR","Without Sequence","96.64","",""
"01/07/2025 05:30:00 - 01/07/2025 05:45:00","BZN|FR","Without Sequence","96.64","",""
"01/07/2025 05:45:00 - 01/07/2025 06:00:00","BZN|FR","Without Sequence","96.64","",""
"01/07/2025 06:00:00 - 01/07/2025 06:15:00","BZN|FR","Without Sequence","114.97","",""
"01/07/2025 06:15:00 - 01/07/2025 06:30:00","BZN|FR","Without Sequence","114.97","",""
"01/07/2025 06:30:00 - 01/07/2025 06:45:00","BZN|FR","Without Sequence","114.97","",""
"01/07/2025 06:45:00 - 01/07/2025 07:00:00","BZN|FR","Without Sequence","114.97","",""
"01/07/2025 07:00:00 - 01/07/2025 07:15:00","BZN|FR","Without Sequence","120.06","",""
"01/07/2025 07:15:00 - 01/07/2025 07:30:00","BZN|FR","Without Sequence","120.06","",""
"01/07/2025 07:30:00 - 01/07/2025 07:45:00","BZN|FR","Without Sequence","120.06","",""
"01/07/2025 07:45:00 - 01/07/2025 08:00:00","BZN|FR","Without Sequence","120.06","",""
"01/07/2025 08:00:00 - 01/07/2025 08:15:00","BZN|FR","Without Sequence","114.74","",""
"01/07/2025 08:15:00 - 01/07/2025 08:30:00","BZN|FR","Without Sequence","114.74","",""
"01/07/2025 08:30:00 - 01/07/2025 08:45:00","BZN|FR","Without Sequence","114.74","",""
"01/07/2025 08:45:00 - 01/07/2025 09:00:00","BZN|FR","Without Sequence","114.74","",""
"01/07/2025 09:00:00 - 01/07/2025 09:15:00","BZN|FR","Without Sequence","93.19","",""
"01/07/2025 09:15:00 - 01/07/2025 09:30:00","BZN|FR","Without Sequence","93.19","",""
"01/07/2025 09:30:00 - 01/07/2025 09:45:00","BZN|FR","Without Sequence","93.19","",""
"01/07/2025 09:45:00 - 01/07/2025 10:00:00","BZN|FR","Without Sequence","93.19","",""
"01/07/2025 10:00:00 - 01/07/2025 10:15:00","BZN|FR","Without Sequence","94.91","",""
"01/07/2025 10:15:00 - 01/07/2025 10:30:00","BZN|FR","Without Sequence","94.91","",""
"01/07/2025 10:30:00 - 01/07/2025 10:45:00","BZN|FR","Without Sequence","94.91","",""
"01/07/2025 10:45:00 - 01/07/2025 11:00:00","BZN|FR","Without Sequence","94.91","",""
"01/07/2025 11:00:00 - 01/07/2025 11:15:00","BZN|FR","Without Sequence","80.70","",""
"01/07/2025 11:15:00 - 01/07/2025 11:30:00","BZN|FR","Without Sequence","80.70","",""
"01/07/2025 11:30:00 - 01/07/2025 11:45:00","BZN|FR","Without Sequence","80.70","",""
"01/07/2025 11:45:00 - 01/07/2025 12:00:00","BZN|FR","Without Sequence","80.70","",""
"01/07/2025 12:00:00 - 01/07/2025 12:15:00","BZN|FR","Without Sequence","75.11","",""
"01/07/2025 12:15:00 - 01/07/2025 12:30:00","BZN|FR","Without Sequence","75.11","",""
"01/07/2025 12:30:00 - 01/07/2025 12:45:00","BZN|FR","Without Sequence","75.11","",""
"01/07/2025 12:45:00 - 01/07/2025 13:00:00","BZN|FR","Without Sequence","75.11","",""
"01/07/2025 13:00:00 - 01/07/2025 13:15:00","BZN|FR","Without Sequence","65.53","",""
"01/07/2025 13:15:00 - 01/07/2025 13:30:00","BZN|FR","Without Sequence","65.53","",""
"01/07/2025 13:30:00 - 01/07/2025 13:45:00","BZN|FR","Without Sequence","65.53","",""
"01/07/2025 13:45:00 - 01/07/2025 14:00:00","BZN|FR","Without Sequence","65.53","",""
"01/07/2025 14:00:00 - 01/07/2025 14:15:00","BZN|FR","Without Sequence","68.95","",""
"01/07/2025 14:15:00 - 01/07/2025 14:30:00","BZN|FR","Without Sequence","68.95","",""
"01/07/2025 14:30:00 - 01/07/2025 14:45:00","BZN|FR","Without Sequence","68.95","",""
"01/07/2025 14:45:00 - 01/07/2025 15:00:00","BZN|FR","Without Sequence","68.95","",""
"01/07/2025 15:00:00 - 01/07/2025 15:15:00","BZN|FR","Without Sequence","78.16","",""
"01/07/2025 15:15:00 - 01/07/2025 15:30:00","BZN|FR","Without Sequence","78.16","",""
"01/07/2025 15:30:00 - 01/07/2025 15:45:00","BZN|FR","Without Sequence","78.16","",""
"01/07/2025 15:45:00 - 01/07/2025 16:00:00","BZN|FR","Without Sequence","78.16","",""
"01/07/2025 16:00:00 - 01/07/2025 16:15:00","BZN|FR","Without Sequence","90.80","",""
"01/07/2025 16:15:00 - 01/07/2025 16:30:00","BZN|FR","Without Sequence","90.80","",""
"01/07/2025 16:30:00 - 01/07/2025 16:45:00","BZN|FR","Without Sequence","90.80","",""
"01/07/2025 16:45:00 - 01/07/2025 17:00:00","BZN|FR","Without Sequence","90.80","",""
"01/07/2025 17:00:00 - 01/07/2025 17:15:00","BZN|FR","Without Sequence","102.65","",""
"01/07/2025 17:15:00 - 01/07/2025 17:30:00","BZN|FR","Without Sequence","102.65","",""
"01/07/2025 17:30:00 - 01/07/2025 17:45:00","BZN|FR","Without Sequence","102.65","",""
"01/07/2025 17:45:00 - 01/07/2025 18:00:00","BZN|FR","Without Sequence","102.65","",""
"01/07/2025 18:00:00 - 01/07/2025 18:15:00","BZN|FR","Without Sequence","150.00","",""
"01/07/2025 18:15:00 - 01/07/2025 18:30:00","BZN|FR","Without Sequence","150.00","",""
"01/07/2025 18:30:00 - 01/07/2025 18:45:00","BZN|FR","Without Sequence","150.00","",""
"01/07/2025 18:45:00 - 01/07/2025 19:00:00","BZN|FR","Without Sequence","150.00","",""
"01/07/2025 19:00:00 - 01/07/2025 19:15:00","BZN|FR","Without Sequence","223.54","",""
"01/07/2025 19:15:00 - 01/07/2025 19:30:00","BZN|FR","Without Sequence","223.54","",""
"01/07/2025 19:30:00 - 01/07/2025 19:45:00","BZN|FR","Without Sequence","223.54","",""
"01/07/2025 19:45:00 - 01/07/2025 20:00:00","BZN|FR","Without Sequence","223.54","",""
"01/07/2025 20:00:00 - 01/07/2025 20:15:00","BZN|FR","Without Sequence","235.00","",""
"01/07/2025 20:15:00 - 01/07/2025 20:30:00","BZN|FR","Without Sequence","235.00","",""
"01/07/2025 20:30:00 - 01/07/2025 20:45:00","BZN|FR","Without Sequence","235.00","",""
"01/07/2025 20:45:00 - 01/07/2025 21:00:00","BZN|FR","Without Sequence","235.00","",""
"01/07/2025 21:00:00 - 01/07/2025 21:15:00","BZN|FR","Without Sequence","215.00","",""
"01/07/2025 21:15:00 - 01/07/2025 21:30:00","BZN|FR","Without Sequence","215.00","",""
"01/07/2025 21:30:00 - 01/07/2025 21:45:00","BZN|FR","Without Sequence","215.00","",""
"01/07/2025 21:45:00 - 01/07/2025 22:00:00","BZN|FR","Without Sequence","215.00","",""
"01/07/2025 22:00:00 - 01/07/2025 22:15:00","BZN|FR","Without Sequence","199.30","",""
"01/07/2025 22:15:00 - 01/07/2025 22:30:00","BZN|FR","Without Sequence","199.30","",""
"01/07/2025 22:30:00 - 01/07/2025 22:45:00","BZN|FR","Without Sequence","199.30","",""
"01/07/2025 22:45:00 - 01/07/2025 23:00:00","BZN|FR","Without Sequence","199.30","",""
"01/07/2025 23:00:00 - 01/07/2025 23:15:00","BZN|FR","Without Sequence","129.78","",""
"01/07/2025 23:15:00 - 01/07/2025 23:30:00","BZN|FR","Without Sequence","129.78","",""
"01/07/2025 23:30:00 - 01/07/2025 23:45:00","BZN|FR","Without Sequence","129.78","",""
"01/07/2025 23:45:00 - 02/07/2025 00:00:00","BZN|FR","Without Sequence","129.78","",""
"02/07/2025 00:00:00 - 02/07/2025 00:15:00","BZN|FR","Without Sequence","119.29","",""
"02/07/2025 00:15:00 - 02/07/2025 00:30:00","BZN|FR","Without Sequence","119.29","",""
"02/07/2025 00:30:00 - 02/07/2025 00:45:00","BZN|FR","Without Sequence","119.29","",""
"02/07/2025 00:45:00 - 02/07/2025 01:00:00","BZN|FR","Without Sequence","119.29","",""
"02/07/2025 01:00:00 - 02/07/2025 01:15:00","BZN|FR","Without Sequence","102.71","",""
"02/07/2025 01:15:00 - 02/07/2025 01:30:00","BZN|FR","Without Sequence","102.71","",""
"02/07/2025 01:30:00 - 02/07/2025 01:45:00","BZN|FR","Without Sequence","102.71","",""
"02/07/2025 01:45:00 - 02/07/2025 02:00:00","BZN|FR","Without Sequence","102.71","",""
"02/07/2025 02:00:00 - 02/07/2025 02:15:00","BZN|FR","Without Sequence","92.54","",""
"02/07/2025 02:15:00 - 02/07/2025 02:30:00","BZN|FR","Without Sequence","92.54","",""
"02/07/2025 02:30:00 - 02/07/2025 02:45:00","BZN|FR","Without Sequence","92.54","",""
"02/07/2025 02:45:00 - 02/07/2025 03:00:00","BZN|FR","Without Sequence","92.54","",""
"02/07/2025 03:00:00 - 02/07/2025 03:15:00","BZN|FR","Without Sequence","92.08","",""
"02/07/2025 03:15:00 - 02/07/2025 03:30:00","BZN|FR","Without Sequence","92.08","",""
"02/07/2025 03:30:00 - 02/07/2025 03:45:00","BZN|FR","Without Sequence","92.08","",""
"02/07/2025 03:45:00 - 02/07/2025 04:00:00","BZN|FR","Without Sequence","92.08","",""
"02/07/2025 04:00:00 - 02/07/2025 04:15:00","BZN|FR","Without Sequence","85.08","",""
"02/07/2025 04:15:00 - 02/07/2025 04:30:00","BZN|FR","Without Sequence","85.08","",""
"02/07/2025 04:30:00 - 02/07/2025 04:45:00","BZN|FR","Without Sequence","85.08","",""
"02/07/2025 04:45:00 - 02/07/2025 05:00:00","BZN|FR","Without Sequence","85.08","",""
"02/07/2025 05:00:00 - 02/07/2025 05:15:00","BZN|FR","Without Sequence","93.47","",""
"02/07/2025 05:15:00 - 02/07/2025 05:30:00","BZN|FR","Without Sequence","93.47","",""
"02/07/2025 05:30:00 - 02/07/2025 05:45:00","BZN|FR","Without Sequence","93.47","",""
"02/07/2025 05:45:00 - 02/07/2025 06:00:00","BZN|FR","Without Sequence","93.47","",""
"02/07/2025 06:00:00 - 02/07/2025 06:15:00","BZN|FR","Without Sequence","103.68","",""
"02/07/2025 06:15:00 - 02/07/2025 06:30:00","BZN|FR","Without Sequence","103.68","",""
"02/07/2025 06:30:00 - 02/07/2025 06:45:00","BZN|FR","Without Sequence","103.68","",""
"02/07/2025 06:45:00 - 02/07/2025 07:00:00","BZN|FR","Without Sequence","103.68","",""
"02/07/2025 07:00:00 - 02/07/2025 07:15:00","BZN|FR","Without Sequence","107.80","",""
"02/07/2025 07:15:00 - 02/07/2025 07:30:00","BZN|FR","Without Sequence","107.80","",""
"02/07/2025 07:30:00 - 02/07/2025 07:45:00","BZN|FR","Without Sequence","107.80","",""
"02/07/2025 07:45:00 - 02/07/2025 08:00:00","BZN|FR","Without Sequence","107.80","",""
"02/07/2025 08:00:00 - 02/07/2025 08:15:00","BZN|FR","Without Sequence","104.52","",""
"02/07/2025 08:15:00 - 02/07/2025 08:30:00","BZN|FR","Without Sequence","104.52","",""
"02/07/2025 08:30:00 - 02/07/2025 08:45:00","BZN|FR","Without Sequence","104.52","",""
"02/07/2025 08:45:00 - 02/07/2025 09:00:00","BZN|FR","Without Sequence","104.52","",""
"02/07/2025 09:00:00 - 02/07/2025 09:15:00","BZN|FR","Without Sequence","92.73","",""
"02/07/2025 09:15:00 - 02/07/2025 09:30:00","BZN|FR","Without Sequence","92.73","",""
"02/07/2025 09:30:00 - 02/07/2025 09:45:00","BZN|FR","Without Sequence","92.73","",""
"02/07/2025 09:45:00 - 02/07/2025 10:00:00","BZN|FR","Without Sequence","92.73","",""
"02/07/2025 10:00:00 - 02/07/2025 10:15:00","BZN|FR","Without Sequence","81.79","",""
"02/07/2025 10:15:00 - 02/07/2025 10:30:00","BZN|FR","Without Sequence","81.79","",""
"02/07/2025 10:30:00 - 02/07/2025 10:45:00","BZN|FR","Without Sequence","81.79","",""
"02/07/2025 10:45:00 - 02/07/2025 11:00:00","BZN|FR","Without Sequence","81.79","",""
"02/07/2025 11:00:00 - 02/07/2025 11:15:00","BZN|FR","Without Sequence","76.39","",""
"02/07/2025 11:15:00 - 02/07/2025 11:30:00","BZN|FR","Without Sequence","76.39","",""
"02/07/2025 11:30:00 - 02/07/2025 11:45:00","BZN|FR","Without Sequence","76.39","",""
"02/07/2025 11:45:00 - 02/07/2025 12:00:00","BZN|FR","Without Sequence","76.39","",""
"02/07/2025 12:00:00 - 02/07/2025 12:15:00","BZN|FR","Without Sequence","70.64","",""
"02/07/2025 12:15:00 - 02/07/2025 12:30:00","BZN|FR","Without Sequence","70.64","",""
"02/07/2025 12:30:00 - 02/07/2025 12:45:00","BZN|FR","Without Sequence","70.64","",""
"02/07/2025 12:45:00 - 02/07/2025 13:00:00","BZN|FR","Without Sequence","70.64","",""
"02/07/2025 13:00:00 - 02/07/2025 13:15:00","BZN|FR","Without Sequence","50.29","",""
"02/07/2025 13:15:00 - 02/07/2025 13:30:00","BZN|FR","Without Sequence","50.29","",""
"02/07/2025 13:30:00 - 02/07/2025 13:45:00","BZN|FR","Without Sequence","50.29","",""
"02/07/2025 13:45:00 - 02/07/2025 14:00:00","BZN|FR","Without Sequence","50.29","",""
"02/07/2025 14:00:00 - 02/07/2025 14:15:00","BZN|FR","Without Sequence","54.02","",""
"02/07/2025 14:15:00 - 02/07/2025 14:30:00","BZN|FR","Without Sequence","54.02","",""
"02/07/2025 14:30:00 - 02/07/2025 14:45:00","BZN|FR","Without Sequence","54.02","",""
"02/07/2025 14:45:00 - 02/07/2025 15:00:00","BZN|FR","Without Sequence","54.02","",""
"02/07/2025 15:00:00 - 02/07/2025 15:15:00","BZN|FR","Without Sequence","71.57","",""
"02/07/2025 15:15:00 - 02/07/2025 15:30:00","BZN|FR","Without Sequence","71.57","",""
"02/07/2025 15:30:00 - 02/07/2025 15:45:00","BZN|FR","Without Sequence","71.57","",""
"02/07/2025 15:45:00 - 02/07/2025 16:00:00","BZN|FR","Without Sequence","71.57","",""
"02/07/2025 16:00:00 - 02/07/2025 16:15:00","BZN|FR","Without Sequence","79.98","",""
"02/07/2025 16:15:00 - 02/07/2025 16:30:00","BZN|FR","Without Sequence","79.98","",""
"02/07/2025 16:30:00 - 02/07/2025 16:45:00","BZN|FR","Without Sequence","79.98","",""
"02/07/2025 16:45:00 - 02/07/2025 17:00:00","BZN|FR","Without Sequence","79.98","",""
"02/07/2025 17:00:00 - 02/07/2025 17:15:00","BZN|FR","Without Sequence","87.61","",""
"02/07/2025 17:15:00 - 02/07/2025 17:30:00","BZN|FR","Without Sequence","87.61","",""
"02/07/2025 17:30:00 - 02/07/2025 17:45:00","BZN|FR","Without Sequence","87.61","",""
"02/07/2025 17:45:00 - 02/07/2025 18:00:00","BZN|FR","Without Sequence","87.61","",""
"02/07/2025 18:00:00 - 02/07/2025 18:15:00","BZN|FR","Without Sequence","87.68","",""
"02/07/2025 18:15:00 - 02/07/2025 18:30:00","BZN|FR","Without Sequence","87.68","",""
"02/07/2025 18:30:00 - 02/07/2025 18:45:00","BZN|FR","Without Sequence","87.68","",""
"02/07/2025 18:45:00 - 02/07/2025 19:00:00","BZN|FR","Without Sequence","87.68","",""
"02/07/2025 19:00:00 - 02/07/2025 19:15:00","BZN|FR","Without Sequence","119.03","",""
"02/07/2025 19:15:00 - 02/07/2025 19:30:00","BZN|FR","Without Sequence","119.03","",""
"02/07/2025 19:30:00 - 02/07/2025 19:45:00","BZN|FR","Without Sequence","119.03","",""
"02/07/2025 19:45:00 - 02/07/2025 20:00:00","BZN|FR","Without Sequence","119.03","",""
"02/07/2025 20:00:00 - 02/07/2025 20:15:00","BZN|FR","Without Sequence","119.80","",""
"02/07/2025 20:15:00 - 02/07/2025 20:30:00","BZN|FR","Without Sequence","119.80","",""
"02/07/2025 20:30:00 - 02/07/2025 20:45:00","BZN|FR","Without Sequence","119.80","",""
"02/07/2025 20:45:00 - 02/07/2025 21:00:00","BZN|FR","Without Sequence","119.80","",""
"02/07/2025 21:00:00 - 02/07/2025 21:15:00","BZN|FR","Without Sequence","126.16","",""
"02/07/2025 21:15:00 - 02/07/2025 21:30:00","BZN|FR","Without Sequence","126.16","",""
"02/07/2025 21:30:00 - 02/07/2025 21:45:00","BZN|FR","Without Sequence","126.16","",""
"02/07/2025 21:45:00 - 02/07/2025 22:00:00","BZN|FR","Without Sequence","126.16","",""
"02/07/2025 22:00:00 - 02/07/2025 22:15:00","BZN|FR","Without Sequence","125.10","",""
"02/07/2025 22:15:00 - 02/07/2025 22:30:00","BZN|FR","Without Sequence","125.10","",""
"02/07/2025 22:30:00 - 02/07/2025 22:45:00","BZN|FR","Without Sequence","125.10","",""
"02/07/2025 22:45:00 - 02/07/2025 23:00:00","BZN|FR","Without Sequence","125.10","",""
"02/07/2025 23:00:00 - 02/07/2025 23:15:00","BZN|FR","Without Sequence","108.51","",""
"02/07/2025 23:15:00 - 02/07/2025 23:30:00","BZN|FR","Without Sequence","108.51","",""
"02/07/2025 23:30:00 - 02/07/2025 23:45:00","BZN|FR","Without Sequence","108.51","",""
"02/07/2025 23:45:00 - 03/07/2025 00:00:00","BZN|FR","Without Sequence","108.51","",""
"03/07/2025 00:00:00 - 03/07/2025 00:15:00","BZN|FR","Without Sequence","85.00","",""
"03/07/2025 00:15:00 - 03/07/2025 00:30:00","BZN|FR","Without Sequence","85.00","",""
"03/07/2025 00:30:00 - 03/07/2025 00:45:00","BZN|FR","Without Sequence","85.00","",""
"03/07/2025 00:45:00 - 03/07/2025 01:00:00","BZN|FR","Without Sequence","85.00","",""
"03/07/2025 01:00:00 - 03/07/2025 01:15:00","BZN|FR","Without Sequence","81.62","",""
"03/07/2025 01:15:00 - 03/07/2025 01:30:00","BZN|FR","Without Sequence","81.62","",""
"03/07/2025 01:30:00 - 03/07/2025 01:45:00","BZN|FR","Without Sequence","81.62","",""
"03/07/2025 01:45:00 - 03/07/2025 02:00:00","BZN|FR","Without Sequence","81.62","",""
"03/07/2025 02:00:00 - 03/07/2025 02:15:00","BZN|FR","Without Sequence","79.00","",""
"03/07/2025 02:15:00 - 03/07/2025 02:30:00","BZN|FR","Without Sequence","79.00","",""
"03/07/2025 02:30:00 - 03/07/2025 02:45:00","BZN|FR","Without Sequence","79.00","",""
"03/07/2025 02:45:00 - 03/07/2025 03:00:00","BZN|FR","Without Sequence","79.00","",""
"03/07/2025 03:00:00 - 03/07/2025 03:15:00","BZN|FR","Without Sequence","78.93","",""
"03/07/2025 03:15:00 - 03/07/2025 03:30:00","BZN|FR","Without Sequence","78.93","",""
"03/07/2025 03:30:00 - 03/07/2025 03:45:00","BZN|FR","Without Sequence","78.93","",""
"03/07/2025 03:45:00 - 03/07/2025 04:00:00","BZN|FR","Without Sequence","78.93","",""
"03/07/2025 04:00:00 - 03/07/2025 04:15:00","BZN|FR","Without Sequence","80.88","",""
"03/07/2025 04:15:00 - 03/07/2025 04:30:00","BZN|FR","Without Sequence","80.88","",""
"03/07/2025 04:30:00 - 03/07/2025 04:45:00","BZN|FR","Without Sequence","80.88","",""
"03/07/2025 04:45:00 - 03/07/2025 05:00:00","BZN|FR","Without Sequence","80.88","",""
"03/07/2025 05:00:00 - 03/07/2025 05:15:00","BZN|FR","Without Sequence","86.45","",""
"03/07/2025 05:15:00 - 03/07/2025 05:30:00","BZN|FR","Without Sequence","86.45","",""
"03/07/2025 05:30:00 - 03/07/2025 05:45:00","BZN|FR","Without Sequence","86.45","",""
"03/07/2025 05:45:00 - 03/07/2025 06:00:00","BZN|FR","Without Sequence","86.45","",""
"03/07/2025 06:00:00 - 03/07/2025 06:15:00","BZN|FR","Without Sequence","94.83","",""
"03/07/2025 06:15:00 - 03/07/2025 06:30:00","BZN|FR","Without Sequence","94.83","",""
"03/07/2025 06:30:00 - 03/07/2025 06:45:00","BZN|FR","Without Sequence","94.83","",""
"03/07/2025 06:45:00 - 03/07/2025 07:00:00","BZN|FR","Without Sequence","94.83","",""
"03/07/2025 07:00:00 - 03/07/2025 07:15:00","BZN|FR","Without Sequence","101.77","",""
"03/07/2025 07:15:00 - 03/07/2025 07:30:00","BZN|FR","Without Sequence","101.77","",""
"03/07/2025 07:30:00 - 03/07/2025 07:45:00","BZN|FR","Without Sequence","101.77","",""
"03/07/2025 07:45:00 - 03/07/2025 08:00:00","BZN|FR","Without Sequence","101.77","",""
"03/07/2025 08:00:00 - 03/07/2025 08:15:00","BZN|FR","Without Sequence","104.90","",""
"03/07/2025 08:15:00 - 03/07/2025 08:30:00","BZN|FR","Without Sequence","104.90","",""
"03/07/2025 08:30:00 - 03/07/2025 08:45:00","BZN|FR","Without Sequence","104.90","",""
"03/07/2025 08:45:00 - 03/07/2025 09:00:00","BZN|FR","Without Sequence","104.90","",""
"03/07/2025 09:00:00 - 03/07/2025 09:15:00","BZN|FR","Without Sequence","90.45","",""
"03/07/2025 09:15:00 - 03/07/2025 09:30:00","BZN|FR","Without Sequence","90.45","",""
"03/07/2025 09:30:00 - 03/07/2025 09:45:00","BZN|FR","Without Sequence","90.45","",""
"03/07/2025 09:45:00 - 03/07/2025 10:00:00","BZN|FR","Without Sequence","90.45","",""
"03/07/2025 10:00:00 - 03/07/2025 10:15:00","BZN|FR","Without Sequence","75.06","",""
"03/07/2025 10:15:00 - 03/07/2025 10:30:00","BZN|FR","Without Sequence","75.06","",""
"03/07/2025 10:30:00 - 03/07/2025 10:45:00","BZN|FR","Without Sequence","75.06","",""
"03/07/2025 10:45:00 - 03/07/2025 11:00:00","BZN|FR","Without Sequence","75.06","",""
"03/07/2025 11:00:00 - 03/07/2025 11:15:00","BZN|FR","Without Sequence","57.35","",""
"03/07/2025 11:15:00 - 03/07/2025 11:30:00","BZN|FR","Without Sequence","57.35","",""
"03/07/2025 11:30:00 - 03/07/2025 11:45:00","BZN|FR","Without Sequence","57.35","",""
"03/07/2025 11:45:00 - 03/07/2025 12:00:00","BZN|FR","Without Sequence","57.35","",""
"03/07/2025 12:00:00 - 03/07/2025 12:15:00","BZN|FR","Without Sequence","42.16","",""
"03/07/2025 12:15:00 - 03/07/2025 12:30:00","BZN|FR","Without Sequence","42.16","",""
"03/07/2025 12:30:00 - 03/07/2025 12:45:00","BZN|FR","Without Sequence","42.16","",""
"03/07/2025 12:45:00 - 03/07/2025 13:00:00","BZN|FR","Without Sequence","42.16","",""
"03/07/2025 13:00:00 - 03/07/2025 13:15:00","BZN|FR","Without Sequence","34.82","",""
"03/07/2025 13:15:00 - 03/07/2025 13:30:00","BZN|FR","Without Sequence","34.82","",""
"03/07/2025 13:30:00 - 03/07/2025 13:45:00","BZN|FR","Without Sequence","34.82","",""
"03/07/2025 13:45:00 - 03/07/2025 14:00:00","BZN|FR","Without Sequence","34.82","",""
"03/07/2025 14:00:00 - 03/07/2025 14:15:00","BZN|FR","Without Sequence","36.84","",""
"03/07/2025 14:15:00 - 03/07/2025 14:30:00","BZN|FR","Without Sequence","36.84","",""
"03/07/2025 14:30:00 - 03/07/2025 14:45:00","BZN|FR","Without Sequence","36.84","",""
"03/07/2025 14:45:00 - 03/07/2025 15:00:00","BZN|FR","Without Sequence","36.84","",""
"03/07/2025 15:00:00 - 03/07/2025 15:15:00","BZN|FR","Without Sequence","56.67","",""
"03/07/2025 15:15:00 - 03/07/2025 15:30:00","BZN|FR","Without Sequence","56.67","",""
"03/07/2025 15:30:00 - 03/07/2025 15:45:00","BZN|FR","Without Sequence","56.67","",""
"03/07/2025 15:45:00 - 03/07/2025 16:00:00","BZN|FR","Without Sequence","56.67","",""
"03/07/2025 16:00:00 - 03/07/2025 16:15:00","BZN|FR","Without Sequence","64.71","",""
"03/07/2025 16:15:00 - 03/07/2025 16:30:00","BZN|FR","Without Sequence","64.71","",""
"03/07/2025 16:30:00 - 03/07/2025 16:45:00","BZN|FR","Without Sequence","64.71","",""
"03/07/2025 16:45:00 - 03/07/2025 17:00:00","BZN|FR","Without Sequence","64.71","",""
"03/07/2025 17:00:00 - 03/07/2025 17:15:00","BZN|FR","Without Sequence","81.00","",""
"03/07/2025 17:15:00 - 03/07/2025 17:30:00","BZN|FR","Without Sequence","81.00","",""
"03/07/2025 17:30:00 - 03/07/2025 17:45:00","BZN|FR","Without Sequence","81.00","",""
"03/07/2025 17:45:00 - 03/07/2025 18:00:00","BZN|FR","Without Sequence","81.00","",""
"03/07/2025 18:00:00 - 03/07/2025 18:15:00","BZN|FR","Without Sequence","96.34","",""
"03/07/2025 18:15:00 - 03/07/2025 18:30:00","BZN|FR","Without Sequence","96.34","",""
"03/07/2025 18:30:00 - 03/07/2025 18:45:00","BZN|FR","Without Sequence","96.34","",""
"03/07/2025 18:45:00 - 03/07/2025 19:00:00","BZN|FR","Without Sequence","96.34","",""
"03/07/2025 19:00:00 - 03/07/2025 19:15:00","BZN|FR","Without Sequence","109.00","",""
"03/07/2025 19:15:00 - 03/07/2025 19:30:00","BZN|FR","Without Sequence","109.00","",""
"03/07/2025 19:30:00 - 03/07/2025 19:45:00","BZN|FR","Without Sequence","109.00","",""
"03/07/2025 19:45:00 - 03/07/2025 20:00:00","BZN|FR","Without Sequence","109.00","",""
"03/07/2025 20:00:00 - 03/07/2025 20:15:00","BZN|FR","Without Sequence","118.80","",""
"03/07/2025 20:15:00 - 03/07/2025 20:30:00","BZN|FR","Without Sequence","118.80","",""
"03/07/2025 20:30:00 - 03/07/2025 20:45:00","BZN|FR","Without Sequence","118.80","",""
"03/07/2025 20:45:00 - 03/07/2025 21:00:00","BZN|FR","Without Sequence","118.80","",""
"03/07/2025 21:00:00 - 03/07/2025 21:15:00","BZN|FR","Without Sequence","105.87","",""
"03/07/2025 21:15:00 - 03/07/2025 21:30:00","BZN|FR","Without Sequence","105.87","",""
"03/07/2025 21:30:00 - 03/07/2025 21:45:00","BZN|FR","Without Sequence","105.87","",""
"03/07/2025 21:45:00 - 03/07/2025 22:00:00","BZN|FR","Without Sequence","105.87","",""
"03/07/2025 22:00:00 - 03/07/2025 22:15:00","BZN|FR","Without Sequence","106.80","",""
"03/07/2025 22:15:00 - 03/07/2025 22:30:00","BZN|FR","Without Sequence","106.80","",""
"03/07/2025 22:30:00 - 03/07/2025 22:45:00","BZN|FR","Without Sequence","106.80","",""
"03/07/2025 22:45:00 - 03/07/2025 23:00:00","BZN|FR","Without Sequence","106.80","",""
"03/07/2025 23:00:00 - 03/07/2025 23:15:00","BZN|FR","Without Sequence","86.57","",""
"03/07/2025 23:15:00 - 03/07/2025 23:30:00","BZN|FR","Without Sequence","86.57","",""
"03/07/2025 23:30:00 - 03/07/2025 23:45:00","BZN|FR","Without Sequence","86.57","",""
"03/07/2025 23:45:00 - 04/07/2025 00:00:00","BZN|FR","Without Sequence","86.57","",""
"04/07/2025 00:00:00 - 04/07/2025 00:15:00","BZN|FR","Without Sequence","97.80","",""
"04/07/2025 00:15:00 - 04/07/2025 00:30:00","BZN|FR","Without Sequence","97.80","",""
"04/07/2025 00:30:00 - 04/07/2025 00:45:00","BZN|FR","Without Sequence","97.80","",""
"04/07/2025 00:45:00 - 04/07/2025 01:00:00","BZN|FR","Without Sequence","97.80","",""
"04/07/2025 01:00:00 - 04/07/2025 01:15:00","BZN|FR","Without Sequence","83.00","",""
"04/07/2025 01:15:00 - 04/07/2025 01:30:00","BZN|FR","Without Sequence","83.00","",""
"04/07/2025 01:30:00 - 04/07/2025 01:45:00","BZN|FR","Without Sequence","83.00","",""
"04/07/2025 01:45:00 - 04/07/2025 02:00:00","BZN|FR","Without Sequence","83.00","",""
"04/07/2025 02:00:00 - 04/07/2025 02:15:00","BZN|FR","Without Sequence","85.37","",""
"04/07/2025 02:15:00 - 04/07/2025 02:30:00","BZN|FR","Without Sequence","85.37","",""
"04/07/2025 02:30:00 - 04/07/2025 02:45:00","BZN|FR","Without Sequence","85.37","",""
"04/07/2025 02:45:00 - 04/07/2025 03:00:00","BZN|FR","Without Sequence","85.37","",""
"04/07/2025 03:00:00 - 04/07/2025 03:15:00","BZN|FR","Without Sequence","75.80","",""
"04/07/2025 03:15:00 - 04/07/2025 03:30:00","BZN|FR","Without Sequence","75.80","",""
"04/07/2025 03:30:00 - 04/07/2025 03:45:00","BZN|FR","Without Sequence","75.80","",""
"04/07/2025 03:45:00 - 04/07/2025 04:00:00","BZN|FR","Without Sequence","75.80","",""
"04/07/2025 04:00:00 - 04/07/2025 04:15:00","BZN|FR","Without Sequence","67.39","",""
"04/07/2025 04:15:00 - 04/07/2025 04:30:00","BZN|FR","Without Sequence","67.39","",""
"04/07/2025 04:30:00 - 04/07/2025 04:45:00","BZN|FR","Without Sequence","67.39","",""
"04/07/2025 04:45:00 - 04/07/2025 05:00:00","BZN|FR","Without Sequence","67.39","",""
"04/07/2025 05:00:00 - 04/07/2025 05:15:00","BZN|FR","Without Sequence","78.65","",""
"04/07/2025 05:15:00 - 04/07/2025 05:30:00","BZN|FR","Without Sequence","78.65","",""
"04/07/2025 05:30:00 - 04/07/2025 05:45:00","BZN|FR","Without Sequence","78.65","",""
"04/07/2025 05:45:00 - 04/07/2025 06:00:00","BZN|FR","Without Sequence","78.65","",""
"04/07/2025 06:00:00 - 04/07/2025 06:15:00","BZN|FR","Without Sequence","83.59","",""
"04/07/2025 06:15:00 - 04/07/2025 06:30:00","BZN|FR","Without Sequence","83.59","",""
"04/07/2025 06:30:00 - 04/07/2025 06:45:00","BZN|FR","Without Sequence","83.59","",""
"04/07/2025 06:45:00 - 04/07/2025 07:00:00","BZN|FR","Without Sequence","83.59","",""
"04/07/2025 07:00:00 - 04/07/2025 07:15:00","BZN|FR","Without Sequence","103.48","",""
"04/07/2025 07:15:00 - 04/07/2025 07:30:00","BZN|FR","Without Sequence","103.48","",""
"04/07/2025 07:30:00 - 04/07/2025 07:45:00","BZN|FR","Without Sequence","103.48","",""
"04/07/2025 07:45:00 - 04/07/2025 08:00:00","BZN|FR","Without Sequence","103.48","",""
"04/07/2025 08:00:00 - 04/07/2025 08:15:00","BZN|FR","Without Sequence","100.00","",""
"04/07/2025 08:15:00 - 04/07/2025 08:30:00","BZN|FR","Without Sequence","100.00","",""
"04/07/2025 08:30:00 - 04/07/2025 08:45:00","BZN|FR","Without Sequence","100.00","",""
"04/07/2025 08:45:00 - 04/07/2025 09:00:00","BZN|FR","Without Sequence","100.00","",""
"04/07/2025 09:00:00 - 04/07/2025 09:15:00","BZN|FR","Without Sequence","91.15","",""
"04/07/2025 09:15:00 - 04/07/2025 09:30:00","BZN|FR","Without Sequence","91.15","",""
"04/07/2025 09:30:00 - 04/07/2025 09:45:00","BZN|FR","Without Sequence","91.15","",""
"04/07/2025 09:45:00 - 04/07/2025 10:00:00","BZN|FR","Without Sequence","91.15","",""
"04/07/2025 10:00:00 - 04/07/2025 10:15:00","BZN|FR","Without Sequence","70.01","",""
"04/07/2025 10:15:00 - 04/07/2025 10:30:00","BZN|FR","Without Sequence","70.01","",""
"04/07/2025 10:30:00 - 04/07/2025 10:45:00","BZN|FR","Without Sequence","70.01","",""
"04/07/2025 10:45:00 - 04/07/2025 11:00:00","BZN|FR","Without Sequence","70.01","",""
"04/07/2025 11:00:00 - 04/07/2025 11:15:00","BZN|FR","Without Sequence","20.64","",""
"04/07/2025 11:15:00 - 04/07/2025 11:30:00","BZN|FR","Without Sequence","20.64","",""
"04/07/2025 11:30:00 - 04/07/2025 11:45:00","BZN|FR","Without Sequence","20.64","",""
"04/07/2025 11:45:00 - 04/07/2025 12:00:00","BZN|FR","Without Sequence","20.64","",""
"04/07/2025 12:00:00 - 04/07/2025 12:15:00","BZN|FR","Without Sequence","22.64","",""
"04/07/2025 12:15:00 - 04/07/2025 12:30:00","BZN|FR","Without Sequence","22.64","",""
"04/07/2025 12:30:00 - 04/07/2025 12:45:00","BZN|FR","Without Sequence","22.64","",""
"04/07/2025 12:45:00 - 04/07/2025 13:00:00","BZN|FR","Without Sequence","22.64","",""
"04/07/2025 13:00:00 - 04/07/2025 13:15:00","BZN|FR","Without Sequence","12.34","",""
"04/07/2025 13:15:00 - 04/07/2025 13:30:00","BZN|FR","Without Sequence","12.34","",""
"04/07/2025 13:30:00 - 04/07/2025 13:45:00","BZN|FR","Without Sequence","12.34","",""
"04/07/2025 13:45:00 - 04/07/2025 14:00:00","BZN|FR","Without Sequence","12.34","",""
"04/07/2025 14:00:00 - 04/07/2025 14:15:00","BZN|FR","Without Sequence","12.20","",""
"04/07/2025 14:15:00 - 04/07/2025 14:30:00","BZN|FR","Without Sequence","12.20","",""
"04/07/2025 14:30:00 - 04/07/2025 14:45:00","BZN|FR","Without Sequence","12.20","",""
"04/07/2025 14:45:00 - 04/07/2025 15:00:00","BZN|FR","Without Sequence","12.20","",""
"04/07/2025 15:00:00 - 04/07/2025 15:15:00","BZN|FR","Without Sequence","25.20","",""
"04/07/2025 15:15:00 - 04/07/2025 15:30:00","BZN|FR","Without Sequence","25.20","",""
"04/07/2025 15:30:00 - 04/07/2025 15:45:00","BZN|FR","Without Sequence","25.20","",""
"04/07/2025 15:45:00 - 04/07/2025 16:00:00","BZN|FR","Without Sequence","25.20","",""
"04/07/2025 16:00:00 - 04/07/2025 16:15:00","BZN|FR","Without Sequence","21.88","",""
"04/07/2025 16:15:00 - 04/07/2025 16:30:00","BZN|FR","Without Sequence","21.88","",""
"04/07/2025 16:30:00 - 04/07/2025 16:45:00","BZN|FR","Without Sequence","21.88","",""
"04/07/2025 16:45:00 - 04/07/2025 17:00:00","BZN|FR","Without Sequence","21.88","",""
"04/07/2025 17:00:00 - 04/07/2025 17:15:00","BZN|FR","Without Sequence","62.04","",""
"04/07/2025 17:15:00 - 04/07/2025 17:30:00","BZN|FR","Without Sequence","62.04","",""
"04/07/2025 17:30:00 - 04/07/2025 17:45:00","BZN|FR","Without Sequence","62.04","",""
"04/07/2025 17:45:00 - 04/07/2025 18:00:00","BZN|FR","Without Sequence","62.04","",""
"04/07/2025 18:00:00 - 04/07/2025 18:15:00","BZN|FR","Without Sequence","90.02","",""
"04/07/2025 18:15:00 - 04/07/2025 18:30:00","BZN|FR","Without Sequence","90.02","",""
"04/07/2025 18:30:00 - 04/07/2025 18:45:00","BZN|FR","Without Sequence","90.02","",""
"04/07/2025 18:45:00 - 04/07/2025 19:00:00","BZN|FR","Without Sequence","90.02","",""
"04/07/2025 19:00:00 - 04/07/2025 19:15:00","BZN|FR","Without Sequence","108.50","",""
"04/07/2025 19:15:00 - 04/07/2025 19:30:00","BZN|FR","Without Sequence","108.50","",""
"04/07/2025 19:30:00 - 04/07/2025 19:45:00","BZN|FR","Without Sequence","108.50","",""
"04/07/2025 19:45:00 - 04/07/2025 20:00:00","BZN|FR","Without Sequence","108.50","",""
"04/07/2025 20:00:00 - 04/07/2025 20:15:00","BZN|FR","Without Sequence","111.60","",""
"04/07/2025 20:15:00 - 04/07/2025 20:30:00","BZN|FR","Without Sequence","111.60","",""
"04/07/2025 20:30:00 - 04/07/2025 20:45:00","BZN|FR","Without Sequence","111.60","",""
"04/07/2025 20:45:00 - 04/07/2025 21:00:00","BZN|FR","Without Sequence","111.60","",""
"04/07/2025 21:00:00 - 04/07/2025 21:15:00","BZN|FR","Without Sequence","109.13","",""
"04/07/2025 21:15:00 - 04/07/2025 21:30:00","BZN|FR","Without Sequence","109.13","",""
"04/07/2025 21:30:00 - 04/07/2025 21:45:00","BZN|FR","Without Sequence","109.13","",""
"04/07/2025 21:45:00 - 04/07/2025 22:00:00","BZN|FR","Without Sequence","109.13","",""
"04/07/2025 22:00:00 - 04/07/2025 22:15:00","BZN|FR","Without Sequence","111.80","",""
"04/07/2025 22:15:00 - 04/07/2025 22:30:00","BZN|FR","Without Sequence","111.80","",""
"04/07/2025 22:30:00 - 04/07/2025 22:45:00","BZN|FR","Without Sequence","111.80","",""
"04/07/2025 22:45:00 - 04/07/2025 23:00:00","BZN|FR","Without Sequence","111.80","",""
"04/07/2025 23:00:00 - 04/07/2025 23:15:00","BZN|FR","Without Sequence","96.25","",""
"04/07/2025 23:15:00 - 04/07/2025 23:30:00","BZN|FR","Without Sequence","96.25","",""
"04/07/2025 23:30:00 - 04/07/2025 23:45:00","BZN|FR","Without Sequence","96.25","",""
"04/07/2025 23:45:00 - 05/07/2025 00:00:00","BZN|FR","Without Sequence","96.25","",""
"05/07/2025 00:00:00 - 05/07/2025 00:15:00","BZN|FR","Without Sequence","41.53","",""
"05/07/2025 00:15:00 - 05/07/2025 00:30:00","BZN|FR","Without Sequence","41.53","",""
"05/07/2025 00:30:00 - 05/07/2025 00:45:00","BZN|FR","Without Sequence","41.53","",""
"05/07/2025 00:45:00 - 05/07/2025 01:00:00","BZN|FR","Without Sequence","41.53","",""
"05/07/2025 01:00:00 - 05/07/2025 01:15:00","BZN|FR","Without Sequence","36.29","",""
"05/07/2025 01:15:00 - 05/07/2025 01:30:00","BZN|FR","Without Sequence","36.29","",""
"05/07/2025 01:30:00 - 05/07/2025 01:45:00","BZN|FR","Without Sequence","36.29","",""
"05/07/2025 01:45:00 - 05/07/2025 02:00:00","BZN|FR","Without Sequence","36.29","",""
"05/07/2025 02:00:00 - 05/07/2025 02:15:00","BZN|FR","Without Sequence","37.33","",""
"05/07/2025 02:15:00 - 05/07/2025 02:30:00","BZN|FR","Without Sequence","37.33","",""
"05/07/2025 02:30:00 - 05/07/2025 02:45:00","BZN|FR","Without Sequence","37.33","",""
"05/07/2025 02:45:00 - 05/07/2025 03:00:00","BZN|FR","Without Sequence","37.33","",""
"05/07/2025 03:00:00 - 05/07/2025 03:15:00","BZN|FR","Without Sequence","30.42","",""
"05/07/2025 03:15:00 - 05/07/2025 03:30:00","BZN|FR","Without Sequence","30.42","",""
"05/07/2025 03:30:00 - 05/07/2025 03:45:00","BZN|FR","Without Sequence","30.42","",""
"05/07/2025 03:45:00 - 05/07/2025 04:00:00","BZN|FR","Without Sequence","30.42","",""
"05/07/2025 04:00:00 - 05/07/2025 04:15:00","BZN|FR","Without Sequence","30.27","",""
"05/07/2025 04:15:00 - 05/07/2025 04:30:00","BZN|FR","Without Sequence","30.27","",""
"05/07/2025 04:30:00 - 05/07/2025 04:45:00","BZN|FR","Without Sequence","30.27","",""
"05/07/2025 04:45:00 - 05/07/2025 05:00:00","BZN|FR","Without Sequence","30.27","",""
"05/07/2025 05:00:00 - 05/07/2025 05:15:00","BZN|FR","Without Sequence","28.73","",""
"05/07/2025 05:15:00 - 05/07/2025 05:30:00","BZN|FR","Without Sequence","28.73","",""
"05/07/2025 05:30:00 - 05/07/2025 05:45:00","BZN|FR","Without Sequence","28.73","",""
"05/07/2025 05:45:00 - 05/07/2025 06:00:00","BZN|FR","Without Sequence","28.73","",""
"05/07/2025 06:00:00 - 05/07/2025 06:15:00","BZN|FR","Without Sequence","28.08","",""
"05/07/2025 06:15:00 - 05/07/2025 06:30:00","BZN|FR","Without Sequence","28.08","",""
"05/07/2025 06:30:00 - 05/07/2025 06:45:00","BZN|FR","Without Sequence","28.08","",""
"05/07/2025 06:45:00 - 05/07/2025 07:00:00","BZN|FR","Without Sequence","28.08","",""
"05/07/2025 07:00:00 - 05/07/2025 07:15:00","BZN|FR","Without Sequence","39.34","",""
"05/07/2025 07:15:00 - 05/07/2025 07:30:00","BZN|FR","Without Sequence","39.34","",""
"05/07/2025 07:30:00 - 05/07/2025 07:45:00","BZN|FR","Without Sequence","39.34","",""
"05/07/2025 07:45:00 - 05/07/2025 08:00:00","BZN|FR","Without Sequence","39.34","",""
"05/07/2025 08:00:00 - 05/07/2025 08:15:00","BZN|FR","Without Sequence","17.86","",""
"05/07/2025 08:15:00 - 05/07/2025 08:30:00","BZN|FR","Without Sequence","17.86","",""
"05/07/2025 08:30:00 - 05/07/2025 08:45:00","BZN|FR","Without Sequence","17.86","",""
"05/07/2025 08:45:00 - 05/07/2025 09:00:00","BZN|FR","Without Sequence","17.86","",""
"05/07/2025 09:00:00 - 05/07/2025 09:15:00","BZN|FR","Without Sequence","3.34","",""
"05/07/2025 09:15:00 - 05/07/2025 09:30:00","BZN|FR","Without Sequence","3.34","",""
"05/07/2025 09:30:00 - 05/07/2025 09:45:00","BZN|FR","Without Sequence","3.34","",""
"05/07/2025 09:45:00 - 05/07/2025 10:00:00","BZN|FR","Without Sequence","3.34","",""
"05/07/2025 10:00:00 - 05/07/2025 10:15:00","BZN|FR","Without Sequence","0.00","",""
"05/07/2025 10:15:00 - 05/07/2025 10:30:00","BZN|FR","Without Sequence","0.00","",""
"05/07/2025 10:30:00 - 05/07/2025 10:45:00","BZN|FR","Without Sequence","0.00","",""
"05/07/2025 10:45:00 - 05/07/2025 11:00:00","BZN|FR","Without Sequence","0.00","",""
"05/07/2025 11:00:00 - 05/07/2025 11:15:00","BZN|FR","Without Sequence","-0.01","",""
"05/07/2025 11:15:00 - 05/07/2025 11:30:00","BZN|FR","Without Sequence","-0.01","",""
"05/07/2025 11:30:00 - 05/07/2025 11:45:00","BZN|FR","Without Sequence","-0.01","",""
"05/07/2025 11:45:00 - 05/07/2025 12:00:00","BZN|FR","Without Sequence","-0.01","",""
"05/07/2025 12:00:00 - 05/07/2025 12:15:00","BZN|FR","Without Sequence","-0.02","",""
"05/07/2025 12:15:00 - 05/07/2025 12:30:00","BZN|FR","Without Sequence","-0.02","",""
"05/07/2025 12:30:00 - 05/07/2025 12:45:00","BZN|FR","Without Sequence","-0.02","",""
"05/07/2025 12:45:00 - 05/07/2025 13:00:00","BZN|FR","Without Sequence","-0.02","",""
"05/07/2025 13:00:00 - 05/07/2025 13:15:00","BZN|FR","Without Sequence","-0.10","",""
"05/07/2025 13:15:00 - 05/07/2025 13:30:00","BZN|FR","Without Sequence","-0.10","",""
"05/07/2025 13:30:00 - 05/07/2025 13:45:00","BZN|FR","Without Sequence","-0.10","",""
"05/07/2025 13:45:00 - 05/07/2025 14:00:00","BZN|FR","Without Sequence","-0.10","",""
"05/07/2025 14:00:00 - 05/07/2025 14:15:00","BZN|FR","Without Sequence","-0.11","",""
"05/07/2025 14:15:00 - 05/07/2025 14:30:00","BZN|FR","Without Sequence","-0.11","",""
"05/07/2025 14:30:00 - 05/07/2025 14:45:00","BZN|FR","Without Sequence","-0.11","",""
"05/07/2025 14:45:00 - 05/07/2025 15:00:00","BZN|FR","Without Sequence","-0.11","",""
"05/07/2025 15:00:00 - 05/07/2025 15:15:00","BZN|FR","Without Sequence","-0.02","",""
"05/07/2025 15:15:00 - 05/07/2025 15:30:00","BZN|FR","Without Sequence","-0.02","",""
"05/07/2025 15:30:00 - 05/07/2025 15:45:00","BZN|FR","Without Sequence","-0.02","",""
"05/07/2025 15:45:00 - 05/07/2025 16:00:00","BZN|FR","Without Sequence","-0.02","",""
"05/07/2025 16:00:00 - 05/07/2025 16:15:00","BZN|FR","Without Sequence","0.37","",""
"05/07/2025 16:15:00 - 05/07/2025 16:30:00","BZN|FR","Without Sequence","0.37","",""
"05/07/2025 16:30:00 - 05/07/2025 16:45:00","BZN|FR","Without Sequence","0.37","",""
"05/07/2025 16:45:00 - 05/07/2025 17:00:00","BZN|FR","Without Sequence","0.37","",""
"05/07/2025 17:00:00 - 05/07/2025 17:15:00","BZN|FR","Without Sequence","6.20","",""
"05/07/2025 17:15:00 - 05/07/2025 17:30:00","BZN|FR","Without Sequence","6.20","",""
"05/07/2025 17:30:00 - 05/07/2025 17:45:00","BZN|FR","Without Sequence","6.20","",""
"05/07/2025 17:45:00 - 05/07/2025 18:00:00","BZN|FR","Without Sequence","6.20","",""
"05/07/2025 18:00:00 - 05/07/2025 18:15:00","BZN|FR","Without Sequence","41.25","",""
"05/07/2025 18:15:00 - 05/07/2025 18:30:00","BZN|FR","Without Sequence","41.25","",""
"05/07/2025 18:30:00 - 05/07/2025 18:45:00","BZN|FR","Without Sequence","41.25","",""
"05/07/2025 18:45:00 - 05/07/2025 19:00:00","BZN|FR","Without Sequence","41.25","",""
"05/07/2025 19:00:00 - 05/07/2025 19:15:00","BZN|FR","Without Sequence","75.04","",""
"05/07/2025 19:15:00 - 05/07/2025 19:30:00","BZN|FR","Without Sequence","75.04","",""
"05/07/2025 19:30:00 - 05/07/2025 19:45:00","BZN|FR","Without Sequence","75.04","",""
"05/07/2025 19:45:00 - 05/07/2025 20:00:00","BZN|FR","Without Sequence","75.04","",""
"05/07/2025 20:00:00 - 05/07/2025 20:15:00","BZN|FR","Without Sequence","67.67","",""
"05/07/2025 20:15:00 - 05/07/2025 20:30:00","BZN|FR","Without Sequence","67.67","",""
"05/07/2025 20:30:00 - 05/07/2025 20:45:00","BZN|FR","Without Sequence","67.67","",""
"05/07/2025 20:45:00 - 05/07/2025 21:00:00","BZN|FR","Without Sequence","67.67","",""
"05/07/2025 21:00:00 - 05/07/2025 21:15:00","BZN|FR","Without Sequence","72.74","",""
"05/07/2025 21:15:00 - 05/07/2025 21:30:00","BZN|FR","Without Sequence","72.74","",""
"05/07/2025 21:30:00 - 05/07/2025 21:45:00","BZN|FR","Without Sequence","72.74","",""
"05/07/2025 21:45:00 - 05/07/2025 22:00:00","BZN|FR","Without Sequence","72.74","",""
"05/07/2025 22:00:00 - 05/07/2025 22:15:00","BZN|FR","Without Sequence","100.32","",""
"05/07/2025 22:15:00 - 05/07/2025 22:30:00","BZN|FR","Without Sequence","100.32","",""
"05/07/2025 22:30:00 - 05/07/2025 22:45:00","BZN|FR","Without Sequence","100.32","",""
"05/07/2025 22:45:00 - 05/07/2025 23:00:00","BZN|FR","Without Sequence","100.32","",""
"05/07/2025 23:00:00 - 05/07/2025 23:15:00","BZN|FR","Without Sequence","94.02","",""
"05/07/2025 23:15:00 - 05/07/2025 23:30:00","BZN|FR","Without Sequence","94.02","",""
"05/07/2025 23:30:00 - 05/07/2025 23:45:00","BZN|FR","Without Sequence","94.02","",""
"05/07/2025 23:45:00 - 06/07/2025 00:00:00","BZN|FR","Without Sequence","94.02","",""
"06/07/2025 00:00:00 - 06/07/2025 00:15:00","BZN|FR","Without Sequence","86.18","",""
"06/07/2025 00:15:00 - 06/07/2025 00:30:00","BZN|FR","Without Sequence","86.18","",""
"06/07/2025 00:30:00 - 06/07/2025 00:45:00","BZN|FR","Without Sequence","86.18","",""
"06/07/2025 00:45:00 - 06/07/2025 01:00:00","BZN|FR","Without Sequence","86.18","",""
"06/07/2025 01:00:00 - 06/07/2025 01:15:00","BZN|FR","Without Sequence","72.55","",""
"06/07/2025 01:15:00 - 06/07/2025 01:30:00","BZN|FR","Without Sequence","72.55","",""
"06/07/2025 01:30:00 - 06/07/2025 01:45:00","BZN|FR","Without Sequence","72.55","",""
"06/07/2025 01:45:00 - 06/07/2025 02:00:00","BZN|FR","Without Sequence","72.55","",""
"06/07/2025 02:00:00 - 06/07/2025 02:15:00","BZN|FR","Without Sequence","57.04","",""
"06/07/2025 02:15:00 - 06/07/2025 02:30:00","BZN|FR","Without Sequence","57.04","",""
"06/07/2025 02:30:00 - 06/07/2025 02:45:00","BZN|FR","Without Sequence","57.04","",""
"06/07/2025 02:45:00 - 06/07/2025 03:00:00","BZN|FR","Without Sequence","57.04","",""
"06/07/2025 03:00:00 - 06/07/2025 03:15:00","BZN|FR","Without Sequence","41.43","",""
"06/07/2025 03:15:00 - 06/07/2025 03:30:00","BZN|FR","Without Sequence","41.43","",""
"06/07/2025 03:30:00 - 06/07/2025 03:45:00","BZN|FR","Without Sequence","41.43","",""
"06/07/2025 03:45:00 - 06/07/2025 04:00:00","BZN|FR","Without Sequence","41.43","",""
"06/07/2025 04:00:00 - 06/07/2025 04:15:00","BZN|FR","Without Sequence","39.28","",""
"06/07/2025 04:15:00 - 06/07/2025 04:30:00","BZN|FR","Without Sequence","39.28","",""
"06/07/2025 04:30:00 - 06/07/2025 04:45:00","BZN|FR","Without Sequence","39.28","",""
"06/07/2025 04:45:00 - 06/07/2025 05:00:00","BZN|FR","Without Sequence","39.28","",""
"06/07/2025 05:00:00 - 06/07/2025 05:15:00","BZN|FR","Without Sequence","36.98","",""
"06/07/2025 05:15:00 - 06/07/2025 05:30:00","BZN|FR","Without Sequence","36.98","",""
"06/07/2025 05:30:00 - 06/07/2025 05:45:00","BZN|FR","Without Sequence","36.98","",""
"06/07/2025 05:45:00 - 06/07/2025 06:00:00","BZN|FR","Without Sequence","36.98","",""
"06/07/2025 06:00:00 - 06/07/2025 06:15:00","BZN|FR","Without Sequence","33.94","",""
"06/07/2025 06:15:00 - 06/07/2025 06:30:00","BZN|FR","Without Sequence","33.94","",""
"06/07/2025 06:30:00 - 06/07/2025 06:45:00","BZN|FR","Without Sequence","33.94","",""
"06/07/2025 06:45:00 - 06/07/2025 07:00:00","BZN|FR","Without Sequence","33.94","",""
"06/07/2025 07:00:00 - 06/07/2025 07:15:00","BZN|FR","Without Sequence","32.11","",""
"06/07/2025 07:15:00 - 06/07/2025 07:30:00","BZN|FR","Without Sequence","32.11","",""
"06/07/2025 07:30:00 - 06/07/2025 07:45:00","BZN|FR","Without Sequence","32.11","",""
"06/07/2025 07:45:00 - 06/07/2025 08:00:00","BZN|FR","Without Sequence","32.11","",""
"06/07/2025 08:00:00 - 06/07/2025 08:15:00","BZN|FR","Without Sequence","35.35","",""
"06/07/2025 08:15:00 - 06/07/2025 08:30:00","BZN|FR","Without Sequence","35.35","",""
"06/07/2025 08:30:00 - 06/07/2025 08:45:00","BZN|FR","Without Sequence","35.35","",""
"06/07/2025 08:45:00 - 06/07/2025 09:00:00","BZN|FR","Without Sequence","35.35","",""
"06/07/2025 09:00:00 - 06/07/2025 09:15:00","BZN|FR","Without Sequence","11.14","",""
"06/07/2025 09:15:00 - 06/07/2025 09:30:00","BZN|FR","Without Sequence","11.14","",""
"06/07/2025 09:30:00 - 06/07/2025 09:45:00","BZN|FR","Without Sequence","11.14","",""
"06/07/2025 09:45:00 - 06/07/2025 10:00:00","BZN|FR","Without Sequence","11.14","",""
"06/07/2025 10:00:00 - 06/07/2025 10:15:00","BZN|FR","Without Sequence","18.49","",""
"06/07/2025 10:15:00 - 06/07/2025 10:30:00","BZN|FR","Without Sequence","18.49","",""
"06/07/2025 10:30:00 - 06/07/2025 10:45:00","BZN|FR","Without Sequence","18.49","",""
"06/07/2025 10:45:00 - 06/07/2025 11:00:00","BZN|FR","Without Sequence","18.49","",""
"06/07/2025 11:00:00 - 06/07/2025 11:15:00","BZN|FR","Without Sequence","14.94","",""
"06/07/2025 11:15:00 - 06/07/2025 11:30:00","BZN|FR","Without Sequence","14.94","",""
"06/07/2025 11:30:00 - 06/07/2025 11:45:00","BZN|FR","Without Sequence","14.94","",""
"06/07/2025 11:45:00 - 06/07/2025 12:00:00","BZN|FR","Without Sequence","14.94","",""
"06/07/2025 12:00:00 - 06/07/2025 12:15:00","BZN|FR","Without Sequence","12.69","",""
"06/07/2025 12:15:00 - 06/07/2025 12:30:00","BZN|FR","Without Sequence","12.69","",""
"06/07/2025 12:30:00 - 06/07/2025 12:45:00","BZN|FR","Without Sequence","12.69","",""
"06/07/2025 12:45:00 - 06/07/2025 13:00:00","BZN|FR","Without Sequence","12.69","",""
"06/07/2025 13:00:00 - 06/07/2025 13:15:00","BZN|FR","Without Sequence","9.58","",""
"06/07/2025 13:15:00 - 06/07/2025 13:30:00","BZN|FR","Without Sequence","9.58","",""
"06/07/2025 13:30:00 - 06/07/2025 13:45:00","BZN|FR","Without Sequence","9.58","",""
"06/07/2025 13:45:00 - 06/07/2025 14:00:00","BZN|FR","Without Sequence","9.58","",""
"06/07/2025 14:00:00 - 06/07/2025 14:15:00","BZN|FR","Without Sequence","2.99","",""
"06/07/2025 14:15:00 - 06/07/2025 14:30:00","BZN|FR","Without Sequence","2.99","",""
"06/07/2025 14:30:00 - 06/07/2025 14:45:00","BZN|FR","Without Sequence","2.99","",""
"06/07/2025 14:45:00 - 06/07/2025 15:00:00","BZN|FR","Without Sequence","2.99","",""
"06/07/2025 15:00:00 - 06/07/2025 15:15:00","BZN|FR","Without Sequence","0.65","",""
"06/07/2025 15:15:00 - 06/07/2025 15:30:00","BZN|FR","Without Sequence","0.65","",""
"06/07/2025 15:30:00 - 06/07/2025 15:45:00","BZN|FR","Without Sequence","0.65","",""
"06/07/2025 15:45:00 - 06/07/2025 16:00:00","BZN|FR","Without Sequence","0.65","",""
"06/07/2025 16:00:00 - 06/07/2025 16:15:00","BZN|FR","Without Sequence","0.65","",""
"06/07/2025 16:15:00 - 06/07/2025 16:30:00","BZN|FR","Without Sequence","0.65","",""
"06/07/2025 16:30:00 - 06/07/2025 16:45:00","BZN|FR","Without Sequence","0.65","",""
"06/07/2025 16:45:00 - 06/07/2025 17:00:00","BZN|FR","Without Sequence","0.65","",""
"06/07/2025 17:00:00 - 06/07/2025 17:15:00","BZN|FR","Without Sequence","0.65","",""
"06/07/2025 17:15:00 - 06/07/2025 17:30:00","BZN|FR","Without Sequence","0.65","",""
"06/07/2025 17:30:00 - 06/07/2025 17:45:00","BZN|FR","Without Sequence","0.65","",""
"06/07/2025 17:45:00 - 06/07/2025 18:00:00","BZN|FR","Without Sequence","0.65","",""
"06/07/2025 18:00:00 - 06/07/2025 18:15:00","BZN|FR","Without Sequence","11.22","",""
"06/07/2025 18:15:00 - 06/07/2025 18:30:00","BZN|FR","Without Sequence","11.22","",""
"06/07/2025 18:30:00 - 06/07/2025 18:45:00","BZN|FR","Without Sequence","11.22","",""
"06/07/2025 18:45:00 - 06/07/2025 19:00:00","BZN|FR","Without Sequence","11.22","",""
"06/07/2025 19:00:00 - 06/07/2025 19:15:00","BZN|FR","Without Sequence","31.53","",""
"06/07/2025 19:15:00 - 06/07/2025 19:30:00","BZN|FR","Without Sequence","31.53","",""
"06/07/2025 19:30:00 - 06/07/2025 19:45:00","BZN|FR","Without Sequence","31.53","",""
"06/07/2025 19:45:00 - 06/07/2025 20:00:00","BZN|FR","Without Sequence","31.53","",""
"06/07/2025 20:00:00 - 06/07/2025 20:15:00","BZN|FR","Without Sequence","31.61","",""
"06/07/2025 20:15:00 - 06/07/2025 20:30:00","BZN|FR","Without Sequence","31.61","",""
"06/07/2025 20:30:00 - 06/07/2025 20:45:00","BZN|FR","Without Sequence","31.61","",""
"06/07/2025 20:45:00 - 06/07/2025 21:00:00","BZN|FR","Without Sequence","31.61","",""
"06/07/2025 21:00:00 - 06/07/2025 21:15:00","BZN|FR","Without Sequence","35.61","",""
"06/07/2025 21:15:00 - 06/07/2025 21:30:00","BZN|FR","Without Sequence","35.61","",""
"06/07/2025 21:30:00 - 06/07/2025 21:45:00","BZN|FR","Without Sequence","35.61","",""
"06/07/2025 21:45:00 - 06/07/2025 22:00:00","BZN|FR","Without Sequence","35.61","",""
"06/07/2025 22:00:00 - 06/07/2025 22:15:00","BZN|FR","Without Sequence","70.19","",""
"06/07/2025 22:15:00 - 06/07/2025 22:30:00","BZN|FR","Without Sequence","70.19","",""
"06/07/2025 22:30:00 - 06/07/2025 22:45:00","BZN|FR","Without Sequence","70.19","",""
"06/07/2025 22:45:00 - 06/07/2025 23:00:00","BZN|FR","Without Sequence","70.19","",""
"06/07/2025 23:00:00 - 06/07/2025 23:15:00","BZN|FR","Without Sequence","71.44","",""
"06/07/2025 23:15:00 - 06/07/2025 23:30:00","BZN|FR","Without Sequence","71.44","",""
"06/07/2025 23:30:00 - 06/07/2025 23:45:00","BZN|FR","Without Sequence","71.44","",""
"06/07/2025 23:45:00 - 07/07/2025 00:00:00","BZN|FR","Without Sequence","71.44","",""
"07/07/2025 00:00:00 - 07/07/2025 00:15:00","BZN|FR","Without Sequence","46.35","",""
"07/07/2025 00:15:00 - 07/07/2025 00:30:00","BZN|FR","Without Sequence","46.35","",""
"07/07/2025 00:30:00 - 07/07/2025 00:45:00","BZN|FR","Without Sequence","46.35","",""
"07/07/2025 00:45:00 - 07/07/2025 01:00:00","BZN|FR","Without Sequence","46.35","",""
"07/07/2025 01:00:00 - 07/07/2025 01:15:00","BZN|FR","Without Sequence","35.82","",""
"07/07/2025 01:15:00 - 07/07/2025 01:30:00","BZN|FR","Without Sequence","35.82","",""
"07/07/2025 01:30:00 - 07/07/2025 01:45:00","BZN|FR","Without Sequence","35.82","",""
"07/07/2025 01:45:00 - 07/07/2025 02:00:00","BZN|FR","Without Sequence","35.82","",""
"07/07/2025 02:00:00 - 07/07/2025 02:15:00","BZN|FR","Without Sequence","38.15","",""
"07/07/2025 02:15:00 - 07/07/2025 02:30:00","BZN|FR","Without Sequence","38.15","",""
"07/07/2025 02:30:00 - 07/07/2025 02:45:00","BZN|FR","Without Sequence","38.15","",""
"07/07/2025 02:45:00 - 07/07/2025 03:00:00","BZN|FR","Without Sequence","38.15","",""
"07/07/2025 03:00:00 - 07/07/2025 03:15:00","BZN|FR","Without Sequence","25.44","",""
"07/07/2025 03:15:00 - 07/07/2025 03:30:00","BZN|FR","Without Sequence","25.44","",""
"07/07/2025 03:30:00 - 07/07/2025 03:45:00","BZN|FR","Without Sequence","25.44","",""
"07/07/2025 03:45:00 - 07/07/2025 04:00:00","BZN|FR","Without Sequence","25.44","",""
"07/07/2025 04:00:00 - 07/07/2025 04:15:00","BZN|FR","Without Sequence","29.20","",""
"07/07/2025 04:15:00 - 07/07/2025 04:30:00","BZN|FR","Without Sequence","29.20","",""
"07/07/2025 04:30:00 - 07/07/2025 04:45:00","BZN|FR","Without Sequence","29.20","",""
"07/07/2025 04:45:00 - 07/07/2025 05:00:00","BZN|FR","Without Sequence","29.20","",""
"07/07/2025 05:00:00 - 07/07/2025 05:15:00","BZN|FR","Without Sequence","35.85","",""
"07/07/2025 05:15:00 - 07/07/2025 05:30:00","BZN|FR","Without Sequence","35.85","",""
"07/07/2025 05:30:00 - 07/07/2025 05:45:00","BZN|FR","Without Sequence","35.85","",""
"07/07/2025 05:45:00 - 07/07/2025 06:00:00","BZN|FR","Without Sequence","35.85","",""
"07/07/2025 06:00:00 - 07/07/2025 06:15:00","BZN|FR","Without Sequence","40.46","",""
"07/07/2025 06:15:00 - 07/07/2025 06:30:00","BZN|FR","Without Sequence","40.46","",""
"07/07/2025 06:30:00 - 07/07/2025 06:45:00","BZN|FR","Without Sequence","40.46","",""
"07/07/2025 06:45:00 - 07/07/2025 07:00:00","BZN|FR","Without Sequence","40.46","",""
"07/07/2025 07:00:00 - 07/07/2025 07:15:00","BZN|FR","Without Sequence","38.13","",""
"07/07/2025 07:15:00 - 07/07/2025 07:30:00","BZN|FR","Without Sequence","38.13","",""
"07/07/2025 07:30:00 - 07/07/2025 07:45:00","BZN|FR","Without Sequence","38.13","",""
"07/07/2025 07:45:00 - 07/07/2025 08:00:00","BZN|FR","Without Sequence","38.13","",""
"07/07/2025 08:00:00 - 07/07/2025 08:15:00","BZN|FR","Without Sequence","58.71","",""
"07/07/2025 08:15:00 - 07/07/2025 08:30:00","BZN|FR","Without Sequence","58.71","",""
"07/07/2025 08:30:00 - 07/07/2025 08:45:00","BZN|FR","Without Sequence","58.71","",""
"07/07/2025 08:45:00 - 07/07/2025 09:00:00","BZN|FR","Without Sequence","58.71","",""
"07/07/2025 09:00:00 - 07/07/2025 09:15:00","BZN|FR","Without Sequence","57.50","",""
"07/07/2025 09:15:00 - 07/07/2025 09:30:00","BZN|FR","Without Sequence","57.50","",""
"07/07/2025 09:30:00 - 07/07/2025 09:45:00","BZN|FR","Without Sequence","57.50","",""
"07/07/2025 09:45:00 - 07/07/2025 10:00:00","BZN|FR","Without Sequence","57.50","",""
"07/07/2025 10:00:00 - 07/07/2025 10:15:00","BZN|FR","Without Sequence","37.50","",""
"07/07/2025 10:15:00 - 07/07/2025 10:30:00","BZN|FR","Without Sequence","37.50","",""
"07/07/2025 10:30:00 - 07/07/2025 10:45:00","BZN|FR","Without Sequence","37.50","",""
"07/07/2025 10:45:00 - 07/07/2025 11:00:00","BZN|FR","Without Sequence","37.50","",""
"07/07/2025 11:00:00 - 07/07/2025 11:15:00","BZN|FR","Without Sequence","18.01","",""
"07/07/2025 11:15:00 - 07/07/2025 11:30:00","BZN|FR","Without Sequence","18.01","",""
"07/07/2025 11:30:00 - 07/07/2025 11:45:00","BZN|FR","Without Sequence","18.01","",""
"07/07/2025 11:45:00 - 07/07/2025 12:00:00","BZN|FR","Without Sequence","18.01","",""
"07/07/2025 12:00:00 - 07/07/2025 12:15:00","BZN|FR","Without Sequence","26.99","",""
"07/07/2025 12:15:00 - 07/07/2025 12:30:00","BZN|FR","Without Sequence","26.99","",""
"07/07/2025 12:30:00 - 07/07/2025 12:45:00","BZN|FR","Without Sequence","26.99","",""
"07/07/2025 12:45:00 - 07/07/2025 13:00:00","BZN|FR","Without Sequence","26.99","",""
"07/07/2025 13:00:00 - 07/07/2025 13:15:00","BZN|FR","Without Sequence","8.13","",""
"07/07/2025 13:15:00 - 07/07/2025 13:30:00","BZN|FR","Without Sequence","8.13","",""
"07/07/2025 13:30:00 - 07/07/2025 13:45:00","BZN|FR","Without Sequence","8.13","",""
"07/07/2025 13:45:00 - 07/07/2025 14:00:00","BZN|FR","Without Sequence","8.13","",""
"07/07/2025 14:00:00 - 07/07/2025 14:15:00","BZN|FR","Without Sequence","8.70","",""
"07/07/2025 14:15:00 - 07/07/2025 14:30:00","BZN|FR","Without Sequence","8.70","",""
"07/07/2025 14:30:00 - 07/07/2025 14:45:00","BZN|FR","Without Sequence","8.70","",""
"07/07/2025 14:45:00 - 07/07/2025 15:00:00","BZN|FR","Without Sequence","8.70","",""
"07/07/2025 15:00:00 - 07/07/2025 15:15:00","BZN|FR","Without Sequence","5.00","",""
"07/07/2025 15:15:00 - 07/07/2025 15:30:00","BZN|FR","Without Sequence","5.00","",""
"07/07/2025 15:30:00 - 07/07/2025 15:45:00","BZN|FR","Without Sequence","5.00","",""
"07/07/2025 15:45:00 - 07/07/2025 16:00:00","BZN|FR","Without Sequence","5.00","",""
"07/07/2025 16:00:00 - 07/07/2025 16:15:00","BZN|FR","Without Sequence","3.60","",""
"07/07/2025 16:15:00 - 07/07/2025 16:30:00","BZN|FR","Without Sequence","3.60","",""
"07/07/2025 16:30:00 - 07/07/2025 16:45:00","BZN|FR","Without Sequence","3.60","",""
"07/07/2025 16:45:00 - 07/07/2025 17:00:00","BZN|FR","Without Sequence","3.60","",""
"07/07/2025 17:00:00 - 07/07/2025 17:15:00","BZN|FR","Without Sequence","4.31","",""
"07/07/2025 17:15:00 - 07/07/2025 17:30:00","BZN|FR","Without Sequence","4.31","",""
"07/07/2025 17:30:00 - 07/07/2025 17:45:00","BZN|FR","Without Sequence","4.31","",""
"07/07/2025 17:45:00 - 07/07/2025 18:00:00","BZN|FR","Without Sequence","4.31","",""
"07/07/2025 18:00:00 - 07/07/2025 18:15:00","BZN|FR","Without Sequence","34.47","",""
"07/07/2025 18:15:00 - 07/07/2025 18:30:00","BZN|FR","Without Sequence","34.47","",""
"07/07/2025 18:30:00 - 07/07/2025 18:45:00","BZN|FR","Without Sequence","34.47","",""
"07/07/2025 18:45:00 - 07/07/2025 19:00:00","BZN|FR","Without Sequence","34.47","",""
"07/07/2025 19:00:00 - 07/07/2025 19:15:00","BZN|FR","Without Sequence","54.37","",""
"07/07/2025 19:15:00 - 07/07/2025 19:30:00","BZN|FR","Without Sequence","54.37","",""
"07/07/2025 19:30:00 - 07/07/2025 19:45:00","BZN|FR","Without Sequence","54.37","",""
"07/07/2025 19:45:00 - 07/07/2025 20:00:00","BZN|FR","Without Sequence","54.37","",""
"07/07/2025 20:00:00 - 07/07/2025 20:15:00","BZN|FR","Without Sequence","50.20","",""
"07/07/2025 20:15:00 - 07/07/2025 20:30:00","BZN|FR","Without Sequence","50.20","",""
"07/07/2025 20:30:00 - 07/07/2025 20:45:00","BZN|FR","Without Sequence","50.20","",""
"07/07/2025 20:45:00 - 07/07/2025 21:00:00","BZN|FR","Without Sequence","50.20","",""
"07/07/2025 21:00:00 - 07/07/2025 21:15:00","BZN|FR","Without Sequence","54.66","",""
"07/07/2025 21:15:00 - 07/07/2025 21:30:00","BZN|FR","Without Sequence","54.66","",""
"07/07/2025 21:30:00 - 07/07/2025 21:45:00","BZN|FR","Without Sequence","54.66","",""
"07/07/2025 21:45:00 - 07/07/2025 22:00:00","BZN|FR","Without Sequence","54.66","",""
"07/07/2025 22:00:00 - 07/07/2025 22:15:00","BZN|FR","Without Sequence","92.27","",""
"07/07/2025 22:15:00 - 07/07/2025 22:30:00","BZN|FR","Without Sequence","92.27","",""
"07/07/2025 22:30:00 - 07/07/2025 22:45:00","BZN|FR","Without Sequence","92.27","",""
"07/07/2025 22:45:00 - 07/07/2025 23:00:00","BZN|FR","Without Sequence","92.27","",""
"07/07/2025 23:00:00 - 07/07/2025 23:15:00","BZN|FR","Without Sequence","78.98","",""
"07/07/2025 23:15:00 - 07/07/2025 23:30:00","BZN|FR","Without Sequence","78.98","",""
"07/07/2025 23:30:00 - 07/07/2025 23:45:00","BZN|FR","Without Sequence","78.98","",""
"07/07/2025 23:45:00 - 08/07/2025 00:00:00","BZN|FR","Without Sequence","78.98","",""
"08/07/2025 00:00:00 - 08/07/2025 00:15:00","BZN|FR","Without Sequence","61.85","",""
"08/07/2025 00:15:00 - 08/07/2025 00:30:00","BZN|FR","Without Sequence","61.85","",""
"08/07/2025 00:30:00 - 08/07/2025 00:45:00","BZN|FR","Without Sequence","61.85","",""
"08/07/2025 00:45:00 - 08/07/2025 01:00:00","BZN|FR","Without Sequence","61.85","",""
"08/07/2025 01:00:00 - 08/07/2025 01:15:00","BZN|FR","Without Sequence","43.45","",""
"08/07/2025 01:15:00 - 08/07/2025 01:30:00","BZN|FR","Without Sequence","43.45","",""
"08/07/2025 01:30:00 - 08/07/2025 01:45:00","BZN|FR","Without Sequence","43.45","",""
"08/07/2025 01:45:00 - 08/07/2025 02:00:00","BZN|FR","Without Sequence","43.45","",""
"08/07/2025 02:00:00 - 08/07/2025 02:15:00","BZN|FR","Without Sequence","39.17","",""
"08/07/2025 02:15:00 - 08/07/2025 02:30:00","BZN|FR","Without Sequence","39.17","",""
"08/07/2025 02:30:00 - 08/07/2025 02:45:00","BZN|FR","Without Sequence","39.17","",""
"08/07/2025 02:45:00 - 08/07/2025 03:00:00","BZN|FR","Without Sequence","39.17","",""
"08/07/2025 03:00:00 - 08/07/2025 03:15:00","BZN|FR","Without Sequence","31.81","",""
"08/07/2025 03:15:00 - 08/07/2025 03:30:00","BZN|FR","Without Sequence","31.81","",""
"08/07/2025 03:30:00 - 08/07/2025 03:45:00","BZN|FR","Without Sequence","31.81","",""
"08/07/2025 03:45:00 - 08/07/2025 04:00:00","BZN|FR","Without Sequence","31.81","",""
"08/07/2025 04:00:00 - 08/07/2025 04:15:00","BZN|FR","Without Sequence","31.91","",""
"08/07/2025 04:15:00 - 08/07/2025 04:30:00","BZN|FR","Without Sequence","31.91","",""
"08/07/2025 04:30:00 - 08/07/2025 04:45:00","BZN|FR","Without Sequence","31.91","",""
"08/07/2025 04:45:00 - 08/07/2025 05:00:00","BZN|FR","Without Sequence","31.91","",""
"08/07/2025 05:00:00 - 08/07/2025 05:15:00","BZN|FR","Without Sequence","30.10","",""
"08/07/2025 05:15:00 - 08/07/2025 05:30:00","BZN|FR","Without Sequence","30.10","",""
"08/07/2025 05:30:00 - 08/07/2025 05:45:00","BZN|FR","Without Sequence","30.10","",""
"08/07/2025 05:45:00 - 08/07/2025 06:00:00","BZN|FR","Without Sequence","30.10","",""
"08/07/2025 06:00:00 - 08/07/2025 06:15:00","BZN|FR","Without Sequence","38.52","",""
"08/07/2025 06:15:00 - 08/07/2025 06:30:00","BZN|FR","Without Sequence","38.52","",""
"08/07/2025 06:30:00 - 08/07/2025 06:45:00","BZN|FR","Without Sequence","38.52","",""
"08/07/2025 06:45:00 - 08/07/2025 07:00:00","BZN|FR","Without Sequence","38.52","",""
"08/07/2025 07:00:00 - 08/07/2025 07:15:00","BZN|FR","Without Sequence","61.13","",""
"08/07/2025 07:15:00 - 08/07/2025 07:30:00","BZN|FR","Without Sequence","61.13","",""
"08/07/2025 07:30:00 - 08/07/2025 07:45:00","BZN|FR","Without Sequence","61.13","",""
"08/07/2025 07:45:00 - 08/07/2025 08:00:00","BZN|FR","Without Sequence","61.13","",""
"08/07/2025 08:00:00 - 08/07/2025 08:15:00","BZN|FR","Without Sequence","60.00","",""
"08/07/2025 08:15:00 - 08/07/2025 08:30:00","BZN|FR","Without Sequence","60.00","",""
"08/07/2025 08:30:00 - 08/07/2025 08:45:00","BZN|FR","Without Sequence","60.00","",""
"08/07/2025 08:45:00 - 08/07/2025 09:00:00","BZN|FR","Without Sequence","60.00","",""
"08/07/2025 09:00:00 - 08/07/2025 09:15:00","BZN|FR","Without Sequence","18.01","",""
"08/07/2025 09:15:00 - 08/07/2025 09:30:00","BZN|FR","Without Sequence","18.01","",""
"08/07/2025 09:30:00 - 08/07/2025 09:45:00","BZN|FR","Without Sequence","18.01","",""
"08/07/2025 09:45:00 - 08/07/2025 10:00:00","BZN|FR","Without Sequence","18.01","",""
"08/07/2025 10:00:00 - 08/07/2025 10:15:00","BZN|FR","Without Sequence","4.31","",""
"08/07/2025 10:15:00 - 08/07/2025 10:30:00","BZN|FR","Without Sequence","4.31","",""
"08/07/2025 10:30:00 - 08/07/2025 10:45:00","BZN|FR","Without Sequence","4.31","",""
"08/07/2025 10:45:00 - 08/07/2025 11:00:00","BZN|FR","Without Sequence","4.31","",""
"08/07/2025 11:00:00 - 08/07/2025 11:15:00","BZN|FR","Without Sequence","1.72","",""
"08/07/2025 11:15:00 - 08/07/2025 11:30:00","BZN|FR","Without Sequence","1.72","",""
"08/07/2025 11:30:00 - 08/07/2025 11:45:00","BZN|FR","Without Sequence","1.72","",""
"08/07/2025 11:45:00 - 08/07/2025 12:00:00","BZN|FR","Without Sequence","1.72","",""
"08/07/2025 12:00:00 - 08/07/2025 12:15:00","BZN|FR","Without Sequence","1.72","",""
"08/07/2025 12:15:00 - 08/07/2025 12:30:00","BZN|FR","Without Sequence","1.72","",""
"08/07/2025 12:30:00 - 08/07/2025 12:45:00","BZN|FR","Without Sequence","1.72","",""
"08/07/2025 12:45:00 - 08/07/2025 13:00:00","BZN|FR","Without Sequence","1.72","",""
"08/07/2025 13:00:00 - 08/07/2025 13:15:00","BZN|FR","Without Sequence","0.00","",""
"08/07/2025 13:15:00 - 08/07/2025 13:30:00","BZN|FR","Without Sequence","0.00","",""
"08/07/2025 13:30:00 - 08/07/2025 13:45:00","BZN|FR","Without Sequence","0.00","",""
"08/07/2025 13:45:00 - 08/07/2025 14:00:00","BZN|FR","Without Sequence","0.00","",""
"08/07/2025 14:00:00 - 08/07/2025 14:15:00","BZN|FR","Without Sequence","0.00","",""
"08/07/2025 14:15:00 - 08/07/2025 14:30:00","BZN|FR","Without Sequence","0.00","",""
"08/07/2025 14:30:00 - 08/07/2025 14:45:00","BZN|FR","Without Sequence","0.00","",""
"08/07/2025 14:45:00 - 08/07/2025 15:00:00","BZN|FR","Without Sequence","0.00","",""
"08/07/2025 15:00:00 - 08/07/2025 15:15:00","BZN|FR","Without Sequence","0.00","",""
"08/07/2025 15:15:00 - 08/07/2025 15:30:00","BZN|FR","Without Sequence","0.00","",""
"08/07/2025 15:30:00 - 08/07/2025 15:45:00","BZN|FR","Without Sequence","0.00","",""
"08/07/2025 15:45:00 - 08/07/2025 16:00:00","BZN|FR","Without Sequence","0.00","",""
"08/07/2025 16:00:00 - 08/07/2025 16:15:00","BZN|FR","Without Sequence","0.00","",""
"08/07/2025 16:15:00 - 08/07/2025 16:30:00","BZN|FR","Without Sequence","0.00","",""
"08/07/2025 16:30:00 - 08/07/2025 16:45:00","BZN|FR","Without Sequence","0.00","",""
"08/07/2025 16:45:00 - 08/07/2025 17:00:00","BZN|FR","Without Sequence","0.00","",""
"08/07/2025 17:00:00 - 08/07/2025 17:15:00","BZN|FR","Without Sequence","11.78","",""
"08/07/2025 17:15:00 - 08/07/2025 17:30:00","BZN|FR","Without Sequence","11.78","",""
"08/07/2025 17:30:00 - 08/07/2025 17:45:00","BZN|FR","Without Sequence","11.78","",""
"08/07/2025 17:45:00 - 08/07/2025 18:00:00","BZN|FR","Without Sequence","11.78","",""
"08/07/2025 18:00:00 - 08/07/2025 18:15:00","BZN|FR","Without Sequence","45.00","",""
"08/07/2025 18:15:00 - 08/07/2025 18:30:00","BZN|FR","Without Sequence","45.00","",""
"08/07/2025 18:30:00 - 08/07/2025 18:45:00","BZN|FR","Without Sequence","45.00","",""
"08/07/2025 18:45:00 - 08/07/2025 19:00:00","BZN|FR","Without Sequence","45.00","",""
"08/07/2025 19:00:00 - 08/07/2025 19:15:00","BZN|FR","Without Sequence","60.39","",""
"08/07/2025 19:15:00 - 08/07/2025 19:30:00","BZN|FR","Without Sequence","60.39","",""
"08/07/2025 19:30:00 - 08/07/2025 19:45:00","BZN|FR","Without Sequence","60.39","",""
"08/07/2025 19:45:00 - 08/07/2025 20:00:00","BZN|FR","Without Sequence","60.39","",""
"08/07/2025 20:00:00 - 08/07/2025 20:15:00","BZN|FR","Without Sequence","86.87","",""
"08/07/2025 20:15:00 - 08/07/2025 20:30:00","BZN|FR","Without Sequence","86.87","",""
"08/07/2025 20:30:00 - 08/07/2025 20:45:00","BZN|FR","Without Sequence","86.87","",""
"08/07/2025 20:45:00 - 08/07/2025 21:00:00","BZN|FR","Without Sequence","86.87","",""
"08/07/2025 21:00:00 - 08/07/2025 21:15:00","BZN|FR","Without Sequence","82.46","",""
"08/07/2025 21:15:00 - 08/07/2025 21:30:00","BZN|FR","Without Sequence","82.46","",""
"08/07/2025 21:30:00 - 08/07/2025 21:45:00","BZN|FR","Without Sequence","82.46","",""
"08/07/2025 21:45:00 - 08/07/2025 22:00:00","BZN|FR","Without Sequence","82.46","",""
"08/07/2025 22:00:00 - 08/07/2025 22:15:00","BZN|FR","Without Sequence","101.59","",""
"08/07/2025 22:15:00 - 08/07/2025 22:30:00","BZN|FR","Without Sequence","101.59","",""
"08/07/2025 22:30:00 - 08/07/2025 22:45:00","BZN|FR","Without Sequence","101.59","",""
"08/07/2025 22:45:00 - 08/07/2025 23:00:00","BZN|FR","Without Sequence","101.59","",""
"08/07/2025 23:00:00 - 08/07/2025 23:15:00","BZN|FR","Without Sequence","88.16","",""
"08/07/2025 23:15:00 - 08/07/2025 23:30:00","BZN|FR","Without Sequence","88.16","",""
"08/07/2025 23:30:00 - 08/07/2025 23:45:00","BZN|FR","Without Sequence","88.16","",""
"08/07/2025 23:45:00 - 09/07/2025 00:00:00","BZN|FR","Without Sequence","88.16","",""
"09/07/2025 00:00:00 - 09/07/2025 00:15:00","BZN|FR","Without Sequence","71.99","",""
"09/07/2025 00:15:00 - 09/07/2025 00:30:00","BZN|FR","Without Sequence","71.99","",""
"09/07/2025 00:30:00 - 09/07/2025 00:45:00","BZN|FR","Without Sequence","71.99","",""
"09/07/2025 00:45:00 - 09/07/2025 01:00:00","BZN|FR","Without Sequence","71.99","",""
"09/07/2025 01:00:00 - 09/07/2025 01:15:00","BZN|FR","Without Sequence","39.37","",""
"09/07/2025 01:15:00 - 09/07/2025 01:30:00","BZN|FR","Without Sequence","39.37","",""
"09/07/2025 01:30:00 - 09/07/2025 01:45:00","BZN|FR","Without Sequence","39.37","",""
"09/07/2025 01:45:00 - 09/07/2025 02:00:00","BZN|FR","Without Sequence","39.37","",""
"09/07/2025 02:00:00 - 09/07/2025 02:15:00","BZN|FR","Without Sequence","33.59","",""
"09/07/2025 02:15:00 - 09/07/2025 02:30:00","BZN|FR","Without Sequence","33.59","",""
"09/07/2025 02:30:00 - 09/07/2025 02:45:00","BZN|FR","Without Sequence","33.59","",""
"09/07/2025 02:45:00 - 09/07/2025 03:00:00","BZN|FR","Without Sequence","33.59","",""
"09/07/2025 03:00:00 - 09/07/2025 03:15:00","BZN|FR","Without Sequence","23.37","",""
"09/07/2025 03:15:00 - 09/07/2025 03:30:00","BZN|FR","Without Sequence","23.37","",""
"09/07/2025 03:30:00 - 09/07/2025 03:45:00","BZN|FR","Without Sequence","23.37","",""
"09/07/2025 03:45:00 - 09/07/2025 04:00:00","BZN|FR","Without Sequence","23.37","",""
"09/07/2025 04:00:00 - 09/07/2025 04:15:00","BZN|FR","Without Sequence","15.28","",""
"09/07/2025 04:15:00 - 09/07/2025 04:30:00","BZN|FR","Without Sequence","15.28","",""
"09/07/2025 04:30:00 - 09/07/2025 04:45:00","BZN|FR","Without Sequence","15.28","",""
"09/07/2025 04:45:00 - 09/07/2025 05:00:00","BZN|FR","Without Sequence","15.28","",""
"09/07/2025 05:00:00 - 09/07/2025 05:15:00","BZN|FR","Without Sequence","54.77","",""
"09/07/2025 05:15:00 - 09/07/2025 05:30:00","BZN|FR","Without Sequence","54.77","",""
"09/07/2025 05:30:00 - 09/07/2025 05:45:00","BZN|FR","Without Sequence","54.77","",""
"09/07/2025 05:45:00 - 09/07/2025 06:00:00","BZN|FR","Without Sequence","54.77","",""
"09/07/2025 06:00:00 - 09/07/2025 06:15:00","BZN|FR","Without Sequence","15.00","",""
"09/07/2025 06:15:00 - 09/07/2025 06:30:00","BZN|FR","Without Sequence","15.00","",""
"09/07/2025 06:30:00 - 09/07/2025 06:45:00","BZN|FR","Without Sequence","15.00","",""
"09/07/2025 06:45:00 - 09/07/2025 07:00:00","BZN|FR","Without Sequence","15.00","",""
"09/07/2025 07:00:00 - 09/07/2025 07:15:00","BZN|FR","Without Sequence","61.47","",""
"09/07/2025 07:15:00 - 09/07/2025 07:30:00","BZN|FR","Without Sequence","61.47","",""
"09/07/2025 07:30:00 - 09/07/2025 07:45:00","BZN|FR","Without Sequence","61.47","",""
"09/07/2025 07:45:00 - 09/07/2025 08:00:00","BZN|FR","Without Sequence","61.47","",""
"09/07/2025 08:00:00 - 09/07/2025 08:15:00","BZN|FR","Without Sequence","69.13","",""
"09/07/2025 08:15:00 - 09/07/2025 08:30:00","BZN|FR","Without Sequence","69.13","",""
"09/07/2025 08:30:00 - 09/07/2025 08:45:00","BZN|FR","Without Sequence","69.13","",""
"09/07/2025 08:45:00 - 09/07/2025 09:00:00","BZN|FR","Without Sequence","69.13","",""
"09/07/2025 09:00:00 - 09/07/2025 09:15:00","BZN|FR","Without Sequence","61.61","",""
"09/07/2025 09:15:00 - 09/07/2025 09:30:00","BZN|FR","Without Sequence","61.61","",""
"09/07/2025 09:30:00 - 09/07/2025 09:45:00","BZN|FR","Without Sequence","61.61","",""
"09/07/2025 09:45:00 - 09/07/2025 10:00:00","BZN|FR","Without Sequence","61.61","",""
"09/07/2025 10:00:00 - 09/07/2025 10:15:00","BZN|FR","Without Sequence","20.99","",""
"09/07/2025 10:15:00 - 09/07/2025 10:30:00","BZN|FR","Without Sequence","20.99","",""
"09/07/2025 10:30:00 - 09/07/2025 10:45:00","BZN|FR","Without Sequence","20.99","",""
"09/07/2025 10:45:00 - 09/07/2025 11:00:00","BZN|FR","Without Sequence","20.99","",""
"09/07/2025 11:00:00 - 09/07/2025 11:15:00","BZN|FR","Without Sequence","0.00","",""
"09/07/2025 11:15:00 - 09/07/2025 11:30:00","BZN|FR","Without Sequence","0.00","",""
"09/07/2025 11:30:00 - 09/07/2025 11:45:00","BZN|FR","Without Sequence","0.00","",""
"09/07/2025 11:45:00 - 09/07/2025 12:00:00","BZN|FR","Without Sequence","0.00","",""
"09/07/2025 12:00:00 - 09/07/2025 12:15:00","BZN|FR","Without Sequence","11.68","",""
"09/07/2025 12:15:00 - 09/07/2025 12:30:00","BZN|FR","Without Sequence","11.68","",""
"09/07/2025 12:30:00 - 09/07/2025 12:45:00","BZN|FR","Without Sequence","11.68","",""
"09/07/2025 12:45:00 - 09/07/2025 13:00:00","BZN|FR","Without Sequence","11.68","",""
"09/07/2025 13:00:00 - 09/07/2025 13:15:00","BZN|FR","Without Sequence","1.38","",""
"09/07/2025 13:15:00 - 09/07/2025 13:30:00","BZN|FR","Without Sequence","1.38","",""
"09/07/2025 13:30:00 - 09/07/2025 13:45:00","BZN|FR","Without Sequence","1.38","",""
"09/07/2025 13:45:00 - 09/07/2025 14:00:00","BZN|FR","Without Sequence","1.38","",""
"09/07/2025 14:00:00 - 09/07/2025 14:15:00","BZN|FR","Without Sequence","0.00","",""
"09/07/2025 14:15:00 - 09/07/2025 14:30:00","BZN|FR","Without Sequence","0.00","",""
"09/07/2025 14:30:00 - 09/07/2025 14:45:00","BZN|FR","Without Sequence","0.00","",""
"09/07/2025 14:45:00 - 09/07/2025 15:00:00","BZN|FR","Without Sequence","0.00","",""
"09/07/2025 15:00:00 - 09/07/2025 15:15:00","BZN|FR","Without Sequence","5.00","",""
"09/07/2025 15:15:00 - 09/07/2025 15:30:00","BZN|FR","Without Sequence","5.00","",""
"09/07/2025 15:30:00 - 09/07/2025 15:45:00","BZN|FR","Without Sequence","5.00","",""
"09/07/2025 15:45:00 - 09/07/2025 16:00:00","BZN|FR","Without Sequence","5.00","",""
"09/07/2025 16:00:00 - 09/07/2025 16:15:00","BZN|FR","Without Sequence","2.93","",""
"09/07/2025 16:15:00 - 09/07/2025 16:30:00","BZN|FR","Without Sequence","2.93","",""
"09/07/2025 16:30:00 - 09/07/2025 16:45:00","BZN|FR","Without Sequence","2.93","",""
"09/07/2025 16:45:00 - 09/07/2025 17:00:00","BZN|FR","Without Sequence","2.93","",""
"09/07/2025 17:00:00 - 09/07/2025 17:15:00","BZN|FR","Without Sequence","30.02","",""
"09/07/2025 17:15:00 - 09/07/2025 17:30:00","BZN|FR","Without Sequence","30.02","",""
"09/07/2025 17:30:00 - 09/07/2025 17:45:00","BZN|FR","Without Sequence","30.02","",""
"09/07/2025 17:45:00 - 09/07/2025 18:00:00","BZN|FR","Without Sequence","30.02","",""
"09/07/2025 18:00:00 - 09/07/2025 18:15:00","BZN|FR","Without Sequence","64.28","",""
"09/07/2025 18:15:00 - 09/07/2025 18:30:00","BZN|FR","Without Sequence","64.28","",""
"09/07/2025 18:30:00 - 09/07/2025 18:45:00","BZN|FR","Without Sequence","64.28","",""
"09/07/2025 18:45:00 - 09/07/2025 19:00:00","BZN|FR","Without Sequence","64.28","",""
"09/07/2025 19:00:00 - 09/07/2025 19:15:00","BZN|FR","Without Sequence","103.96","",""
"09/07/2025 19:15:00 - 09/07/2025 19:30:00","BZN|FR","Without Sequence","103.96","",""
"09/07/2025 19:30:00 - 09/07/2025 19:45:00","BZN|FR","Without Sequence","103.96","",""
"09/07/2025 19:45:00 - 09/07/2025 20:00:00","BZN|FR","Without Sequence","103.96","",""
"09/07/2025 20:00:00 - 09/07/2025 20:15:00","BZN|FR","Without Sequence","111.23","",""
"09/07/2025 20:15:00 - 09/07/2025 20:30:00","BZN|FR","Without Sequence","111.23","",""
"09/07/2025 20:30:00 - 09/07/2025 20:45:00","BZN|FR","Without Sequence","111.23","",""
"09/07/2025 20:45:00 - 09/07/2025 21:00:00","BZN|FR","Without Sequence","111.23","",""
"09/07/2025 21:00:00 - 09/07/2025 21:15:00","BZN|FR","Without Sequence","95.16","",""
"09/07/2025 21:15:00 - 09/07/2025 21:30:00","BZN|FR","Without Sequence","95.16","",""
"09/07/2025 21:30:00 - 09/07/2025 21:45:00","BZN|FR","Without Sequence","95.16","",""
"09/07/2025 21:45:00 - 09/07/2025 22:00:00","BZN|FR","Without Sequence","95.16","",""
"09/07/2025 22:00:00 - 09/07/2025 22:15:00","BZN|FR","Without Sequence","115.91","",""
"09/07/2025 22:15:00 - 09/07/2025 22:30:00","BZN|FR","Without Sequence","115.91","",""
"09/07/2025 22:30:00 - 09/07/2025 22:45:00","BZN|FR","Without Sequence","115.91","",""
"09/07/2025 22:45:00 - 09/07/2025 23:00:00","BZN|FR","Without Sequence","115.91","",""
"09/07/2025 23:00:00 - 09/07/2025 23:15:00","BZN|FR","Without Sequence","97.37","",""
"09/07/2025 23:15:00 - 09/07/2025 23:30:00","BZN|FR","Without Sequence","97.37","",""
"09/07/2025 23:30:00 - 09/07/2025 23:45:00","BZN|FR","Without Sequence","97.37","",""
"09/07/2025 23:45:00 - 10/07/2025 00:00:00","BZN|FR","Without Sequence","97.37","",""
"10/07/2025 00:00:00 - 10/07/2025 00:15:00","BZN|FR","Without Sequence","100.91","",""
"10/07/2025 00:15:00 - 10/07/2025 00:30:00","BZN|FR","Without Sequence","100.91","",""
"10/07/2025 00:30:00 - 10/07/2025 00:45:00","BZN|FR","Without Sequence","100.91","",""
"10/07/2025 00:45:00 - 10/07/2025 01:00:00","BZN|FR","Without Sequence","100.91","",""
"10/07/2025 01:00:00 - 10/07/2025 01:15:00","BZN|FR","Without Sequence","95.73","",""
"10/07/2025 01:15:00 - 10/07/2025 01:30:00","BZN|FR","Without Sequence","95.73","",""
"10/07/2025 01:30:00 - 10/07/2025 01:45:00","BZN|FR","Without Sequence","95.73","",""
"10/07/2025 01:45:00 - 10/07/2025 02:00:00","BZN|FR","Without Sequence","95.73","",""
"10/07/2025 02:00:00 - 10/07/2025 02:15:00","BZN|FR","Without Sequence","89.10","",""
"10/07/2025 02:15:00 - 10/07/2025 02:30:00","BZN|FR","Without Sequence","89.10","",""
"10/07/2025 02:30:00 - 10/07/2025 02:45:00","BZN|FR","Without Sequence","89.10","",""
"10/07/2025 02:45:00 - 10/07/2025 03:00:00","BZN|FR","Without Sequence","89.10","",""
"10/07/2025 03:00:00 - 10/07/2025 03:15:00","BZN|FR","Without Sequence","66.89","",""
"10/07/2025 03:15:00 - 10/07/2025 03:30:00","BZN|FR","Without Sequence","66.89","",""
"10/07/2025 03:30:00 - 10/07/2025 03:45:00","BZN|FR","Without Sequence","66.89","",""
"10/07/2025 03:45:00 - 10/07/2025 04:00:00","BZN|FR","Without Sequence","66.89","",""
"10/07/2025 04:00:00 - 10/07/2025 04:15:00","BZN|FR","Without Sequence","48.68","",""
"10/07/2025 04:15:00 - 10/07/2025 04:30:00","BZN|FR","Without Sequence","48.68","",""
"10/07/2025 04:30:00 - 10/07/2025 04:45:00","BZN|FR","Without Sequence","48.68","",""
"10/07/2025 04:45:00 - 10/07/2025 05:00:00","BZN|FR","Without Sequence","48.68","",""
"10/07/2025 05:00:00 - 10/07/2025 05:15:00","BZN|FR","Without Sequence","60.43","",""
"10/07/2025 05:15:00 - 10/07/2025 05:30:00","BZN|FR","Without Sequence","60.43","",""
"10/07/2025 05:30:00 - 10/07/2025 05:45:00","BZN|FR","Without Sequence","60.43","",""
"10/07/2025 05:45:00 - 10/07/2025 06:00:00","BZN|FR","Without Sequence","60.43","",""
"10/07/2025 06:00:00 - 10/07/2025 06:15:00","BZN|FR","Without Sequence","86.30","",""
"10/07/2025 06:15:00 - 10/07/2025 06:30:00","BZN|FR","Without Sequence","86.30","",""
"10/07/2025 06:30:00 - 10/07/2025 06:45:00","BZN|FR","Without Sequence","86.30","",""
"10/07/2025 06:45:00 - 10/07/2025 07:00:00","BZN|FR","Without Sequence","86.30","",""
"10/07/2025 07:00:00 - 10/07/2025 07:15:00","BZN|FR","Without Sequence","90.47","",""
"10/07/2025 07:15:00 - 10/07/2025 07:30:00","BZN|FR","Without Sequence","90.47","",""
"10/07/2025 07:30:00 - 10/07/2025 07:45:00","BZN|FR","Without Sequence","90.47","",""
"10/07/2025 07:45:00 - 10/07/2025 08:00:00","BZN|FR","Without Sequence","90.47","",""
"10/07/2025 08:00:00 - 10/07/2025 08:15:00","BZN|FR","Without Sequence","91.42","",""
"10/07/2025 08:15:00 - 10/07/2025 08:30:00","BZN|FR","Without Sequence","91.42","",""
"10/07/2025 08:30:00 - 10/07/2025 08:45:00","BZN|FR","Without Sequence","91.42","",""
"10/07/2025 08:45:00 - 10/07/2025 09:00:00","BZN|FR","Without Sequence","91.42","",""
"10/07/2025 09:00:00 - 10/07/2025 09:15:00","BZN|FR","Without Sequence","79.29","",""
"10/07/2025 09:15:00 - 10/07/2025 09:30:00","BZN|FR","Without Sequence","79.29","",""
"10/07/2025 09:30:00 - 10/07/2025 09:45:00","BZN|FR","Without Sequence","79.29","",""
"10/07/2025 09:45:00 - 10/07/2025 10:00:00","BZN|FR","Without Sequence","79.29","",""
"10/07/2025 10:00:00 - 10/07/2025 10:15:00","BZN|FR","Without Sequence","33.45","",""
"10/07/2025 10:15:00 - 10/07/2025 10:30:00","BZN|FR","Without Sequence","33.45","",""
"10/07/2025 10:30:00 - 10/07/2025 10:45:00","BZN|FR","Without Sequence","33.45","",""
"10/07/2025 10:45:00 - 10/07/2025 11:00:00","BZN|FR","Without Sequence","33.45","",""
"10/07/2025 11:00:00 - 10/07/2025 11:15:00","BZN|FR","Without Sequence","19.99","",""
"10/07/2025 11:15:00 - 10/07/2025 11:30:00","BZN|FR","Without Sequence","19.99","",""
"10/07/2025 11:30:00 - 10/07/2025 11:45:00","BZN|FR","Without Sequence","19.99","",""
"10/07/2025 11:45:00 - 10/07/2025 12:00:00","BZN|FR","Without Sequence","19.99","",""
"10/07/2025 12:00:00 - 10/07/2025 12:15:00","BZN|FR","Without Sequence","40.50","",""
"10/07/2025 12:15:00 - 10/07/2025 12:30:00","BZN|FR","Without Sequence","40.50","",""
"10/07/2025 12:30:00 - 10/07/2025 12:45:00","BZN|FR","Without Sequence","40.50","",""
"10/07/2025 12:45:00 - 10/07/2025 13:00:00","BZN|FR","Without Sequence","40.50","",""
"10/07/2025 13:00:00 - 10/07/2025 13:15:00","BZN|FR","Without Sequence","17.59","",""
"10/07/2025 13:15:00 - 10/07/2025 13:30:00","BZN|FR","Without Sequence","17.59","",""
"10/07/2025 13:30:00 - 10/07/2025 13:45:00","BZN|FR","Without Sequence","17.59","",""
"10/07/2025 13:45:00 - 10/07/2025 14:00:00","BZN|FR","Without Sequence","17.59","",""
"10/07/2025 14:00:00 - 10/07/2025 14:15:00","BZN|FR","Without Sequence","11.90","",""
"10/07/2025 14:15:00 - 10/07/2025 14:30:00","BZN|FR","Without Sequence","11.90","",""
"10/07/2025 14:30:00 - 10/07/2025 14:45:00","BZN|FR","Without Sequence","11.90","",""
"10/07/2025 14:45:00 - 10/07/2025 15:00:00","BZN|FR","Without Sequence","11.90","",""
"10/07/2025 15:00:00 - 10/07/2025 15:15:00","BZN|FR","Without Sequence","16.49","",""
"10/07/2025 15:15:00 - 10/07/2025 15:30:00","BZN|FR","Without Sequence","16.49","",""
"10/07/2025 15:30:00 - 10/07/2025 15:45:00","BZN|FR","Without Sequence","16.49","",""
"10/07/2025 15:45:00 - 10/07/2025 16:00:00","BZN|FR","Without Sequence","16.49","",""
"10/07/2025 16:00:00 - 10/07/2025 16:15:00","BZN|FR","Without Sequence","39.27","",""
"10/07/2025 16:15:00 - 10/07/2025 16:30:00","BZN|FR","Without Sequence","39.27","",""
"10/07/2025 16:30:00 - 10/07/2025 16:45:00","BZN|FR","Without Sequence","39.27","",""
"10/07/2025 16:45:00 - 10/07/2025 17:00:00","BZN|FR","Without Sequence","39.27","",""
"10/07/2025 17:00:00 - 10/07/2025 17:15:00","BZN|FR","Without Sequence","49.39","",""
"10/07/2025 17:15:00 - 10/07/2025 17:30:00","BZN|FR","Without Sequence","49.39","",""
"10/07/2025 17:30:00 - 10/07/2025 17:45:00","BZN|FR","Without Sequence","49.39","",""
"10/07/2025 17:45:00 - 10/07/2025 18:00:00","BZN|FR","Without Sequence","49.39","",""
"10/07/2025 18:00:00 - 10/07/2025 18:15:00","BZN|FR","Without Sequence","70.21","",""
"10/07/2025 18:15:00 - 10/07/2025 18:30:00","BZN|FR","Without Sequence","70.21","",""
"10/07/2025 18:30:00 - 10/07/2025 18:45:00","BZN|FR","Without Sequence","70.21","",""
"10/07/2025 18:45:00 - 10/07/2025 19:00:00","BZN|FR","Without Sequence","70.21","",""
"10/07/2025 19:00:00 - 10/07/2025 19:15:00","BZN|FR","Without Sequence","99.99","",""
"10/07/2025 19:15:00 - 10/07/2025 19:30:00","BZN|FR","Without Sequence","99.99","",""
"10/07/2025 19:30:00 - 10/07/2025 19:45:00","BZN|FR","Without Sequence","99.99","",""
"10/07/2025 19:45:00 - 10/07/2025 20:00:00","BZN|FR","Without Sequence","99.99","",""
"10/07/2025 20:00:00 - 10/07/2025 20:15:00","BZN|FR","Without Sequence","110.04","",""
"10/07/2025 20:15:00 - 10/07/2025 20:30:00","BZN|FR","Without Sequence","110.04","",""
"10/07/2025 20:30:00 - 10/07/2025 20:45:00","BZN|FR","Without Sequence","110.04","",""
"10/07/2025 20:45:00 - 10/07/2025 21:00:00","BZN|FR","Without Sequence","110.04","",""
"10/07/2025 21:00:00 - 10/07/2025 21:15:00","BZN|FR","Without Sequence","100.16","",""
"10/07/2025 21:15:00 - 10/07/2025 21:30:00","BZN|FR","Without Sequence","100.16","",""
"10/07/2025 21:30:00 - 10/07/2025 21:45:00","BZN|FR","Without Sequence","100.16","",""
"10/07/2025 21:45:00 - 10/07/2025 22:00:00","BZN|FR","Without Sequence","100.16","",""
"10/07/2025 22:00:00 - 10/07/2025 22:15:00","BZN|FR","Without Sequence","111.00","",""
"10/07/2025 22:15:00 - 10/07/2025 22:30:00","BZN|FR","Without Sequence","111.00","",""
"10/07/2025 22:30:00 - 10/07/2025 22:45:00","BZN|FR","Without Sequence","111.00","",""
"10/07/2025 22:45:00 - 10/07/2025 23:00:00","BZN|FR","Without Sequence","111.00","",""
"10/07/2025 23:00:00 - 10/07/2025 23:15:00","BZN|FR","Without Sequence","93.65","",""
"10/07/2025 23:15:00 - 10/07/2025 23:30:00","BZN|FR","Without Sequence","93.65","",""
"10/07/2025 23:30:00 - 10/07/2025 23:45:00","BZN|FR","Without Sequence","93.65","",""
"10/07/2025 23:45:00 - 11/07/2025 00:00:00","BZN|FR","Without Sequence","93.65","",""
"11/07/2025 00:00:00 - 11/07/2025 00:15:00","BZN|FR","Without Sequence","73.12","",""
"11/07/2025 00:15:00 - 11/07/2025 00:30:00","BZN|FR","Without Sequence","73.12","",""
"11/07/2025 00:30:00 - 11/07/2025 00:45:00","BZN|FR","Without Sequence","73.12","",""
"11/07/2025 00:45:00 - 11/07/2025 01:00:00","BZN|FR","Without Sequence","73.12","",""
"11/07/2025 01:00:00 - 11/07/2025 01:15:00","BZN|FR","Without Sequence","62.48","",""
"11/07/2025 01:15:00 - 11/07/2025 01:30:00","BZN|FR","Without Sequence","62.48","",""
"11/07/2025 01:30:00 - 11/07/2025 01:45:00","BZN|FR","Without Sequence","62.48","",""
"11/07/2025 01:45:00 - 11/07/2025 02:00:00","BZN|FR","Without Sequence","62.48","",""
"11/07/2025 02:00:00 - 11/07/2025 02:15:00","BZN|FR","Without Sequence","51.10","",""
"11/07/2025 02:15:00 - 11/07/2025 02:30:00","BZN|FR","Without Sequence","51.10","",""
"11/07/2025 02:30:00 - 11/07/2025 02:45:00","BZN|FR","Without Sequence","51.10","",""
"11/07/2025 02:45:00 - 11/07/2025 03:00:00","BZN|FR","Without Sequence","51.10","",""
"11/07/2025 03:00:00 - 11/07/2025 03:15:00","BZN|FR","Without Sequence","50.61","",""
"11/07/2025 03:15:00 - 11/07/2025 03:30:00","BZN|FR","Without Sequence","50.61","",""
"11/07/2025 03:30:00 - 11/07/2025 03:45:00","BZN|FR","Without Sequence","50.61","",""
"11/07/2025 03:45:00 - 11/07/2025 04:00:00","BZN|FR","Without Sequence","50.61","",""
"11/07/2025 04:00:00 - 11/07/2025 04:15:00","BZN|FR","Without Sequence","44.16","",""
"11/07/2025 04:15:00 - 11/07/2025 04:30:00","BZN|FR","Without Sequence","44.16","",""
"11/07/2025 04:30:00 - 11/07/2025 04:45:00","BZN|FR","Without Sequence","44.16","",""
"11/07/2025 04:45:00 - 11/07/2025 05:00:00","BZN|FR","Without Sequence","44.16","",""
"11/07/2025 05:00:00 - 11/07/2025 05:15:00","BZN|FR","Without Sequence","39.78","",""
"11/07/2025 05:15:00 - 11/07/2025 05:30:00","BZN|FR","Without Sequence","39.78","",""
"11/07/2025 05:30:00 - 11/07/2025 05:45:00","BZN|FR","Without Sequence","39.78","",""
"11/07/2025 05:45:00 - 11/07/2025 06:00:00","BZN|FR","Without Sequence","39.78","",""
"11/07/2025 06:00:00 - 11/07/2025 06:15:00","BZN|FR","Without Sequence","56.01","",""
"11/07/2025 06:15:00 - 11/07/2025 06:30:00","BZN|FR","Without Sequence","56.01","",""
"11/07/2025 06:30:00 - 11/07/2025 06:45:00","BZN|FR","Without Sequence","56.01","",""
"11/07/2025 06:45:00 - 11/07/2025 07:00:00","BZN|FR","Without Sequence","56.01","",""
"11/07/2025 07:00:00 - 11/07/2025 07:15:00","BZN|FR","Without Sequence","65.82","",""
"11/07/2025 07:15:00 - 11/07/2025 07:30:00","BZN|FR","Without Sequence","65.82","",""
"11/07/2025 07:30:00 - 11/07/2025 07:45:00","BZN|FR","Without Sequence","65.82","",""
"11/07/2025 07:45:00 - 11/07/2025 08:00:00","BZN|FR","Without Sequence","65.82","",""
"11/07/2025 08:00:00 - 11/07/2025 08:15:00","BZN|FR","Without Sequence","57.20","",""
"11/07/2025 08:15:00 - 11/07/2025 08:30:00","BZN|FR","Without Sequence","57.20","",""
"11/07/2025 08:30:00 - 11/07/2025 08:45:00","BZN|FR","Without Sequence","57.20","",""
"11/07/2025 08:45:00 - 11/07/2025 09:00:00","BZN|FR","Without Sequence","57.20","",""
"11/07/2025 09:00:00 - 11/07/2025 09:15:00","BZN|FR","Without Sequence","60.05","",""
"11/07/2025 09:15:00 - 11/07/2025 09:30:00","BZN|FR","Without Sequence","60.05","",""
"11/07/2025 09:30:00 - 11/07/2025 09:45:00","BZN|FR","Without Sequence","60.05","",""
"11/07/2025 09:45:00 - 11/07/2025 10:00:00","BZN|FR","Without Sequence","60.05","",""
"11/07/2025 10:00:00 - 11/07/2025 10:15:00","BZN|FR","Without Sequence","50.00","",""
"11/07/2025 10:15:00 - 11/07/2025 10:30:00","BZN|FR","Without Sequence","50.00","",""
"11/07/2025 10:30:00 - 11/07/2025 10:45:00","BZN|FR","Without Sequence","50.00","",""
"11/07/2025 10:45:00 - 11/07/2025 11:00:00","BZN|FR","Without Sequence","50.00","",""
"11/07/2025 11:00:00 - 11/07/2025 11:15:00","BZN|FR","Without Sequence","28.35","",""
"11/07/2025 11:15:00 - 11/07/2025 11:30:00","BZN|FR","Without Sequence","28.35","",""
"11/07/2025 11:30:00 - 11/07/2025 11:45:00","BZN|FR","Without Sequence","28.35","",""
"11/07/2025 11:45:00 - 11/07/2025 12:00:00","BZN|FR","Without Sequence","28.35","",""
"11/07/2025 12:00:00 - 11/07/2025 12:15:00","BZN|FR","Without Sequence","39.46","",""
"11/07/2025 12:15:00 - 11/07/2025 12:30:00","BZN|FR","Without Sequence","39.46","",""
"11/07/2025 12:30:00 - 11/07/2025 12:45:00","BZN|FR","Without Sequence","39.46","",""
"11/07/2025 12:45:00 - 11/07/2025 13:00:00","BZN|FR","Without Sequence","39.46","",""
"11/07/2025 13:00:00 - 11/07/2025 13:15:00","BZN|FR","Without Sequence","28.11","",""
"11/07/2025 13:15:00 - 11/07/2025 13:30:00","BZN|FR","Without Sequence","28.11","",""
"11/07/2025 13:30:00 - 11/07/2025 13:45:00","BZN|FR","Without Sequence","28.11","",""
"11/07/2025 13:45:00 - 11/07/2025 14:00:00","BZN|FR","Without Sequence","28.11","",""
"11/07/2025 14:00:00 - 11/07/2025 14:15:00","BZN|FR","Without Sequence","32.04","",""
"11/07/2025 14:15:00 - 11/07/2025 14:30:00","BZN|FR","Without Sequence","32.04","",""
"11/07/2025 14:30:00 - 11/07/2025 14:45:00","BZN|FR","Without Sequence","32.04","",""
"11/07/2025 14:45:00 - 11/07/2025 15:00:00","BZN|FR","Without Sequence","32.04","",""
"11/07/2025 15:00:00 - 11/07/2025 15:15:00","BZN|FR","Without Sequence","22.38","",""
"11/07/2025 15:15:00 - 11/07/2025 15:30:00","BZN|FR","Without Sequence","22.38","",""
"11/07/2025 15:30:00 - 11/07/2025 15:45:00","BZN|FR","Without Sequence","22.38","",""
"11/07/2025 15:45:00 - 11/07/2025 16:00:00","BZN|FR","Without Sequence","22.38","",""
"11/07/2025 16:00:00 - 11/07/2025 16:15:00","BZN|FR","Without Sequence","30.70","",""
"11/07/2025 16:15:00 - 11/07/2025 16:30:00","BZN|FR","Without Sequence","30.70","",""
"11/07/2025 16:30:00 - 11/07/2025 16:45:00","BZN|FR","Without Sequence","30.70","",""
"11/07/2025 16:45:00 - 11/07/2025 17:00:00","BZN|FR","Without Sequence","30.70","",""
"11/07/2025 17:00:00 - 11/07/2025 17:15:00","BZN|FR","Without Sequence","47.85","",""
"11/07/2025 17:15:00 - 11/07/2025 17:30:00","BZN|FR","Without Sequence","47.85","",""
"11/07/2025 17:30:00 - 11/07/2025 17:45:00","BZN|FR","Without Sequence","47.85","",""
"11/07/2025 17:45:00 - 11/07/2025 18:00:00","BZN|FR","Without Sequence","47.85","",""
"11/07/2025 18:00:00 - 11/07/2025 18:15:00","BZN|FR","Without Sequence","66.57","",""
"11/07/2025 18:15:00 - 11/07/2025 18:30:00","BZN|FR","Without Sequence","66.57","",""
"11/07/2025 18:30:00 - 11/07/2025 18:45:00","BZN|FR","Without Sequence","66.57","",""
"11/07/2025 18:45:00 - 11/07/2025 19:00:00","BZN|FR","Without Sequence","66.57","",""
"11/07/2025 19:00:00 - 11/07/2025 19:15:00","BZN|FR","Without Sequence","77.70","",""
"11/07/2025 19:15:00 - 11/07/2025 19:30:00","BZN|FR","Without Sequence","77.70","",""
"11/07/2025 19:30:00 - 11/07/2025 19:45:00","BZN|FR","Without Sequence","77.70","",""
"11/07/2025 19:45:00 - 11/07/2025 20:00:00","BZN|FR","Without Sequence","77.70","",""
"11/07/2025 20:00:00 - 11/07/2025 20:15:00","BZN|FR","Without Sequence","71.92","",""
"11/07/2025 20:15:00 - 11/07/2025 20:30:00","BZN|FR","Without Sequence","71.92","",""
"11/07/2025 20:30:00 - 11/07/2025 20:45:00","BZN|FR","Without Sequence","71.92","",""
"11/07/2025 20:45:00 - 11/07/2025 21:00:00","BZN|FR","Without Sequence","71.92","",""
"11/07/2025 21:00:00 - 11/07/2025 21:15:00","BZN|FR","Without Sequence","61.92","",""
"11/07/2025 21:15:00 - 11/07/2025 21:30:00","BZN|FR","Without Sequence","61.92","",""
"11/07/2025 21:30:00 - 11/07/2025 21:45:00","BZN|FR","Without Sequence","61.92","",""
"11/07/2025 21:45:00 - 11/07/2025 22:00:00","BZN|FR","Without Sequence","61.92","",""
"11/07/2025 22:00:00 - 11/07/2025 22:15:00","BZN|FR","Without Sequence","98.93","",""
"11/07/2025 22:15:00 - 11/07/2025 22:30:00","BZN|FR","Without Sequence","98.93","",""
"11/07/2025 22:30:00 - 11/07/2025 22:45:00","BZN|FR","Without Sequence","98.93","",""
"11/07/2025 22:45:00 - 11/07/2025 23:00:00","BZN|FR","Without Sequence","98.93","",""
"11/07/2025 23:00:00 - 11/07/2025 23:15:00","BZN|FR","Without Sequence","89.99","",""
"11/07/2025 23:15:00 - 11/07/2025 23:30:00","BZN|FR","Without Sequence","89.99","",""
"11/07/2025 23:30:00 - 11/07/2025 23:45:00","BZN|FR","Without Sequence","89.99","",""
"11/07/2025 23:45:00 - 12/07/2025 00:00:00","BZN|FR","Without Sequence","89.99","",""
"12/07/2025 00:00:00 - 12/07/2025 00:15:00","BZN|FR","Without Sequence","100.00","",""
"12/07/2025 00:15:00 - 12/07/2025 00:30:00","BZN|FR","Without Sequence","100.00","",""
"12/07/2025 00:30:00 - 12/07/2025 00:45:00","BZN|FR","Without Sequence","100.00","",""
"12/07/2025 00:45:00 - 12/07/2025 01:00:00","BZN|FR","Without Sequence","100.00","",""
"12/07/2025 01:00:00 - 12/07/2025 01:15:00","BZN|FR","Without Sequence","90.03","",""
"12/07/2025 01:15:00 - 12/07/2025 01:30:00","BZN|FR","Without Sequence","90.03","",""
"12/07/2025 01:30:00 - 12/07/2025 01:45:00","BZN|FR","Without Sequence","90.03","",""
"12/07/2025 01:45:00 - 12/07/2025 02:00:00","BZN|FR","Without Sequence","90.03","",""
"12/07/2025 02:00:00 - 12/07/2025 02:15:00","BZN|FR","Without Sequence","82.67","",""
"12/07/2025 02:15:00 - 12/07/2025 02:30:00","BZN|FR","Without Sequence","82.67","",""
"12/07/2025 02:30:00 - 12/07/2025 02:45:00","BZN|FR","Without Sequence","82.67","",""
"12/07/2025 02:45:00 - 12/07/2025 03:00:00","BZN|FR","Without Sequence","82.67","",""
"12/07/2025 03:00:00 - 12/07/2025 03:15:00","BZN|FR","Without Sequence","70.05","",""
"12/07/2025 03:15:00 - 12/07/2025 03:30:00","BZN|FR","Without Sequence","70.05","",""
"12/07/2025 03:30:00 - 12/07/2025 03:45:00","BZN|FR","Without Sequence","70.05","",""
"12/07/2025 03:45:00 - 12/07/2025 04:00:00","BZN|FR","Without Sequence","70.05","",""
"12/07/2025 04:00:00 - 12/07/2025 04:15:00","BZN|FR","Without Sequence","63.95","",""
"12/07/2025 04:15:00 - 12/07/2025 04:30:00","BZN|FR","Without Sequence","63.95","",""
"12/07/2025 04:30:00 - 12/07/2025 04:45:00","BZN|FR","Without Sequence","63.95","",""
"12/07/2025 04:45:00 - 12/07/2025 05:00:00","BZN|FR","Without Sequence","63.95","",""
"12/07/2025 05:00:00 - 12/07/2025 05:15:00","BZN|FR","Without Sequence","71.87","",""
"12/07/2025 05:15:00 - 12/07/2025 05:30:00","BZN|FR","Without Sequence","71.87","",""
"12/07/2025 05:30:00 - 12/07/2025 05:45:00","BZN|FR","Without Sequence","71.87","",""
"12/07/2025 05:45:00 - 12/07/2025 06:00:00","BZN|FR","Without Sequence","71.87","",""
"12/07/2025 06:00:00 - 12/07/2025 06:15:00","BZN|FR","Without Sequence","69.45","",""
"12/07/2025 06:15:00 - 12/07/2025 06:30:00","BZN|FR","Without Sequence","69.45","",""
"12/07/2025 06:30:00 - 12/07/2025 06:45:00","BZN|FR","Without Sequence","69.45","",""
"12/07/2025 06:45:00 - 12/07/2025 07:00:00","BZN|FR","Without Sequence","69.45","",""
"12/07/2025 07:00:00 - 12/07/2025 07:15:00","BZN|FR","Without Sequence","70.89","",""
"12/07/2025 07:15:00 - 12/07/2025 07:30:00","BZN|FR","Without Sequence","70.89","",""
"12/07/2025 07:30:00 - 12/07/2025 07:45:00","BZN|FR","Without Sequence","70.89","",""
"12/07/2025 07:45:00 - 12/07/2025 08:00:00","BZN|FR","Without Sequence","70.89","",""
"12/07/2025 08:00:00 - 12/07/2025 08:15:00","BZN|FR","Without Sequence","65.60","",""
"12/07/2025 08:15:00 - 12/07/2025 08:30:00","BZN|FR","Without Sequence","65.60","",""
"12/07/2025 08:30:00 - 12/07/2025 08:45:00","BZN|FR","Without Sequence","65.60","",""
"12/07/2025 08:45:00 - 12/07/2025 09:00:00","BZN|FR","Without Sequence","65.60","",""
"12/07/2025 09:00:00 - 12/07/2025 09:15:00","BZN|FR","Without Sequence","59.78","",""
"12/07/2025 09:15:00 - 12/07/2025 09:30:00","BZN|FR","Without Sequence","59.78","",""
"12/07/2025 09:30:00 - 12/07/2025 09:45:00","BZN|FR","Without Sequence","59.78","",""
"12/07/2025 09:45:00 - 12/07/2025 10:00:00","BZN|FR","Without Sequence","59.78","",""
"12/07/2025 10:00:00 - 12/07/2025 10:15:00","BZN|FR","Without Sequence","18.19","",""
"12/07/2025 10:15:00 - 12/07/2025 10:30:00","BZN|FR","Without Sequence","18.19","",""
"12/07/2025 10:30:00 - 12/07/2025 10:45:00","BZN|FR","Without Sequence","18.19","",""
"12/07/2025 10:45:00 - 12/07/2025 11:00:00","BZN|FR","Without Sequence","18.19","",""
"12/07/2025 11:00:00 - 12/07/2025 11:15:00","BZN|FR","Without Sequence","3.00","",""
"12/07/2025 11:15:00 - 12/07/2025 11:30:00","BZN|FR","Without Sequence","3.00","",""
"12/07/2025 11:30:00 - 12/07/2025 11:45:00","BZN|FR","Without Sequence","3.00","",""
"12/07/2025 11:45:00 - 12/07/2025 12:00:00","BZN|FR","Without Sequence","3.00","",""
"12/07/2025 12:00:00 - 12/07/2025 12:15:00","BZN|FR","Without Sequence","0.22","",""
"12/07/2025 12:15:00 - 12/07/2025 12:30:00","BZN|FR","Without Sequence","0.22","",""
"12/07/2025 12:30:00 - 12/07/2025 12:45:00","BZN|FR","Without Sequence","0.22","",""
"12/07/2025 12:45:00 - 12/07/2025 13:00:00","BZN|FR","Without Sequence","0.22","",""
"12/07/2025 13:00:00 - 12/07/2025 13:15:00","BZN|FR","Without Sequence","0.00","",""
"12/07/2025 13:15:00 - 12/07/2025 13:30:00","BZN|FR","Without Sequence","0.00","",""
"12/07/2025 13:30:00 - 12/07/2025 13:45:00","BZN|FR","Without Sequence","0.00","",""
"12/07/2025 13:45:00 - 12/07/2025 14:00:00","BZN|FR","Without Sequence","0.00","",""
"12/07/2025 14:00:00 - 12/07/2025 14:15:00","BZN|FR","Without Sequence","0.00","",""
"12/07/2025 14:15:00 - 12/07/2025 14:30:00","BZN|FR","Without Sequence","0.00","",""
"12/07/2025 14:30:00 - 12/07/2025 14:45:00","BZN|FR","Without Sequence","0.00","",""
"12/07/2025 14:45:00 - 12/07/2025 15:00:00","BZN|FR","Without Sequence","0.00","",""
"12/07/2025 15:00:00 - 12/07/2025 15:15:00","BZN|FR","Without Sequence","0.22","",""
"12/07/2025 15:15:00 - 12/07/2025 15:30:00","BZN|FR","Without Sequence","0.22","",""
"12/07/2025 15:30:00 - 12/07/2025 15:45:00","BZN|FR","Without Sequence","0.22","",""
"12/07/2025 15:45:00 - 12/07/2025 16:00:00","BZN|FR","Without Sequence","0.22","",""
"12/07/2025 16:00:00 - 12/07/2025 16:15:00","BZN|FR","Without Sequence","13.68","",""
"12/07/2025 16:15:00 - 12/07/2025 16:30:00","BZN|FR","Without Sequence","13.68","",""
"12/07/2025 16:30:00 - 12/07/2025 16:45:00","BZN|FR","Without Sequence","13.68","",""
"12/07/2025 16:45:00 - 12/07/2025 17:00:00","BZN|FR","Without Sequence","13.68","",""
"12/07/2025 17:00:00 - 12/07/2025 17:15:00","BZN|FR","Without Sequence","35.00","",""
"12/07/2025 17:15:00 - 12/07/2025 17:30:00","BZN|FR","Without Sequence","35.00","",""
"12/07/2025 17:30:00 - 12/07/2025 17:45:00","BZN|FR","Without Sequence","35.00","",""
"12/07/2025 17:45:00 - 12/07/2025 18:00:00","BZN|FR","Without Sequence","35.00","",""
"12/07/2025 18:00:00 - 12/07/2025 18:15:00","BZN|FR","Without Sequence","50.08","",""
"12/07/2025 18:15:00 - 12/07/2025 18:30:00","BZN|FR","Without Sequence","50.08","",""
"12/07/2025 18:30:00 - 12/07/2025 18:45:00","BZN|FR","Without Sequence","50.08","",""
"12/07/2025 18:45:00 - 12/07/2025 19:00:00","BZN|FR","Without Sequence","50.08","",""
"12/07/2025 19:00:00 - 12/07/2025 19:15:00","BZN|FR","Without Sequence","75.40","",""
"12/07/2025 19:15:00 - 12/07/2025 19:30:00","BZN|FR","Without Sequence","75.40","",""
"12/07/2025 19:30:00 - 12/07/2025 19:45:00","BZN|FR","Without Sequence","75.40","",""
"12/07/2025 19:45:00 - 12/07/2025 20:00:00","BZN|FR","Without Sequence","75.40","",""
"12/07/2025 20:00:00 - 12/07/2025 20:15:00","BZN|FR","Without Sequence","107.75","",""
"12/07/2025 20:15:00 - 12/07/2025 20:30:00","BZN|FR","Without Sequence","107.75","",""
"12/07/2025 20:30:00 - 12/07/2025 20:45:00","BZN|FR","Without Sequence","107.75","",""
"12/07/2025 20:45:00 - 12/07/2025 21:00:00","BZN|FR","Without Sequence","107.75","",""
"12/07/2025 21:00:00 - 12/07/2025 21:15:00","BZN|FR","Without Sequence","99.72","",""
"12/07/2025 21:15:00 - 12/07/2025 21:30:00","BZN|FR","Without Sequence","99.72","",""
"12/07/2025 21:30:00 - 12/07/2025 21:45:00","BZN|FR","Without Sequence","99.72","",""
"12/07/2025 21:45:00 - 12/07/2025 22:00:00","BZN|FR","Without Sequence","99.72","",""
"12/07/2025 22:00:00 - 12/07/2025 22:15:00","BZN|FR","Without Sequence","117.17","",""
"12/07/2025 22:15:00 - 12/07/2025 22:30:00","BZN|FR","Without Sequence","117.17","",""
"12/07/2025 22:30:00 - 12/07/2025 22:45:00","BZN|FR","Without Sequence","117.17","",""
"12/07/2025 22:45:00 - 12/07/2025 23:00:00","BZN|FR","Without Sequence","117.17","",""
"12/07/2025 23:00:00 - 12/07/2025 23:15:00","BZN|FR","Without Sequence","105.98","",""
"12/07/2025 23:15:00 - 12/07/2025 23:30:00","BZN|FR","Without Sequence","105.98","",""
"12/07/2025 23:30:00 - 12/07/2025 23:45:00","BZN|FR","Without Sequence","105.98","",""
"12/07/2025 23:45:00 - 13/07/2025 00:00:00","BZN|FR","Without Sequence","105.98","",""
"13/07/2025 00:00:00 - 13/07/2025 00:15:00","BZN|FR","Without Sequence","95.66","",""
"13/07/2025 00:15:00 - 13/07/2025 00:30:00","BZN|FR","Without Sequence","95.66","",""
"13/07/2025 00:30:00 - 13/07/2025 00:45:00","BZN|FR","Without Sequence","95.66","",""
"13/07/2025 00:45:00 - 13/07/2025 01:00:00","BZN|FR","Without Sequence","95.66","",""
"13/07/2025 01:00:00 - 13/07/2025 01:15:00","BZN|FR","Without Sequence","87.25","",""
"13/07/2025 01:15:00 - 13/07/2025 01:30:00","BZN|FR","Without Sequence","87.25","",""
"13/07/2025 01:30:00 - 13/07/2025 01:45:00","BZN|FR","Without Sequence","87.25","",""
"13/07/2025 01:45:00 - 13/07/2025 02:00:00","BZN|FR","Without Sequence","87.25","",""
"13/07/2025 02:00:00 - 13/07/2025 02:15:00","BZN|FR","Without Sequence","74.89","",""
"13/07/2025 02:15:00 - 13/07/2025 02:30:00","BZN|FR","Without Sequence","74.89","",""
"13/07/2025 02:30:00 - 13/07/2025 02:45:00","BZN|FR","Without Sequence","74.89","",""
"13/07/2025 02:45:00 - 13/07/2025 03:00:00","BZN|FR","Without Sequence","74.89","",""
"13/07/2025 03:00:00 - 13/07/2025 03:15:00","BZN|FR","Without Sequence","60.72","",""
"13/07/2025 03:15:00 - 13/07/2025 03:30:00","BZN|FR","Without Sequence","60.72","",""
"13/07/2025 03:30:00 - 13/07/2025 03:45:00","BZN|FR","Without Sequence","60.72","",""
"13/07/2025 03:45:00 - 13/07/2025 04:00:00","BZN|FR","Without Sequence","60.72","",""
"13/07/2025 04:00:00 - 13/07/2025 04:15:00","BZN|FR","Without Sequence","55.25","",""
"13/07/2025 04:15:00 - 13/07/2025 04:30:00","BZN|FR","Without Sequence","55.25","",""
"13/07/2025 04:30:00 - 13/07/2025 04:45:00","BZN|FR","Without Sequence","55.25","",""
"13/07/2025 04:45:00 - 13/07/2025 05:00:00","BZN|FR","Without Sequence","55.25","",""
"13/07/2025 05:00:00 - 13/07/2025 05:15:00","BZN|FR","Without Sequence","54.07","",""
"13/07/2025 05:15:00 - 13/07/2025 05:30:00","BZN|FR","Without Sequence","54.07","",""
"13/07/2025 05:30:00 - 13/07/2025 05:45:00","BZN|FR","Without Sequence","54.07","",""
"13/07/2025 05:45:00 - 13/07/2025 06:00:00","BZN|FR","Without Sequence","54.07","",""
"13/07/2025 06:00:00 - 13/07/2025 06:15:00","BZN|FR","Without Sequence","51.09","",""
"13/07/2025 06:15:00 - 13/07/2025 06:30:00","BZN|FR","Without Sequence","51.09","",""
"13/07/2025 06:30:00 - 13/07/2025 06:45:00","BZN|FR","Without Sequence","51.09","",""
"13/07/2025 06:45:00 - 13/07/2025 07:00:00","BZN|FR","Without Sequence","51.09","",""
"13/07/2025 07:00:00 - 13/07/2025 07:15:00","BZN|FR","Without Sequence","62.31","",""
"13/07/2025 07:15:00 - 13/07/2025 07:30:00","BZN|FR","Without Sequence","62.31","",""
"13/07/2025 07:30:00 - 13/07/2025 07:45:00","BZN|FR","Without Sequence","62.31","",""
"13/07/2025 07:45:00 - 13/07/2025 08:00:00","BZN|FR","Without Sequence","62.31","",""
"13/07/2025 08:00:00 - 13/07/2025 08:15:00","BZN|FR","Without Sequence","55.00","",""
"13/07/2025 08:15:00 - 13/07/2025 08:30:00","BZN|FR","Without Sequence","55.00","",""
"13/07/2025 08:30:00 - 13/07/2025 08:45:00","BZN|FR","Without Sequence","55.00","",""
"13/07/2025 08:45:00 - 13/07/2025 09:00:00","BZN|FR","Without Sequence","55.00","",""
"13/07/2025 09:00:00 - 13/07/2025 09:15:00","BZN|FR","Without Sequence","22.50","",""
"13/07/2025 09:15:00 - 13/07/2025 09:30:00","BZN|FR","Without Sequence","22.50","",""
"13/07/2025 09:30:00 - 13/07/2025 09:45:00","BZN|FR","Without Sequence","22.50","",""
"13/07/2025 09:45:00 - 13/07/2025 10:00:00","BZN|FR","Without Sequence","22.50","",""
"13/07/2025 10:00:00 - 13/07/2025 10:15:00","BZN|FR","Without Sequence","4.28","",""
"13/07/2025 10:15:00 - 13/07/2025 10:30:00","BZN|FR","Without Sequence","4.28","",""
"13/07/2025 10:30:00 - 13/07/2025 10:45:00","BZN|FR","Without Sequence","4.28","",""
"13/07/2025 10:45:00 - 13/07/2025 11:00:00","BZN|FR","Without Sequence","4.28","",""
"13/07/2025 11:00:00 - 13/07/2025 11:15:00","BZN|FR","Without Sequence","0.05","",""
"13/07/2025 11:15:00 - 13/07/2025 11:30:00","BZN|FR","Without Sequence","0.05","",""
"13/07/2025 11:30:00 - 13/07/2025 11:45:00","BZN|FR","Without Sequence","0.05","",""
"13/07/2025 11:45:00 - 13/07/2025 12:00:00","BZN|FR","Without Sequence","0.05","",""
"13/07/2025 12:00:00 - 13/07/2025 12:15:00","BZN|FR","Without Sequence","0.00","",""
"13/07/2025 12:15:00 - 13/07/2025 12:30:00","BZN|FR","Without Sequence","0.00","",""
"13/07/2025 12:30:00 - 13/07/2025 12:45:00","BZN|FR","Without Sequence","0.00","",""
"13/07/2025 12:45:00 - 13/07/2025 13:00:00","BZN|FR","Without Sequence","0.00","",""
"13/07/2025 13:00:00 - 13/07/2025 13:15:00","BZN|FR","Without Sequence","0.00","",""
"13/07/2025 13:15:00 - 13/07/2025 13:30:00","BZN|FR","Without Sequence","0.00","",""
"13/07/2025 13:30:00 - 13/07/2025 13:45:00","BZN|FR","Without Sequence","0.00","",""
"13/07/2025 13:45:00 - 13/07/2025 14:00:00","BZN|FR","Without Sequence","0.00","",""
"13/07/2025 14:00:00 - 13/07/2025 14:15:00","BZN|FR","Without Sequence","0.00","",""
"13/07/2025 14:15:00 - 13/07/2025 14:30:00","BZN|FR","Without Sequence","0.00","",""
"13/07/2025 14:30:00 - 13/07/2025 14:45:00","BZN|FR","Without Sequence","0.00","",""
"13/07/2025 14:45:00 - 13/07/2025 15:00:00","BZN|FR","Without Sequence","0.00","",""
"13/07/2025 15:00:00 - 13/07/2025 15:15:00","BZN|FR","Without Sequence","0.00","",""
"13/07/2025 15:15:00 - 13/07/2025 15:30:00","BZN|FR","Without Sequence","0.00","",""
"13/07/2025 15:30:00 - 13/07/2025 15:45:00","BZN|FR","Without Sequence","0.00","",""
"13/07/2025 15:45:00 - 13/07/2025 16:00:00","BZN|FR","Without Sequence","0.00","",""
"13/07/2025 16:00:00 - 13/07/2025 16:15:00","BZN|FR","Without Sequence","1.00","",""
"13/07/2025 16:15:00 - 13/07/2025 16:30:00","BZN|FR","Without Sequence","1.00","",""
"13/07/2025 16:30:00 - 13/07/2025 16:45:00","BZN|FR","Without Sequence","1.00","",""
"13/07/2025 16:45:00 - 13/07/2025 17:00:00","BZN|FR","Without Sequence","1.00","",""
"13/07/2025 17:00:00 - 13/07/2025 17:15:00","BZN|FR","Without Sequence","9.37","",""
"13/07/2025 17:15:00 - 13/07/2025 17:30:00","BZN|FR","Without Sequence","9.37","",""
"13/07/2025 17:30:00 - 13/07/2025 17:45:00","BZN|FR","Without Sequence","9.37","",""
"13/07/2025 17:45:00 - 13/07/2025 18:00:00","BZN|FR","Without Sequence","9.37","",""
"13/07/2025 18:00:00 - 13/07/2025 18:15:00","BZN|FR","Without Sequence","30.39","",""
"13/07/2025 18:15:00 - 13/07/2025 18:30:00","BZN|FR","Without Sequence","30.39","",""
"13/07/2025 18:30:00 - 13/07/2025 18:45:00","BZN|FR","Without Sequence","30.39","",""
"13/07/2025 18:45:00 - 13/07/2025 19:00:00","BZN|FR","Without Sequence","30.39","",""
"13/07/2025 19:00:00 - 13/07/2025 19:15:00","BZN|FR","Without Sequence","70.10","",""
"13/07/2025 19:15:00 - 13/07/2025 19:30:00","BZN|FR","Without Sequence","70.10","",""
"13/07/2025 19:30:00 - 13/07/2025 19:45:00","BZN|FR","Without Sequence","70.10","",""
"13/07/2025 19:45:00 - 13/07/2025 20:00:00","BZN|FR","Without Sequence","70.10","",""
"13/07/2025 20:00:00 - 13/07/2025 20:15:00","BZN|FR","Without Sequence","107.69","",""
"13/07/2025 20:15:00 - 13/07/2025 20:30:00","BZN|FR","Without Sequence","107.69","",""
"13/07/2025 20:30:00 - 13/07/2025 20:45:00","BZN|FR","Without Sequence","107.69","",""
"13/07/2025 20:45:00 - 13/07/2025 21:00:00","BZN|FR","Without Sequence","107.69","",""
"13/07/2025 21:00:00 - 13/07/2025 21:15:00","BZN|FR","Without Sequence","122.80","",""
"13/07/2025 21:15:00 - 13/07/2025 21:30:00","BZN|FR","Without Sequence","122.80","",""
"13/07/2025 21:30:00 - 13/07/2025 21:45:00","BZN|FR","Without Sequence","122.80","",""
"13/07/2025 21:45:00 - 13/07/2025 22:00:00","BZN|FR","Without Sequence","122.80","",""
"13/07/2025 22:00:00 - 13/07/2025 22:15:00","BZN|FR","Without Sequence","126.94","",""
"13/07/2025 22:15:00 - 13/07/2025 22:30:00","BZN|FR","Without Sequence","126.94","",""
"13/07/2025 22:30:00 - 13/07/2025 22:45:00","BZN|FR","Without Sequence","126.94","",""
"13/07/2025 22:45:00 - 13/07/2025 23:00:00","BZN|FR","Without Sequence","126.94","",""
"13/07/2025 23:00:00 - 13/07/2025 23:15:00","BZN|FR","Without Sequence","114.40","",""
"13/07/2025 23:15:00 - 13/07/2025 23:30:00","BZN|FR","Without Sequence","114.40","",""
"13/07/2025 23:30:00 - 13/07/2025 23:45:00","BZN|FR","Without Sequence","114.40","",""
"13/07/2025 23:45:00 - 14/07/2025 00:00:00","BZN|FR","Without Sequence","114.40","",""
"14/07/2025 00:00:00 - 14/07/2025 00:15:00","BZN|FR","Without Sequence","85.26","",""
"14/07/2025 00:15:00 - 14/07/2025 00:30:00","BZN|FR","Without Sequence","85.26","",""
"14/07/2025 00:30:00 - 14/07/2025 00:45:00","BZN|FR","Without Sequence","85.26","",""
"14/07/2025 00:45:00 - 14/07/2025 01:00:00","BZN|FR","Without Sequence","85.26","",""
"14/07/2025 01:00:00 - 14/07/2025 01:15:00","BZN|FR","Without Sequence","71.56","",""
"14/07/2025 01:15:00 - 14/07/2025 01:30:00","BZN|FR","Without Sequence","71.56","",""
"14/07/2025 01:30:00 - 14/07/2025 01:45:00","BZN|FR","Without Sequence","71.56","",""
"14/07/2025 01:45:00 - 14/07/2025 02:00:00","BZN|FR","Without Sequence","71.56","",""
"14/07/2025 02:00:00 - 14/07/2025 02:15:00","BZN|FR","Without Sequence","49.28","",""
"14/07/2025 02:15:00 - 14/07/2025 02:30:00","BZN|FR","Without Sequence","49.28","",""
"14/07/2025 02:30:00 - 14/07/2025 02:45:00","BZN|FR","Without Sequence","49.28","",""
"14/07/2025 02:45:00 - 14/07/2025 03:00:00","BZN|FR","Without Sequence","49.28","",""
"14/07/2025 03:00:00 - 14/07/2025 03:15:00","BZN|FR","Without Sequence","51.95","",""
"14/07/2025 03:15:00 - 14/07/2025 03:30:00","BZN|FR","Without Sequence","51.95","",""
"14/07/2025 03:30:00 - 14/07/2025 03:45:00","BZN|FR","Without Sequence","51.95","",""
"14/07/2025 03:45:00 - 14/07/2025 04:00:00","BZN|FR","Without Sequence","51.95","",""
"14/07/2025 04:00:00 - 14/07/2025 04:15:00","BZN|FR","Without Sequence","41.39","",""
"14/07/2025 04:15:00 - 14/07/2025 04:30:00","BZN|FR","Without Sequence","41.39","",""
"14/07/2025 04:30:00 - 14/07/2025 04:45:00","BZN|FR","Without Sequence","41.39","",""
"14/07/2025 04:45:00 - 14/07/2025 05:00:00","BZN|FR","Without Sequence","41.39","",""
"14/07/2025 05:00:00 - 14/07/2025 05:15:00","BZN|FR","Without Sequence","35.78","",""
"14/07/2025 05:15:00 - 14/07/2025 05:30:00","BZN|FR","Without Sequence","35.78","",""
"14/07/2025 05:30:00 - 14/07/2025 05:45:00","BZN|FR","Without Sequence","35.78","",""
"14/07/2025 05:45:00 - 14/07/2025 06:00:00","BZN|FR","Without Sequence","35.78","",""
"14/07/2025 06:00:00 - 14/07/2025 06:15:00","BZN|FR","Without Sequence","40.19","",""
"14/07/2025 06:15:00 - 14/07/2025 06:30:00","BZN|FR","Without Sequence","40.19","",""
"14/07/2025 06:30:00 - 14/07/2025 06:45:00","BZN|FR","Without Sequence","40.19","",""
"14/07/2025 06:45:00 - 14/07/2025 07:00:00","BZN|FR","Without Sequence","40.19","",""
"14/07/2025 07:00:00 - 14/07/2025 07:15:00","BZN|FR","Without Sequence","31.17","",""
"14/07/2025 07:15:00 - 14/07/2025 07:30:00","BZN|FR","Without Sequence","31.17","",""
"14/07/2025 07:30:00 - 14/07/2025 07:45:00","BZN|FR","Without Sequence","31.17","",""
"14/07/2025 07:45:00 - 14/07/2025 08:00:00","BZN|FR","Without Sequence","31.17","",""
"14/07/2025 08:00:00 - 14/07/2025 08:15:00","BZN|FR","Without Sequence","28.27","",""
"14/07/2025 08:15:00 - 14/07/2025 08:30:00","BZN|FR","Without Sequence","28.27","",""
"14/07/2025 08:30:00 - 14/07/2025 08:45:00","BZN|FR","Without Sequence","28.27","",""
"14/07/2025 08:45:00 - 14/07/2025 09:00:00","BZN|FR","Without Sequence","28.27","",""
"14/07/2025 09:00:00 - 14/07/2025 09:15:00","BZN|FR","Without Sequence","38.53","",""
"14/07/2025 09:15:00 - 14/07/2025 09:30:00","BZN|FR","Without Sequence","38.53","",""
"14/07/2025 09:30:00 - 14/07/2025 09:45:00","BZN|FR","Without Sequence","38.53","",""
"14/07/2025 09:45:00 - 14/07/2025 10:00:00","BZN|FR","Without Sequence","38.53","",""
"14/07/2025 10:00:00 - 14/07/2025 10:15:00","BZN|FR","Without Sequence","37.05","",""
"14/07/2025 10:15:00 - 14/07/2025 10:30:00","BZN|FR","Without Sequence","37.05","",""
"14/07/2025 10:30:00 - 14/07/2025 10:45:00","BZN|FR","Without Sequence","37.05","",""
"14/07/2025 10:45:00 - 14/07/2025 11:00:00","BZN|FR","Without Sequence","37.05","",""
"14/07/2025 11:00:00 - 14/07/2025 11:15:00","BZN|FR","Without Sequence","30.34","",""
"14/07/2025 11:15:00 - 14/07/2025 11:30:00","BZN|FR","Without Sequence","30.34","",""
"14/07/2025 11:30:00 - 14/07/2025 11:45:00","BZN|FR","Without Sequence","30.34","",""
"14/07/2025 11:45:00 - 14/07/2025 12:00:00","BZN|FR","Without Sequence","30.34","",""
"14/07/2025 12:00:00 - 14/07/2025 12:15:00","BZN|FR","Without Sequence","34.06","",""
"14/07/2025 12:15:00 - 14/07/2025 12:30:00","BZN|FR","Without Sequence","34.06","",""
"14/07/2025 12:30:00 - 14/07/2025 12:45:00","BZN|FR","Without Sequence","34.06","",""
"14/07/2025 12:45:00 - 14/07/2025 13:00:00","BZN|FR","Without Sequence","34.06","",""
"14/07/2025 13:00:00 - 14/07/2025 13:15:00","BZN|FR","Without Sequence","38.80","",""
"14/07/2025 13:15:00 - 14/07/2025 13:30:00","BZN|FR","Without Sequence","38.80","",""
"14/07/2025 13:30:00 - 14/07/2025 13:45:00","BZN|FR","Without Sequence","38.80","",""
"14/07/2025 13:45:00 - 14/07/2025 14:00:00","BZN|FR","Without Sequence","38.80","",""
"14/07/2025 14:00:00 - 14/07/2025 14:15:00","BZN|FR","Without Sequence","31.49","",""
"14/07/2025 14:15:00 - 14/07/2025 14:30:00","BZN|FR","Without Sequence","31.49","",""
"14/07/2025 14:30:00 - 14/07/2025 14:45:00","BZN|FR","Without Sequence","31.49","",""
"14/07/2025 14:45:00 - 14/07/2025 15:00:00","BZN|FR","Without Sequence","31.49","",""
"14/07/2025 15:00:00 - 14/07/2025 15:15:00","BZN|FR","Without Sequence","18.21","",""
"14/07/2025 15:15:00 - 14/07/2025 15:30:00","BZN|FR","Without Sequence","18.21","",""
"14/07/2025 15:30:00 - 14/07/2025 15:45:00","BZN|FR","Without Sequence","18.21","",""
"14/07/2025 15:45:00 - 14/07/2025 16:00:00","BZN|FR","Without Sequence","18.21","",""
"14/07/2025 16:00:00 - 14/07/2025 16:15:00","BZN|FR","Without Sequence","27.09","",""
"14/07/2025 16:15:00 - 14/07/2025 16:30:00","BZN|FR","Without Sequence","27.09","",""
"14/07/2025 16:30:00 - 14/07/2025 16:45:00","BZN|FR","Without Sequence","27.09","",""
"14/07/2025 16:45:00 - 14/07/2025 17:00:00","BZN|FR","Without Sequence","27.09","",""
"14/07/2025 17:00:00 - 14/07/2025 17:15:00","BZN|FR","Without Sequence","47.50","",""
"14/07/2025 17:15:00 - 14/07/2025 17:30:00","BZN|FR","Without Sequence","47.50","",""
"14/07/2025 17:30:00 - 14/07/2025 17:45:00","BZN|FR","Without Sequence","47.50","",""
"14/07/2025 17:45:00 - 14/07/2025 18:00:00","BZN|FR","Without Sequence","47.50","",""
"14/07/2025 18:00:00 - 14/07/2025 18:15:00","BZN|FR","Without Sequence","54.14","",""
"14/07/2025 18:15:00 - 14/07/2025 18:30:00","BZN|FR","Without Sequence","54.14","",""
"14/07/2025 18:30:00 - 14/07/2025 18:45:00","BZN|FR","Without Sequence","54.14","",""
"14/07/2025 18:45:00 - 14/07/2025 19:00:00","BZN|FR","Without Sequence","54.14","",""
"14/07/2025 19:00:00 - 14/07/2025 19:15:00","BZN|FR","Without Sequence","77.76","",""
"14/07/2025 19:15:00 - 14/07/2025 19:30:00","BZN|FR","Without Sequence","77.76","",""
"14/07/2025 19:30:00 - 14/07/2025 19:45:00","BZN|FR","Without Sequence","77.76","",""
"14/07/2025 19:45:00 - 14/07/2025 20:00:00","BZN|FR","Without Sequence","77.76","",""
"14/07/2025 20:00:00 - 14/07/2025 20:15:00","BZN|FR","Without Sequence","86.23","",""
"14/07/2025 20:15:00 - 14/07/2025 20:30:00","BZN|FR","Without Sequence","86.23","",""
"14/07/2025 20:30:00 - 14/07/2025 20:45:00","BZN|FR","Without Sequence","86.23","",""
"14/07/2025 20:45:00 - 14/07/2025 21:00:00","BZN|FR","Without Sequence","86.23","",""
"14/07/2025 21:00:00 - 14/07/2025 21:15:00","BZN|FR","Without Sequence","89.29","",""
"14/07/2025 21:15:00 - 14/07/2025 21:30:00","BZN|FR","Without Sequence","89.29","",""
"14/07/2025 21:30:00 - 14/07/2025 21:45:00","BZN|FR","Without Sequence","89.29","",""
"14/07/2025 21:45:00 - 14/07/2025 22:00:00","BZN|FR","Without Sequence","89.29","",""
"14/07/2025 22:00:00 - 14/07/2025 22:15:00","BZN|FR","Without Sequence","117.84","",""
"14/07/2025 22:15:00 - 14/07/2025 22:30:00","BZN|FR","Without Sequence","117.84","",""
"14/07/2025 22:30:00 - 14/07/2025 22:45:00","BZN|FR","Without Sequence","117.84","",""
"14/07/2025 22:45:00 - 14/07/2025 23:00:00","BZN|FR","Without Sequence","117.84","",""
"14/07/2025 23:00:00 - 14/07/2025 23:15:00","BZN|FR","Without Sequence","113.83","",""
"14/07/2025 23:15:00 - 14/07/2025 23:30:00","BZN|FR","Without Sequence","113.83","",""
"14/07/2025 23:30:00 - 14/07/2025 23:45:00","BZN|FR","Without Sequence","113.83","",""
"14/07/2025 23:45:00 - 15/07/2025 00:00:00","BZN|FR","Without Sequence","113.83","",""
"15/07/2025 00:00:00 - 15/07/2025 00:15:00","BZN|FR","Without Sequence","76.77","",""
"15/07/2025 00:15:00 - 15/07/2025 00:30:00","BZN|FR","Without Sequence","76.77","",""
"15/07/2025 00:30:00 - 15/07/2025 00:45:00","BZN|FR","Without Sequence","76.77","",""
"15/07/2025 00:45:00 - 15/07/2025 01:00:00","BZN|FR","Without Sequence","76.77","",""
"15/07/2025 01:00:00 - 15/07/2025 01:15:00","BZN|FR","Without Sequence","57.20","",""
"15/07/2025 01:15:00 - 15/07/2025 01:30:00","BZN|FR","Without Sequence","57.20","",""
"15/07/2025 01:30:00 - 15/07/2025 01:45:00","BZN|FR","Without Sequence","57.20","",""
"15/07/2025 01:45:00 - 15/07/2025 02:00:00","BZN|FR","Without Sequence","57.20","",""
"15/07/2025 02:00:00 - 15/07/2025 02:15:00","BZN|FR","Without Sequence","63.01","",""
"15/07/2025 02:15:00 - 15/07/2025 02:30:00","BZN|FR","Without Sequence","63.01","",""
"15/07/2025 02:30:00 - 15/07/2025 02:45:00","BZN|FR","Without Sequence","63.01","",""
"15/07/2025 02:45:00 - 15/07/2025 03:00:00","BZN|FR","Without Sequence","63.01","",""
"15/07/2025 03:00:00 - 15/07/2025 03:15:00","BZN|FR","Without Sequence","59.29","",""
"15/07/2025 03:15:00 - 15/07/2025 03:30:00","BZN|FR","Without Sequence","59.29","",""
"15/07/2025 03:30:00 - 15/07/2025 03:45:00","BZN|FR","Without Sequence","59.29","",""
"15/07/2025 03:45:00 - 15/07/2025 04:00:00","BZN|FR","Without Sequence","59.29","",""
"15/07/2025 04:00:00 - 15/07/2025 04:15:00","BZN|FR","Without Sequence","54.10","",""
"15/07/2025 04:15:00 - 15/07/2025 04:30:00","BZN|FR","Without Sequence","54.10","",""
"15/07/2025 04:30:00 - 15/07/2025 04:45:00","BZN|FR","Without Sequence","54.10","",""
"15/07/2025 04:45:00 - 15/07/2025 05:00:00","BZN|FR","Without Sequence","54.10","",""
"15/07/2025 05:00:00 - 15/07/2025 05:15:00","BZN|FR","Without Sequence","63.78","",""
"15/07/2025 05:15:00 - 15/07/2025 05:30:00","BZN|FR","Without Sequence","63.78","",""
"15/07/2025 05:30:00 - 15/07/2025 05:45:00","BZN|FR","Without Sequence","63.78","",""
"15/07/2025 05:45:00 - 15/07/2025 06:00:00","BZN|FR","Without Sequence","63.78","",""
"15/07/2025 06:00:00 - 15/07/2025 06:15:00","BZN|FR","Without Sequence","69.52","",""
"15/07/2025 06:15:00 - 15/07/2025 06:30:00","BZN|FR","Without Sequence","69.52","",""
"15/07/2025 06:30:00 - 15/07/2025 06:45:00","BZN|FR","Without Sequence","69.52","",""
"15/07/2025 06:45:00 - 15/07/2025 07:00:00","BZN|FR","Without Sequence","69.52","",""
"15/07/2025 07:00:00 - 15/07/2025 07:15:00","BZN|FR","Without Sequence","84.47","",""
"15/07/2025 07:15:00 - 15/07/2025 07:30:00","BZN|FR","Without Sequence","84.47","",""
"15/07/2025 07:30:00 - 15/07/2025 07:45:00","BZN|FR","Without Sequence","84.47","",""
"15/07/2025 07:45:00 - 15/07/2025 08:00:00","BZN|FR","Without Sequence","84.47","",""
"15/07/2025 08:00:00 - 15/07/2025 08:15:00","BZN|FR","Without Sequence","94.16","",""
"15/07/2025 08:15:00 - 15/07/2025 08:30:00","BZN|FR","Without Sequence","94.16","",""
"15/07/2025 08:30:00 - 15/07/2025 08:45:00","BZN|FR","Without Sequence","94.16","",""
"15/07/2025 08:45:00 - 15/07/2025 09:00:00","BZN|FR","Without Sequence","94.16","",""
"15/07/2025 09:00:00 - 15/07/2025 09:15:00","BZN|FR","Without Sequence","72.97","",""
"15/07/2025 09:15:00 - 15/07/2025 09:30:00","BZN|FR","Without Sequence","72.97","",""
"15/07/2025 09:30:00 - 15/07/2025 09:45:00","BZN|FR","Without Sequence","72.97","",""
"15/07/2025 09:45:00 - 15/07/2025 10:00:00","BZN|FR","Without Sequence","72.97","",""
"15/07/2025 10:00:00 - 15/07/2025 10:15:00","BZN|FR","Without Sequence","30.50","",""
"15/07/2025 10:15:00 - 15/07/2025 10:30:00","BZN|FR","Without Sequence","30.50","",""
"15/07/2025 10:30:00 - 15/07/2025 10:45:00","BZN|FR","Without Sequence","30.50","",""
"15/07/2025 10:45:00 - 15/07/2025 11:00:00","BZN|FR","Without Sequence","30.50","",""
"15/07/2025 11:00:00 - 15/07/2025 11:15:00","BZN|FR","Without Sequence","39.87","",""
"15/07/2025 11:15:00 - 15/07/2025 11:30:00","BZN|FR","Without Sequence","39.87","",""
"15/07/2025 11:30:00 - 15/07/2025 11:45:00","BZN|FR","Without Sequence","39.87","",""
"15/07/2025 11:45:00 - 15/07/2025 12:00:00","BZN|FR","Without Sequence","39.87","",""
"15/07/2025 12:00:00 - 15/07/2025 12:15:00","BZN|FR","Without Sequence","46.20","",""
"15/07/2025 12:15:00 - 15/07/2025 12:30:00","BZN|FR","Without Sequence","46.20","",""
"15/07/2025 12:30:00 - 15/07/2025 12:45:00","BZN|FR","Without Sequence","46.20","",""
"15/07/2025 12:45:00 - 15/07/2025 13:00:00","BZN|FR","Without Sequence","46.20","",""
"15/07/2025 13:00:00 - 15/07/2025 13:15:00","BZN|FR","Without Sequence","34.82","",""
"15/07/2025 13:15:00 - 15/07/2025 13:30:00","BZN|FR","Without Sequence","34.82","",""
"15/07/2025 13:30:00 - 15/07/2025 13:45:00","BZN|FR","Without Sequence","34.82","",""
"15/07/2025 13:45:00 - 15/07/2025 14:00:00","BZN|FR","Without Sequence","34.82","",""
"15/07/2025 14:00:00 - 15/07/2025 14:15:00","BZN|FR","Without Sequence","25.80","",""
"15/07/2025 14:15:00 - 15/07/2025 14:30:00","BZN|FR","Without Sequence","25.80","",""
"15/07/2025 14:30:00 - 15/07/2025 14:45:00","BZN|FR","Without Sequence","25.80","",""
"15/07/2025 14:45:00 - 15/07/2025 15:00:00","BZN|FR","Without Sequence","25.80","",""
"15/07/2025 15:00:00 - 15/07/2025 15:15:00","BZN|FR","Without Sequence","21.39","",""
"15/07/2025 15:15:00 - 15/07/2025 15:30:00","BZN|FR","Without Sequence","21.39","",""
"15/07/2025 15:30:00 - 15/07/2025 15:45:00","BZN|FR","Without Sequence","21.39","",""
"15/07/2025 15:45:00 - 15/07/2025 16:00:00","BZN|FR","Without Sequence","21.39","",""
"15/07/2025 16:00:00 - 15/07/2025 16:15:00","BZN|FR","Without Sequence","20.82","",""
"15/07/2025 16:15:00 - 15/07/2025 16:30:00","BZN|FR","Without Sequence","20.82","",""
"15/07/2025 16:30:00 - 15/07/2025 16:45:00","BZN|FR","Without Sequence","20.82","",""
"15/07/2025 16:45:00 - 15/07/2025 17:00:00","BZN|FR","Without Sequence","20.82","",""
"15/07/2025 17:00:00 - 15/07/2025 17:15:00","BZN|FR","Without Sequence","38.40","",""
"15/07/2025 17:15:00 - 15/07/2025 17:30:00","BZN|FR","Without Sequence","38.40","",""
"15/07/2025 17:30:00 - 15/07/2025 17:45:00","BZN|FR","Without Sequence","38.40","",""
"15/07/2025 17:45:00 - 15/07/2025 18:00:00","BZN|FR","Without Sequence","38.40","",""
"15/07/2025 18:00:00 - 15/07/2025 18:15:00","BZN|FR","Without Sequence","44.77","",""
"15/07/2025 18:15:00 - 15/07/2025 18:30:00","BZN|FR","Without Sequence","44.77","",""
"15/07/2025 18:30:00 - 15/07/2025 18:45:00","BZN|FR","Without Sequence","44.77","",""
"15/07/2025 18:45:00 - 15/07/2025 19:00:00","BZN|FR","Without Sequence","44.77","",""
"15/07/2025 19:00:00 - 15/07/2025 19:15:00","BZN|FR","Without Sequence","65.89","",""
"15/07/2025 19:15:00 - 15/07/2025 19:30:00","BZN|FR","Without Sequence","65.89","",""
"15/07/2025 19:30:00 - 15/07/2025 19:45:00","BZN|FR","Without Sequence","65.89","",""
"15/07/2025 19:45:00 - 15/07/2025 20:00:00","BZN|FR","Without Sequence","65.89","",""
"15/07/2025 20:00:00 - 15/07/2025 20:15:00","BZN|FR","Without Sequence","74.46","",""
"15/07/2025 20:15:00 - 15/07/2025 20:30:00","BZN|FR","Without Sequence","74.46","",""
"15/07/2025 20:30:00 - 15/07/2025 20:45:00","BZN|FR","Without Sequence","74.46","",""
"15/07/2025 20:45:00 - 15/07/2025 21:00:00","BZN|FR","Without Sequence","74.46","",""
"15/07/2025 21:00:00 - 15/07/2025 21:15:00","BZN|FR","Without Sequence","79.57","",""
"15/07/2025 21:15:00 - 15/07/2025 21:30:00","BZN|FR","Without Sequence","79.57","",""
"15/07/2025 21:30:00 - 15/07/2025 21:45:00","BZN|FR","Without Sequence","79.57","",""
"15/07/2025 21:45:00 - 15/07/2025 22:00:00","BZN|FR","Without Sequence","79.57","",""
"15/07/2025 22:00:00 - 15/07/2025 22:15:00","BZN|FR","Without Sequence","100.79","",""
"15/07/2025 22:15:00 - 15/07/2025 22:30:00","BZN|FR","Without Sequence","100.79","",""
"15/07/2025 22:30:00 - 15/07/2025 22:45:00","BZN|FR","Without Sequence","100.79","",""
"15/07/2025 22:45:00 - 15/07/2025 23:00:00","BZN|FR","Without Sequence","100.79","",""
"15/07/2025 23:00:00 - 15/07/2025 23:15:00","BZN|FR","Without Sequence","78.19","",""
"15/07/2025 23:15:00 - 15/07/2025 23:30:00","BZN|FR","Without Sequence","78.19","",""
"15/07/2025 23:30:00 - 15/07/2025 23:45:00","BZN|FR","Without Sequence","78.19","",""
"15/07/2025 23:45:00 - 16/07/2025 00:00:00","BZN|FR","Without Sequence","78.19","",""
"16/07/2025 00:00:00 - 16/07/2025 00:15:00","BZN|FR","Without Sequence","74.97","",""
"16/07/2025 00:15:00 - 16/07/2025 00:30:00","BZN|FR","Without Sequence","74.97","",""
"16/07/2025 00:30:00 - 16/07/2025 00:45:00","BZN|FR","Without Sequence","74.97","",""
"16/07/2025 00:45:00 - 16/07/2025 01:00:00","BZN|FR","Without Sequence","74.97","",""
"16/07/2025 01:00:00 - 16/07/2025 01:15:00","BZN|FR","Without Sequence","56.53","",""
"16/07/2025 01:15:00 - 16/07/2025 01:30:00","BZN|FR","Without Sequence","56.53","",""
"16/07/2025 01:30:00 - 16/07/2025 01:45:00","BZN|FR","Without Sequence","56.53","",""
"16/07/2025 01:45:00 - 16/07/2025 02:00:00","BZN|FR","Without Sequence","56.53","",""
"16/07/2025 02:00:00 - 16/07/2025 02:15:00","BZN|FR","Without Sequence","55.26","",""
"16/07/2025 02:15:00 - 16/07/2025 02:30:00","BZN|FR","Without Sequence","55.26","",""
"16/07/2025 02:30:00 - 16/07/2025 02:45:00","BZN|FR","Without Sequence","55.26","",""
"16/07/2025 02:45:00 - 16/07/2025 03:00:00","BZN|FR","Without Sequence","55.26","",""
"16/07/2025 03:00:00 - 16/07/2025 03:15:00","BZN|FR","Without Sequence","48.19","",""
"16/07/2025 03:15:00 - 16/07/2025 03:30:00","BZN|FR","Without Sequence","48.19","",""
"16/07/2025 03:30:00 - 16/07/2025 03:45:00","BZN|FR","Without Sequence","48.19","",""
"16/07/2025 03:45:00 - 16/07/2025 04:00:00","BZN|FR","Without Sequence","48.19","",""
"16/07/2025 04:00:00 - 16/07/2025 04:15:00","BZN|FR","Without Sequence","44.71","",""
"16/07/2025 04:15:00 - 16/07/2025 04:30:00","BZN|FR","Without Sequence","44.71","",""
"16/07/2025 04:30:00 - 16/07/2025 04:45:00","BZN|FR","Without Sequence","44.71","",""
"16/07/2025 04:45:00 - 16/07/2025 05:00:00","BZN|FR","Without Sequence","44.71","",""
"16/07/2025 05:00:00 - 16/07/2025 05:15:00","BZN|FR","Without Sequence","46.97","",""
"16/07/2025 05:15:00 - 16/07/2025 05:30:00","BZN|FR","Without Sequence","46.97","",""
"16/07/2025 05:30:00 - 16/07/2025 05:45:00","BZN|FR","Without Sequence","46.97","",""
"16/07/2025 05:45:00 - 16/07/2025 06:00:00","BZN|FR","Without Sequence","46.97","",""
"16/07/2025 06:00:00 - 16/07/2025 06:15:00","BZN|FR","Without Sequence","52.33","",""
"16/07/2025 06:15:00 - 16/07/2025 06:30:00","BZN|FR","Without Sequence","52.33","",""
"16/07/2025 06:30:00 - 16/07/2025 06:45:00","BZN|FR","Without Sequence","52.33","",""
"16/07/2025 06:45:00 - 16/07/2025 07:00:00","BZN|FR","Without Sequence","52.33","",""
"16/07/2025 07:00:00 - 16/07/2025 07:15:00","BZN|FR","Without Sequence","62.55","",""
"16/07/2025 07:15:00 - 16/07/2025 07:30:00","BZN|FR","Without Sequence","62.55","",""
"16/07/2025 07:30:00 - 16/07/2025 07:45:00","BZN|FR","Without Sequence","62.55","",""
"16/07/2025 07:45:00 - 16/07/2025 08:00:00","BZN|FR","Without Sequence","62.55","",""
"16/07/2025 08:00:00 - 16/07/2025 08:15:00","BZN|FR","Without Sequence","75.20","",""
"16/07/2025 08:15:00 - 16/07/2025 08:30:00","BZN|FR","Without Sequence","75.20","",""
"16/07/2025 08:30:00 - 16/07/2025 08:45:00","BZN|FR","Without Sequence","75.20","",""
"16/07/2025 08:45:00 - 16/07/2025 09:00:00","BZN|FR","Without Sequence","75.20","",""
"16/07/2025 09:00:00 - 16/07/2025 09:15:00","BZN|FR","Without Sequence","66.99","",""
"16/07/2025 09:15:00 - 16/07/2025 09:30:00","BZN|FR","Without Sequence","66.99","",""
"16/07/2025 09:30:00 - 16/07/2025 09:45:00","BZN|FR","Without Sequence","66.99","",""
"16/07/2025 09:45:00 - 16/07/2025 10:00:00","BZN|FR","Without Sequence","66.99","",""
"16/07/2025 10:00:00 - 16/07/2025 10:15:00","BZN|FR","Without Sequence","42.63","",""
"16/07/2025 10:15:00 - 16/07/2025 10:30:00","BZN|FR","Without Sequence","42.63","",""
"16/07/2025 10:30:00 - 16/07/2025 10:45:00","BZN|FR","Without Sequence","42.63","",""
"16/07/2025 10:45:00 - 16/07/2025 11:00:00","BZN|FR","Without Sequence","42.63","",""
"16/07/2025 11:00:00 - 16/07/2025 11:15:00","BZN|FR","Without Sequence","28.81","",""
"16/07/2025 11:15:00 - 16/07/2025 11:30:00","BZN|FR","Without Sequence","28.81","",""
"16/07/2025 11:30:00 - 16/07/2025 11:45:00","BZN|FR","Without Sequence","28.81","",""
"16/07/2025 11:45:00 - 16/07/2025 12:00:00","BZN|FR","Without Sequence","28.81","",""
"16/07/2025 12:00:00 - 16/07/2025 12:15:00","BZN|FR","Without Sequence","53.60","",""
"16/07/2025 12:15:00 - 16/07/2025 12:30:00","BZN|FR","Without Sequence","53.60","",""
"16/07/2025 12:30:00 - 16/07/2025 12:45:00","BZN|FR","Without Sequence","53.60","",""
"16/07/2025 12:45:00 - 16/07/2025 13:00:00","BZN|FR","Without Sequence","53.60","",""
"16/07/2025 13:00:00 - 16/07/2025 13:15:00","BZN|FR","Without Sequence","36.26","",""
"16/07/2025 13:15:00 - 16/07/2025 13:30:00","BZN|FR","Without Sequence","36.26","",""
"16/07/2025 13:30:00 - 16/07/2025 13:45:00","BZN|FR","Without Sequence","36.26","",""
"16/07/2025 13:45:00 - 16/07/2025 14:00:00","BZN|FR","Without Sequence","36.26","",""
"16/07/2025 14:00:00 - 16/07/2025 14:15:00","BZN|FR","Without Sequence","33.25","",""
"16/07/2025 14:15:00 - 16/07/2025 14:30:00","BZN|FR","Without Sequence","33.25","",""
"16/07/2025 14:30:00 - 16/07/2025 14:45:00","BZN|FR","Without Sequence","33.25","",""
"16/07/2025 14:45:00 - 16/07/2025 15:00:00","BZN|FR","Without Sequence","33.25","",""
"16/07/2025 15:00:00 - 16/07/2025 15:15:00","BZN|FR","Without Sequence","29.01","",""
"16/07/2025 15:15:00 - 16/07/2025 15:30:00","BZN|FR","Without Sequence","29.01","",""
"16/07/2025 15:30:00 - 16/07/2025 15:45:00","BZN|FR","Without Sequence","29.01","",""
"16/07/2025 15:45:00 - 16/07/2025 16:00:00","BZN|FR","Without Sequence","29.01","",""
"16/07/2025 16:00:00 - 16/07/2025 16:15:00","BZN|FR","Without Sequence","39.76","",""
"16/07/2025 16:15:00 - 16/07/2025 16:30:00","BZN|FR","Without Sequence","39.76","",""
"16/07/2025 16:30:00 - 16/07/2025 16:45:00","BZN|FR","Without Sequence","39.76","",""
"16/07/2025 16:45:00 - 16/07/2025 17:00:00","BZN|FR","Without Sequence","39.76","",""
"16/07/2025 17:00:00 - 16/07/2025 17:15:00","BZN|FR","Without Sequence","57.57","",""
"16/07/2025 17:15:00 - 16/07/2025 17:30:00","BZN|FR","Without Sequence","57.57","",""
"16/07/2025 17:30:00 - 16/07/2025 17:45:00","BZN|FR","Without Sequence","57.57","",""
"16/07/2025 17:45:00 - 16/07/2025 18:00:00","BZN|FR","Without Sequence","57.57","",""
"16/07/2025 18:00:00 - 16/07/2025 18:15:00","BZN|FR","Without Sequence","79.10","",""
"16/07/2025 18:15:00 - 16/07/2025 18:30:00","BZN|FR","Without Sequence","79.10","",""
"16/07/2025 18:30:00 - 16/07/2025 18:45:00","BZN|FR","Without Sequence","79.10","",""
"16/07/2025 18:45:00 - 16/07/2025 19:00:00","BZN|FR","Without Sequence","79.10","",""
"16/07/2025 19:00:00 - 16/07/2025 19:15:00","BZN|FR","Without Sequence","109.62","",""
"16/07/2025 19:15:00 - 16/07/2025 19:30:00","BZN|FR","Without Sequence","109.62","",""
"16/07/2025 19:30:00 - 16/07/2025 19:45:00","BZN|FR","Without Sequence","109.62","",""
"16/07/2025 19:45:00 - 16/07/2025 20:00:00","BZN|FR","Without Sequence","109.62","",""
"16/07/2025 20:00:00 - 16/07/2025 20:15:00","BZN|FR","Without Sequence","122.84","",""
"16/07/2025 20:15:00 - 16/07/2025 20:30:00","BZN|FR","Without Sequence","122.84","",""
"16/07/2025 20:30:00 - 16/07/2025 20:45:00","BZN|FR","Without Sequence","122.84","",""
"16/07/2025 20:45:00 - 16/07/2025 21:00:00","BZN|FR","Without Sequence","122.84","",""
"16/07/2025 21:00:00 - 16/07/2025 21:15:00","BZN|FR","Without Sequence","108.40","",""
"16/07/2025 21:15:00 - 16/07/2025 21:30:00","BZN|FR","Without Sequence","108.40","",""
"16/07/2025 21:30:00 - 16/07/2025 21:45:00","BZN|FR","Without Sequence","108.40","",""
"16/07/2025 21:45:00 - 16/07/2025 22:00:00","BZN|FR","Without Sequence","108.40","",""
"16/07/2025 22:00:00 - 16/07/2025 22:15:00","BZN|FR","Without Sequence","117.40","",""
"16/07/2025 22:15:00 - 16/07/2025 22:30:00","BZN|FR","Without Sequence","117.40","",""
"16/07/2025 22:30:00 - 16/07/2025 22:45:00","BZN|FR","Without Sequence","117.40","",""
"16/07/2025 22:45:00 - 16/07/2025 23:00:00","BZN|FR","Without Sequence","117.40","",""
"16/07/2025 23:00:00 - 16/07/2025 23:15:00","BZN|FR","Without Sequence","111.14","",""
"16/07/2025 23:15:00 - 16/07/2025 23:30:00","BZN|FR","Without Sequence","111.14","",""
"16/07/2025 23:30:00 - 16/07/2025 23:45:00","BZN|FR","Without Sequence","111.14","",""
"16/07/2025 23:45:00 - 17/07/2025 00:00:00","BZN|FR","Without Sequence","111.14","",""
"17/07/2025 00:00:00 - 17/07/2025 00:15:00","BZN|FR","Without Sequence","104.23","",""
"17/07/2025 00:15:00 - 17/07/2025 00:30:00","BZN|FR","Without Sequence","104.23","",""
"17/07/2025 00:30:00 - 17/07/2025 00:45:00","BZN|FR","Without Sequence","104.23","",""
"17/07/2025 00:45:00 - 17/07/2025 01:00:00","BZN|FR","Without Sequence","104.23","",""
"17/07/2025 01:00:00 - 17/07/2025 01:15:00","BZN|FR","Without Sequence","98.38","",""
"17/07/2025 01:15:00 - 17/07/2025 01:30:00","BZN|FR","Without Sequence","98.38","",""
"17/07/2025 01:30:00 - 17/07/2025 01:45:00","BZN|FR","Without Sequence","98.38","",""
"17/07/2025 01:45:00 - 17/07/2025 02:00:00","BZN|FR","Without Sequence","98.38","",""
"17/07/2025 02:00:00 - 17/07/2025 02:15:00","BZN|FR","Without Sequence","90.10","",""
"17/07/2025 02:15:00 - 17/07/2025 02:30:00","BZN|FR","Without Sequence","90.10","",""
"17/07/2025 02:30:00 - 17/07/2025 02:45:00","BZN|FR","Without Sequence","90.10","",""
"17/07/2025 02:45:00 - 17/07/2025 03:00:00","BZN|FR","Without Sequence","90.10","",""
"17/07/2025 03:00:00 - 17/07/2025 03:15:00","BZN|FR","Without Sequence","83.77","",""
"17/07/2025 03:15:00 - 17/07/2025 03:30:00","BZN|FR","Without Sequence","83.77","",""
"17/07/2025 03:30:00 - 17/07/2025 03:45:00","BZN|FR","Without Sequence","83.77","",""
"17/07/2025 03:45:00 - 17/07/2025 04:00:00","BZN|FR","Without Sequence","83.77","",""
"17/07/2025 04:00:00 - 17/07/2025 04:15:00","BZN|FR","Without Sequence","82.12","",""
"17/07/2025 04:15:00 - 17/07/2025 04:30:00","BZN|FR","Without Sequence","82.12","",""
"17/07/2025 04:30:00 - 17/07/2025 04:45:00","BZN|FR","Without Sequence","82.12","",""
"17/07/2025 04:45:00 - 17/07/2025 05:00:00","BZN|FR","Without Sequence","82.12","",""
"17/07/2025 05:00:00 - 17/07/2025 05:15:00","BZN|FR","Without Sequence","89.16","",""
"17/07/2025 05:15:00 - 17/07/2025 05:30:00","BZN|FR","Without Sequence","89.16","",""
"17/07/2025 05:30:00 - 17/07/2025 05:45:00","BZN|FR","Without Sequence","89.16","",""
"17/07/2025 05:45:00 - 17/07/2025 06:00:00","BZN|FR","Without Sequence","89.16","",""
"17/07/2025 06:00:00 - 17/07/2025 06:15:00","BZN|FR","Without Sequence","87.05","",""
"17/07/2025 06:15:00 - 17/07/2025 06:30:00","BZN|FR","Without Sequence","87.05","",""
"17/07/2025 06:30:00 - 17/07/2025 06:45:00","BZN|FR","Without Sequence","87.05","",""
"17/07/2025 06:45:00 - 17/07/2025 07:00:00","BZN|FR","Without Sequence","87.05","",""
"17/07/2025 07:00:00 - 17/07/2025 07:15:00","BZN|FR","Without Sequence","101.62","",""
"17/07/2025 07:15:00 - 17/07/2025 07:30:00","BZN|FR","Without Sequence","101.62","",""
"17/07/2025 07:30:00 - 17/07/2025 07:45:00","BZN|FR","Without Sequence","101.62","",""
"17/07/2025 07:45:00 - 17/07/2025 08:00:00","BZN|FR","Without Sequence","101.62","",""
"17/07/2025 08:00:00 - 17/07/2025 08:15:00","BZN|FR","Without Sequence","105.92","",""
"17/07/2025 08:15:00 - 17/07/2025 08:30:00","BZN|FR","Without Sequence","105.92","",""
"17/07/2025 08:30:00 - 17/07/2025 08:45:00","BZN|FR","Without Sequence","105.92","",""
"17/07/2025 08:45:00 - 17/07/2025 09:00:00","BZN|FR","Without Sequence","105.92","",""
"17/07/2025 09:00:00 - 17/07/2025 09:15:00","BZN|FR","Without Sequence","93.10","",""
"17/07/2025 09:15:00 - 17/07/2025 09:30:00","BZN|FR","Without Sequence","93.10","",""
"17/07/2025 09:30:00 - 17/07/2025 09:45:00","BZN|FR","Without Sequence","93.10","",""
"17/07/2025 09:45:00 - 17/07/2025 10:00:00","BZN|FR","Without Sequence","93.10","",""
"17/07/2025 10:00:00 - 17/07/2025 10:15:00","BZN|FR","Without Sequence","85.00","",""
"17/07/2025 10:15:00 - 17/07/2025 10:30:00","BZN|FR","Without Sequence","85.00","",""
"17/07/2025 10:30:00 - 17/07/2025 10:45:00","BZN|FR","Without Sequence","85.00","",""
"17/07/2025 10:45:00 - 17/07/2025 11:00:00","BZN|FR","Without Sequence","85.00","",""
"17/07/2025 11:00:00 - 17/07/2025 11:15:00","BZN|FR","Without Sequence","77.07","",""
"17/07/2025 11:15:00 - 17/07/2025 11:30:00","BZN|FR","Without Sequence","77.07","",""
"17/07/2025 11:30:00 - 17/07/2025 11:45:00","BZN|FR","Without Sequence","77.07","",""
"17/07/2025 11:45:00 - 17/07/2025 12:00:00","BZN|FR","Without Sequence","77.07","",""
"17/07/2025 12:00:00 - 17/07/2025 12:15:00","BZN|FR","Without Sequence","70.17","",""
"17/07/2025 12:15:00 - 17/07/2025 12:30:00","BZN|FR","Without Sequence","70.17","",""
"17/07/2025 12:30:00 - 17/07/2025 12:45:00","BZN|FR","Without Sequence","70.17","",""
"17/07/2025 12:45:00 - 17/07/2025 13:00:00","BZN|FR","Without Sequence","70.17","",""
"17/07/2025 13:00:00 - 17/07/2025 13:15:00","BZN|FR","Without Sequence","56.14","",""
"17/07/2025 13:15:00 - 17/07/2025 13:30:00","BZN|FR","Without Sequence","56.14","",""
"17/07/2025 13:30:00 - 17/07/2025 13:45:00","BZN|FR","Without Sequence","56.14","",""
"17/07/2025 13:45:00 - 17/07/2025 14:00:00","BZN|FR","Without Sequence","56.14","",""
"17/07/2025 14:00:00 - 17/07/2025 14:15:00","BZN|FR","Without Sequence","51.21","",""
"17/07/2025 14:15:00 - 17/07/2025 14:30:00","BZN|FR","Without Sequence","51.21","",""
"17/07/2025 14:30:00 - 17/07/2025 14:45:00","BZN|FR","Without Sequence","51.21","",""
"17/07/2025 14:45:00 - 17/07/2025 15:00:00","BZN|FR","Without Sequence","51.21","",""
"17/07/2025 15:00:00 - 17/07/2025 15:15:00","BZN|FR","Without Sequence","66.56","",""
"17/07/2025 15:15:00 - 17/07/2025 15:30:00","BZN|FR","Without Sequence","66.56","",""
"17/07/2025 15:30:00 - 17/07/2025 15:45:00","BZN|FR","Without Sequence","66.56","",""
"17/07/2025 15:45:00 - 17/07/2025 16:00:00","BZN|FR","Without Sequence","66.56","",""
"17/07/2025 16:00:00 - 17/07/2025 16:15:00","BZN|FR","Without Sequence","76.81","",""
"17/07/2025 16:15:00 - 17/07/2025 16:30:00","BZN|FR","Without Sequence","76.81","",""
"17/07/2025 16:30:00 - 17/07/2025 16:45:00","BZN|FR","Without Sequence","76.81","",""
"17/07/2025 16:45:00 - 17/07/2025 17:00:00","BZN|FR","Without Sequence","76.81","",""
"17/07/2025 17:00:00 - 17/07/2025 17:15:00","BZN|FR","Without Sequence","84.36","",""
"17/07/2025 17:15:00 - 17/07/2025 17:30:00","BZN|FR","Without Sequence","84.36","",""
"17/07/2025 17:30:00 - 17/07/2025 17:45:00","BZN|FR","Without Sequence","84.36","",""
"17/07/2025 17:45:00 - 17/07/2025 18:00:00","BZN|FR","Without Sequence","84.36","",""
"17/07/2025 18:00:00 - 17/07/2025 18:15:00","BZN|FR","Without Sequence","91.52","",""
"17/07/2025 18:15:00 - 17/07/2025 18:30:00","BZN|FR","Without Sequence","91.52","",""
"17/07/2025 18:30:00 - 17/07/2025 18:45:00","BZN|FR","Without Sequence","91.52","",""
"17/07/2025 18:45:00 - 17/07/2025 19:00:00","BZN|FR","Without Sequence","91.52","",""
"17/07/2025 19:00:00 - 17/07/2025 19:15:00","BZN|FR","Without Sequence","108.66","",""
"17/07/2025 19:15:00 - 17/07/2025 19:30:00","BZN|FR","Without Sequence","108.66","",""
"17/07/2025 19:30:00 - 17/07/2025 19:45:00","BZN|FR","Without Sequence","108.66","",""
"17/07/2025 19:45:00 - 17/07/2025 20:00:00","BZN|FR","Without Sequence","108.66","",""
"17/07/2025 20:00:00 - 17/07/2025 20:15:00","BZN|FR","Without Sequence","121.41","",""
"17/07/2025 20:15:00 - 17/07/2025 20:30:00","BZN|FR","Without Sequence","121.41","",""
"17/07/2025 20:30:00 - 17/07/2025 20:45:00","BZN|FR","Without Sequence","121.41","",""
"17/07/2025 20:45:00 - 17/07/2025 21:00:00","BZN|FR","Without Sequence","121.41","",""
"17/07/2025 21:00:00 - 17/07/2025 21:15:00","BZN|FR","Without Sequence","125.80","",""
"17/07/2025 21:15:00 - 17/07/2025 21:30:00","BZN|FR","Without Sequence","125.80","",""
"17/07/2025 21:30:00 - 17/07/2025 21:45:00","BZN|FR","Without Sequence","125.80","",""
"17/07/2025 21:45:00 - 17/07/2025 22:00:00","BZN|FR","Without Sequence","125.80","",""
"17/07/2025 22:00:00 - 17/07/2025 22:15:00","BZN|FR","Without Sequence","125.07","",""
"17/07/2025 22:15:00 - 17/07/2025 22:30:00","BZN|FR","Without Sequence","125.07","",""
"17/07/2025 22:30:00 - 17/07/2025 22:45:00","BZN|FR","Without Sequence","125.07","",""
"17/07/2025 22:45:00 - 17/07/2025 23:00:00","BZN|FR","Without Sequence","125.07","",""
"17/07/2025 23:00:00 - 17/07/2025 23:15:00","BZN|FR","Without Sequence","114.18","",""
"17/07/2025 23:15:00 - 17/07/2025 23:30:00","BZN|FR","Without Sequence","114.18","",""
"17/07/2025 23:30:00 - 17/07/2025 23:45:00","BZN|FR","Without Sequence","114.18","",""
"17/07/2025 23:45:00 - 18/07/2025 00:00:00","BZN|FR","Without Sequence","114.18","",""
"18/07/2025 00:00:00 - 18/07/2025 00:15:00","BZN|FR","Without Sequence","100.97","",""
"18/07/2025 00:15:00 - 18/07/2025 00:30:00","BZN|FR","Without Sequence","100.97","",""
"18/07/2025 00:30:00 - 18/07/2025 00:45:00","BZN|FR","Without Sequence","100.97","",""
"18/07/2025 00:45:00 - 18/07/2025 01:00:00","BZN|FR","Without Sequence","100.97","",""
"18/07/2025 01:00:00 - 18/07/2025 01:15:00","BZN|FR","Without Sequence","92.22","",""
"18/07/2025 01:15:00 - 18/07/2025 01:30:00","BZN|FR","Without Sequence","92.22","",""
"18/07/2025 01:30:00 - 18/07/2025 01:45:00","BZN|FR","Without Sequence","92.22","",""
"18/07/2025 01:45:00 - 18/07/2025 02:00:00","BZN|FR","Without Sequence","92.22","",""
"18/07/2025 02:00:00 - 18/07/2025 02:15:00","BZN|FR","Without Sequence","91.21","",""
"18/07/2025 02:15:00 - 18/07/2025 02:30:00","BZN|FR","Without Sequence","91.21","",""
"18/07/2025 02:30:00 - 18/07/2025 02:45:00","BZN|FR","Without Sequence","91.21","",""
"18/07/2025 02:45:00 - 18/07/2025 03:00:00","BZN|FR","Without Sequence","91.21","",""
"18/07/2025 03:00:00 - 18/07/2025 03:15:00","BZN|FR","Without Sequence","82.52","",""
"18/07/2025 03:15:00 - 18/07/2025 03:30:00","BZN|FR","Without Sequence","82.52","",""
"18/07/2025 03:30:00 - 18/07/2025 03:45:00","BZN|FR","Without Sequence","82.52","",""
"18/07/2025 03:45:00 - 18/07/2025 04:00:00","BZN|FR","Without Sequence","82.52","",""
"18/07/2025 04:00:00 - 18/07/2025 04:15:00","BZN|FR","Without Sequence","78.45","",""
"18/07/2025 04:15:00 - 18/07/2025 04:30:00","BZN|FR","Without Sequence","78.45","",""
"18/07/2025 04:30:00 - 18/07/2025 04:45:00","BZN|FR","Without Sequence","78.45","",""
"18/07/2025 04:45:00 - 18/07/2025 05:00:00","BZN|FR","Without Sequence","78.45","",""
"18/07/2025 05:00:00 - 18/07/2025 05:15:00","BZN|FR","Without Sequence","84.31","",""
"18/07/2025 05:15:00 - 18/07/2025 05:30:00","BZN|FR","Without Sequence","84.31","",""
"18/07/2025 05:30:00 - 18/07/2025 05:45:00","BZN|FR","Without Sequence","84.31","",""
"18/07/2025 05:45:00 - 18/07/2025 06:00:00","BZN|FR","Without Sequence","84.31","",""
"18/07/2025 06:00:00 - 18/07/2025 06:15:00","BZN|FR","Without Sequence","90.32","",""
"18/07/2025 06:15:00 - 18/07/2025 06:30:00","BZN|FR","Without Sequence","90.32","",""
"18/07/2025 06:30:00 - 18/07/2025 06:45:00","BZN|FR","Without Sequence","90.32","",""
"18/07/2025 06:45:00 - 18/07/2025 07:00:00","BZN|FR","Without Sequence","90.32","",""
"18/07/2025 07:00:00 - 18/07/2025 07:15:00","BZN|FR","Without Sequence","105.08","",""
"18/07/2025 07:15:00 - 18/07/2025 07:30:00","BZN|FR","Without Sequence","105.08","",""
"18/07/2025 07:30:00 - 18/07/2025 07:45:00","BZN|FR","Without Sequence","105.08","",""
"18/07/2025 07:45:00 - 18/07/2025 08:00:00","BZN|FR","Without Sequence","105.08","",""
"18/07/2025 08:00:00 - 18/07/2025 08:15:00","BZN|FR","Without Sequence","109.39","",""
"18/07/2025 08:15:00 - 18/07/2025 08:30:00","BZN|FR","Without Sequence","109.39","",""
"18/07/2025 08:30:00 - 18/07/2025 08:45:00","BZN|FR","Without Sequence","109.39","",""
"18/07/2025 08:45:00 - 18/07/2025 09:00:00","BZN|FR","Without Sequence","109.39","",""
"18/07/2025 09:00:00 - 18/07/2025 09:15:00","BZN|FR","Without Sequence","90.64","",""
"18/07/2025 09:15:00 - 18/07/2025 09:30:00","BZN|FR","Without Sequence","90.64","",""
"18/07/2025 09:30:00 - 18/07/2025 09:45:00","BZN|FR","Without Sequence","90.64","",""
"18/07/2025 09:45:00 - 18/07/2025 10:00:00","BZN|FR","Without Sequence","90.64","",""
"18/07/2025 10:00:00 - 18/07/2025 10:15:00","BZN|FR","Without Sequence","80.00","",""
"18/07/2025 10:15:00 - 18/07/2025 10:30:00","BZN|FR","Without Sequence","80.00","",""
"18/07/2025 10:30:00 - 18/07/2025 10:45:00","BZN|FR","Without Sequence","80.00","",""
"18/07/2025 10:45:00 - 18/07/2025 11:00:00","BZN|FR","Without Sequence","80.00","",""
"18/07/2025 11:00:00 - 18/07/2025 11:15:00","BZN|FR","Without Sequence","81.58","",""
"18/07/2025 11:15:00 - 18/07/2025 11:30:00","BZN|FR","Without Sequence","81.58","",""
"18/07/2025 11:30:00 - 18/07/2025 11:45:00","BZN|FR","Without Sequence","81.58","",""
"18/07/2025 11:45:00 - 18/07/2025 12:00:00","BZN|FR","Without Sequence","81.58","",""
"18/07/2025 12:00:00 - 18/07/2025 12:15:00","BZN|FR","Without Sequence","80.00","",""
"18/07/2025 12:15:00 - 18/07/2025 12:30:00","BZN|FR","Without Sequence","80.00","",""
"18/07/2025 12:30:00 - 18/07/2025 12:45:00","BZN|FR","Without Sequence","80.00","",""
"18/07/2025 12:45:00 - 18/07/2025 13:00:00","BZN|FR","Without Sequence","80.00","",""
"18/07/2025 13:00:00 - 18/07/2025 13:15:00","BZN|FR","Without Sequence","73.02","",""
"18/07/2025 13:15:00 - 18/07/2025 13:30:00","BZN|FR","Without Sequence","73.02","",""
"18/07/2025 13:30:00 - 18/07/2025 13:45:00","BZN|FR","Without Sequence","73.02","",""
"18/07/2025 13:45:00 - 18/07/2025 14:00:00","BZN|FR","Without Sequence","73.02","",""
"18/07/2025 14:00:00 - 18/07/2025 14:15:00","BZN|FR","Without Sequence","71.20","",""
"18/07/2025 14:15:00 - 18/07/2025 14:30:00","BZN|FR","Without Sequence","71.20","",""
"18/07/2025 14:30:00 - 18/07/2025 14:45:00","BZN|FR","Without Sequence","71.20","",""
"18/07/2025 14:45:00 - 18/07/2025 15:00:00","BZN|FR","Without Sequence","71.20","",""
"18/07/2025 15:00:00 - 18/07/2025 15:15:00","BZN|FR","Without Sequence","72.68","",""
"18/07/2025 15:15:00 - 18/07/2025 15:30:00","BZN|FR","Without Sequence","72.68","",""
"18/07/2025 15:30:00 - 18/07/2025 15:45:00","BZN|FR","Without Sequence","72.68","",""
"18/07/2025 15:45:00 - 18/07/2025 16:00:00","BZN|FR","Without Sequence","72.68","",""
"18/07/2025 16:00:00 - 18/07/2025 16:15:00","BZN|FR","Without Sequence","79.40","",""
"18/07/2025 16:15:00 - 18/07/2025 16:30:00","BZN|FR","Without Sequence","79.40","",""
"18/07/2025 16:30:00 - 18/07/2025 16:45:00","BZN|FR","Without Sequence","79.40","",""
"18/07/2025 16:45:00 - 18/07/2025 17:00:00","BZN|FR","Without Sequence","79.40","",""
"18/07/2025 17:00:00 - 18/07/2025 17:15:00","BZN|FR","Without Sequence","83.22","",""
"18/07/2025 17:15:00 - 18/07/2025 17:30:00","BZN|FR","Without Sequence","83.22","",""
"18/07/2025 17:30:00 - 18/07/2025 17:45:00","BZN|FR","Without Sequence","83.22","",""
"18/07/2025 17:45:00 - 18/07/2025 18:00:00","BZN|FR","Without Sequence","83.22","",""
"18/07/2025 18:00:00 - 18/07/2025 18:15:00","BZN|FR","Without Sequence","93.97","",""
"18/07/2025 18:15:00 - 18/07/2025 18:30:00","BZN|FR","Without Sequence","93.97","",""
"18/07/2025 18:30:00 - 18/07/2025 18:45:00","BZN|FR","Without Sequence","93.97","",""
"18/07/2025 18:45:00 - 18/07/2025 19:00:00","BZN|FR","Without Sequence","93.97","",""
"18/07/2025 19:00:00 - 18/07/2025 19:15:00","BZN|FR","Without Sequence","108.10","",""
"18/07/2025 19:15:00 - 18/07/2025 19:30:00","BZN|FR","Without Sequence","108.10","",""
"18/07/2025 19:30:00 - 18/07/2025 19:45:00","BZN|FR","Without Sequence","108.10","",""
"18/07/2025 19:45:00 - 18/07/2025 20:00:00","BZN|FR","Without Sequence","108.10","",""
"18/07/2025 20:00:00 - 18/07/2025 20:15:00","BZN|FR","Without Sequence","110.00","",""
"18/07/2025 20:15:00 - 18/07/2025 20:30:00","BZN|FR","Without Sequence","110.00","",""
"18/07/2025 20:30:00 - 18/07/2025 20:45:00","BZN|FR","Without Sequence","110.00","",""
"18/07/2025 20:45:00 - 18/07/2025 21:00:00","BZN|FR","Without Sequence","110.00","",""
"18/07/2025 21:00:00 - 18/07/2025 21:15:00","BZN|FR","Without Sequence","119.39","",""
"18/07/2025 21:15:00 - 18/07/2025 21:30:00","BZN|FR","Without Sequence","119.39","",""
"18/07/2025 21:30:00 - 18/07/2025 21:45:00","BZN|FR","Without Sequence","119.39","",""
"18/07/2025 21:45:00 - 18/07/2025 22:00:00","BZN|FR","Without Sequence","119.39","",""
"18/07/2025 22:00:00 - 18/07/2025 22:15:00","BZN|FR","Without Sequence","119.19","",""
"18/07/2025 22:15:00 - 18/07/2025 22:30:00","BZN|FR","Without Sequence","119.19","",""
"18/07/2025 22:30:00 - 18/07/2025 22:45:00","BZN|FR","Without Sequence","119.19","",""
"18/07/2025 22:45:00 - 18/07/2025 23:00:00","BZN|FR","Without Sequence","119.19","",""
"18/07/2025 23:00:00 - 18/07/2025 23:15:00","BZN|FR","Without Sequence","111.65","",""
"18/07/2025 23:15:00 - 18/07/2025 23:30:00","BZN|FR","Without Sequence","111.65","",""
"18/07/2025 23:30:00 - 18/07/2025 23:45:00","BZN|FR","Without Sequence","111.65","",""
"18/07/2025 23:45:00 - 19/07/2025 00:00:00","BZN|FR","Without Sequence","111.65","",""
"19/07/2025 00:00:00 - 19/07/2025 00:15:00","BZN|FR","Without Sequence","98.80","",""
"19/07/2025 00:15:00 - 19/07/2025 00:30:00","BZN|FR","Without Sequence","98.80","",""
"19/07/2025 00:30:00 - 19/07/2025 00:45:00","BZN|FR","Without Sequence","98.80","",""
"19/07/2025 00:45:00 - 19/07/2025 01:00:00","BZN|FR","Without Sequence","98.80","",""
"19/07/2025 01:00:00 - 19/07/2025 01:15:00","BZN|FR","Without Sequence","90.79","",""
"19/07/2025 01:15:00 - 19/07/2025 01:30:00","BZN|FR","Without Sequence","90.79","",""
"19/07/2025 01:30:00 - 19/07/2025 01:45:00","BZN|FR","Without Sequence","90.79","",""
"19/07/2025 01:45:00 - 19/07/2025 02:00:00","BZN|FR","Without Sequence","90.79","",""
"19/07/2025 02:00:00 - 19/07/2025 02:15:00","BZN|FR","Without Sequence","79.71","",""
"19/07/2025 02:15:00 - 19/07/2025 02:30:00","BZN|FR","Without Sequence","79.71","",""
"19/07/2025 02:30:00 - 19/07/2025 02:45:00","BZN|FR","Without Sequence","79.71","",""
"19/07/2025 02:45:00 - 19/07/2025 03:00:00","BZN|FR","Without Sequence","79.71","",""
"19/07/2025 03:00:00 - 19/07/2025 03:15:00","BZN|FR","Without Sequence","53.41","",""
"19/07/2025 03:15:00 - 19/07/2025 03:30:00","BZN|FR","Without Sequence","53.41","",""
"19/07/2025 03:30:00 - 19/07/2025 03:45:00","BZN|FR","Without Sequence","53.41","",""
"19/07/2025 03:45:00 - 19/07/2025 04:00:00","BZN|FR","Without Sequence","53.41","",""
"19/07/2025 04:00:00 - 19/07/2025 04:15:00","BZN|FR","Without Sequence","49.57","",""
"19/07/2025 04:15:00 - 19/07/2025 04:30:00","BZN|FR","Without Sequence","49.57","",""
"19/07/2025 04:30:00 - 19/07/2025 04:45:00","BZN|FR","Without Sequence","49.57","",""
"19/07/2025 04:45:00 - 19/07/2025 05:00:00","BZN|FR","Without Sequence","49.57","",""
"19/07/2025 05:00:00 - 19/07/2025 05:15:00","BZN|FR","Without Sequence","48.62","",""
"19/07/2025 05:15:00 - 19/07/2025 05:30:00","BZN|FR","Without Sequence","48.62","",""
"19/07/2025 05:30:00 - 19/07/2025 05:45:00","BZN|FR","Without Sequence","48.62","",""
"19/07/2025 05:45:00 - 19/07/2025 06:00:00","BZN|FR","Without Sequence","48.62","",""
"19/07/2025 06:00:00 - 19/07/2025 06:15:00","BZN|FR","Without Sequence","47.99","",""
"19/07/2025 06:15:00 - 19/07/2025 06:30:00","BZN|FR","Without Sequence","47.99","",""
"19/07/2025 06:30:00 - 19/07/2025 06:45:00","BZN|FR","Without Sequence","47.99","",""
"19/07/2025 06:45:00 - 19/07/2025 07:00:00","BZN|FR","Without Sequence","47.99","",""
"19/07/2025 07:00:00 - 19/07/2025 07:15:00","BZN|FR","Without Sequence","56.25","",""
"19/07/2025 07:15:00 - 19/07/2025 07:30:00","BZN|FR","Without Sequence","56.25","",""
"19/07/2025 07:30:00 - 19/07/2025 07:45:00","BZN|FR","Without Sequence","56.25","",""
"19/07/2025 07:45:00 - 19/07/2025 08:00:00","BZN|FR","Without Sequence","56.25","",""
"19/07/2025 08:00:00 - 19/07/2025 08:15:00","BZN|FR","Without Sequence","56.62","",""
"19/07/2025 08:15:00 - 19/07/2025 08:30:00","BZN|FR","Without Sequence","56.62","",""
"19/07/2025 08:30:00 - 19/07/2025 08:45:00","BZN|FR","Without Sequence","56.62","",""
"19/07/2025 08:45:00 - 19/07/2025 09:00:00","BZN|FR","Without Sequence","56.62","",""
"19/07/2025 09:00:00 - 19/07/2025 09:15:00","BZN|FR","Without Sequence","34.46","",""
"19/07/2025 09:15:00 - 19/07/2025 09:30:00","BZN|FR","Without Sequence","34.46","",""
"19/07/2025 09:30:00 - 19/07/2025 09:45:00","BZN|FR","Without Sequence","34.46","",""
"19/07/2025 09:45:00 - 19/07/2025 10:00:00","BZN|FR","Without Sequence","34.46","",""
"19/07/2025 10:00:00 - 19/07/2025 10:15:00","BZN|FR","Without Sequence","10.00","",""
"19/07/2025 10:15:00 - 19/07/2025 10:30:00","BZN|FR","Without Sequence","10.00","",""
"19/07/2025 10:30:00 - 19/07/2025 10:45:00","BZN|FR","Without Sequence","10.00","",""
"19/07/2025 10:45:00 - 19/07/2025 11:00:00","BZN|FR","Without Sequence","10.00","",""
"19/07/2025 11:00:00 - 19/07/2025 11:15:00","BZN|FR","Without Sequence","0.65","",""
"19/07/2025 11:15:00 - 19/07/2025 11:30:00","BZN|FR","Without Sequence","0.65","",""
"19/07/2025 11:30:00 - 19/07/2025 11:45:00","BZN|FR","Without Sequence","0.65","",""
"19/07/2025 11:45:00 - 19/07/2025 12:00:00","BZN|FR","Without Sequence","0.65","",""
"19/07/2025 12:00:00 - 19/07/2025 12:15:00","BZN|FR","Without Sequence","0.00","",""
"19/07/2025 12:15:00 - 19/07/2025 12:30:00","BZN|FR","Without Sequence","0.00","",""
"19/07/2025 12:30:00 - 19/07/2025 12:45:00","BZN|FR","Without Sequence","0.00","",""
"19/07/2025 12:45:00 - 19/07/2025 13:00:00","BZN|FR","Without Sequence","0.00","",""
"19/07/2025 13:00:00 - 19/07/2025 13:15:00","BZN|FR","Without Sequence","0.00","",""
"19/07/2025 13:15:00 - 19/07/2025 13:30:00","BZN|FR","Without Sequence","0.00","",""
"19/07/2025 13:30:00 - 19/07/2025 13:45:00","BZN|FR","Without Sequence","0.00","",""
"19/07/2025 13:45:00 - 19/07/2025 14:00:00","BZN|FR","Without Sequence","0.00","",""
"19/07/2025 14:00:00 - 19/07/2025 14:15:00","BZN|FR","Without Sequence","0.00","",""
"19/07/2025 14:15:00 - 19/07/2025 14:30:00","BZN|FR","Without Sequence","0.00","",""
"19/07/2025 14:30:00 - 19/07/2025 14:45:00","BZN|FR","Without Sequence","0.00","",""
"19/07/2025 14:45:00 - 19/07/2025 15:00:00","BZN|FR","Without Sequence","0.00","",""
"19/07/2025 15:00:00 - 19/07/2025 15:15:00","BZN|FR","Without Sequence","2.37","",""
"19/07/2025 15:15:00 - 19/07/2025 15:30:00","BZN|FR","Without Sequence","2.37","",""
"19/07/2025 15:30:00 - 19/07/2025 15:45:00","BZN|FR","Without Sequence","2.37","",""
"19/07/2025 15:45:00 - 19/07/2025 16:00:00","BZN|FR","Without Sequence","2.37","",""
"19/07/2025 16:00:00 - 19/07/2025 16:15:00","BZN|FR","Without Sequence","18.82","",""
"19/07/2025 16:15:00 - 19/07/2025 16:30:00","BZN|FR","Without Sequence","18.82","",""
"19/07/2025 16:30:00 - 19/07/2025 16:45:00","BZN|FR","Without Sequence","18.82","",""
"19/07/2025 16:45:00 - 19/07/2025 17:00:00","BZN|FR","Without Sequence","18.82","",""
"19/07/2025 17:00:00 - 19/07/2025 17:15:00","BZN|FR","Without Sequence","19.38","",""
"19/07/2025 17:15:00 - 19/07/2025 17:30:00","BZN|FR","Without Sequence","19.38","",""
"19/07/2025 17:30:00 - 19/07/2025 17:45:00","BZN|FR","Without Sequence","19.38","",""
"19/07/2025 17:45:00 - 19/07/2025 18:00:00","BZN|FR","Without Sequence","19.38","",""
"19/07/2025 18:00:00 - 19/07/2025 18:15:00","BZN|FR","Without Sequence","30.16","",""
"19/07/2025 18:15:00 - 19/07/2025 18:30:00","BZN|FR","Without Sequence","30.16","",""
"19/07/2025 18:30:00 - 19/07/2025 18:45:00","BZN|FR","Without Sequence","30.16","",""
"19/07/2025 18:45:00 - 19/07/2025 19:00:00","BZN|FR","Without Sequence","30.16","",""
"19/07/2025 19:00:00 - 19/07/2025 19:15:00","BZN|FR","Without Sequence","42.32","",""
"19/07/2025 19:15:00 - 19/07/2025 19:30:00","BZN|FR","Without Sequence","42.32","",""
"19/07/2025 19:30:00 - 19/07/2025 19:45:00","BZN|FR","Without Sequence","42.32","",""
"19/07/2025 19:45:00 - 19/07/2025 20:00:00","BZN|FR","Without Sequence","42.32","",""
"19/07/2025 20:00:00 - 19/07/2025 20:15:00","BZN|FR","Without Sequence","72.92","",""
"19/07/2025 20:15:00 - 19/07/2025 20:30:00","BZN|FR","Without Sequence","72.92","",""
"19/07/2025 20:30:00 - 19/07/2025 20:45:00","BZN|FR","Without Sequence","72.92","",""
"19/07/2025 20:45:00 - 19/07/2025 21:00:00","BZN|FR","Without Sequence","72.92","",""
"19/07/2025 21:00:00 - 19/07/2025 21:15:00","BZN|FR","Without Sequence","94.17","",""
"19/07/2025 21:15:00 - 19/07/2025 21:30:00","BZN|FR","Without Sequence","94.17","",""
"19/07/2025 21:30:00 - 19/07/2025 21:45:00","BZN|FR","Without Sequence","94.17","",""
"19/07/2025 21:45:00 - 19/07/2025 22:00:00","BZN|FR","Without Sequence","94.17","",""
"19/07/2025 22:00:00 - 19/07/2025 22:15:00","BZN|FR","Without Sequence","106.80","",""
"19/07/2025 22:15:00 - 19/07/2025 22:30:00","BZN|FR","Without Sequence","106.80","",""
"19/07/2025 22:30:00 - 19/07/2025 22:45:00","BZN|FR","Without Sequence","106.80","",""
"19/07/2025 22:45:00 - 19/07/2025 23:00:00","BZN|FR","Without Sequence","106.80","",""
"19/07/2025 23:00:00 - 19/07/2025 23:15:00","BZN|FR","Without Sequence","96.25","",""
"19/07/2025 23:15:00 - 19/07/2025 23:30:00","BZN|FR","Without Sequence","96.25","",""
"19/07/2025 23:30:00 - 19/07/2025 23:45:00","BZN|FR","Without Sequence","96.25","",""
"19/07/2025 23:45:00 - 20/07/2025 00:00:00","BZN|FR","Without Sequence","96.25","",""
"20/07/2025 00:00:00 - 20/07/2025 00:15:00","BZN|FR","Without Sequence","51.61","",""
"20/07/2025 00:15:00 - 20/07/2025 00:30:00","BZN|FR","Without Sequence","51.61","",""
"20/07/2025 00:30:00 - 20/07/2025 00:45:00","BZN|FR","Without Sequence","51.61","",""
"20/07/2025 00:45:00 - 20/07/2025 01:00:00","BZN|FR","Without Sequence","51.61","",""
"20/07/2025 01:00:00 - 20/07/2025 01:15:00","BZN|FR","Without Sequence","43.01","",""
"20/07/2025 01:15:00 - 20/07/2025 01:30:00","BZN|FR","Without Sequence","43.01","",""
"20/07/2025 01:30:00 - 20/07/2025 01:45:00","BZN|FR","Without Sequence","43.01","",""
"20/07/2025 01:45:00 - 20/07/2025 02:00:00","BZN|FR","Without Sequence","43.01","",""
"20/07/2025 02:00:00 - 20/07/2025 02:15:00","BZN|FR","Without Sequence","25.50","",""
"20/07/2025 02:15:00 - 20/07/2025 02:30:00","BZN|FR","Without Sequence","25.50","",""
"20/07/2025 02:30:00 - 20/07/2025 02:45:00","BZN|FR","Without Sequence","25.50","",""
"20/07/2025 02:45:00 - 20/07/2025 03:00:00","BZN|FR","Without Sequence","25.50","",""
"20/07/2025 03:00:00 - 20/07/2025 03:15:00","BZN|FR","Without Sequence","22.64","",""
"20/07/2025 03:15:00 - 20/07/2025 03:30:00","BZN|FR","Without Sequence","22.64","",""
"20/07/2025 03:30:00 - 20/07/2025 03:45:00","BZN|FR","Without Sequence","22.64","",""
"20/07/2025 03:45:00 - 20/07/2025 04:00:00","BZN|FR","Without Sequence","22.64","",""
"20/07/2025 04:00:00 - 20/07/2025 04:15:00","BZN|FR","Without Sequence","21.83","",""
"20/07/2025 04:15:00 - 20/07/2025 04:30:00","BZN|FR","Without Sequence","21.83","",""
"20/07/2025 04:30:00 - 20/07/2025 04:45:00","BZN|FR","Without Sequence","21.83","",""
"20/07/2025 04:45:00 - 20/07/2025 05:00:00","BZN|FR","Without Sequence","21.83","",""
"20/07/2025 05:00:00 - 20/07/2025 05:15:00","BZN|FR","Without Sequence","19.99","",""
"20/07/2025 05:15:00 - 20/07/2025 05:30:00","BZN|FR","Without Sequence","19.99","",""
"20/07/2025 05:30:00 - 20/07/2025 05:45:00","BZN|FR","Without Sequence","19.99","",""
"20/07/2025 05:45:00 - 20/07/2025 06:00:00","BZN|FR","Without Sequence","19.99","",""
"20/07/2025 06:00:00 - 20/07/2025 06:15:00","BZN|FR","Without Sequence","16.32","",""
"20/07/2025 06:15:00 - 20/07/2025 06:30:00","BZN|FR","Without Sequence","16.32","",""
"20/07/2025 06:30:00 - 20/07/2025 06:45:00","BZN|FR","Without Sequence","16.32","",""
"20/07/2025 06:45:00 - 20/07/2025 07:00:00","BZN|FR","Without Sequence","16.32","",""
"20/07/2025 07:00:00 - 20/07/2025 07:15:00","BZN|FR","Without Sequence","20.76","",""
"20/07/2025 07:15:00 - 20/07/2025 07:30:00","BZN|FR","Without Sequence","20.76","",""
"20/07/2025 07:30:00 - 20/07/2025 07:45:00","BZN|FR","Without Sequence","20.76","",""
"20/07/2025 07:45:00 - 20/07/2025 08:00:00","BZN|FR","Without Sequence","20.76","",""
"20/07/2025 08:00:00 - 20/07/2025 08:15:00","BZN|FR","Without Sequence","3.60","",""
"20/07/2025 08:15:00 - 20/07/2025 08:30:00","BZN|FR","Without Sequence","3.60","",""
"20/07/2025 08:30:00 - 20/07/2025 08:45:00","BZN|FR","Without Sequence","3.60","",""
"20/07/2025 08:45:00 - 20/07/2025 09:00:00","BZN|FR","Without Sequence","3.60","",""
"20/07/2025 09:00:00 - 20/07/2025 09:15:00","BZN|FR","Without Sequence","0.65","",""
"20/07/2025 09:15:00 - 20/07/2025 09:30:00","BZN|FR","Without Sequence","0.65","",""
"20/07/2025 09:30:00 - 20/07/2025 09:45:00","BZN|FR","Without Sequence","0.65","",""
"20/07/2025 09:45:00 - 20/07/2025 10:00:00","BZN|FR","Without Sequence","0.65","",""
"20/07/2025 10:00:00 - 20/07/2025 10:15:00","BZN|FR","Without Sequence","0.00","",""
"20/07/2025 10:15:00 - 20/07/2025 10:30:00","BZN|FR","Without Sequence","0.00","",""
"20/07/2025 10:30:00 - 20/07/2025 10:45:00","BZN|FR","Without Sequence","0.00","",""
"20/07/2025 10:45:00 - 20/07/2025 11:00:00","BZN|FR","Without Sequence","0.00","",""
"20/07/2025 11:00:00 - 20/07/2025 11:15:00","BZN|FR","Without Sequence","0.00","",""
"20/07/2025 11:15:00 - 20/07/2025 11:30:00","BZN|FR","Without Sequence","0.00","",""
"20/07/2025 11:30:00 - 20/07/2025 11:45:00","BZN|FR","Without Sequence","0.00","",""
"20/07/2025 11:45:00 - 20/07/2025 12:00:00","BZN|FR","Without Sequence","0.00","",""
"20/07/2025 12:00:00 - 20/07/2025 12:15:00","BZN|FR","Without Sequence","0.00","",""
"20/07/2025 12:15:00 - 20/07/2025 12:30:00","BZN|FR","Without Sequence","0.00","",""
"20/07/2025 12:30:00 - 20/07/2025 12:45:00","BZN|FR","Without Sequence","0.00","",""
"20/07/2025 12:45:00 - 20/07/2025 13:00:00","BZN|FR","Without Sequence","0.00","",""
"20/07/2025 13:00:00 - 20/07/2025 13:15:00","BZN|FR","Without Sequence","-0.01","",""
"20/07/2025 13:15:00 - 20/07/2025 13:30:00","BZN|FR","Without Sequence","-0.01","",""
"20/07/2025 13:30:00 - 20/07/2025 13:45:00","BZN|FR","Without Sequence","-0.01","",""
"20/07/2025 13:45:00 - 20/07/2025 14:00:00","BZN|FR","Without Sequence","-0.01","",""
"20/07/2025 14:00:00 - 20/07/2025 14:15:00","BZN|FR","Without Sequence","-0.01","",""
"20/07/2025 14:15:00 - 20/07/2025 14:30:00","BZN|FR","Without Sequence","-0.01","",""
"20/07/2025 14:30:00 - 20/07/2025 14:45:00","BZN|FR","Without Sequence","-0.01","",""
"20/07/2025 14:45:00 - 20/07/2025 15:00:00","BZN|FR","Without Sequence","-0.01","",""
"20/07/2025 15:00:00 - 20/07/2025 15:15:00","BZN|FR","Without Sequence","0.00","",""
"20/07/2025 15:15:00 - 20/07/2025 15:30:00","BZN|FR","Without Sequence","0.00","",""
"20/07/2025 15:30:00 - 20/07/2025 15:45:00","BZN|FR","Without Sequence","0.00","",""
"20/07/2025 15:45:00 - 20/07/2025 16:00:00","BZN|FR","Without Sequence","0.00","",""
"20/07/2025 16:00:00 - 20/07/2025 16:15:00","BZN|FR","Without Sequence","3.08","",""
"20/07/2025 16:15:00 - 20/07/2025 16:30:00","BZN|FR","Without Sequence","3.08","",""
"20/07/2025 16:30:00 - 20/07/2025 16:45:00","BZN|FR","Without Sequence","3.08","",""
"20/07/2025 16:45:00 - 20/07/2025 17:00:00","BZN|FR","Without Sequence","3.08","",""
"20/07/2025 17:00:00 - 20/07/2025 17:15:00","BZN|FR","Without Sequence","0.00","",""
"20/07/2025 17:15:00 - 20/07/2025 17:30:00","BZN|FR","Without Sequence","0.00","",""
"20/07/2025 17:30:00 - 20/07/2025 17:45:00","BZN|FR","Without Sequence","0.00","",""
"20/07/2025 17:45:00 - 20/07/2025 18:00:00","BZN|FR","Without Sequence","0.00","",""
"20/07/2025 18:00:00 - 20/07/2025 18:15:00","BZN|FR","Without Sequence","5.99","",""
"20/07/2025 18:15:00 - 20/07/2025 18:30:00","BZN|FR","Without Sequence","5.99","",""
"20/07/2025 18:30:00 - 20/07/2025 18:45:00","BZN|FR","Without Sequence","5.99","",""
"20/07/2025 18:45:00 - 20/07/2025 19:00:00","BZN|FR","Without Sequence","5.99","",""
"20/07/2025 19:00:00 - 20/07/2025 19:15:00","BZN|FR","Without Sequence","11.17","",""
"20/07/2025 19:15:00 - 20/07/2025 19:30:00","BZN|FR","Without Sequence","11.17","",""
"20/07/2025 19:30:00 - 20/07/2025 19:45:00","BZN|FR","Without Sequence","11.17","",""
"20/07/2025 19:45:00 - 20/07/2025 20:00:00","BZN|FR","Without Sequence","11.17","",""
"20/07/2025 20:00:00 - 20/07/2025 20:15:00","BZN|FR","Without Sequence","43.81","",""
"20/07/2025 20:15:00 - 20/07/2025 20:30:00","BZN|FR","Without Sequence","43.81","",""
"20/07/2025 20:30:00 - 20/07/2025 20:45:00","BZN|FR","Without Sequence","43.81","",""
"20/07/2025 20:45:00 - 20/07/2025 21:00:00","BZN|FR","Without Sequence","43.81","",""
"20/07/2025 21:00:00 - 20/07/2025 21:15:00","BZN|FR","Without Sequence","50.80","",""
"20/07/2025 21:15:00 - 20/07/2025 21:30:00","BZN|FR","Without Sequence","50.80","",""
"20/07/2025 21:30:00 - 20/07/2025 21:45:00","BZN|FR","Without Sequence","50.80","",""
"20/07/2025 21:45:00 - 20/07/2025 22:00:00","BZN|FR","Without Sequence","50.80","",""
"20/07/2025 22:00:00 - 20/07/2025 22:15:00","BZN|FR","Without Sequence","78.33","",""
"20/07/2025 22:15:00 - 20/07/2025 22:30:00","BZN|FR","Without Sequence","78.33","",""
"20/07/2025 22:30:00 - 20/07/2025 22:45:00","BZN|FR","Without Sequence","78.33","",""
"20/07/2025 22:45:00 - 20/07/2025 23:00:00","BZN|FR","Without Sequence","78.33","",""
"20/07/2025 23:00:00 - 20/07/2025 23:15:00","BZN|FR","Without Sequence","74.93","",""
"20/07/2025 23:15:00 - 20/07/2025 23:30:00","BZN|FR","Without Sequence","74.93","",""
"20/07/2025 23:30:00 - 20/07/2025 23:45:00","BZN|FR","Without Sequence","74.93","",""
"20/07/2025 23:45:00 - 21/07/2025 00:00:00","BZN|FR","Without Sequence","74.93","",""
"21/07/2025 00:00:00 - 21/07/2025 00:15:00","BZN|FR","Without Sequence","58.02","",""
"21/07/2025 00:15:00 - 21/07/2025 00:30:00","BZN|FR","Without Sequence","58.02","",""
"21/07/2025 00:30:00 - 21/07/2025 00:45:00","BZN|FR","Without Sequence","58.02","",""
"21/07/2025 00:45:00 - 21/07/2025 01:00:00","BZN|FR","Without Sequence","58.02","",""
"21/07/2025 01:00:00 - 21/07/2025 01:15:00","BZN|FR","Without Sequence","40.53","",""
"21/07/2025 01:15:00 - 21/07/2025 01:30:00","BZN|FR","Without Sequence","40.53","",""
"21/07/2025 01:30:00 - 21/07/2025 01:45:00","BZN|FR","Without Sequence","40.53","",""
"21/07/2025 01:45:00 - 21/07/2025 02:00:00","BZN|FR","Without Sequence","40.53","",""
"21/07/2025 02:00:00 - 21/07/2025 02:15:00","BZN|FR","Without Sequence","26.72","",""
"21/07/2025 02:15:00 - 21/07/2025 02:30:00","BZN|FR","Without Sequence","26.72","",""
"21/07/2025 02:30:00 - 21/07/2025 02:45:00","BZN|FR","Without Sequence","26.72","",""
"21/07/2025 02:45:00 - 21/07/2025 03:00:00","BZN|FR","Without Sequence","26.72","",""
"21/07/2025 03:00:00 - 21/07/2025 03:15:00","BZN|FR","Without Sequence","21.12","",""
"21/07/2025 03:15:00 - 21/07/2025 03:30:00","BZN|FR","Without Sequence","21.12","",""
"21/07/2025 03:30:00 - 21/07/2025 03:45:00","BZN|FR","Without Sequence","21.12","",""
"21/07/2025 03:45:00 - 21/07/2025 04:00:00","BZN|FR","Without Sequence","21.12","",""
"21/07/2025 04:00:00 - 21/07/2025 04:15:00","BZN|FR","Without Sequence","17.88","",""
"21/07/2025 04:15:00 - 21/07/2025 04:30:00","BZN|FR","Without Sequence","17.88","",""
"21/07/2025 04:30:00 - 21/07/2025 04:45:00","BZN|FR","Without Sequence","17.88","",""
"21/07/2025 04:45:00 - 21/07/2025 05:00:00","BZN|FR","Without Sequence","17.88","",""
"21/07/2025 05:00:00 - 21/07/2025 05:15:00","BZN|FR","Without Sequence","22.77","",""
"21/07/2025 05:15:00 - 21/07/2025 05:30:00","BZN|FR","Without Sequence","22.77","",""
"21/07/2025 05:30:00 - 21/07/2025 05:45:00","BZN|FR","Without Sequence","22.77","",""
"21/07/2025 05:45:00 - 21/07/2025 06:00:00","BZN|FR","Without Sequence","22.77","",""
"21/07/2025 06:00:00 - 21/07/2025 06:15:00","BZN|FR","Without Sequence","22.08","",""
"21/07/2025 06:15:00 - 21/07/2025 06:30:00","BZN|FR","Without Sequence","22.08","",""
"21/07/2025 06:30:00 - 21/07/2025 06:45:00","BZN|FR","Without Sequence","22.08","",""
"21/07/2025 06:45:00 - 21/07/2025 07:00:00","BZN|FR","Without Sequence","22.08","",""
"21/07/2025 07:00:00 - 21/07/2025 07:15:00","BZN|FR","Without Sequence","25.09","",""
"21/07/2025 07:15:00 - 21/07/2025 07:30:00","BZN|FR","Without Sequence","25.09","",""
"21/07/2025 07:30:00 - 21/07/2025 07:45:00","BZN|FR","Without Sequence","25.09","",""
"21/07/2025 07:45:00 - 21/07/2025 08:00:00","BZN|FR","Without Sequence","25.09","",""
"21/07/2025 08:00:00 - 21/07/2025 08:15:00","BZN|FR","Without Sequence","19.41","",""
"21/07/2025 08:15:00 - 21/07/2025 08:30:00","BZN|FR","Without Sequence","19.41","",""
"21/07/2025 08:30:00 - 21/07/2025 08:45:00","BZN|FR","Without Sequence","19.41","",""
"21/07/2025 08:45:00 - 21/07/2025 09:00:00","BZN|FR","Without Sequence","19.41","",""
"21/07/2025 09:00:00 - 21/07/2025 09:15:00","BZN|FR","Without Sequence","0.00","",""
"21/07/2025 09:15:00 - 21/07/2025 09:30:00","BZN|FR","Without Sequence","0.00","",""
"21/07/2025 09:30:00 - 21/07/2025 09:45:00","BZN|FR","Without Sequence","0.00","",""
"21/07/2025 09:45:00 - 21/07/2025 10:00:00","BZN|FR","Without Sequence","0.00","",""
"21/07/2025 10:00:00 - 21/07/2025 10:15:00","BZN|FR","Without Sequence","0.00","",""
"21/07/2025 10:15:00 - 21/07/2025 10:30:00","BZN|FR","Without Sequence","0.00","",""
"21/07/2025 10:30:00 - 21/07/2025 10:45:00","BZN|FR","Without Sequence","0.00","",""
"21/07/2025 10:45:00 - 21/07/2025 11:00:00","BZN|FR","Without Sequence","0.00","",""
"21/07/2025 11:00:00 - 21/07/2025 11:15:00","BZN|FR","Without Sequence","6.00","",""
"21/07/2025 11:15:00 - 21/07/2025 11:30:00","BZN|FR","Without Sequence","6.00","",""
"21/07/2025 11:30:00 - 21/07/2025 11:45:00","BZN|FR","Without Sequence","6.00","",""
"21/07/2025 11:45:00 - 21/07/2025 12:00:00","BZN|FR","Without Sequence","6.00","",""
"21/07/2025 12:00:00 - 21/07/2025 12:15:00","BZN|FR","Without Sequence","15.23","",""
"21/07/2025 12:15:00 - 21/07/2025 12:30:00","BZN|FR","Without Sequence","15.23","",""
"21/07/2025 12:30:00 - 21/07/2025 12:45:00","BZN|FR","Without Sequence","15.23","",""
"21/07/2025 12:45:00 - 21/07/2025 13:00:00","BZN|FR","Without Sequence","15.23","",""
"21/07/2025 13:00:00 - 21/07/2025 13:15:00","BZN|FR","Without Sequence","22.63","",""
"21/07/2025 13:15:00 - 21/07/2025 13:30:00","BZN|FR","Without Sequence","22.63","",""
"21/07/2025 13:30:00 - 21/07/2025 13:45:00","BZN|FR","Without Sequence","22.63","",""
"21/07/2025 13:45:00 - 21/07/2025 14:00:00","BZN|FR","Without Sequence","22.63","",""
"21/07/2025 14:00:00 - 21/07/2025 14:15:00","BZN|FR","Without Sequence","17.22","",""
"21/07/2025 14:15:00 - 21/07/2025 14:30:00","BZN|FR","Without Sequence","17.22","",""
"21/07/2025 14:30:00 - 21/07/2025 14:45:00","BZN|FR","Without Sequence","17.22","",""
"21/07/2025 14:45:00 - 21/07/2025 15:00:00","BZN|FR","Without Sequence","17.22","",""
"21/07/2025 15:00:00 - 21/07/2025 15:15:00","BZN|FR","Without Sequence","16.01","",""
"21/07/2025 15:15:00 - 21/07/2025 15:30:00","BZN|FR","Without Sequence","16.01","",""
"21/07/2025 15:30:00 - 21/07/2025 15:45:00","BZN|FR","Without Sequence","16.01","",""
"21/07/2025 15:45:00 - 21/07/2025 16:00:00","BZN|FR","Without Sequence","16.01","",""
"21/07/2025 16:00:00 - 21/07/2025 16:15:00","BZN|FR","Without Sequence","8.93","",""
"21/07/2025 16:15:00 - 21/07/2025 16:30:00","BZN|FR","Without Sequence","8.93","",""
"21/07/2025 16:30:00 - 21/07/2025 16:45:00","BZN|FR","Without Sequence","8.93","",""
"21/07/2025 16:45:00 - 21/07/2025 17:00:00","BZN|FR","Without Sequence","8.93","",""
"21/07/2025 17:00:00 - 21/07/2025 17:15:00","BZN|FR","Without Sequence","16.19","",""
"21/07/2025 17:15:00 - 21/07/2025 17:30:00","BZN|FR","Without Sequence","16.19","",""
"21/07/2025 17:30:00 - 21/07/2025 17:45:00","BZN|FR","Without Sequence","16.19","",""
"21/07/2025 17:45:00 - 21/07/2025 18:00:00","BZN|FR","Without Sequence","16.19","",""
"21/07/2025 18:00:00 - 21/07/2025 18:15:00","BZN|FR","Without Sequence","21.61","",""
"21/07/2025 18:15:00 - 21/07/2025 18:30:00","BZN|FR","Without Sequence","21.61","",""
"21/07/2025 18:30:00 - 21/07/2025 18:45:00","BZN|FR","Without Sequence","21.61","",""
"21/07/2025 18:45:00 - 21/07/2025 19:00:00","BZN|FR","Without Sequence","21.61","",""
"21/07/2025 19:00:00 - 21/07/2025 19:15:00","BZN|FR","Without Sequence","42.98","",""
"21/07/2025 19:15:00 - 21/07/2025 19:30:00","BZN|FR","Without Sequence","42.98","",""
"21/07/2025 19:30:00 - 21/07/2025 19:45:00","BZN|FR","Without Sequence","42.98","",""
"21/07/2025 19:45:00 - 21/07/2025 20:00:00","BZN|FR","Without Sequence","42.98","",""
"21/07/2025 20:00:00 - 21/07/2025 20:15:00","BZN|FR","Without Sequence","29.33","",""
"21/07/2025 20:15:00 - 21/07/2025 20:30:00","BZN|FR","Without Sequence","29.33","",""
"21/07/2025 20:30:00 - 21/07/2025 20:45:00","BZN|FR","Without Sequence","29.33","",""
"21/07/2025 20:45:00 - 21/07/2025 21:00:00","BZN|FR","Without Sequence","29.33","",""
"21/07/2025 21:00:00 - 21/07/2025 21:15:00","BZN|FR","Without Sequence","34.20","",""
"21/07/2025 21:15:00 - 21/07/2025 21:30:00","BZN|FR","Without Sequence","34.20","",""
"21/07/2025 21:30:00 - 21/07/2025 21:45:00","BZN|FR","Without Sequence","34.20","",""
"21/07/2025 21:45:00 - 21/07/2025 22:00:00","BZN|FR","Without Sequence","34.20","",""
"21/07/2025 22:00:00 - 21/07/2025 22:15:00","BZN|FR","Without Sequence","55.35","",""
"21/07/2025 22:15:00 - 21/07/2025 22:30:00","BZN|FR","Without Sequence","55.35","",""
"21/07/2025 22:30:00 - 21/07/2025 22:45:00","BZN|FR","Without Sequence","55.35","",""
"21/07/2025 22:45:00 - 21/07/2025 23:00:00","BZN|FR","Without Sequence","55.35","",""
"21/07/2025 23:00:00 - 21/07/2025 23:15:00","BZN|FR","Without Sequence","44.90","",""
"21/07/2025 23:15:00 - 21/07/2025 23:30:00","BZN|FR","Without Sequence","44.90","",""
"21/07/2025 23:30:00 - 21/07/2025 23:45:00","BZN|FR","Without Sequence","44.90","",""
"21/07/2025 23:45:00 - 22/07/2025 00:00:00","BZN|FR","Without Sequence","44.90","",""
"22/07/2025 00:00:00 - 22/07/2025 00:15:00","BZN|FR","Without Sequence","81.13","",""
"22/07/2025 00:15:00 - 22/07/2025 00:30:00","BZN|FR","Without Sequence","81.13","",""
"22/07/2025 00:30:00 - 22/07/2025 00:45:00","BZN|FR","Without Sequence","81.13","",""
"22/07/2025 00:45:00 - 22/07/2025 01:00:00","BZN|FR","Without Sequence","81.13","",""
"22/07/2025 01:00:00 - 22/07/2025 01:15:00","BZN|FR","Without Sequence","71.19","",""
"22/07/2025 01:15:00 - 22/07/2025 01:30:00","BZN|FR","Without Sequence","71.19","",""
"22/07/2025 01:30:00 - 22/07/2025 01:45:00","BZN|FR","Without Sequence","71.19","",""
"22/07/2025 01:45:00 - 22/07/2025 02:00:00","BZN|FR","Without Sequence","71.19","",""
"22/07/2025 02:00:00 - 22/07/2025 02:15:00","BZN|FR","Without Sequence","67.28","",""
"22/07/2025 02:15:00 - 22/07/2025 02:30:00","BZN|FR","Without Sequence","67.28","",""
"22/07/2025 02:30:00 - 22/07/2025 02:45:00","BZN|FR","Without Sequence","67.28","",""
"22/07/2025 02:45:00 - 22/07/2025 03:00:00","BZN|FR","Without Sequence","67.28","",""
"22/07/2025 03:00:00 - 22/07/2025 03:15:00","BZN|FR","Without Sequence","54.57","",""
"22/07/2025 03:15:00 - 22/07/2025 03:30:00","BZN|FR","Without Sequence","54.57","",""
"22/07/2025 03:30:00 - 22/07/2025 03:45:00","BZN|FR","Without Sequence","54.57","",""
"22/07/2025 03:45:00 - 22/07/2025 04:00:00","BZN|FR","Without Sequence","54.57","",""
"22/07/2025 04:00:00 - 22/07/2025 04:15:00","BZN|FR","Without Sequence","46.63","",""
"22/07/2025 04:15:00 - 22/07/2025 04:30:00","BZN|FR","Without Sequence","46.63","",""
"22/07/2025 04:30:00 - 22/07/2025 04:45:00","BZN|FR","Without Sequence","46.63","",""
"22/07/2025 04:45:00 - 22/07/2025 05:00:00","BZN|FR","Without Sequence","46.63","",""
"22/07/2025 05:00:00 - 22/07/2025 05:15:00","BZN|FR","Without Sequence","63.19","",""
"22/07/2025 05:15:00 - 22/07/2025 05:30:00","BZN|FR","Without Sequence","63.19","",""
"22/07/2025 05:30:00 - 22/07/2025 05:45:00","BZN|FR","Without Sequence","63.19","",""
"22/07/2025 05:45:00 - 22/07/2025 06:00:00","BZN|FR","Without Sequence","63.19","",""
"22/07/2025 06:00:00 - 22/07/2025 06:15:00","BZN|FR","Without Sequence","79.07","",""
"22/07/2025 06:15:00 - 22/07/2025 06:30:00","BZN|FR","Without Sequence","79.07","",""
"22/07/2025 06:30:00 - 22/07/2025 06:45:00","BZN|FR","Without Sequence","79.07","",""
"22/07/2025 06:45:00 - 22/07/2025 07:00:00","BZN|FR","Without Sequence","79.07","",""
"22/07/2025 07:00:00 - 22/07/2025 07:15:00","BZN|FR","Without Sequence","61.41","",""
"22/07/2025 07:15:00 - 22/07/2025 07:30:00","BZN|FR","Without Sequence","61.41","",""
"22/07/2025 07:30:00 - 22/07/2025 07:45:00","BZN|FR","Without Sequence","61.41","",""
"22/07/2025 07:45:00 - 22/07/2025 08:00:00","BZN|FR","Without Sequence","61.41","",""
"22/07/2025 08:00:00 - 22/07/2025 08:15:00","BZN|FR","Without Sequence","76.26","",""
"22/07/2025 08:15:00 - 22/07/2025 08:30:00","BZN|FR","Without Sequence","76.26","",""
"22/07/2025 08:30:00 - 22/07/2025 08:45:00","BZN|FR","Without Sequence","76.26","",""
"22/07/2025 08:45:00 - 22/07/2025 09:00:00","BZN|FR","Without Sequence","76.26","",""
"22/07/2025 09:00:00 - 22/07/2025 09:15:00","BZN|FR","Without Sequence","50.52","",""
"22/07/2025 09:15:00 - 22/07/2025 09:30:00","BZN|FR","Without Sequence","50.52","",""
"22/07/2025 09:30:00 - 22/07/2025 09:45:00","BZN|FR","Without Sequence","50.52","",""
"22/07/2025 09:45:00 - 22/07/2025 10:00:00","BZN|FR","Without Sequence","50.52","",""
"22/07/2025 10:00:00 - 22/07/2025 10:15:00","BZN|FR","Without Sequence","28.86","",""
"22/07/2025 10:15:00 - 22/07/2025 10:30:00","BZN|FR","Without Sequence","28.86","",""
"22/07/2025 10:30:00 - 22/07/2025 10:45:00","BZN|FR","Without Sequence","28.86","",""
"22/07/2025 10:45:00 - 22/07/2025 11:00:00","BZN|FR","Without Sequence","28.86","",""
"22/07/2025 11:00:00 - 22/07/2025 11:15:00","BZN|FR","Without Sequence","29.99","",""
"22/07/2025 11:15:00 - 22/07/2025 11:30:00","BZN|FR","Without Sequence","29.99","",""
"22/07/2025 11:30:00 - 22/07/2025 11:45:00","BZN|FR","Without Sequence","29.99","",""
"22/07/2025 11:45:00 - 22/07/2025 12:00:00","BZN|FR","Without Sequence","29.99","",""
"22/07/2025 12:00:00 - 22/07/2025 12:15:00","BZN|FR","Without Sequence","27.67","",""
"22/07/2025 12:15:00 - 22/07/2025 12:30:00","BZN|FR","Without Sequence","27.67","",""
"22/07/2025 12:30:00 - 22/07/2025 12:45:00","BZN|FR","Without Sequence","27.67","",""
"22/07/2025 12:45:00 - 22/07/2025 13:00:00","BZN|FR","Without Sequence","27.67","",""
"22/07/2025 13:00:00 - 22/07/2025 13:15:00","BZN|FR","Without Sequence","12.63","",""
"22/07/2025 13:15:00 - 22/07/2025 13:30:00","BZN|FR","Without Sequence","12.63","",""
"22/07/2025 13:30:00 - 22/07/2025 13:45:00","BZN|FR","Without Sequence","12.63","",""
"22/07/2025 13:45:00 - 22/07/2025 14:00:00","BZN|FR","Without Sequence","12.63","",""
"22/07/2025 14:00:00 - 22/07/2025 14:15:00","BZN|FR","Without Sequence","4.18","",""
"22/07/2025 14:15:00 - 22/07/2025 14:30:00","BZN|FR","Without Sequence","4.18","",""
"22/07/2025 14:30:00 - 22/07/2025 14:45:00","BZN|FR","Without Sequence","4.18","",""
"22/07/2025 14:45:00 - 22/07/2025 15:00:00","BZN|FR","Without Sequence","4.18","",""
"22/07/2025 15:00:00 - 22/07/2025 15:15:00","BZN|FR","Without Sequence","1.14","",""
"22/07/2025 15:15:00 - 22/07/2025 15:30:00","BZN|FR","Without Sequence","1.14","",""
"22/07/2025 15:30:00 - 22/07/2025 15:45:00","BZN|FR","Without Sequence","1.14","",""
"22/07/2025 15:45:00 - 22/07/2025 16:00:00","BZN|FR","Without Sequence","1.14","",""
"22/07/2025 16:00:00 - 22/07/2025 16:15:00","BZN|FR","Without Sequence","27.05","",""
"22/07/2025 16:15:00 - 22/07/2025 16:30:00","BZN|FR","Without Sequence","27.05","",""
"22/07/2025 16:30:00 - 22/07/2025 16:45:00","BZN|FR","Without Sequence","27.05","",""
"22/07/2025 16:45:00 - 22/07/2025 17:00:00","BZN|FR","Without Sequence","27.05","",""
"22/07/2025 17:00:00 - 22/07/2025 17:15:00","BZN|FR","Without Sequence","35.01","",""
"22/07/2025 17:15:00 - 22/07/2025 17:30:00","BZN|FR","Without Sequence","35.01","",""
"22/07/2025 17:30:00 - 22/07/2025 17:45:00","BZN|FR","Without Sequence","35.01","",""
"22/07/2025 17:45:00 - 22/07/2025 18:00:00","BZN|FR","Without Sequence","35.01","",""
"22/07/2025 18:00:00 - 22/07/2025 18:15:00","BZN|FR","Without Sequence","69.07","",""
"22/07/2025 18:15:00 - 22/07/2025 18:30:00","BZN|FR","Without Sequence","69.07","",""
"22/07/2025 18:30:00 - 22/07/2025 18:45:00","BZN|FR","Without Sequence","69.07","",""
"22/07/2025 18:45:00 - 22/07/2025 19:00:00","BZN|FR","Without Sequence","69.07","",""
"22/07/2025 19:00:00 - 22/07/2025 19:15:00","BZN|FR","Without Sequence","91.59","",""
"22/07/2025 19:15:00 - 22/07/2025 19:30:00","BZN|FR","Without Sequence","91.59","",""
"22/07/2025 19:30:00 - 22/07/2025 19:45:00","BZN|FR","Without Sequence","91.59","",""
"22/07/2025 19:45:00 - 22/07/2025 20:00:00","BZN|FR","Without Sequence","91.59","",""
"22/07/2025 20:00:00 - 22/07/2025 20:15:00","BZN|FR","Without Sequence","113.92","",""
"22/07/2025 20:15:00 - 22/07/2025 20:30:00","BZN|FR","Without Sequence","113.92","",""
"22/07/2025 20:30:00 - 22/07/2025 20:45:00","BZN|FR","Without Sequence","113.92","",""
"22/07/2025 20:45:00 - 22/07/2025 21:00:00","BZN|FR","Without Sequence","113.92","",""
"22/07/2025 21:00:00 - 22/07/2025 21:15:00","BZN|FR","Without Sequence","113.93","",""
"22/07/2025 21:15:00 - 22/07/2025 21:30:00","BZN|FR","Without Sequence","113.93","",""
"22/07/2025 21:30:00 - 22/07/2025 21:45:00","BZN|FR","Without Sequence","113.93","",""
"22/07/2025 21:45:00 - 22/07/2025 22:00:00","BZN|FR","Without Sequence","113.93","",""
"22/07/2025 22:00:00 - 22/07/2025 22:15:00","BZN|FR","Without Sequence","109.10","",""
"22/07/2025 22:15:00 - 22/07/2025 22:30:00","BZN|FR","Without Sequence","109.10","",""
"22/07/2025 22:30:00 - 22/07/2025 22:45:00","BZN|FR","Without Sequence","109.10","",""
"22/07/2025 22:45:00 - 22/07/2025 23:00:00","BZN|FR","Without Sequence","109.10","",""
"22/07/2025 23:00:00 - 22/07/2025 23:15:00","BZN|FR","Without Sequence","103.60","",""
"22/07/2025 23:15:00 - 22/07/2025 23:30:00","BZN|FR","Without Sequence","103.60","",""
"22/07/2025 23:30:00 - 22/07/2025 23:45:00","BZN|FR","Without Sequence","103.60","",""
"22/07/2025 23:45:00 - 23/07/2025 00:00:00","BZN|FR","Without Sequence","103.60","",""
"23/07/2025 00:00:00 - 23/07/2025 00:15:00","BZN|FR","Without Sequence","89.79","",""
"23/07/2025 00:15:00 - 23/07/2025 00:30:00","BZN|FR","Without Sequence","89.79","",""
"23/07/2025 00:30:00 - 23/07/2025 00:45:00","BZN|FR","Without Sequence","89.79","",""
"23/07/2025 00:45:00 - 23/07/2025 01:00:00","BZN|FR","Without Sequence","89.79","",""
"23/07/2025 01:00:00 - 23/07/2025 01:15:00","BZN|FR","Without Sequence","82.64","",""
"23/07/2025 01:15:00 - 23/07/2025 01:30:00","BZN|FR","Without Sequence","82.64","",""
"23/07/2025 01:30:00 - 23/07/2025 01:45:00","BZN|FR","Without Sequence","82.64","",""
"23/07/2025 01:45:00 - 23/07/2025 02:00:00","BZN|FR","Without Sequence","82.64","",""
"23/07/2025 02:00:00 - 23/07/2025 02:15:00","BZN|FR","Without Sequence","80.94","",""
"23/07/2025 02:15:00 - 23/07/2025 02:30:00","BZN|FR","Without Sequence","80.94","",""
"23/07/2025 02:30:00 - 23/07/2025 02:45:00","BZN|FR","Without Sequence","80.94","",""
"23/07/2025 02:45:00 - 23/07/2025 03:00:00","BZN|FR","Without Sequence","80.94","",""
"23/07/2025 03:00:00 - 23/07/2025 03:15:00","BZN|FR","Without Sequence","78.26","",""
"23/07/2025 03:15:00 - 23/07/2025 03:30:00","BZN|FR","Without Sequence","78.26","",""
"23/07/2025 03:30:00 - 23/07/2025 03:45:00","BZN|FR","Without Sequence","78.26","",""
"23/07/2025 03:45:00 - 23/07/2025 04:00:00","BZN|FR","Without Sequence","78.26","",""
"23/07/2025 04:00:00 - 23/07/2025 04:15:00","BZN|FR","Without Sequence","77.83","",""
"23/07/2025 04:15:00 - 23/07/2025 04:30:00","BZN|FR","Without Sequence","77.83","",""
"23/07/2025 04:30:00 - 23/07/2025 04:45:00","BZN|FR","Without Sequence","77.83","",""
"23/07/2025 04:45:00 - 23/07/2025 05:00:00","BZN|FR","Without Sequence","77.83","",""
"23/07/2025 05:00:00 - 23/07/2025 05:15:00","BZN|FR","Without Sequence","81.11","",""
"23/07/2025 05:15:00 - 23/07/2025 05:30:00","BZN|FR","Without Sequence","81.11","",""
"23/07/2025 05:30:00 - 23/07/2025 05:45:00","BZN|FR","Without Sequence","81.11","",""
"23/07/2025 05:45:00 - 23/07/2025 06:00:00","BZN|FR","Without Sequence","81.11","",""
"23/07/2025 06:00:00 - 23/07/2025 06:15:00","BZN|FR","Without Sequence","90.87","",""
"23/07/2025 06:15:00 - 23/07/2025 06:30:00","BZN|FR","Without Sequence","90.87","",""
"23/07/2025 06:30:00 - 23/07/2025 06:45:00","BZN|FR","Without Sequence","90.87","",""
"23/07/2025 06:45:00 - 23/07/2025 07:00:00","BZN|FR","Without Sequence","90.87","",""
"23/07/2025 07:00:00 - 23/07/2025 07:15:00","BZN|FR","Without Sequence","100.50","",""
"23/07/2025 07:15:00 - 23/07/2025 07:30:00","BZN|FR","Without Sequence","100.50","",""
"23/07/2025 07:30:00 - 23/07/2025 07:45:00","BZN|FR","Without Sequence","100.50","",""
"23/07/2025 07:45:00 - 23/07/2025 08:00:00","BZN|FR","Without Sequence","100.50","",""
"23/07/2025 08:00:00 - 23/07/2025 08:15:00","BZN|FR","Without Sequence","96.50","",""
"23/07/2025 08:15:00 - 23/07/2025 08:30:00","BZN|FR","Without Sequence","96.50","",""
"23/07/2025 08:30:00 - 23/07/2025 08:45:00","BZN|FR","Without Sequence","96.50","",""
"23/07/2025 08:45:00 - 23/07/2025 09:00:00","BZN|FR","Without Sequence","96.50","",""
"23/07/2025 09:00:00 - 23/07/2025 09:15:00","BZN|FR","Without Sequence","83.31","",""
"23/07/2025 09:15:00 - 23/07/2025 09:30:00","BZN|FR","Without Sequence","83.31","",""
"23/07/2025 09:30:00 - 23/07/2025 09:45:00","BZN|FR","Without Sequence","83.31","",""
"23/07/2025 09:45:00 - 23/07/2025 10:00:00","BZN|FR","Without Sequence","83.31","",""
"23/07/2025 10:00:00 - 23/07/2025 10:15:00","BZN|FR","Without Sequence","76.40","",""
"23/07/2025 10:15:00 - 23/07/2025 10:30:00","BZN|FR","Without Sequence","76.40","",""
"23/07/2025 10:30:00 - 23/07/2025 10:45:00","BZN|FR","Without Sequence","76.40","",""
"23/07/2025 10:45:00 - 23/07/2025 11:00:00","BZN|FR","Without Sequence","76.40","",""
"23/07/2025 11:00:00 - 23/07/2025 11:15:00","BZN|FR","Without Sequence","68.64","",""
"23/07/2025 11:15:00 - 23/07/2025 11:30:00","BZN|FR","Without Sequence","68.64","",""
"23/07/2025 11:30:00 - 23/07/2025 11:45:00","BZN|FR","Without Sequence","68.64","",""
"23/07/2025 11:45:00 - 23/07/2025 12:00:00","BZN|FR","Without Sequence","68.64","",""
"23/07/2025 12:00:00 - 23/07/2025 12:15:00","BZN|FR","Without Sequence","61.97","",""
"23/07/2025 12:15:00 - 23/07/2025 12:30:00","BZN|FR","Without Sequence","61.97","",""
"23/07/2025 12:30:00 - 23/07/2025 12:45:00","BZN|FR","Without Sequence","61.97","",""
"23/07/2025 12:45:00 - 23/07/2025 13:00:00","BZN|FR","Without Sequence","61.97","",""
"23/07/2025 13:00:00 - 23/07/2025 13:15:00","BZN|FR","Without Sequence","51.89","",""
"23/07/2025 13:15:00 - 23/07/2025 13:30:00","BZN|FR","Without Sequence","51.89","",""
"23/07/2025 13:30:00 - 23/07/2025 13:45:00","BZN|FR","Without Sequence","51.89","",""
"23/07/2025 13:45:00 - 23/07/2025 14:00:00","BZN|FR","Without Sequence","51.89","",""
"23/07/2025 14:00:00 - 23/07/2025 14:15:00","BZN|FR","Without Sequence","44.88","",""
"23/07/2025 14:15:00 - 23/07/2025 14:30:00","BZN|FR","Without Sequence","44.88","",""
"23/07/2025 14:30:00 - 23/07/2025 14:45:00","BZN|FR","Without Sequence","44.88","",""
"23/07/2025 14:45:00 - 23/07/2025 15:00:00","BZN|FR","Without Sequence","44.88","",""
"23/07/2025 15:00:00 - 23/07/2025 15:15:00","BZN|FR","Without Sequence","50.38","",""
"23/07/2025 15:15:00 - 23/07/2025 15:30:00","BZN|FR","Without Sequence","50.38","",""
"23/07/2025 15:30:00 - 23/07/2025 15:45:00","BZN|FR","Without Sequence","50.38","",""
"23/07/2025 15:45:00 - 23/07/2025 16:00:00","BZN|FR","Without Sequence","50.38","",""
"23/07/2025 16:00:00 - 23/07/2025 16:15:00","BZN|FR","Without Sequence","71.63","",""
"23/07/2025 16:15:00 - 23/07/2025 16:30:00","BZN|FR","Without Sequence","71.63","",""
"23/07/2025 16:30:00 - 23/07/2025 16:45:00","BZN|FR","Without Sequence","71.63","",""
"23/07/2025 16:45:00 - 23/07/2025 17:00:00","BZN|FR","Without Sequence","71.63","",""
"23/07/2025 17:00:00 - 23/07/2025 17:15:00","BZN|FR","Without Sequence","82.17","",""
"23/07/2025 17:15:00 - 23/07/2025 17:30:00","BZN|FR","Without Sequence","82.17","",""
"23/07/2025 17:30:00 - 23/07/2025 17:45:00","BZN|FR","Without Sequence","82.17","",""
"23/07/2025 17:45:00 - 23/07/2025 18:00:00","BZN|FR","Without Sequence","82.17","",""
"23/07/2025 18:00:00 - 23/07/2025 18:15:00","BZN|FR","Without Sequence","92.17","",""
"23/07/2025 18:15:00 - 23/07/2025 18:30:00","BZN|FR","Without Sequence","92.17","",""
"23/07/2025 18:30:00 - 23/07/2025 18:45:00","BZN|FR","Without Sequence","92.17","",""
"23/07/2025 18:45:00 - 23/07/2025 19:00:00","BZN|FR","Without Sequence","92.17","",""
"23/07/2025 19:00:00 - 23/07/2025 19:15:00","BZN|FR","Without Sequence","104.98","",""
"23/07/2025 19:15:00 - 23/07/2025 19:30:00","BZN|FR","Without Sequence","104.98","",""
"23/07/2025 19:30:00 - 23/07/2025 19:45:00","BZN|FR","Without Sequence","104.98","",""
"23/07/2025 19:45:00 - 23/07/2025 20:00:00","BZN|FR","Without Sequence","104.98","",""
"23/07/2025 20:00:00 - 23/07/2025 20:15:00","BZN|FR","Without Sequence","111.63","",""
"23/07/2025 20:15:00 - 23/07/2025 20:30:00","BZN|FR","Without Sequence","111.63","",""
"23/07/2025 20:30:00 - 23/07/2025 20:45:00","BZN|FR","Without Sequence","111.63","",""
"23/07/2025 20:45:00 - 23/07/2025 21:00:00","BZN|FR","Without Sequence","111.63","",""
"23/07/2025 21:00:00 - 23/07/2025 21:15:00","BZN|FR","Without Sequence","112.00","",""
"23/07/2025 21:15:00 - 23/07/2025 21:30:00","BZN|FR","Without Sequence","112.00","",""
"23/07/2025 21:30:00 - 23/07/2025 21:45:00","BZN|FR","Without Sequence","112.00","",""
"23/07/2025 21:45:00 - 23/07/2025 22:00:00","BZN|FR","Without Sequence","112.00","",""
"23/07/2025 22:00:00 - 23/07/2025 22:15:00","BZN|FR","Without Sequence","109.96","",""
"23/07/2025 22:15:00 - 23/07/2025 22:30:00","BZN|FR","Without Sequence","109.96","",""
"23/07/2025 22:30:00 - 23/07/2025 22:45:00","BZN|FR","Without Sequence","109.96","",""
"23/07/2025 22:45:00 - 23/07/2025 23:00:00","BZN|FR","Without Sequence","109.96","",""
"23/07/2025 23:00:00 - 23/07/2025 23:15:00","BZN|FR","Without Sequence","100.39","",""
"23/07/2025 23:15:00 - 23/07/2025 23:30:00","BZN|FR","Without Sequence","100.39","",""
"23/07/2025 23:30:00 - 23/07/2025 23:45:00","BZN|FR","Without Sequence","100.39","",""
"23/07/2025 23:45:00 - 24/07/2025 00:00:00","BZN|FR","Without Sequence","100.39","",""
"24/07/2025 00:00:00 - 24/07/2025 00:15:00","BZN|FR","Without Sequence","96.24","",""
"24/07/2025 00:15:00 - 24/07/2025 00:30:00","BZN|FR","Without Sequence","96.24","",""
"24/07/2025 00:30:00 - 24/07/2025 00:45:00","BZN|FR","Without Sequence","96.24","",""
"24/07/2025 00:45:00 - 24/07/2025 01:00:00","BZN|FR","Without Sequence","96.24","",""
"24/07/2025 01:00:00 - 24/07/2025 01:15:00","BZN|FR","Without Sequence","87.36","",""
"24/07/2025 01:15:00 - 24/07/2025 01:30:00","BZN|FR","Without Sequence","87.36","",""
"24/07/2025 01:30:00 - 24/07/2025 01:45:00","BZN|FR","Without Sequence","87.36","",""
"24/07/2025 01:45:00 - 24/07/2025 02:00:00","BZN|FR","Without Sequence","87.36","",""
"24/07/2025 02:00:00 - 24/07/2025 02:15:00","BZN|FR","Without Sequence","81.88","",""
"24/07/2025 02:15:00 - 24/07/2025 02:30:00","BZN|FR","Without Sequence","81.88","",""
"24/07/2025 02:30:00 - 24/07/2025 02:45:00","BZN|FR","Without Sequence","81.88","",""
"24/07/2025 02:45:00 - 24/07/2025 03:00:00","BZN|FR","Without Sequence","81.88","",""
"24/07/2025 03:00:00 - 24/07/2025 03:15:00","BZN|FR","Without Sequence","71.79","",""
"24/07/2025 03:15:00 - 24/07/2025 03:30:00","BZN|FR","Without Sequence","71.79","",""
"24/07/2025 03:30:00 - 24/07/2025 03:45:00","BZN|FR","Without Sequence","71.79","",""
"24/07/2025 03:45:00 - 24/07/2025 04:00:00","BZN|FR","Without Sequence","71.79","",""
"24/07/2025 04:00:00 - 24/07/2025 04:15:00","BZN|FR","Without Sequence","63.27","",""
"24/07/2025 04:15:00 - 24/07/2025 04:30:00","BZN|FR","Without Sequence","63.27","",""
"24/07/2025 04:30:00 - 24/07/2025 04:45:00","BZN|FR","Without Sequence","63.27","",""
"24/07/2025 04:45:00 - 24/07/2025 05:00:00","BZN|FR","Without Sequence","63.27","",""
"24/07/2025 05:00:00 - 24/07/2025 05:15:00","BZN|FR","Without Sequence","80.90","",""
"24/07/2025 05:15:00 - 24/07/2025 05:30:00","BZN|FR","Without Sequence","80.90","",""
"24/07/2025 05:30:00 - 24/07/2025 05:45:00","BZN|FR","Without Sequence","80.90","",""
"24/07/2025 05:45:00 - 24/07/2025 06:00:00","BZN|FR","Without Sequence","80.90","",""
"24/07/2025 06:00:00 - 24/07/2025 06:15:00","BZN|FR","Without Sequence","85.62","",""
"24/07/2025 06:15:00 - 24/07/2025 06:30:00","BZN|FR","Without Sequence","85.62","",""
"24/07/2025 06:30:00 - 24/07/2025 06:45:00","BZN|FR","Without Sequence","85.62","",""
"24/07/2025 06:45:00 - 24/07/2025 07:00:00","BZN|FR","Without Sequence","85.62","",""
"24/07/2025 07:00:00 - 24/07/2025 07:15:00","BZN|FR","Without Sequence","90.44","",""
"24/07/2025 07:15:00 - 24/07/2025 07:30:00","BZN|FR","Without Sequence","90.44","",""
"24/07/2025 07:30:00 - 24/07/2025 07:45:00","BZN|FR","Without Sequence","90.44","",""
"24/07/2025 07:45:00 - 24/07/2025 08:00:00","BZN|FR","Without Sequence","90.44","",""
"24/07/2025 08:00:00 - 24/07/2025 08:15:00","BZN|FR","Without Sequence","103.04","",""
"24/07/2025 08:15:00 - 24/07/2025 08:30:00","BZN|FR","Without Sequence","103.04","",""
"24/07/2025 08:30:00 - 24/07/2025 08:45:00","BZN|FR","Without Sequence","103.04","",""
"24/07/2025 08:45:00 - 24/07/2025 09:00:00","BZN|FR","Without Sequence","103.04","",""
"24/07/2025 09:00:00 - 24/07/2025 09:15:00","BZN|FR","Without Sequence","90.83","",""
"24/07/2025 09:15:00 - 24/07/2025 09:30:00","BZN|FR","Without Sequence","90.83","",""
"24/07/2025 09:30:00 - 24/07/2025 09:45:00","BZN|FR","Without Sequence","90.83","",""
"24/07/2025 09:45:00 - 24/07/2025 10:00:00","BZN|FR","Without Sequence","90.83","",""
"24/07/2025 10:00:00 - 24/07/2025 10:15:00","BZN|FR","Without Sequence","70.90","",""
"24/07/2025 10:15:00 - 24/07/2025 10:30:00","BZN|FR","Without Sequence","70.90","",""
"24/07/2025 10:30:00 - 24/07/2025 10:45:00","BZN|FR","Without Sequence","70.90","",""
"24/07/2025 10:45:00 - 24/07/2025 11:00:00","BZN|FR","Without Sequence","70.90","",""
"24/07/2025 11:00:00 - 24/07/2025 11:15:00","BZN|FR","Without Sequence","65.64","",""
"24/07/2025 11:15:00 - 24/07/2025 11:30:00","BZN|FR","Without Sequence","65.64","",""
"24/07/2025 11:30:00 - 24/07/2025 11:45:00","BZN|FR","Without Sequence","65.64","",""
"24/07/2025 11:45:00 - 24/07/2025 12:00:00","BZN|FR","Without Sequence","65.64","",""
"24/07/2025 12:00:00 - 24/07/2025 12:15:00","BZN|FR","Without Sequence","71.05","",""
"24/07/2025 12:15:00 - 24/07/2025 12:30:00","BZN|FR","Without Sequence","71.05","",""
"24/07/2025 12:30:00 - 24/07/2025 12:45:00","BZN|FR","Without Sequence","71.05","",""
"24/07/2025 12:45:00 - 24/07/2025 13:00:00","BZN|FR","Without Sequence","71.05","",""
"24/07/2025 13:00:00 - 24/07/2025 13:15:00","BZN|FR","Without Sequence","34.04","",""
"24/07/2025 13:15:00 - 24/07/2025 13:30:00","BZN|FR","Without Sequence","34.04","",""
"24/07/2025 13:30:00 - 24/07/2025 13:45:00","BZN|FR","Without Sequence","34.04","",""
"24/07/2025 13:45:00 - 24/07/2025 14:00:00","BZN|FR","Without Sequence","34.04","",""
"24/07/2025 14:00:00 - 24/07/2025 14:15:00","BZN|FR","Without Sequence","28.00","",""
"24/07/2025 14:15:00 - 24/07/2025 14:30:00","BZN|FR","Without Sequence","28.00","",""
"24/07/2025 14:30:00 - 24/07/2025 14:45:00","BZN|FR","Without Sequence","28.00","",""
"24/07/2025 14:45:00 - 24/07/2025 15:00:00","BZN|FR","Without Sequence","28.00","",""
"24/07/2025 15:00:00 - 24/07/2025 15:15:00","BZN|FR","Without Sequence","37.02","",""
"24/07/2025 15:15:00 - 24/07/2025 15:30:00","BZN|FR","Without Sequence","37.02","",""
"24/07/2025 15:30:00 - 24/07/2025 15:45:00","BZN|FR","Without Sequence","37.02","",""
"24/07/2025 15:45:00 - 24/07/2025 16:00:00","BZN|FR","Without Sequence","37.02","",""
"24/07/2025 16:00:00 - 24/07/2025 16:15:00","BZN|FR","Without Sequence","26.53","",""
"24/07/2025 16:15:00 - 24/07/2025 16:30:00","BZN|FR","Without Sequence","26.53","",""
"24/07/2025 16:30:00 - 24/07/2025 16:45:00","BZN|FR","Without Sequence","26.53","",""
"24/07/2025 16:45:00 - 24/07/2025 17:00:00","BZN|FR","Without Sequence","26.53","",""
"24/07/2025 17:00:00 - 24/07/2025 17:15:00","BZN|FR","Without Sequence","41.42","",""
"24/07/2025 17:15:00 - 24/07/2025 17:30:00","BZN|FR","Without Sequence","41.42","",""
"24/07/2025 17:30:00 - 24/07/2025 17:45:00","BZN|FR","Without Sequence","41.42","",""
"24/07/2025 17:45:00 - 24/07/2025 18:00:00","BZN|FR","Without Sequence","41.42","",""
"24/07/2025 18:00:00 - 24/07/2025 18:15:00","BZN|FR","Without Sequence","74.72","",""
"24/07/2025 18:15:00 - 24/07/2025 18:30:00","BZN|FR","Without Sequence","74.72","",""
"24/07/2025 18:30:00 - 24/07/2025 18:45:00","BZN|FR","Without Sequence","74.72","",""
"24/07/2025 18:45:00 - 24/07/2025 19:00:00","BZN|FR","Without Sequence","74.72","",""
"24/07/2025 19:00:00 - 24/07/2025 19:15:00","BZN|FR","Without Sequence","92.29","",""
"24/07/2025 19:15:00 - 24/07/2025 19:30:00","BZN|FR","Without Sequence","92.29","",""
"24/07/2025 19:30:00 - 24/07/2025 19:45:00","BZN|FR","Without Sequence","92.29","",""
"24/07/2025 19:45:00 - 24/07/2025 20:00:00","BZN|FR","Without Sequence","92.29","",""
"24/07/2025 20:00:00 - 24/07/2025 20:15:00","BZN|FR","Without Sequence","87.93","",""
"24/07/2025 20:15:00 - 24/07/2025 20:30:00","BZN|FR","Without Sequence","87.93","",""
"24/07/2025 20:30:00 - 24/07/2025 20:45:00","BZN|FR","Without Sequence","87.93","",""
"24/07/2025 20:45:00 - 24/07/2025 21:00:00","BZN|FR","Without Sequence","87.93","",""
"24/07/2025 21:00:00 - 24/07/2025 21:15:00","BZN|FR","Without Sequence","90.92","",""
"24/07/2025 21:15:00 - 24/07/2025 21:30:00","BZN|FR","Without Sequence","90.92","",""
"24/07/2025 21:30:00 - 24/07/2025 21:45:00","BZN|FR","Without Sequence","90.92","",""
"24/07/2025 21:45:00 - 24/07/2025 22:00:00","BZN|FR","Without Sequence","90.92","",""
"24/07/2025 22:00:00 - 24/07/2025 22:15:00","BZN|FR","Without Sequence","109.19","",""
"24/07/2025 22:15:00 - 24/07/2025 22:30:00","BZN|FR","Without Sequence","109.19","",""
"24/07/2025 22:30:00 - 24/07/2025 22:45:00","BZN|FR","Without Sequence","109.19","",""
"24/07/2025 22:45:00 - 24/07/2025 23:00:00","BZN|FR","Without Sequence","109.19","",""
"24/07/2025 23:00:00 - 24/07/2025 23:15:00","BZN|FR","Without Sequence","102.06","",""
"24/07/2025 23:15:00 - 24/07/2025 23:30:00","BZN|FR","Without Sequence","102.06","",""
"24/07/2025 23:30:00 - 24/07/2025 23:45:00","BZN|FR","Without Sequence","102.06","",""
"24/07/2025 23:45:00 - 25/07/2025 00:00:00","BZN|FR","Without Sequence","102.06","",""
"25/07/2025 00:00:00 - 25/07/2025 00:15:00","BZN|FR","Without Sequence","88.69","",""
"25/07/2025 00:15:00 - 25/07/2025 00:30:00","BZN|FR","Without Sequence","88.69","",""
"25/07/2025 00:30:00 - 25/07/2025 00:45:00","BZN|FR","Without Sequence","88.69","",""
"25/07/2025 00:45:00 - 25/07/2025 01:00:00","BZN|FR","Without Sequence","88.69","",""
"25/07/2025 01:00:00 - 25/07/2025 01:15:00","BZN|FR","Without Sequence","96.52","",""
"25/07/2025 01:15:00 - 25/07/2025 01:30:00","BZN|FR","Without Sequence","96.52","",""
"25/07/2025 01:30:00 - 25/07/2025 01:45:00","BZN|FR","Without Sequence","96.52","",""
"25/07/2025 01:45:00 - 25/07/2025 02:00:00","BZN|FR","Without Sequence","96.52","",""
"25/07/2025 02:00:00 - 25/07/2025 02:15:00","BZN|FR","Without Sequence","78.48","",""
"25/07/2025 02:15:00 - 25/07/2025 02:30:00","BZN|FR","Without Sequence","78.48","",""
"25/07/2025 02:30:00 - 25/07/2025 02:45:00","BZN|FR","Without Sequence","78.48","",""
"25/07/2025 02:45:00 - 25/07/2025 03:00:00","BZN|FR","Without Sequence","78.48","",""
"25/07/2025 03:00:00 - 25/07/2025 03:15:00","BZN|FR","Without Sequence","58.99","",""
"25/07/2025 03:15:00 - 25/07/2025 03:30:00","BZN|FR","Without Sequence","58.99","",""
"25/07/2025 03:30:00 - 25/07/2025 03:45:00","BZN|FR","Without Sequence","58.99","",""
"25/07/2025 03:45:00 - 25/07/2025 04:00:00","BZN|FR","Without Sequence","58.99","",""
"25/07/2025 04:00:00 - 25/07/2025 04:15:00","BZN|FR","Without Sequence","51.97","",""
"25/07/2025 04:15:00 - 25/07/2025 04:30:00","BZN|FR","Without Sequence","51.97","",""
"25/07/2025 04:30:00 - 25/07/2025 04:45:00","BZN|FR","Without Sequence","51.97","",""
"25/07/2025 04:45:00 - 25/07/2025 05:00:00","BZN|FR","Without Sequence","51.97","",""
"25/07/2025 05:00:00 - 25/07/2025 05:15:00","BZN|FR","Without Sequence","63.43","",""
"25/07/2025 05:15:00 - 25/07/2025 05:30:00","BZN|FR","Without Sequence","63.43","",""
"25/07/2025 05:30:00 - 25/07/2025 05:45:00","BZN|FR","Without Sequence","63.43","",""
"25/07/2025 05:45:00 - 25/07/2025 06:00:00","BZN|FR","Without Sequence","63.43","",""
"25/07/2025 06:00:00 - 25/07/2025 06:15:00","BZN|FR","Without Sequence","77.97","",""
"25/07/2025 06:15:00 - 25/07/2025 06:30:00","BZN|FR","Without Sequence","77.97","",""
"25/07/2025 06:30:00 - 25/07/2025 06:45:00","BZN|FR","Without Sequence","77.97","",""
"25/07/2025 06:45:00 - 25/07/2025 07:00:00","BZN|FR","Without Sequence","77.97","",""
"25/07/2025 07:00:00 - 25/07/2025 07:15:00","BZN|FR","Without Sequence","85.98","",""
"25/07/2025 07:15:00 - 25/07/2025 07:30:00","BZN|FR","Without Sequence","85.98","",""
"25/07/2025 07:30:00 - 25/07/2025 07:45:00","BZN|FR","Without Sequence","85.98","",""
"25/07/2025 07:45:00 - 25/07/2025 08:00:00","BZN|FR","Without Sequence","85.98","",""
"25/07/2025 08:00:00 - 25/07/2025 08:15:00","BZN|FR","Without Sequence","98.35","",""
"25/07/2025 08:15:00 - 25/07/2025 08:30:00","BZN|FR","Without Sequence","98.35","",""
"25/07/2025 08:30:00 - 25/07/2025 08:45:00","BZN|FR","Without Sequence","98.35","",""
"25/07/2025 08:45:00 - 25/07/2025 09:00:00","BZN|FR","Without Sequence","98.35","",""
"25/07/2025 09:00:00 - 25/07/2025 09:15:00","BZN|FR","Without Sequence","86.44","",""
"25/07/2025 09:15:00 - 25/07/2025 09:30:00","BZN|FR","Without Sequence","86.44","",""
"25/07/2025 09:30:00 - 25/07/2025 09:45:00","BZN|FR","Without Sequence","86.44","",""
"25/07/2025 09:45:00 - 25/07/2025 10:00:00","BZN|FR","Without Sequence","86.44","",""
"25/07/2025 10:00:00 - 25/07/2025 10:15:00","BZN|FR","Without Sequence","62.40","",""
"25/07/2025 10:15:00 - 25/07/2025 10:30:00","BZN|FR","Without Sequence","62.40","",""
"25/07/2025 10:30:00 - 25/07/2025 10:45:00","BZN|FR","Without Sequence","62.40","",""
"25/07/2025 10:45:00 - 25/07/2025 11:00:00","BZN|FR","Without Sequence","62.40","",""
"25/07/2025 11:00:00 - 25/07/2025 11:15:00","BZN|FR","Without Sequence","65.74","",""
"25/07/2025 11:15:00 - 25/07/2025 11:30:00","BZN|FR","Without Sequence","65.74","",""
"25/07/2025 11:30:00 - 25/07/2025 11:45:00","BZN|FR","Without Sequence","65.74","",""
"25/07/2025 11:45:00 - 25/07/2025 12:00:00","BZN|FR","Without Sequence","65.74","",""
"25/07/2025 12:00:00 - 25/07/2025 12:15:00","BZN|FR","Without Sequence","59.01","",""
"25/07/2025 12:15:00 - 25/07/2025 12:30:00","BZN|FR","Without Sequence","59.01","",""
"25/07/2025 12:30:00 - 25/07/2025 12:45:00","BZN|FR","Without Sequence","59.01","",""
"25/07/2025 12:45:00 - 25/07/2025 13:00:00","BZN|FR","Without Sequence","59.01","",""
"25/07/2025 13:00:00 - 25/07/2025 13:15:00","BZN|FR","Without Sequence","35.04","",""
"25/07/2025 13:15:00 - 25/07/2025 13:30:00","BZN|FR","Without Sequence","35.04","",""
"25/07/2025 13:30:00 - 25/07/2025 13:45:00","BZN|FR","Without Sequence","35.04","",""
"25/07/2025 13:45:00 - 25/07/2025 14:00:00","BZN|FR","Without Sequence","35.04","",""
"25/07/2025 14:00:00 - 25/07/2025 14:15:00","BZN|FR","Without Sequence","16.20","",""
"25/07/2025 14:15:00 - 25/07/2025 14:30:00","BZN|FR","Without Sequence","16.20","",""
"25/07/2025 14:30:00 - 25/07/2025 14:45:00","BZN|FR","Without Sequence","16.20","",""
"25/07/2025 14:45:00 - 25/07/2025 15:00:00","BZN|FR","Without Sequence","16.20","",""
"25/07/2025 15:00:00 - 25/07/2025 15:15:00","BZN|FR","Without Sequence","40.81","",""
"25/07/2025 15:15:00 - 25/07/2025 15:30:00","BZN|FR","Without Sequence","40.81","",""
"25/07/2025 15:30:00 - 25/07/2025 15:45:00","BZN|FR","Without Sequence","40.81","",""
"25/07/2025 15:45:00 - 25/07/2025 16:00:00","BZN|FR","Without Sequence","40.81","",""
"25/07/2025 16:00:00 - 25/07/2025 16:15:00","BZN|FR","Without Sequence","46.49","",""
"25/07/2025 16:15:00 - 25/07/2025 16:30:00","BZN|FR","Without Sequence","46.49","",""
"25/07/2025 16:30:00 - 25/07/2025 16:45:00","BZN|FR","Without Sequence","46.49","",""
"25/07/2025 16:45:00 - 25/07/2025 17:00:00","BZN|FR","Without Sequence","46.49","",""
"25/07/2025 17:00:00 - 25/07/2025 17:15:00","BZN|FR","Without Sequence","58.52","",""
"25/07/2025 17:15:00 - 25/07/2025 17:30:00","BZN|FR","Without Sequence","58.52","",""
"25/07/2025 17:30:00 - 25/07/2025 17:45:00","BZN|FR","Without Sequence","58.52","",""
"25/07/2025 17:45:00 - 25/07/2025 18:00:00","BZN|FR","Without Sequence","58.52","",""
"25/07/2025 18:00:00 - 25/07/2025 18:15:00","BZN|FR","Without Sequence","63.23","",""
"25/07/2025 18:15:00 - 25/07/2025 18:30:00","BZN|FR","Without Sequence","63.23","",""
"25/07/2025 18:30:00 - 25/07/2025 18:45:00","BZN|FR","Without Sequence","63.23","",""
"25/07/2025 18:45:00 - 25/07/2025 19:00:00","BZN|FR","Without Sequence","63.23","",""
"25/07/2025 19:00:00 - 25/07/2025 19:15:00","BZN|FR","Without Sequence","94.90","",""
"25/07/2025 19:15:00 - 25/07/2025 19:30:00","BZN|FR","Without Sequence","94.90","",""
"25/07/2025 19:30:00 - 25/07/2025 19:45:00","BZN|FR","Without Sequence","94.90","",""
"25/07/2025 19:45:00 - 25/07/2025 20:00:00","BZN|FR","Without Sequence","94.90","",""
"25/07/2025 20:00:00 - 25/07/2025 20:15:00","BZN|FR","Without Sequence","85.00","",""
"25/07/2025 20:15:00 - 25/07/2025 20:30:00","BZN|FR","Without Sequence","85.00","",""
"25/07/2025 20:30:00 - 25/07/2025 20:45:00","BZN|FR","Without Sequence","85.00","",""
"25/07/2025 20:45:00 - 25/07/2025 21:00:00","BZN|FR","Without Sequence","85.00","",""
"25/07/2025 21:00:00 - 25/07/2025 21:15:00","BZN|FR","Without Sequence","104.72","",""
"25/07/2025 21:15:00 - 25/07/2025 21:30:00","BZN|FR","Without Sequence","104.72","",""
"25/07/2025 21:30:00 - 25/07/2025 21:45:00","BZN|FR","Without Sequence","104.72","",""
"25/07/2025 21:45:00 - 25/07/2025 22:00:00","BZN|FR","Without Sequence","104.72","",""
"25/07/2025 22:00:00 - 25/07/2025 22:15:00","BZN|FR","Without Sequence","105.00","",""
"25/07/2025 22:15:00 - 25/07/2025 22:30:00","BZN|FR","Without Sequence","105.00","",""
"25/07/2025 22:30:00 - 25/07/2025 22:45:00","BZN|FR","Without Sequence","105.00","",""
"25/07/2025 22:45:00 - 25/07/2025 23:00:00","BZN|FR","Without Sequence","105.00","",""
"25/07/2025 23:00:00 - 25/07/2025 23:15:00","BZN|FR","Without Sequence","81.96","",""
"25/07/2025 23:15:00 - 25/07/2025 23:30:00","BZN|FR","Without Sequence","81.96","",""
"25/07/2025 23:30:00 - 25/07/2025 23:45:00","BZN|FR","Without Sequence","81.96","",""
"25/07/2025 23:45:00 - 26/07/2025 00:00:00","BZN|FR","Without Sequence","81.96","",""
"26/07/2025 00:00:00 - 26/07/2025 00:15:00","BZN|FR","Without Sequence","96.27","",""
"26/07/2025 00:15:00 - 26/07/2025 00:30:00","BZN|FR","Without Sequence","96.27","",""
"26/07/2025 00:30:00 - 26/07/2025 00:45:00","BZN|FR","Without Sequence","96.27","",""
"26/07/2025 00:45:00 - 26/07/2025 01:00:00","BZN|FR","Without Sequence","96.27","",""
"26/07/2025 01:00:00 - 26/07/2025 01:15:00","BZN|FR","Without Sequence","77.16","",""
"26/07/2025 01:15:00 - 26/07/2025 01:30:00","BZN|FR","Without Sequence","77.16","",""
"26/07/2025 01:30:00 - 26/07/2025 01:45:00","BZN|FR","Without Sequence","77.16","",""
"26/07/2025 01:45:00 - 26/07/2025 02:00:00","BZN|FR","Without Sequence","77.16","",""
"26/07/2025 02:00:00 - 26/07/2025 02:15:00","BZN|FR","Without Sequence","66.28","",""
"26/07/2025 02:15:00 - 26/07/2025 02:30:00","BZN|FR","Without Sequence","66.28","",""
"26/07/2025 02:30:00 - 26/07/2025 02:45:00","BZN|FR","Without Sequence","66.28","",""
"26/07/2025 02:45:00 - 26/07/2025 03:00:00","BZN|FR","Without Sequence","66.28","",""
"26/07/2025 03:00:00 - 26/07/2025 03:15:00","BZN|FR","Without Sequence","56.84","",""
"26/07/2025 03:15:00 - 26/07/2025 03:30:00","BZN|FR","Without Sequence","56.84","",""
"26/07/2025 03:30:00 - 26/07/2025 03:45:00","BZN|FR","Without Sequence","56.84","",""
"26/07/2025 03:45:00 - 26/07/2025 04:00:00","BZN|FR","Without Sequence","56.84","",""
"26/07/2025 04:00:00 - 26/07/2025 04:15:00","BZN|FR","Without Sequence","46.40","",""
"26/07/2025 04:15:00 - 26/07/2025 04:30:00","BZN|FR","Without Sequence","46.40","",""
"26/07/2025 04:30:00 - 26/07/2025 04:45:00","BZN|FR","Without Sequence","46.40","",""
"26/07/2025 04:45:00 - 26/07/2025 05:00:00","BZN|FR","Without Sequence","46.40","",""
"26/07/2025 05:00:00 - 26/07/2025 05:15:00","BZN|FR","Without Sequence","50.74","",""
"26/07/2025 05:15:00 - 26/07/2025 05:30:00","BZN|FR","Without Sequence","50.74","",""
"26/07/2025 05:30:00 - 26/07/2025 05:45:00","BZN|FR","Without Sequence","50.74","",""
"26/07/2025 05:45:00 - 26/07/2025 06:00:00","BZN|FR","Without Sequence","50.74","",""
"26/07/2025 06:00:00 - 26/07/2025 06:15:00","BZN|FR","Without Sequence","57.33","",""
"26/07/2025 06:15:00 - 26/07/2025 06:30:00","BZN|FR","Without Sequence","57.33","",""
"26/07/2025 06:30:00 - 26/07/2025 06:45:00","BZN|FR","Without Sequence","57.33","",""
"26/07/2025 06:45:00 - 26/07/2025 07:00:00","BZN|FR","Without Sequence","57.33","",""
"26/07/2025 07:00:00 - 26/07/2025 07:15:00","BZN|FR","Without Sequence","55.01","",""
"26/07/2025 07:15:00 - 26/07/2025 07:30:00","BZN|FR","Without Sequence","55.01","",""
"26/07/2025 07:30:00 - 26/07/2025 07:45:00","BZN|FR","Without Sequence","55.01","",""
"26/07/2025 07:45:00 - 26/07/2025 08:00:00","BZN|FR","Without Sequence","55.01","",""
"26/07/2025 08:00:00 - 26/07/2025 08:15:00","BZN|FR","Without Sequence","41.05","",""
"26/07/2025 08:15:00 - 26/07/2025 08:30:00","BZN|FR","Without Sequence","41.05","",""
"26/07/2025 08:30:00 - 26/07/2025 08:45:00","BZN|FR","Without Sequence","41.05","",""
"26/07/2025 08:45:00 - 26/07/2025 09:00:00","BZN|FR","Without Sequence","41.05","",""
"26/07/2025 09:00:00 - 26/07/2025 09:15:00","BZN|FR","Without Sequence","33.20","",""
"26/07/2025 09:15:00 - 26/07/2025 09:30:00","BZN|FR","Without Sequence","33.20","",""
"26/07/2025 09:30:00 - 26/07/2025 09:45:00","BZN|FR","Without Sequence","33.20","",""
"26/07/2025 09:45:00 - 26/07/2025 10:00:00","BZN|FR","Without Sequence","33.20","",""
"26/07/2025 10:00:00 - 26/07/2025 10:15:00","BZN|FR","Without Sequence","17.69","",""
"26/07/2025 10:15:00 - 26/07/2025 10:30:00","BZN|FR","Without Sequence","17.69","",""
"26/07/2025 10:30:00 - 26/07/2025 10:45:00","BZN|FR","Without Sequence","17.69","",""
"26/07/2025 10:45:00 - 26/07/2025 11:00:00","BZN|FR","Without Sequence","17.69","",""
"26/07/2025 11:00:00 - 26/07/2025 11:15:00","BZN|FR","Without Sequence","13.78","",""
"26/07/2025 11:15:00 - 26/07/2025 11:30:00","BZN|FR","Without Sequence","13.78","",""
"26/07/2025 11:30:00 - 26/07/2025 11:45:00","BZN|FR","Without Sequence","13.78","",""
"26/07/2025 11:45:00 - 26/07/2025 12:00:00","BZN|FR","Without Sequence","13.78","",""
"26/07/2025 12:00:00 - 26/07/2025 12:15:00","BZN|FR","Without Sequence","18.00","",""
"26/07/2025 12:15:00 - 26/07/2025 12:30:00","BZN|FR","Without Sequence","18.00","",""
"26/07/2025 12:30:00 - 26/07/2025 12:45:00","BZN|FR","Without Sequence","18.00","",""
"26/07/2025 12:45:00 - 26/07/2025 13:00:00","BZN|FR","Without Sequence","18.00","",""
"26/07/2025 13:00:00 - 26/07/2025 13:15:00","BZN|FR","Without Sequence","14.58","",""
"26/07/2025 13:15:00 - 26/07/2025 13:30:00","BZN|FR","Without Sequence","14.58","",""
"26/07/2025 13:30:00 - 26/07/2025 13:45:00","BZN|FR","Without Sequence","14.58","",""
"26/07/2025 13:45:00 - 26/07/2025 14:00:00","BZN|FR","Without Sequence","14.58","",""
"26/07/2025 14:00:00 - 26/07/2025 14:15:00","BZN|FR","Without Sequence","8.67","",""
"26/07/2025 14:15:00 - 26/07/2025 14:30:00","BZN|FR","Without Sequence","8.67","",""
"26/07/2025 14:30:00 - 26/07/2025 14:45:00","BZN|FR","Without Sequence","8.67","",""
"26/07/2025 14:45:00 - 26/07/2025 15:00:00","BZN|FR","Without Sequence","8.67","",""
"26/07/2025 15:00:00 - 26/07/2025 15:15:00","BZN|FR","Without Sequence","8.15","",""
"26/07/2025 15:15:00 - 26/07/2025 15:30:00","BZN|FR","Without Sequence","8.15","",""
"26/07/2025 15:30:00 - 26/07/2025 15:45:00","BZN|FR","Without Sequence","8.15","",""
"26/07/2025 15:45:00 - 26/07/2025 16:00:00","BZN|FR","Without Sequence","8.15","",""
"26/07/2025 16:00:00 - 26/07/2025 16:15:00","BZN|FR","Without Sequence","5.98","",""
"26/07/2025 16:15:00 - 26/07/2025 16:30:00","BZN|FR","Without Sequence","5.98","",""
"26/07/2025 16:30:00 - 26/07/2025 16:45:00","BZN|FR","Without Sequence","5.98","",""
"26/07/2025 16:45:00 - 26/07/2025 17:00:00","BZN|FR","Without Sequence","5.98","",""
"26/07/2025 17:00:00 - 26/07/2025 17:15:00","BZN|FR","Without Sequence","17.30","",""
"26/07/2025 17:15:00 - 26/07/2025 17:30:00","BZN|FR","Without Sequence","17.30","",""
"26/07/2025 17:30:00 - 26/07/2025 17:45:00","BZN|FR","Without Sequence","17.30","",""
"26/07/2025 17:45:00 - 26/07/2025 18:00:00","BZN|FR","Without Sequence","17.30","",""
"26/07/2025 18:00:00 - 26/07/2025 18:15:00","BZN|FR","Without Sequence","27.13","",""
"26/07/2025 18:15:00 - 26/07/2025 18:30:00","BZN|FR","Without Sequence","27.13","",""
"26/07/2025 18:30:00 - 26/07/2025 18:45:00","BZN|FR","Without Sequence","27.13","",""
"26/07/2025 18:45:00 - 26/07/2025 19:00:00","BZN|FR","Without Sequence","27.13","",""
"26/07/2025 19:00:00 - 26/07/2025 19:15:00","BZN|FR","Without Sequence","49.33","",""
"26/07/2025 19:15:00 - 26/07/2025 19:30:00","BZN|FR","Without Sequence","49.33","",""
"26/07/2025 19:30:00 - 26/07/2025 19:45:00","BZN|FR","Without Sequence","49.33","",""
"26/07/2025 19:45:00 - 26/07/2025 20:00:00","BZN|FR","Without Sequence","49.33","",""
"26/07/2025 20:00:00 - 26/07/2025 20:15:00","BZN|FR","Without Sequence","65.29","",""
"26/07/2025 20:15:00 - 26/07/2025 20:30:00","BZN|FR","Without Sequence","65.29","",""
"26/07/2025 20:30:00 - 26/07/2025 20:45:00","BZN|FR","Without Sequence","65.29","",""
"26/07/2025 20:45:00 - 26/07/2025 21:00:00","BZN|FR","Without Sequence","65.29","",""
"26/07/2025 21:00:00 - 26/07/2025 21:15:00","BZN|FR","Without Sequence","92.57","",""
"26/07/2025 21:15:00 - 26/07/2025 21:30:00","BZN|FR","Without Sequence","92.57","",""
"26/07/2025 21:30:00 - 26/07/2025 21:45:00","BZN|FR","Without Sequence","92.57","",""
"26/07/2025 21:45:00 - 26/07/2025 22:00:00","BZN|FR","Without Sequence","92.57","",""
"26/07/2025 22:00:00 - 26/07/2025 22:15:00","BZN|FR","Without Sequence","100.00","",""
"26/07/2025 22:15:00 - 26/07/2025 22:30:00","BZN|FR","Without Sequence","100.00","",""
"26/07/2025 22:30:00 - 26/07/2025 22:45:00","BZN|FR","Without Sequence","100.00","",""
"26/07/2025 22:45:00 - 26/07/2025 23:00:00","BZN|FR","Without Sequence","100.00","",""
"26/07/2025 23:00:00 - 26/07/2025 23:15:00","BZN|FR","Without Sequence","90.66","",""
"26/07/2025 23:15:00 - 26/07/2025 23:30:00","BZN|FR","Without Sequence","90.66","",""
"26/07/2025 23:30:00 - 26/07/2025 23:45:00","BZN|FR","Without Sequence","90.66","",""
"26/07/2025 23:45:00 - 27/07/2025 00:00:00","BZN|FR","Without Sequence","90.66","",""
"27/07/2025 00:00:00 - 27/07/2025 00:15:00","BZN|FR","Without Sequence","60.50","",""
"27/07/2025 00:15:00 - 27/07/2025 00:30:00","BZN|FR","Without Sequence","60.50","",""
"27/07/2025 00:30:00 - 27/07/2025 00:45:00","BZN|FR","Without Sequence","60.50","",""
"27/07/2025 00:45:00 - 27/07/2025 01:00:00","BZN|FR","Without Sequence","60.50","",""
"27/07/2025 01:00:00 - 27/07/2025 01:15:00","BZN|FR","Without Sequence","49.86","",""
"27/07/2025 01:15:00 - 27/07/2025 01:30:00","BZN|FR","Without Sequence","49.86","",""
"27/07/2025 01:30:00 - 27/07/2025 01:45:00","BZN|FR","Without Sequence","49.86","",""
"27/07/2025 01:45:00 - 27/07/2025 02:00:00","BZN|FR","Without Sequence","49.86","",""
"27/07/2025 02:00:00 - 27/07/2025 02:15:00","BZN|FR","Without Sequence","48.90","",""
"27/07/2025 02:15:00 - 27/07/2025 02:30:00","BZN|FR","Without Sequence","48.90","",""
"27/07/2025 02:30:00 - 27/07/2025 02:45:00","BZN|FR","Without Sequence","48.90","",""
"27/07/2025 02:45:00 - 27/07/2025 03:00:00","BZN|FR","Without Sequence","48.90","",""
"27/07/2025 03:00:00 - 27/07/2025 03:15:00","BZN|FR","Without Sequence","32.09","",""
"27/07/2025 03:15:00 - 27/07/2025 03:30:00","BZN|FR","Without Sequence","32.09","",""
"27/07/2025 03:30:00 - 27/07/2025 03:45:00","BZN|FR","Without Sequence","32.09","",""
"27/07/2025 03:45:00 - 27/07/2025 04:00:00","BZN|FR","Without Sequence","32.09","",""
"27/07/2025 04:00:00 - 27/07/2025 04:15:00","BZN|FR","Without Sequence","37.92","",""
"27/07/2025 04:15:00 - 27/07/2025 04:30:00","BZN|FR","Without Sequence","37.92","",""
"27/07/2025 04:30:00 - 27/07/2025 04:45:00","BZN|FR","Without Sequence","37.92","",""
"27/07/2025 04:45:00 - 27/07/2025 05:00:00","BZN|FR","Without Sequence","37.92","",""
"27/07/2025 05:00:00 - 27/07/2025 05:15:00","BZN|FR","Without Sequence","40.01","",""
"27/07/2025 05:15:00 - 27/07/2025 05:30:00","BZN|FR","Without Sequence","40.01","",""
"27/07/2025 05:30:00 - 27/07/2025 05:45:00","BZN|FR","Without Sequence","40.01","",""
"27/07/2025 05:45:00 - 27/07/2025 06:00:00","BZN|FR","Without Sequence","40.01","",""
"27/07/2025 06:00:00 - 27/07/2025 06:15:00","BZN|FR","Without Sequence","40.16","",""
"27/07/2025 06:15:00 - 27/07/2025 06:30:00","BZN|FR","Without Sequence","40.16","",""
"27/07/2025 06:30:00 - 27/07/2025 06:45:00","BZN|FR","Without Sequence","40.16","",""
"27/07/2025 06:45:00 - 27/07/2025 07:00:00","BZN|FR","Without Sequence","40.16","",""
"27/07/2025 07:00:00 - 27/07/2025 07:15:00","BZN|FR","Without Sequence","50.00","",""
"27/07/2025 07:15:00 - 27/07/2025 07:30:00","BZN|FR","Without Sequence","50.00","",""
"27/07/2025 07:30:00 - 27/07/2025 07:45:00","BZN|FR","Without Sequence","50.00","",""
"27/07/2025 07:45:00 - 27/07/2025 08:00:00","BZN|FR","Without Sequence","50.00","",""
"27/07/2025 08:00:00 - 27/07/2025 08:15:00","BZN|FR","Without Sequence","32.34","",""
"27/07/2025 08:15:00 - 27/07/2025 08:30:00","BZN|FR","Without Sequence","32.34","",""
"27/07/2025 08:30:00 - 27/07/2025 08:45:00","BZN|FR","Without Sequence","32.34","",""
"27/07/2025 08:45:00 - 27/07/2025 09:00:00","BZN|FR","Without Sequence","32.34","",""
"27/07/2025 09:00:00 - 27/07/2025 09:15:00","BZN|FR","Without Sequence","23.69","",""
"27/07/2025 09:15:00 - 27/07/2025 09:30:00","BZN|FR","Without Sequence","23.69","",""
"27/07/2025 09:30:00 - 27/07/2025 09:45:00","BZN|FR","Without Sequence","23.69","",""
"27/07/2025 09:45:00 - 27/07/2025 10:00:00","BZN|FR","Without Sequence","23.69","",""
"27/07/2025 10:00:00 - 27/07/2025 10:15:00","BZN|FR","Without Sequence","14.77","",""
"27/07/2025 10:15:00 - 27/07/2025 10:30:00","BZN|FR","Without Sequence","14.77","",""
"27/07/2025 10:30:00 - 27/07/2025 10:45:00","BZN|FR","Without Sequence","14.77","",""
"27/07/2025 10:45:00 - 27/07/2025 11:00:00","BZN|FR","Without Sequence","14.77","",""
"27/07/2025 11:00:00 - 27/07/2025 11:15:00","BZN|FR","Without Sequence","33.17","",""
"27/07/2025 11:15:00 - 27/07/2025 11:30:00","BZN|FR","Without Sequence","33.17","",""
"27/07/2025 11:30:00 - 27/07/2025 11:45:00","BZN|FR","Without Sequence","33.17","",""
"27/07/2025 11:45:00 - 27/07/2025 12:00:00","BZN|FR","Without Sequence","33.17","",""
"27/07/2025 12:00:00 - 27/07/2025 12:15:00","BZN|FR","Without Sequence","31.66","",""
"27/07/2025 12:15:00 - 27/07/2025 12:30:00","BZN|FR","Without Sequence","31.66","",""
"27/07/2025 12:30:00 - 27/07/2025 12:45:00","BZN|FR","Without Sequence","31.66","",""
"27/07/2025 12:45:00 - 27/07/2025 13:00:00","BZN|FR","Without Sequence","31.66","",""
"27/07/2025 13:00:00 - 27/07/2025 13:15:00","BZN|FR","Without Sequence","15.04","",""
"27/07/2025 13:15:00 - 27/07/2025 13:30:00","BZN|FR","Without Sequence","15.04","",""
"27/07/2025 13:30:00 - 27/07/2025 13:45:00","BZN|FR","Without Sequence","15.04","",""
"27/07/2025 13:45:00 - 27/07/2025 14:00:00","BZN|FR","Without Sequence","15.04","",""
"27/07/2025 14:00:00 - 27/07/2025 14:15:00","BZN|FR","Without Sequence","8.85","",""
"27/07/2025 14:15:00 - 27/07/2025 14:30:00","BZN|FR","Without Sequence","8.85","",""
"27/07/2025 14:30:00 - 27/07/2025 14:45:00","BZN|FR","Without Sequence","8.85","",""
"27/07/2025 14:45:00 - 27/07/2025 15:00:00","BZN|FR","Without Sequence","8.85","",""
"27/07/2025 15:00:00 - 27/07/2025 15:15:00","BZN|FR","Without Sequence","12.93","",""
"27/07/2025 15:15:00 - 27/07/2025 15:30:00","BZN|FR","Without Sequence","12.93","",""
"27/07/2025 15:30:00 - 27/07/2025 15:45:00","BZN|FR","Without Sequence","12.93","",""
"27/07/2025 15:45:00 - 27/07/2025 16:00:00","BZN|FR","Without Sequence","12.93","",""
"27/07/2025 16:00:00 - 27/07/2025 16:15:00","BZN|FR","Without Sequence","16.14","",""
"27/07/2025 16:15:00 - 27/07/2025 16:30:00","BZN|FR","Without Sequence","16.14","",""
"27/07/2025 16:30:00 - 27/07/2025 16:45:00","BZN|FR","Without Sequence","16.14","",""
"27/07/2025 16:45:00 - 27/07/2025 17:00:00","BZN|FR","Without Sequence","16.14","",""
"27/07/2025 17:00:00 - 27/07/2025 17:15:00","BZN|FR","Without Sequence","24.00","",""
"27/07/2025 17:15:00 - 27/07/2025 17:30:00","BZN|FR","Without Sequence","24.00","",""
"27/07/2025 17:30:00 - 27/07/2025 17:45:00","BZN|FR","Without Sequence","24.00","",""
"27/07/2025 17:45:00 - 27/07/2025 18:00:00","BZN|FR","Without Sequence","24.00","",""
"27/07/2025 18:00:00 - 27/07/2025 18:15:00","BZN|FR","Without Sequence","23.30","",""
"27/07/2025 18:15:00 - 27/07/2025 18:30:00","BZN|FR","Without Sequence","23.30","",""
"27/07/2025 18:30:00 - 27/07/2025 18:45:00","BZN|FR","Without Sequence","23.30","",""
"27/07/2025 18:45:00 - 27/07/2025 19:00:00","BZN|FR","Without Sequence","23.30","",""
"27/07/2025 19:00:00 - 27/07/2025 19:15:00","BZN|FR","Without Sequence","35.32","",""
"27/07/2025 19:15:00 - 27/07/2025 19:30:00","BZN|FR","Without Sequence","35.32","",""
"27/07/2025 19:30:00 - 27/07/2025 19:45:00","BZN|FR","Without Sequence","35.32","",""
"27/07/2025 19:45:00 - 27/07/2025 20:00:00","BZN|FR","Without Sequence","35.32","",""
"27/07/2025 20:00:00 - 27/07/2025 20:15:00","BZN|FR","Without Sequence","40.00","",""
"27/07/2025 20:15:00 - 27/07/2025 20:30:00","BZN|FR","Without Sequence","40.00","",""
"27/07/2025 20:30:00 - 27/07/2025 20:45:00","BZN|FR","Without Sequence","40.00","",""
"27/07/2025 20:45:00 - 27/07/2025 21:00:00","BZN|FR","Without Sequence","40.00","",""
"27/07/2025 21:00:00 - 27/07/2025 21:15:00","BZN|FR","Without Sequence","62.67","",""
"27/07/2025 21:15:00 - 27/07/2025 21:30:00","BZN|FR","Without Sequence","62.67","",""
"27/07/2025 21:30:00 - 27/07/2025 21:45:00","BZN|FR","Without Sequence","62.67","",""
"27/07/2025 21:45:00 - 27/07/2025 22:00:00","BZN|FR","Without Sequence","62.67","",""
"27/07/2025 22:00:00 - 27/07/2025 22:15:00","BZN|FR","Without Sequence","88.64","",""
"27/07/2025 22:15:00 - 27/07/2025 22:30:00","BZN|FR","Without Sequence","88.64","",""
"27/07/2025 22:30:00 - 27/07/2025 22:45:00","BZN|FR","Without Sequence","88.64","",""
"27/07/2025 22:45:00 - 27/07/2025 23:00:00","BZN|FR","Without Sequence","88.64","",""
"27/07/2025 23:00:00 - 27/07/2025 23:15:00","BZN|FR","Without Sequence","66.95","",""
"27/07/2025 23:15:00 - 27/07/2025 23:30:00","BZN|FR","Without Sequence","66.95","",""
"27/07/2025 23:30:00 - 27/07/2025 23:45:00","BZN|FR","Without Sequence","66.95","",""
"27/07/2025 23:45:00 - 28/07/2025 00:00:00","BZN|FR","Without Sequence","66.95","",""
"28/07/2025 00:00:00 - 28/07/2025 00:15:00","BZN|FR","Without Sequence","62.29","",""
"28/07/2025 00:15:00 - 28/07/2025 00:30:00","BZN|FR","Without Sequence","62.29","",""
"28/07/2025 00:30:00 - 28/07/2025 00:45:00","BZN|FR","Without Sequence","62.29","",""
"28/07/2025 00:45:00 - 28/07/2025 01:00:00","BZN|FR","Without Sequence","62.29","",""
"28/07/2025 01:00:00 - 28/07/2025 01:15:00","BZN|FR","Without Sequence","55.75","",""
"28/07/2025 01:15:00 - 28/07/2025 01:30:00","BZN|FR","Without Sequence","55.75","",""
"28/07/2025 01:30:00 - 28/07/2025 01:45:00","BZN|FR","Without Sequence","55.75","",""
"28/07/2025 01:45:00 - 28/07/2025 02:00:00","BZN|FR","Without Sequence","55.75","",""
"28/07/2025 02:00:00 - 28/07/2025 02:15:00","BZN|FR","Without Sequence","48.95","",""
"28/07/2025 02:15:00 - 28/07/2025 02:30:00","BZN|FR","Without Sequence","48.95","",""
"28/07/2025 02:30:00 - 28/07/2025 02:45:00","BZN|FR","Without Sequence","48.95","",""
"28/07/2025 02:45:00 - 28/07/2025 03:00:00","BZN|FR","Without Sequence","48.95","",""
"28/07/2025 03:00:00 - 28/07/2025 03:15:00","BZN|FR","Without Sequence","19.96","",""
"28/07/2025 03:15:00 - 28/07/2025 03:30:00","BZN|FR","Without Sequence","19.96","",""
"28/07/2025 03:30:00 - 28/07/2025 03:45:00","BZN|FR","Without Sequence","19.96","",""
"28/07/2025 03:45:00 - 28/07/2025 04:00:00","BZN|FR","Without Sequence","19.96","",""
"28/07/2025 04:00:00 - 28/07/2025 04:15:00","BZN|FR","Without Sequence","38.00","",""
"28/07/2025 04:15:00 - 28/07/2025 04:30:00","BZN|FR","Without Sequence","38.00","",""
"28/07/2025 04:30:00 - 28/07/2025 04:45:00","BZN|FR","Without Sequence","38.00","",""
"28/07/2025 04:45:00 - 28/07/2025 05:00:00","BZN|FR","Without Sequence","38.00","",""
"28/07/2025 05:00:00 - 28/07/2025 05:15:00","BZN|FR","Without Sequence","45.07","",""
"28/07/2025 05:15:00 - 28/07/2025 05:30:00","BZN|FR","Without Sequence","45.07","",""
"28/07/2025 05:30:00 - 28/07/2025 05:45:00","BZN|FR","Without Sequence","45.07","",""
"28/07/2025 05:45:00 - 28/07/2025 06:00:00","BZN|FR","Without Sequence","45.07","",""
"28/07/2025 06:00:00 - 28/07/2025 06:15:00","BZN|FR","Without Sequence","50.00","",""
"28/07/2025 06:15:00 - 28/07/2025 06:30:00","BZN|FR","Without Sequence","50.00","",""
"28/07/2025 06:30:00 - 28/07/2025 06:45:00","BZN|FR","Without Sequence","50.00","",""
"28/07/2025 06:45:00 - 28/07/2025 07:00:00","BZN|FR","Without Sequence","50.00","",""
"28/07/2025 07:00:00 - 28/07/2025 07:15:00","BZN|FR","Without Sequence","56.23","",""
"28/07/2025 07:15:00 - 28/07/2025 07:30:00","BZN|FR","Without Sequence","56.23","",""
"28/07/2025 07:30:00 - 28/07/2025 07:45:00","BZN|FR","Without Sequence","56.23","",""
"28/07/2025 07:45:00 - 28/07/2025 08:00:00","BZN|FR","Without Sequence","56.23","",""
"28/07/2025 08:00:00 - 28/07/2025 08:15:00","BZN|FR","Without Sequence","63.71","",""
"28/07/2025 08:15:00 - 28/07/2025 08:30:00","BZN|FR","Without Sequence","63.71","",""
"28/07/2025 08:30:00 - 28/07/2025 08:45:00","BZN|FR","Without Sequence","63.71","",""
"28/07/2025 08:45:00 - 28/07/2025 09:00:00","BZN|FR","Without Sequence","63.71","",""
"28/07/2025 09:00:00 - 28/07/2025 09:15:00","BZN|FR","Without Sequence","30.00","",""
"28/07/2025 09:15:00 - 28/07/2025 09:30:00","BZN|FR","Without Sequence","30.00","",""
"28/07/2025 09:30:00 - 28/07/2025 09:45:00","BZN|FR","Without Sequence","30.00","",""
"28/07/2025 09:45:00 - 28/07/2025 10:00:00","BZN|FR","Without Sequence","30.00","",""
"28/07/2025 10:00:00 - 28/07/2025 10:15:00","BZN|FR","Without Sequence","20.59","",""
"28/07/2025 10:15:00 - 28/07/2025 10:30:00","BZN|FR","Without Sequence","20.59","",""
"28/07/2025 10:30:00 - 28/07/2025 10:45:00","BZN|FR","Without Sequence","20.59","",""
"28/07/2025 10:45:00 - 28/07/2025 11:00:00","BZN|FR","Without Sequence","20.59","",""
"28/07/2025 11:00:00 - 28/07/2025 11:15:00","BZN|FR","Without Sequence","22.49","",""
"28/07/2025 11:15:00 - 28/07/2025 11:30:00","BZN|FR","Without Sequence","22.49","",""
"28/07/2025 11:30:00 - 28/07/2025 11:45:00","BZN|FR","Without Sequence","22.49","",""
"28/07/2025 11:45:00 - 28/07/2025 12:00:00","BZN|FR","Without Sequence","22.49","",""
"28/07/2025 12:00:00 - 28/07/2025 12:15:00","BZN|FR","Without Sequence","21.87","",""
"28/07/2025 12:15:00 - 28/07/2025 12:30:00","BZN|FR","Without Sequence","21.87","",""
"28/07/2025 12:30:00 - 28/07/2025 12:45:00","BZN|FR","Without Sequence","21.87","",""
"28/07/2025 12:45:00 - 28/07/2025 13:00:00","BZN|FR","Without Sequence","21.87","",""
"28/07/2025 13:00:00 - 28/07/2025 13:15:00","BZN|FR","Without Sequence","20.22","",""
"28/07/2025 13:15:00 - 28/07/2025 13:30:00","BZN|FR","Without Sequence","20.22","",""
"28/07/2025 13:30:00 - 28/07/2025 13:45:00","BZN|FR","Without Sequence","20.22","",""
"28/07/2025 13:45:00 - 28/07/2025 14:00:00","BZN|FR","Without Sequence","20.22","",""
"28/07/2025 14:00:00 - 28/07/2025 14:15:00","BZN|FR","Without Sequence","11.17","",""
"28/07/2025 14:15:00 - 28/07/2025 14:30:00","BZN|FR","Without Sequence","11.17","",""
"28/07/2025 14:30:00 - 28/07/2025 14:45:00","BZN|FR","Without Sequence","11.17","",""
"28/07/2025 14:45:00 - 28/07/2025 15:00:00","BZN|FR","Without Sequence","11.17","",""
"28/07/2025 15:00:00 - 28/07/2025 15:15:00","BZN|FR","Without Sequence","10.87","",""
"28/07/2025 15:15:00 - 28/07/2025 15:30:00","BZN|FR","Without Sequence","10.87","",""
"28/07/2025 15:30:00 - 28/07/2025 15:45:00","BZN|FR","Without Sequence","10.87","",""
"28/07/2025 15:45:00 - 28/07/2025 16:00:00","BZN|FR","Without Sequence","10.87","",""
"28/07/2025 16:00:00 - 28/07/2025 16:15:00","BZN|FR","Without Sequence","14.35","",""
"28/07/2025 16:15:00 - 28/07/2025 16:30:00","BZN|FR","Without Sequence","14.35","",""
"28/07/2025 16:30:00 - 28/07/2025 16:45:00","BZN|FR","Without Sequence","14.35","",""
"28/07/2025 16:45:00 - 28/07/2025 17:00:00","BZN|FR","Without Sequence","14.35","",""
"28/07/2025 17:00:00 - 28/07/2025 17:15:00","BZN|FR","Without Sequence","22.97","",""
"28/07/2025 17:15:00 - 28/07/2025 17:30:00","BZN|FR","Without Sequence","22.97","",""
"28/07/2025 17:30:00 - 28/07/2025 17:45:00","BZN|FR","Without Sequence","22.97","",""
"28/07/2025 17:45:00 - 28/07/2025 18:00:00","BZN|FR","Without Sequence","22.97","",""
"28/07/2025 18:00:00 - 28/07/2025 18:15:00","BZN|FR","Without Sequence","44.30","",""
"28/07/2025 18:15:00 - 28/07/2025 18:30:00","BZN|FR","Without Sequence","44.30","",""
"28/07/2025 18:30:00 - 28/07/2025 18:45:00","BZN|FR","Without Sequence","44.30","",""
"28/07/2025 18:45:00 - 28/07/2025 19:00:00","BZN|FR","Without Sequence","44.30","",""
"28/07/2025 19:00:00 - 28/07/2025 19:15:00","BZN|FR","Without Sequence","60.11","",""
"28/07/2025 19:15:00 - 28/07/2025 19:30:00","BZN|FR","Without Sequence","60.11","",""
"28/07/2025 19:30:00 - 28/07/2025 19:45:00","BZN|FR","Without Sequence","60.11","",""
"28/07/2025 19:45:00 - 28/07/2025 20:00:00","BZN|FR","Without Sequence","60.11","",""
"28/07/2025 20:00:00 - 28/07/2025 20:15:00","BZN|FR","Without Sequence","60.00","",""
"28/07/2025 20:15:00 - 28/07/2025 20:30:00","BZN|FR","Without Sequence","60.00","",""
"28/07/2025 20:30:00 - 28/07/2025 20:45:00","BZN|FR","Without Sequence","60.00","",""
"28/07/2025 20:45:00 - 28/07/2025 21:00:00","BZN|FR","Without Sequence","60.00","",""
"28/07/2025 21:00:00 - 28/07/2025 21:15:00","BZN|FR","Without Sequence","74.98","",""
"28/07/2025 21:15:00 - 28/07/2025 21:30:00","BZN|FR","Without Sequence","74.98","",""
"28/07/2025 21:30:00 - 28/07/2025 21:45:00","BZN|FR","Without Sequence","74.98","",""
"28/07/2025 21:45:00 - 28/07/2025 22:00:00","BZN|FR","Without Sequence","74.98","",""
"28/07/2025 22:00:00 - 28/07/2025 22:15:00","BZN|FR","Without Sequence","88.54","",""
"28/07/2025 22:15:00 - 28/07/2025 22:30:00","BZN|FR","Without Sequence","88.54","",""
"28/07/2025 22:30:00 - 28/07/2025 22:45:00","BZN|FR","Without Sequence","88.54","",""
"28/07/2025 22:45:00 - 28/07/2025 23:00:00","BZN|FR","Without Sequence","88.54","",""
"28/07/2025 23:00:00 - 28/07/2025 23:15:00","BZN|FR","Without Sequence","63.25","",""
"28/07/2025 23:15:00 - 28/07/2025 23:30:00","BZN|FR","Without Sequence","63.25","",""
"28/07/2025 23:30:00 - 28/07/2025 23:45:00","BZN|FR","Without Sequence","63.25","",""
"28/07/2025 23:45:00 - 29/07/2025 00:00:00","BZN|FR","Without Sequence","63.25","",""
"29/07/2025 00:00:00 - 29/07/2025 00:15:00","BZN|FR","Without Sequence","50.68","",""
"29/07/2025 00:15:00 - 29/07/2025 00:30:00","BZN|FR","Without Sequence","50.68","",""
"29/07/2025 00:30:00 - 29/07/2025 00:45:00","BZN|FR","Without Sequence","50.68","",""
"29/07/2025 00:45:00 - 29/07/2025 01:00:00","BZN|FR","Without Sequence","50.68","",""
"29/07/2025 01:00:00 - 29/07/2025 01:15:00","BZN|FR","Without Sequence","37.97","",""
"29/07/2025 01:15:00 - 29/07/2025 01:30:00","BZN|FR","Without Sequence","37.97","",""
"29/07/2025 01:30:00 - 29/07/2025 01:45:00","BZN|FR","Without Sequence","37.97","",""
"29/07/2025 01:45:00 - 29/07/2025 02:00:00","BZN|FR","Without Sequence","37.97","",""
"29/07/2025 02:00:00 - 29/07/2025 02:15:00","BZN|FR","Without Sequence","34.78","",""
"29/07/2025 02:15:00 - 29/07/2025 02:30:00","BZN|FR","Without Sequence","34.78","",""
"29/07/2025 02:30:00 - 29/07/2025 02:45:00","BZN|FR","Without Sequence","34.78","",""
"29/07/2025 02:45:00 - 29/07/2025 03:00:00","BZN|FR","Without Sequence","34.78","",""
"29/07/2025 03:00:00 - 29/07/2025 03:15:00","BZN|FR","Without Sequence","32.00","",""
"29/07/2025 03:15:00 - 29/07/2025 03:30:00","BZN|FR","Without Sequence","32.00","",""
"29/07/2025 03:30:00 - 29/07/2025 03:45:00","BZN|FR","Without Sequence","32.00","",""
"29/07/2025 03:45:00 - 29/07/2025 04:00:00","BZN|FR","Without Sequence","32.00","",""
"29/07/2025 04:00:00 - 29/07/2025 04:15:00","BZN|FR","Without Sequence","22.98","",""
"29/07/2025 04:15:00 - 29/07/2025 04:30:00","BZN|FR","Without Sequence","22.98","",""
"29/07/2025 04:30:00 - 29/07/2025 04:45:00","BZN|FR","Without Sequence","22.98","",""
"29/07/2025 04:45:00 - 29/07/2025 05:00:00","BZN|FR","Without Sequence","22.98","",""
"29/07/2025 05:00:00 - 29/07/2025 05:15:00","BZN|FR","Without Sequence","34.78","",""
"29/07/2025 05:15:00 - 29/07/2025 05:30:00","BZN|FR","Without Sequence","34.78","",""
"29/07/2025 05:30:00 - 29/07/2025 05:45:00","BZN|FR","Without Sequence","34.78","",""
"29/07/2025 05:45:00 - 29/07/2025 06:00:00","BZN|FR","Without Sequence","34.78","",""
"29/07/2025 06:00:00 - 29/07/2025 06:15:00","BZN|FR","Without Sequence","45.00","",""
"29/07/2025 06:15:00 - 29/07/2025 06:30:00","BZN|FR","Without Sequence","45.00","",""
"29/07/2025 06:30:00 - 29/07/2025 06:45:00","BZN|FR","Without Sequence","45.00","",""
"29/07/2025 06:45:00 - 29/07/2025 07:00:00","BZN|FR","Without Sequence","45.00","",""
"29/07/2025 07:00:00 - 29/07/2025 07:15:00","BZN|FR","Without Sequence","50.00","",""
"29/07/2025 07:15:00 - 29/07/2025 07:30:00","BZN|FR","Without Sequence","50.00","",""
"29/07/2025 07:30:00 - 29/07/2025 07:45:00","BZN|FR","Without Sequence","50.00","",""
"29/07/2025 07:45:00 - 29/07/2025 08:00:00","BZN|FR","Without Sequence","50.00","",""
"29/07/2025 08:00:00 - 29/07/2025 08:15:00","BZN|FR","Without Sequence","49.45","",""
"29/07/2025 08:15:00 - 29/07/2025 08:30:00","BZN|FR","Without Sequence","49.45","",""
"29/07/2025 08:30:00 - 29/07/2025 08:45:00","BZN|FR","Without Sequence","49.45","",""
"29/07/2025 08:45:00 - 29/07/2025 09:00:00","BZN|FR","Without Sequence","49.45","",""
"29/07/2025 09:00:00 - 29/07/2025 09:15:00","BZN|FR","Without Sequence","35.61","",""
"29/07/2025 09:15:00 - 29/07/2025 09:30:00","BZN|FR","Without Sequence","35.61","",""
"29/07/2025 09:30:00 - 29/07/2025 09:45:00","BZN|FR","Without Sequence","35.61","",""
"29/07/2025 09:45:00 - 29/07/2025 10:00:00","BZN|FR","Without Sequence","35.61","",""
"29/07/2025 10:00:00 - 29/07/2025 10:15:00","BZN|FR","Without Sequence","11.73","",""
"29/07/2025 10:15:00 - 29/07/2025 10:30:00","BZN|FR","Without Sequence","11.73","",""
"29/07/2025 10:30:00 - 29/07/2025 10:45:00","BZN|FR","Without Sequence","11.73","",""
"29/07/2025 10:45:00 - 29/07/2025 11:00:00","BZN|FR","Without Sequence","11.73","",""
"29/07/2025 11:00:00 - 29/07/2025 11:15:00","BZN|FR","Without Sequence","25.25","",""
"29/07/2025 11:15:00 - 29/07/2025 11:30:00","BZN|FR","Without Sequence","25.25","",""
"29/07/2025 11:30:00 - 29/07/2025 11:45:00","BZN|FR","Without Sequence","25.25","",""
"29/07/2025 11:45:00 - 29/07/2025 12:00:00","BZN|FR","Without Sequence","25.25","",""
"29/07/2025 12:00:00 - 29/07/2025 12:15:00","BZN|FR","Without Sequence","25.92","",""
"29/07/2025 12:15:00 - 29/07/2025 12:30:00","BZN|FR","Without Sequence","25.92","",""
"29/07/2025 12:30:00 - 29/07/2025 12:45:00","BZN|FR","Without Sequence","25.92","",""
"29/07/2025 12:45:00 - 29/07/2025 13:00:00","BZN|FR","Without Sequence","25.92","",""
"29/07/2025 13:00:00 - 29/07/2025 13:15:00","BZN|FR","Without Sequence","5.34","",""
"29/07/2025 13:15:00 - 29/07/2025 13:30:00","BZN|FR","Without Sequence","5.34","",""
"29/07/2025 13:30:00 - 29/07/2025 13:45:00","BZN|FR","Without Sequence","5.34","",""
"29/07/2025 13:45:00 - 29/07/2025 14:00:00","BZN|FR","Without Sequence","5.34","",""
"29/07/2025 14:00:00 - 29/07/2025 14:15:00","BZN|FR","Without Sequence","3.78","",""
"29/07/2025 14:15:00 - 29/07/2025 14:30:00","BZN|FR","Without Sequence","3.78","",""
"29/07/2025 14:30:00 - 29/07/2025 14:45:00","BZN|FR","Without Sequence","3.78","",""
"29/07/2025 14:45:00 - 29/07/2025 15:00:00","BZN|FR","Without Sequence","3.78","",""
"29/07/2025 15:00:00 - 29/07/2025 15:15:00","BZN|FR","Without Sequence","8.51","",""
"29/07/2025 15:15:00 - 29/07/2025 15:30:00","BZN|FR","Without Sequence","8.51","",""
"29/07/2025 15:30:00 - 29/07/2025 15:45:00","BZN|FR","Without Sequence","8.51","",""
"29/07/2025 15:45:00 - 29/07/2025 16:00:00","BZN|FR","Without Sequence","8.51","",""
"29/07/2025 16:00:00 - 29/07/2025 16:15:00","BZN|FR","Without Sequence","22.87","",""
"29/07/2025 16:15:00 - 29/07/2025 16:30:00","BZN|FR","Without Sequence","22.87","",""
"29/07/2025 16:30:00 - 29/07/2025 16:45:00","BZN|FR","Without Sequence","22.87","",""
"29/07/2025 16:45:00 - 29/07/2025 17:00:00","BZN|FR","Without Sequence","22.87","",""
"29/07/2025 17:00:00 - 29/07/2025 17:15:00","BZN|FR","Without Sequence","51.53","",""
"29/07/2025 17:15:00 - 29/07/2025 17:30:00","BZN|FR","Without Sequence","51.53","",""
"29/07/2025 17:30:00 - 29/07/2025 17:45:00","BZN|FR","Without Sequence","51.53","",""
"29/07/2025 17:45:00 - 29/07/2025 18:00:00","BZN|FR","Without Sequence","51.53","",""
"29/07/2025 18:00:00 - 29/07/2025 18:15:00","BZN|FR","Without Sequence","48.97","",""
"29/07/2025 18:15:00 - 29/07/2025 18:30:00","BZN|FR","Without Sequence","48.97","",""
"29/07/2025 18:30:00 - 29/07/2025 18:45:00","BZN|FR","Without Sequence","48.97","",""
"29/07/2025 18:45:00 - 29/07/2025 19:00:00","BZN|FR","Without Sequence","48.97","",""
"29/07/2025 19:00:00 - 29/07/2025 19:15:00","BZN|FR","Without Sequence","72.14","",""
"29/07/2025 19:15:00 - 29/07/2025 19:30:00","BZN|FR","Without Sequence","72.14","",""
"29/07/2025 19:30:00 - 29/07/2025 19:45:00","BZN|FR","Without Sequence","72.14","",""
"29/07/2025 19:45:00 - 29/07/2025 20:00:00","BZN|FR","Without Sequence","72.14","",""
"29/07/2025 20:00:00 - 29/07/2025 20:15:00","BZN|FR","Without Sequence","57.58","",""
"29/07/2025 20:15:00 - 29/07/2025 20:30:00","BZN|FR","Without Sequence","57.58","",""
"29/07/2025 20:30:00 - 29/07/2025 20:45:00","BZN|FR","Without Sequence","57.58","",""
"29/07/2025 20:45:00 - 29/07/2025 21:00:00","BZN|FR","Without Sequence","57.58","",""
"29/07/2025 21:00:00 - 29/07/2025 21:15:00","BZN|FR","Without Sequence","98.00","",""
"29/07/2025 21:15:00 - 29/07/2025 21:30:00","BZN|FR","Without Sequence","98.00","",""
"29/07/2025 21:30:00 - 29/07/2025 21:45:00","BZN|FR","Without Sequence","98.00","",""
"29/07/2025 21:45:00 - 29/07/2025 22:00:00","BZN|FR","Without Sequence","98.00","",""
"29/07/2025 22:00:00 - 29/07/2025 22:15:00","BZN|FR","Without Sequence","103.27","",""
"29/07/2025 22:15:00 - 29/07/2025 22:30:00","BZN|FR","Without Sequence","103.27","",""
"29/07/2025 22:30:00 - 29/07/2025 22:45:00","BZN|FR","Without Sequence","103.27","",""
"29/07/2025 22:45:00 - 29/07/2025 23:00:00","BZN|FR","Without Sequence","103.27","",""
"29/07/2025 23:00:00 - 29/07/2025 23:15:00","BZN|FR","Without Sequence","84.13","",""
"29/07/2025 23:15:00 - 29/07/2025 23:30:00","BZN|FR","Without Sequence","84.13","",""
"29/07/2025 23:30:00 - 29/07/2025 23:45:00","BZN|FR","Without Sequence","84.13","",""
"29/07/2025 23:45:00 - 30/07/2025 00:00:00","BZN|FR","Without Sequence","84.13","",""
"30/07/2025 00:00:00 - 30/07/2025 00:15:00","BZN|FR","Without Sequence","54.44","",""
"30/07/2025 00:15:00 - 30/07/2025 00:30:00","BZN|FR","Without Sequence","54.44","",""
"30/07/2025 00:30:00 - 30/07/2025 00:45:00","BZN|FR","Without Sequence","54.44","",""
"30/07/2025 00:45:00 - 30/07/2025 01:00:00","BZN|FR","Without Sequence","54.44","",""
"30/07/2025 01:00:00 - 30/07/2025 01:15:00","BZN|FR","Without Sequence","50.92","",""
"30/07/2025 01:15:00 - 30/07/2025 01:30:00","BZN|FR","Without Sequence","50.92","",""
"30/07/2025 01:30:00 - 30/07/2025 01:45:00","BZN|FR","Without Sequence","50.92","",""
"30/07/2025 01:45:00 - 30/07/2025 02:00:00","BZN|FR","Without Sequence","50.92","",""
"30/07/2025 02:00:00 - 30/07/2025 02:15:00","BZN|FR","Without Sequence","43.75","",""
"30/07/2025 02:15:00 - 30/07/2025 02:30:00","BZN|FR","Without Sequence","43.75","",""
"30/07/2025 02:30:00 - 30/07/2025 02:45:00","BZN|FR","Without Sequence","43.75","",""
"30/07/2025 02:45:00 - 30/07/2025 03:00:00","BZN|FR","Without Sequence","43.75","",""
"30/07/2025 03:00:00 - 30/07/2025 03:15:00","BZN|FR","Without Sequence","38.48","",""
"30/07/2025 03:15:00 - 30/07/2025 03:30:00","BZN|FR","Without Sequence","38.48","",""
"30/07/2025 03:30:00 - 30/07/2025 03:45:00","BZN|FR","Without Sequence","38.48","",""
"30/07/2025 03:45:00 - 30/07/2025 04:00:00","BZN|FR","Without Sequence","38.48","",""
"30/07/2025 04:00:00 - 30/07/2025 04:15:00","BZN|FR","Without Sequence","32.55","",""
"30/07/2025 04:15:00 - 30/07/2025 04:30:00","BZN|FR","Without Sequence","32.55","",""
"30/07/2025 04:30:00 - 30/07/2025 04:45:00","BZN|FR","Without Sequence","32.55","",""
"30/07/2025 04:45:00 - 30/07/2025 05:00:00","BZN|FR","Without Sequence","32.55","",""
"30/07/2025 05:00:00 - 30/07/2025 05:15:00","BZN|FR","Without Sequence","38.48","",""
"30/07/2025 05:15:00 - 30/07/2025 05:30:00","BZN|FR","Without Sequence","38.48","",""
"30/07/2025 05:30:00 - 30/07/2025 05:45:00","BZN|FR","Without Sequence","38.48","",""
"30/07/2025 05:45:00 - 30/07/2025 06:00:00","BZN|FR","Without Sequence","38.48","",""
"30/07/2025 06:00:00 - 30/07/2025 06:15:00","BZN|FR","Without Sequence","45.51","",""
"30/07/2025 06:15:00 - 30/07/2025 06:30:00","BZN|FR","Without Sequence","45.51","",""
"30/07/2025 06:30:00 - 30/07/2025 06:45:00","BZN|FR","Without Sequence","45.51","",""
"30/07/2025 06:45:00 - 30/07/2025 07:00:00","BZN|FR","Without Sequence","45.51","",""
"30/07/2025 07:00:00 - 30/07/2025 07:15:00","BZN|FR","Without Sequence","72.96","",""
"30/07/2025 07:15:00 - 30/07/2025 07:30:00","BZN|FR","Without Sequence","72.96","",""
"30/07/2025 07:30:00 - 30/07/2025 07:45:00","BZN|FR","Without Sequence","72.96","",""
"30/07/2025 07:45:00 - 30/07/2025 08:00:00","BZN|FR","Without Sequence","72.96","",""
"30/07/2025 08:00:00 - 30/07/2025 08:15:00","BZN|FR","Without Sequence","57.38","",""
"30/07/2025 08:15:00 - 30/07/2025 08:30:00","BZN|FR","Without Sequence","57.38","",""
"30/07/2025 08:30:00 - 30/07/2025 08:45:00","BZN|FR","Without Sequence","57.38","",""
"30/07/2025 08:45:00 - 30/07/2025 09:00:00","BZN|FR","Without Sequence","57.38","",""
"30/07/2025 09:00:00 - 30/07/2025 09:15:00","BZN|FR","Without Sequence","46.74","",""
"30/07/2025 09:15:00 - 30/07/2025 09:30:00","BZN|FR","Without Sequence","46.74","",""
"30/07/2025 09:30:00 - 30/07/2025 09:45:00","BZN|FR","Without Sequence","46.74","",""
"30/07/2025 09:45:00 - 30/07/2025 10:00:00","BZN|FR","Without Sequence","46.74","",""
"30/07/2025 10:00:00 - 30/07/2025 10:15:00","BZN|FR","Without Sequence","33.59","",""
"30/07/2025 10:15:00 - 30/07/2025 10:30:00","BZN|FR","Without Sequence","33.59","",""
"30/07/2025 10:30:00 - 30/07/2025 10:45:00","BZN|FR","Without Sequence","33.59","",""
"30/07/2025 10:45:00 - 30/07/2025 11:00:00","BZN|FR","Without Sequence","33.59","",""
"30/07/2025 11:00:00 - 30/07/2025 11:15:00","BZN|FR","Without Sequence","39.88","",""
"30/07/2025 11:15:00 - 30/07/2025 11:30:00","BZN|FR","Without Sequence","39.88","",""
"30/07/2025 11:30:00 - 30/07/2025 11:45:00","BZN|FR","Without Sequence","39.88","",""
"30/07/2025 11:45:00 - 30/07/2025 12:00:00","BZN|FR","Without Sequence","39.88","",""
"30/07/2025 12:00:00 - 30/07/2025 12:15:00","BZN|FR","Without Sequence","24.79","",""
"30/07/2025 12:15:00 - 30/07/2025 12:30:00","BZN|FR","Without Sequence","24.79","",""
"30/07/2025 12:30:00 - 30/07/2025 12:45:00","BZN|FR","Without Sequence","24.79","",""
"30/07/2025 12:45:00 - 30/07/2025 13:00:00","BZN|FR","Without Sequence","24.79","",""
"30/07/2025 13:00:00 - 30/07/2025 13:15:00","BZN|FR","Without Sequence","17.69","",""
"30/07/2025 13:15:00 - 30/07/2025 13:30:00","BZN|FR","Without Sequence","17.69","",""
"30/07/2025 13:30:00 - 30/07/2025 13:45:00","BZN|FR","Without Sequence","17.69","",""
"30/07/2025 13:45:00 - 30/07/2025 14:00:00","BZN|FR","Without Sequence","17.69","",""
"30/07/2025 14:00:00 - 30/07/2025 14:15:00","BZN|FR","Without Sequence","10.70","",""
"30/07/2025 14:15:00 - 30/07/2025 14:30:00","BZN|FR","Without Sequence","10.70","",""
"30/07/2025 14:30:00 - 30/07/2025 14:45:00","BZN|FR","Without Sequence","10.70","",""
"30/07/2025 14:45:00 - 30/07/2025 15:00:00","BZN|FR","Without Sequence","10.70","",""
"30/07/2025 15:00:00 - 30/07/2025 15:15:00","BZN|FR","Without Sequence","24.21","",""
"30/07/2025 15:15:00 - 30/07/2025 15:30:00","BZN|FR","Without Sequence","24.21","",""
"30/07/2025 15:30:00 - 30/07/2025 15:45:00","BZN|FR","Without Sequence","24.21","",""
"30/07/2025 15:45:00 - 30/07/2025 16:00:00","BZN|FR","Without Sequence","24.21","",""
"30/07/2025 16:00:00 - 30/07/2025 16:15:00","BZN|FR","Without Sequence","19.89","",""
"30/07/2025 16:15:00 - 30/07/2025 16:30:00","BZN|FR","Without Sequence","19.89","",""
"30/07/2025 16:30:00 - 30/07/2025 16:45:00","BZN|FR","Without Sequence","19.89","",""
"30/07/2025 16:45:00 - 30/07/2025 17:00:00","BZN|FR","Without Sequence","19.89","",""
"30/07/2025 17:00:00 - 30/07/2025 17:15:00","BZN|FR","Without Sequence","31.06","",""
"30/07/2025 17:15:00 - 30/07/2025 17:30:00","BZN|FR","Without Sequence","31.06","",""
"30/07/2025 17:30:00 - 30/07/2025 17:45:00","BZN|FR","Without Sequence","31.06","",""
"30/07/2025 17:45:00 - 30/07/2025 18:00:00","BZN|FR","Without Sequence","31.06","",""
"30/07/2025 18:00:00 - 30/07/2025 18:15:00","BZN|FR","Without Sequence","40.75","",""
"30/07/2025 18:15:00 - 30/07/2025 18:30:00","BZN|FR","Without Sequence","40.75","",""
"30/07/2025 18:30:00 - 30/07/2025 18:45:00","BZN|FR","Without Sequence","40.75","",""
"30/07/2025 18:45:00 - 30/07/2025 19:00:00","BZN|FR","Without Sequence","40.75","",""
"30/07/2025 19:00:00 - 30/07/2025 19:15:00","BZN|FR","Without Sequence","69.55","",""
"30/07/2025 19:15:00 - 30/07/2025 19:30:00","BZN|FR","Without Sequence","69.55","",""
"30/07/2025 19:30:00 - 30/07/2025 19:45:00","BZN|FR","Without Sequence","69.55","",""
"30/07/2025 19:45:00 - 30/07/2025 20:00:00","BZN|FR","Without Sequence","69.55","",""
"30/07/2025 20:00:00 - 30/07/2025 20:15:00","BZN|FR","Without Sequence","77.99","",""
"30/07/2025 20:15:00 - 30/07/2025 20:30:00","BZN|FR","Without Sequence","77.99","",""
"30/07/2025 20:30:00 - 30/07/2025 20:45:00","BZN|FR","Without Sequence","77.99","",""
"30/07/2025 20:45:00 - 30/07/2025 21:00:00","BZN|FR","Without Sequence","77.99","",""
"30/07/2025 21:00:00 - 30/07/2025 21:15:00","BZN|FR","Without Sequence","101.49","",""
"30/07/2025 21:15:00 - 30/07/2025 21:30:00","BZN|FR","Without Sequence","101.49","",""
"30/07/2025 21:30:00 - 30/07/2025 21:45:00","BZN|FR","Without Sequence","101.49","",""
"30/07/2025 21:45:00 - 30/07/2025 22:00:00","BZN|FR","Without Sequence","101.49","",""
"30/07/2025 22:00:00 - 30/07/2025 22:15:00","BZN|FR","Without Sequence","104.36","",""
"30/07/2025 22:15:00 - 30/07/2025 22:30:00","BZN|FR","Without Sequence","104.36","",""
"30/07/2025 22:30:00 - 30/07/2025 22:45:00","BZN|FR","Without Sequence","104.36","",""
"30/07/2025 22:45:00 - 30/07/2025 23:00:00","BZN|FR","Without Sequence","104.36","",""
"30/07/2025 23:00:00 - 30/07/2025 23:15:00","BZN|FR","Without Sequence","92.18","",""
"30/07/2025 23:15:00 - 30/07/2025 23:30:00","BZN|FR","Without Sequence","92.18","",""
"30/07/2025 23:30:00 - 30/07/2025 23:45:00","BZN|FR","Without Sequence","92.18","",""
"30/07/2025 23:45:00 - 31/07/2025 00:00:00","BZN|FR","Without Sequence","92.18","",""
"31/07/2025 00:00:00 - 31/07/2025 00:15:00","BZN|FR","Without Sequence","90.00","",""
"31/07/2025 00:15:00 - 31/07/2025 00:30:00","BZN|FR","Without Sequence","90.00","",""
"31/07/2025 00:30:00 - 31/07/2025 00:45:00","BZN|FR","Without Sequence","90.00","",""
"31/07/2025 00:45:00 - 31/07/2025 01:00:00","BZN|FR","Without Sequence","90.00","",""
"31/07/2025 01:00:00 - 31/07/2025 01:15:00","BZN|FR","Without Sequence","77.37","",""
"31/07/2025 01:15:00 - 31/07/2025 01:30:00","BZN|FR","Without Sequence","77.37","",""
"31/07/2025 01:30:00 - 31/07/2025 01:45:00","BZN|FR","Without Sequence","77.37","",""
"31/07/2025 01:45:00 - 31/07/2025 02:00:00","BZN|FR","Without Sequence","77.37","",""
"31/07/2025 02:00:00 - 31/07/2025 02:15:00","BZN|FR","Without Sequence","71.07","",""
"31/07/2025 02:15:00 - 31/07/2025 02:30:00","BZN|FR","Without Sequence","71.07","",""
"31/07/2025 02:30:00 - 31/07/2025 02:45:00","BZN|FR","Without Sequence","71.07","",""
"31/07/2025 02:45:00 - 31/07/2025 03:00:00","BZN|FR","Without Sequence","71.07","",""
"31/07/2025 03:00:00 - 31/07/2025 03:15:00","BZN|FR","Without Sequence","58.38","",""
"31/07/2025 03:15:00 - 31/07/2025 03:30:00","BZN|FR","Without Sequence","58.38","",""
"31/07/2025 03:30:00 - 31/07/2025 03:45:00","BZN|FR","Without Sequence","58.38","",""
"31/07/2025 03:45:00 - 31/07/2025 04:00:00","BZN|FR","Without Sequence","58.38","",""
"31/07/2025 04:00:00 - 31/07/2025 04:15:00","BZN|FR","Without Sequence","57.75","",""
"31/07/2025 04:15:00 - 31/07/2025 04:30:00","BZN|FR","Without Sequence","57.75","",""
"31/07/2025 04:30:00 - 31/07/2025 04:45:00","BZN|FR","Without Sequence","57.75","",""
"31/07/2025 04:45:00 - 31/07/2025 05:00:00","BZN|FR","Without Sequence","57.75","",""
"31/07/2025 05:00:00 - 31/07/2025 05:15:00","BZN|FR","Without Sequence","59.01","",""
"31/07/2025 05:15:00 - 31/07/2025 05:30:00","BZN|FR","Without Sequence","59.01","",""
"31/07/2025 05:30:00 - 31/07/2025 05:45:00","BZN|FR","Without Sequence","59.01","",""
"31/07/2025 05:45:00 - 31/07/2025 06:00:00","BZN|FR","Without Sequence","59.01","",""
"31/07/2025 06:00:00 - 31/07/2025 06:15:00","BZN|FR","Without Sequence","81.96","",""
"31/07/2025 06:15:00 - 31/07/2025 06:30:00","BZN|FR","Without Sequence","81.96","",""
"31/07/2025 06:30:00 - 31/07/2025 06:45:00","BZN|FR","Without Sequence","81.96","",""
"31/07/2025 06:45:00 - 31/07/2025 07:00:00","BZN|FR","Without Sequence","81.96","",""
"31/07/2025 07:00:00 - 31/07/2025 07:15:00","BZN|FR","Without Sequence","100.46","",""
"31/07/2025 07:15:00 - 31/07/2025 07:30:00","BZN|FR","Without Sequence","100.46","",""
"31/07/2025 07:30:00 - 31/07/2025 07:45:00","BZN|FR","Without Sequence","100.46","",""
"31/07/2025 07:45:00 - 31/07/2025 08:00:00","BZN|FR","Without Sequence","100.46","",""
"31/07/2025 08:00:00 - 31/07/2025 08:15:00","BZN|FR","Without Sequence","91.55","",""
"31/07/2025 08:15:00 - 31/07/2025 08:30:00","BZN|FR","Without Sequence","91.55","",""
"31/07/2025 08:30:00 - 31/07/2025 08:45:00","BZN|FR","Without Sequence","91.55","",""
"31/07/2025 08:45:00 - 31/07/2025 09:00:00","BZN|FR","Without Sequence","91.55","",""
"31/07/2025 09:00:00 - 31/07/2025 09:15:00","BZN|FR","Without Sequence","51.31","",""
"31/07/2025 09:15:00 - 31/07/2025 09:30:00","BZN|FR","Without Sequence","51.31","",""
"31/07/2025 09:30:00 - 31/07/2025 09:45:00","BZN|FR","Without Sequence","51.31","",""
"31/07/2025 09:45:00 - 31/07/2025 10:00:00","BZN|FR","Without Sequence","51.31","",""
"31/07/2025 10:00:00 - 31/07/2025 10:15:00","BZN|FR","Without Sequence","30.50","",""
"31/07/2025 10:15:00 - 31/07/2025 10:30:00","BZN|FR","Without Sequence","30.50","",""
"31/07/2025 10:30:00 - 31/07/2025 10:45:00","BZN|FR","Without Sequence","30.50","",""
"31/07/2025 10:45:00 - 31/07/2025 11:00:00","BZN|FR","Without Sequence","30.50","",""
"31/07/2025 11:00:00 - 31/07/2025 11:15:00","BZN|FR","Without Sequence","23.92","",""
"31/07/2025 11:15:00 - 31/07/2025 11:30:00","BZN|FR","Without Sequence","23.92","",""
"31/07/2025 11:30:00 - 31/07/2025 11:45:00","BZN|FR","Without Sequence","23.92","",""
"31/07/2025 11:45:00 - 31/07/2025 12:00:00","BZN|FR","Without Sequence","23.92","",""
"31/07/2025 12:00:00 - 31/07/2025 12:15:00","BZN|FR","Without Sequence","29.01","",""
"31/07/2025 12:15:00 - 31/07/2025 12:30:00","BZN|FR","Without Sequence","29.01","",""
"31/07/2025 12:30:00 - 31/07/2025 12:45:00","BZN|FR","Without Sequence","29.01","",""
"31/07/2025 12:45:00 - 31/07/2025 13:00:00","BZN|FR","Without Sequence","29.01","",""
"31/07/2025 13:00:00 - 31/07/2025 13:15:00","BZN|FR","Without Sequence","23.50","",""
"31/07/2025 13:15:00 - 31/07/2025 13:30:00","BZN|FR","Without Sequence","23.50","",""
"31/07/2025 13:30:00 - 31/07/2025 13:45:00","BZN|FR","Without Sequence","23.50","",""
"31/07/2025 13:45:00 - 31/07/2025 14:00:00","BZN|FR","Without Sequence","23.50","",""
"31/07/2025 14:00:00 - 31/07/2025 14:15:00","BZN|FR","Without Sequence","25.26","",""
"31/07/2025 14:15:00 - 31/07/2025 14:30:00","BZN|FR","Without Sequence","25.26","",""
"31/07/2025 14:30:00 - 31/07/2025 14:45:00","BZN|FR","Without Sequence","25.26","",""
"31/07/2025 14:45:00 - 31/07/2025 15:00:00","BZN|FR","Without Sequence","25.26","",""
"31/07/2025 15:00:00 - 31/07/2025 15:15:00","BZN|FR","Without Sequence","28.50","",""
"31/07/2025 15:15:00 - 31/07/2025 15:30:00","BZN|FR","Without Sequence","28.50","",""
"31/07/2025 15:30:00 - 31/07/2025 15:45:00","BZN|FR","Without Sequence","28.50","",""
"31/07/2025 15:45:00 - 31/07/2025 16:00:00","BZN|FR","Without Sequence","28.50","",""
"31/07/2025 16:00:00 - 31/07/2025 16:15:00","BZN|FR","Without Sequence","30.00","",""
"31/07/2025 16:15:00 - 31/07/2025 16:30:00","BZN|FR","Without Sequence","30.00","",""
"31/07/2025 16:30:00 - 31/07/2025 16:45:00","BZN|FR","Without Sequence","30.00","",""
"31/07/2025 16:45:00 - 31/07/2025 17:00:00","BZN|FR","Without Sequence","30.00","",""
"31/07/2025 17:00:00 - 31/07/2025 17:15:00","BZN|FR","Without Sequence","42.11","",""
"31/07/2025 17:15:00 - 31/07/2025 17:30:00","BZN|FR","Without Sequence","42.11","",""
"31/07/2025 17:30:00 - 31/07/2025 17:45:00","BZN|FR","Without Sequence","42.11","",""
"31/07/2025 17:45:00 - 31/07/2025 18:00:00","BZN|FR","Without Sequence","42.11","",""
"31/07/2025 18:00:00 - 31/07/2025 18:15:00","BZN|FR","Without Sequence","64.24","",""
"31/07/2025 18:15:00 - 31/07/2025 18:30:00","BZN|FR","Without Sequence","64.24","",""
"31/07/2025 18:30:00 - 31/07/2025 18:45:00","BZN|FR","Without Sequence","64.24","",""
"31/07/2025 18:45:00 - 31/07/2025 19:00:00","BZN|FR","Without Sequence","64.24","",""
"31/07/2025 19:00:00 - 31/07/2025 19:15:00","BZN|FR","Without Sequence","86.71","",""
"31/07/2025 19:15:00 - 31/07/2025 19:30:00","BZN|FR","Without Sequence","86.71","",""
"31/07/2025 19:30:00 - 31/07/2025 19:45:00","BZN|FR","Without Sequence","86.71","",""
"31/07/2025 19:45:00 - 31/07/2025 20:00:00","BZN|FR","Without Sequence","86.71","",""
"31/07/2025 20:00:00 - 31/07/2025 20:15:00","BZN|FR","Without Sequence","107.99","",""
"31/07/2025 20:15:00 - 31/07/2025 20:30:00","BZN|FR","Without Sequence","107.99","",""
"31/07/2025 20:30:00 - 31/07/2025 20:45:00","BZN|FR","Without Sequence","107.99","",""
"31/07/2025 20:45:00 - 31/07/2025 21:00:00","BZN|FR","Without Sequence","107.99","",""
"31/07/2025 21:00:00 - 31/07/2025 21:15:00","BZN|FR","Without Sequence","114.45","",""
"31/07/2025 21:15:00 - 31/07/2025 21:30:00","BZN|FR","Without Sequence","114.45","",""
"31/07/2025 21:30:00 - 31/07/2025 21:45:00","BZN|FR","Without Sequence","114.45","",""
"31/07/2025 21:45:00 - 31/07/2025 22:00:00","BZN|FR","Without Sequence","114.45","",""
"31/07/2025 22:00:00 - 31/07/2025 22:15:00","BZN|FR","Without Sequence","110.27","",""
"31/07/2025 22:15:00 - 31/07/2025 22:30:00","BZN|FR","Without Sequence","110.27","",""
"31/07/2025 22:30:00 - 31/07/2025 22:45:00","BZN|FR","Without Sequence","110.27","",""
"31/07/2025 22:45:00 - 31/07/2025 23:00:00","BZN|FR","Without Sequence","110.27","",""
"31/07/2025 23:00:00 - 31/07/2025 23:15:00","BZN|FR","Without Sequence","98.32","",""
"31/07/2025 23:15:00 - 31/07/2025 23:30:00","BZN|FR","Without Sequence","98.32","",""
"31/07/2025 23:30:00 - 31/07/2025 23:45:00","BZN|FR","Without Sequence","98.32","",""
"31/07/2025 23:45:00 - 01/08/2025 00:00:00","BZN|FR","Without Sequence","98.32","",""
"01/08/2025 00:00:00 - 01/08/2025 00:15:00","BZN|FR","Without Sequence","102.22","",""
"01/08/2025 00:15:00 - 01/08/2025 00:30:00","BZN|FR","Without Sequence","102.22","",""
"01/08/2025 00:30:00 - 01/08/2025 00:45:00","BZN|FR","Without Sequence","102.22","",""
"01/08/2025 00:45:00 - 01/08/2025 01:00:00","BZN|FR","Without Sequence","102.22","",""
"01/08/2025 01:00:00 - 01/08/2025 01:15:00","BZN|FR","Without Sequence","93.47","",""
"01/08/2025 01:15:00 - 01/08/2025 01:30:00","BZN|FR","Without Sequence","93.47","",""
"01/08/2025 01:30:00 - 01/08/2025 01:45:00","BZN|FR","Without Sequence","93.47","",""
"01/08/2025 01:45:00 - 01/08/2025 02:00:00","BZN|FR","Without Sequence","93.47","",""
"01/08/2025 02:00:00 - 01/08/2025 02:15:00","BZN|FR","Without Sequence","81.00","",""
"01/08/2025 02:15:00 - 01/08/2025 02:30:00","BZN|FR","Without Sequence","81.00","",""
"01/08/2025 02:30:00 - 01/08/2025 02:45:00","BZN|FR","Without Sequence","81.00","",""
"01/08/2025 02:45:00 - 01/08/2025 03:00:00","BZN|FR","Without Sequence","81.00","",""
"01/08/2025 03:00:00 - 01/08/2025 03:15:00","BZN|FR","Without Sequence","72.55","",""
"01/08/2025 03:15:00 - 01/08/2025 03:30:00","BZN|FR","Without Sequence","72.55","",""
"01/08/2025 03:30:00 - 01/08/2025 03:45:00","BZN|FR","Without Sequence","72.55","",""
"01/08/2025 03:45:00 - 01/08/2025 04:00:00","BZN|FR","Without Sequence","72.55","",""
"01/08/2025 04:00:00 - 01/08/2025 04:15:00","BZN|FR","Without Sequence","63.98","",""
"01/08/2025 04:15:00 - 01/08/2025 04:30:00","BZN|FR","Without Sequence","63.98","",""
"01/08/2025 04:30:00 - 01/08/2025 04:45:00","BZN|FR","Without Sequence","63.98","",""
"01/08/2025 04:45:00 - 01/08/2025 05:00:00","BZN|FR","Without Sequence","63.98","",""
"01/08/2025 05:00:00 - 01/08/2025 05:15:00","BZN|FR","Without Sequence","73.60","",""
"01/08/2025 05:15:00 - 01/08/2025 05:30:00","BZN|FR","Without Sequence","73.60","",""
"01/08/2025 05:30:00 - 01/08/2025 05:45:00","BZN|FR","Without Sequence","73.60","",""
"01/08/2025 05:45:00 - 01/08/2025 06:00:00","BZN|FR","Without Sequence","73.60","",""
"01/08/2025 06:00:00 - 01/08/2025 06:15:00","BZN|FR","Without Sequence","83.14","",""
"01/08/2025 06:15:00 - 01/08/2025 06:30:00","BZN|FR","Without Sequence","83.14","",""
"01/08/2025 06:30:00 - 01/08/2025 06:45:00","BZN|FR","Without Sequence","83.14","",""
"01/08/2025 06:45:00 - 01/08/2025 07:00:00","BZN|FR","Without Sequence","83.14","",""
"01/08/2025 07:00:00 - 01/08/2025 07:15:00","BZN|FR","Without Sequence","100.62","",""
"01/08/2025 07:15:00 - 01/08/2025 07:30:00","BZN|FR","Without Sequence","100.62","",""
"01/08/2025 07:30:00 - 01/08/2025 07:45:00","BZN|FR","Without Sequence","100.62","",""
"01/08/2025 07:45:00 - 01/08/2025 08:00:00","BZN|FR","Without Sequence","100.62","",""
"01/08/2025 08:00:00 - 01/08/2025 08:15:00","BZN|FR","Without Sequence","100.00","",""
"01/08/2025 08:15:00 - 01/08/2025 08:30:00","BZN|FR","Without Sequence","100.00","",""
"01/08/2025 08:30:00 - 01/08/2025 08:45:00","BZN|FR","Without Sequence","100.00","",""
"01/08/2025 08:45:00 - 01/08/2025 09:00:00","BZN|FR","Without Sequence","100.00","",""
"01/08/2025 09:00:00 - 01/08/2025 09:15:00","BZN|FR","Without Sequence","65.06","",""
"01/08/2025 09:15:00 - 01/08/2025 09:30:00","BZN|FR","Without Sequence","65.06","",""
"01/08/2025 09:30:00 - 01/08/2025 09:45:00","BZN|FR","Without Sequence","65.06","",""
"01/08/2025 09:45:00 - 01/08/2025 10:00:00","BZN|FR","Without Sequence","65.06","",""
"01/08/2025 10:00:00 - 01/08/2025 10:15:00","BZN|FR","Without Sequence","45.81","",""
"01/08/2025 10:15:00 - 01/08/2025 10:30:00","BZN|FR","Without Sequence","45.81","",""
"01/08/2025 10:30:00 - 01/08/2025 10:45:00","BZN|FR","Without Sequence","45.81","",""
"01/08/2025 10:45:00 - 01/08/2025 11:00:00","BZN|FR","Without Sequence","45.81","",""
"01/08/2025 11:00:00 - 01/08/2025 11:15:00","BZN|FR","Without Sequence","35.08","",""
"01/08/2025 11:15:00 - 01/08/2025 11:30:00","BZN|FR","Without Sequence","35.08","",""
"01/08/2025 11:30:00 - 01/08/2025 11:45:00","BZN|FR","Without Sequence","35.08","",""
"01/08/2025 11:45:00 - 01/08/2025 12:00:00","BZN|FR","Without Sequence","35.08","",""
"01/08/2025 12:00:00 - 01/08/2025 12:15:00","BZN|FR","Without Sequence","31.87","",""
"01/08/2025 12:15:00 - 01/08/2025 12:30:00","BZN|FR","Without Sequence","31.87","",""
"01/08/2025 12:30:00 - 01/08/2025 12:45:00","BZN|FR","Without Sequence","31.87","",""
"01/08/2025 12:45:00 - 01/08/2025 13:00:00","BZN|FR","Without Sequence","31.87","",""
"01/08/2025 13:00:00 - 01/08/2025 13:15:00","BZN|FR","Without Sequence","25.06","",""
"01/08/2025 13:15:00 - 01/08/2025 13:30:00","BZN|FR","Without Sequence","25.06","",""
"01/08/2025 13:30:00 - 01/08/2025 13:45:00","BZN|FR","Without Sequence","25.06","",""
"01/08/2025 13:45:00 - 01/08/2025 14:00:00","BZN|FR","Without Sequence","25.06","",""
"01/08/2025 14:00:00 - 01/08/2025 14:15:00","BZN|FR","Without Sequence","20.01","",""
"01/08/2025 14:15:00 - 01/08/2025 14:30:00","BZN|FR","Without Sequence","20.01","",""
"01/08/2025 14:30:00 - 01/08/2025 14:45:00","BZN|FR","Without Sequence","20.01","",""
"01/08/2025 14:45:00 - 01/08/2025 15:00:00","BZN|FR","Without Sequence","20.01","",""
"01/08/2025 15:00:00 - 01/08/2025 15:15:00","BZN|FR","Without Sequence","13.43","",""
"01/08/2025 15:15:00 - 01/08/2025 15:30:00","BZN|FR","Without Sequence","13.43","",""
"01/08/2025 15:30:00 - 01/08/2025 15:45:00","BZN|FR","Without Sequence","13.43","",""
"01/08/2025 15:45:00 - 01/08/2025 16:00:00","BZN|FR","Without Sequence","13.43","",""
"01/08/2025 16:00:00 - 01/08/2025 16:15:00","BZN|FR","Without Sequence","17.42","",""
"01/08/2025 16:15:00 - 01/08/2025 16:30:00","BZN|FR","Without Sequence","17.42","",""
"01/08/2025 16:30:00 - 01/08/2025 16:45:00","BZN|FR","Without Sequence","17.42","",""
"01/08/2025 16:45:00 - 01/08/2025 17:00:00","BZN|FR","Without Sequence","17.42","",""
"01/08/2025 17:00:00 - 01/08/2025 17:15:00","BZN|FR","Without Sequence","27.47","",""
"01/08/2025 17:15:00 - 01/08/2025 17:30:00","BZN|FR","Without Sequence","27.47","",""
"01/08/2025 17:30:00 - 01/08/2025 17:45:00","BZN|FR","Without Sequence","27.47","",""
"01/08/2025 17:45:00 - 01/08/2025 18:00:00","BZN|FR","Without Sequence","27.47","",""
"01/08/2025 18:00:00 - 01/08/2025 18:15:00","BZN|FR","Without Sequence","44.80","",""
"01/08/2025 18:15:00 - 01/08/2025 18:30:00","BZN|FR","Without Sequence","44.80","",""
"01/08/2025 18:30:00 - 01/08/2025 18:45:00","BZN|FR","Without Sequence","44.80","",""
"01/08/2025 18:45:00 - 01/08/2025 19:00:00","BZN|FR","Without Sequence","44.80","",""
"01/08/2025 19:00:00 - 01/08/2025 19:15:00","BZN|FR","Without Sequence","70.12","",""
"01/08/2025 19:15:00 - 01/08/2025 19:30:00","BZN|FR","Without Sequence","70.12","",""
"01/08/2025 19:30:00 - 01/08/2025 19:45:00","BZN|FR","Without Sequence","70.12","",""
"01/08/2025 19:45:00 - 01/08/2025 20:00:00","BZN|FR","Without Sequence","70.12","",""
"01/08/2025 20:00:00 - 01/08/2025 20:15:00","BZN|FR","Without Sequence","87.34","",""
"01/08/2025 20:15:00 - 01/08/2025 20:30:00","BZN|FR","Without Sequence","87.34","",""
"01/08/2025 20:30:00 - 01/08/2025 20:45:00","BZN|FR","Without Sequence","87.34","",""
"01/08/2025 20:45:00 - 01/08/2025 21:00:00","BZN|FR","Without Sequence","87.34","",""
"01/08/2025 21:00:00 - 01/08/2025 21:15:00","BZN|FR","Without Sequence","103.02","",""
"01/08/2025 21:15:00 - 01/08/2025 21:30:00","BZN|FR","Without Sequence","103.02","",""
"01/08/2025 21:30:00 - 01/08/2025 21:45:00","BZN|FR","Without Sequence","103.02","",""
"01/08/2025 21:45:00 - 01/08/2025 22:00:00","BZN|FR","Without Sequence","103.02","",""
"01/08/2025 22:00:00 - 01/08/2025 22:15:00","BZN|FR","Without Sequence","102.52","",""
"01/08/2025 22:15:00 - 01/08/2025 22:30:00","BZN|FR","Without Sequence","102.52","",""
"01/08/2025 22:30:00 - 01/08/2025 22:45:00","BZN|FR","Without Sequence","102.52","",""
"01/08/2025 22:45:00 - 01/08/2025 23:00:00","BZN|FR","Without Sequence","102.52","",""
"01/08/2025 23:00:00 - 01/08/2025 23:15:00","BZN|FR","Without Sequence","95.41","",""
"01/08/2025 23:15:00 - 01/08/2025 23:30:00","BZN|FR","Without Sequence","95.41","",""
"01/08/2025 23:30:00 - 01/08/2025 23:45:00","BZN|FR","Without Sequence","95.41","",""
"01/08/2025 23:45:00 - 02/08/2025 00:00:00","BZN|FR","Without Sequence","95.41","",""
"02/08/2025 00:00:00 - 02/08/2025 00:15:00","BZN|FR","Without Sequence","97.80","",""
"02/08/2025 00:15:00 - 02/08/2025 00:30:00","BZN|FR","Without Sequence","97.80","",""
"02/08/2025 00:30:00 - 02/08/2025 00:45:00","BZN|FR","Without Sequence","97.80","",""
"02/08/2025 00:45:00 - 02/08/2025 01:00:00","BZN|FR","Without Sequence","97.80","",""
"02/08/2025 01:00:00 - 02/08/2025 01:15:00","BZN|FR","Without Sequence","77.08","",""
"02/08/2025 01:15:00 - 02/08/2025 01:30:00","BZN|FR","Without Sequence","77.08","",""
"02/08/2025 01:30:00 - 02/08/2025 01:45:00","BZN|FR","Without Sequence","77.08","",""
"02/08/2025 01:45:00 - 02/08/2025 02:00:00","BZN|FR","Without Sequence","77.08","",""
"02/08/2025 02:00:00 - 02/08/2025 02:15:00","BZN|FR","Without Sequence","65.27","",""
"02/08/2025 02:15:00 - 02/08/2025 02:30:00","BZN|FR","Without Sequence","65.27","",""
"02/08/2025 02:30:00 - 02/08/2025 02:45:00","BZN|FR","Without Sequence","65.27","",""
"02/08/2025 02:45:00 - 02/08/2025 03:00:00","BZN|FR","Without Sequence","65.27","",""
"02/08/2025 03:00:00 - 02/08/2025 03:15:00","BZN|FR","Without Sequence","49.56","",""
"02/08/2025 03:15:00 - 02/08/2025 03:30:00","BZN|FR","Without Sequence","49.56","",""
"02/08/2025 03:30:00 - 02/08/2025 03:45:00","BZN|FR","Without Sequence","49.56","",""
"02/08/2025 03:45:00 - 02/08/2025 04:00:00","BZN|FR","Without Sequence","49.56","",""
"02/08/2025 04:00:00 - 02/08/2025 04:15:00","BZN|FR","Without Sequence","43.33","",""
"02/08/2025 04:15:00 - 02/08/2025 04:30:00","BZN|FR","Without Sequence","43.33","",""
"02/08/2025 04:30:00 - 02/08/2025 04:45:00","BZN|FR","Without Sequence","43.33","",""
"02/08/2025 04:45:00 - 02/08/2025 05:00:00","BZN|FR","Without Sequence","43.33","",""
"02/08/2025 05:00:00 - 02/08/2025 05:15:00","BZN|FR","Without Sequence","44.29","",""
"02/08/2025 05:15:00 - 02/08/2025 05:30:00","BZN|FR","Without Sequence","44.29","",""
"02/08/2025 05:30:00 - 02/08/2025 05:45:00","BZN|FR","Without Sequence","44.29","",""
"02/08/2025 05:45:00 - 02/08/2025 06:00:00","BZN|FR","Without Sequence","44.29","",""
"02/08/2025 06:00:00 - 02/08/2025 06:15:00","BZN|FR","Without Sequence","51.08","",""
"02/08/2025 06:15:00 - 02/08/2025 06:30:00","BZN|FR","Without Sequence","51.08","",""
"02/08/2025 06:30:00 - 02/08/2025 06:45:00","BZN|FR","Without Sequence","51.08","",""
"02/08/2025 06:45:00 - 02/08/2025 07:00:00","BZN|FR","Without Sequence","51.08","",""
"02/08/2025 07:00:00 - 02/08/2025 07:15:00","BZN|FR","Without Sequence","49.81","",""
"02/08/2025 07:15:00 - 02/08/2025 07:30:00","BZN|FR","Without Sequence","49.81","",""
"02/08/2025 07:30:00 - 02/08/2025 07:45:00","BZN|FR","Without Sequence","49.81","",""
"02/08/2025 07:45:00 - 02/08/2025 08:00:00","BZN|FR","Without Sequence","49.81","",""
"02/08/2025 08:00:00 - 02/08/2025 08:15:00","BZN|FR","Without Sequence","37.33","",""
"02/08/2025 08:15:00 - 02/08/2025 08:30:00","BZN|FR","Without Sequence","37.33","",""
"02/08/2025 08:30:00 - 02/08/2025 08:45:00","BZN|FR","Without Sequence","37.33","",""
"02/08/2025 08:45:00 - 02/08/2025 09:00:00","BZN|FR","Without Sequence","37.33","",""
"02/08/2025 09:00:00 - 02/08/2025 09:15:00","BZN|FR","Without Sequence","23.91","",""
"02/08/2025 09:15:00 - 02/08/2025 09:30:00","BZN|FR","Without Sequence","23.91","",""
"02/08/2025 09:30:00 - 02/08/2025 09:45:00","BZN|FR","Without Sequence","23.91","",""
"02/08/2025 09:45:00 - 02/08/2025 10:00:00","BZN|FR","Without Sequence","23.91","",""
"02/08/2025 10:00:00 - 02/08/2025 10:15:00","BZN|FR","Without Sequence","16.54","",""
"02/08/2025 10:15:00 - 02/08/2025 10:30:00","BZN|FR","Without Sequence","16.54","",""
"02/08/2025 10:30:00 - 02/08/2025 10:45:00","BZN|FR","Without Sequence","16.54","",""
"02/08/2025 10:45:00 - 02/08/2025 11:00:00","BZN|FR","Without Sequence","16.54","",""
"02/08/2025 11:00:00 - 02/08/2025 11:15:00","BZN|FR","Without Sequence","5.68","",""
"02/08/2025 11:15:00 - 02/08/2025 11:30:00","BZN|FR","Without Sequence","5.68","",""
"02/08/2025 11:30:00 - 02/08/2025 11:45:00","BZN|FR","Without Sequence","5.68","",""
"02/08/2025 11:45:00 - 02/08/2025 12:00:00","BZN|FR","Without Sequence","5.68","",""
"02/08/2025 12:00:00 - 02/08/2025 12:15:00","BZN|FR","Without Sequence","2.95","",""
"02/08/2025 12:15:00 - 02/08/2025 12:30:00","BZN|FR","Without Sequence","2.95","",""
"02/08/2025 12:30:00 - 02/08/2025 12:45:00","BZN|FR","Without Sequence","2.95","",""
"02/08/2025 12:45:00 - 02/08/2025 13:00:00","BZN|FR","Without Sequence","2.95","",""
"02/08/2025 13:00:00 - 02/08/2025 13:15:00","BZN|FR","Without Sequence","0.00","",""
"02/08/2025 13:15:00 - 02/08/2025 13:30:00","BZN|FR","Without Sequence","0.00","",""
"02/08/2025 13:30:00 - 02/08/2025 13:45:00","BZN|FR","Without Sequence","0.00","",""
"02/08/2025 13:45:00 - 02/08/2025 14:00:00","BZN|FR","Without Sequence","0.00","",""
"02/08/2025 14:00:00 - 02/08/2025 14:15:00","BZN|FR","Without Sequence","0.00","",""
"02/08/2025 14:15:00 - 02/08/2025 14:30:00","BZN|FR","Without Sequence","0.00","",""
"02/08/2025 14:30:00 - 02/08/2025 14:45:00","BZN|FR","Without Sequence","0.00","",""
"02/08/2025 14:45:00 - 02/08/2025 15:00:00","BZN|FR","Without Sequence","0.00","",""
"02/08/2025 15:00:00 - 02/08/2025 15:15:00","BZN|FR","Without Sequence","0.00","",""
"02/08/2025 15:15:00 - 02/08/2025 15:30:00","BZN|FR","Without Sequence","0.00","",""
"02/08/2025 15:30:00 - 02/08/2025 15:45:00","BZN|FR","Without Sequence","0.00","",""
"02/08/2025 15:45:00 - 02/08/2025 16:00:00","BZN|FR","Without Sequence","0.00","",""
"02/08/2025 16:00:00 - 02/08/2025 16:15:00","BZN|FR","Without Sequence","0.00","",""
"02/08/2025 16:15:00 - 02/08/2025 16:30:00","BZN|FR","Without Sequence","0.00","",""
"02/08/2025 16:30:00 - 02/08/2025 16:45:00","BZN|FR","Without Sequence","0.00","",""
"02/08/2025 16:45:00 - 02/08/2025 17:00:00","BZN|FR","Without Sequence","0.00","",""
"02/08/2025 17:00:00 - 02/08/2025 17:15:00","BZN|FR","Without Sequence","8.59","",""
"02/08/2025 17:15:00 - 02/08/2025 17:30:00","BZN|FR","Without Sequence","8.59","",""
"02/08/2025 17:30:00 - 02/08/2025 17:45:00","BZN|FR","Without Sequence","8.59","",""
"02/08/2025 17:45:00 - 02/08/2025 18:00:00","BZN|FR","Without Sequence","8.59","",""
"02/08/2025 18:00:00 - 02/08/2025 18:15:00","BZN|FR","Without Sequence","34.31","",""
"02/08/2025 18:15:00 - 02/08/2025 18:30:00","BZN|FR","Without Sequence","34.31","",""
"02/08/2025 18:30:00 - 02/08/2025 18:45:00","BZN|FR","Without Sequence","34.31","",""
"02/08/2025 18:45:00 - 02/08/2025 19:00:00","BZN|FR","Without Sequence","34.31","",""
"02/08/2025 19:00:00 - 02/08/2025 19:15:00","BZN|FR","Without Sequence","65.01","",""
"02/08/2025 19:15:00 - 02/08/2025 19:30:00","BZN|FR","Without Sequence","65.01","",""
"02/08/2025 19:30:00 - 02/08/2025 19:45:00","BZN|FR","Without Sequence","65.01","",""
"02/08/2025 19:45:00 - 02/08/2025 20:00:00","BZN|FR","Without Sequence","65.01","",""
"02/08/2025 20:00:00 - 02/08/2025 20:15:00","BZN|FR","Without Sequence","74.53","",""
"02/08/2025 20:15:00 - 02/08/2025 20:30:00","BZN|FR","Without Sequence","74.53","",""
"02/08/2025 20:30:00 - 02/08/2025 20:45:00","BZN|FR","Without Sequence","74.53","",""
"02/08/2025 20:45:00 - 02/08/2025 21:00:00","BZN|FR","Without Sequence","74.53","",""
"02/08/2025 21:00:00 - 02/08/2025 21:15:00","BZN|FR","Without Sequence","99.64","",""
"02/08/2025 21:15:00 - 02/08/2025 21:30:00","BZN|FR","Without Sequence","99.64","",""
"02/08/2025 21:30:00 - 02/08/2025 21:45:00","BZN|FR","Without Sequence","99.64","",""
"02/08/2025 21:45:00 - 02/08/2025 22:00:00","BZN|FR","Without Sequence","99.64","",""
"02/08/2025 22:00:00 - 02/08/2025 22:15:00","BZN|FR","Without Sequence","99.64","",""
"02/08/2025 22:15:00 - 02/08/2025 22:30:00","BZN|FR","Without Sequence","99.64","",""
"02/08/2025 22:30:00 - 02/08/2025 22:45:00","BZN|FR","Without Sequence","99.64","",""
"02/08/2025 22:45:00 - 02/08/2025 23:00:00","BZN|FR","Without Sequence","99.64","",""
"02/08/2025 23:00:00 - 02/08/2025 23:15:00","BZN|FR","Without Sequence","80.50","",""
"02/08/2025 23:15:00 - 02/08/2025 23:30:00","BZN|FR","Without Sequence","80.50","",""
"02/08/2025 23:30:00 - 02/08/2025 23:45:00","BZN|FR","Without Sequence","80.50","",""
"02/08/2025 23:45:00 - 03/08/2025 00:00:00","BZN|FR","Without Sequence","80.50","",""
"03/08/2025 00:00:00 - 03/08/2025 00:15:00","BZN|FR","Without Sequence","80.40","",""
"03/08/2025 00:15:00 - 03/08/2025 00:30:00","BZN|FR","Without Sequence","80.40","",""
"03/08/2025 00:30:00 - 03/08/2025 00:45:00","BZN|FR","Without Sequence","80.40","",""
"03/08/2025 00:45:00 - 03/08/2025 01:00:00","BZN|FR","Without Sequence","80.40","",""
"03/08/2025 01:00:00 - 03/08/2025 01:15:00","BZN|FR","Without Sequence","69.26","",""
"03/08/2025 01:15:00 - 03/08/2025 01:30:00","BZN|FR","Without Sequence","69.26","",""
"03/08/2025 01:30:00 - 03/08/2025 01:45:00","BZN|FR","Without Sequence","69.26","",""
"03/08/2025 01:45:00 - 03/08/2025 02:00:00","BZN|FR","Without Sequence","69.26","",""
"03/08/2025 02:00:00 - 03/08/2025 02:15:00","BZN|FR","Without Sequence","42.96","",""
"03/08/2025 02:15:00 - 03/08/2025 02:30:00","BZN|FR","Without Sequence","42.96","",""
"03/08/2025 02:30:00 - 03/08/2025 02:45:00","BZN|FR","Without Sequence","42.96","",""
"03/08/2025 02:45:00 - 03/08/2025 03:00:00","BZN|FR","Without Sequence","42.96","",""
"03/08/2025 03:00:00 - 03/08/2025 03:15:00","BZN|FR","Without Sequence","37.38","",""
"03/08/2025 03:15:00 - 03/08/2025 03:30:00","BZN|FR","Without Sequence","37.38","",""
"03/08/2025 03:30:00 - 03/08/2025 03:45:00","BZN|FR","Without Sequence","37.38","",""
"03/08/2025 03:45:00 - 03/08/2025 04:00:00","BZN|FR","Without Sequence","37.38","",""
"03/08/2025 04:00:00 - 03/08/2025 04:15:00","BZN|FR","Without Sequence","30.02","",""
"03/08/2025 04:15:00 - 03/08/2025 04:30:00","BZN|FR","Without Sequence","30.02","",""
"03/08/2025 04:30:00 - 03/08/2025 04:45:00","BZN|FR","Without Sequence","30.02","",""
"03/08/2025 04:45:00 - 03/08/2025 05:00:00","BZN|FR","Without Sequence","30.02","",""
"03/08/2025 05:00:00 - 03/08/2025 05:15:00","BZN|FR","Without Sequence","30.20","",""
"03/08/2025 05:15:00 - 03/08/2025 05:30:00","BZN|FR","Without Sequence","30.20","",""
"03/08/2025 05:30:00 - 03/08/2025 05:45:00","BZN|FR","Without Sequence","30.20","",""
"03/08/2025 05:45:00 - 03/08/2025 06:00:00","BZN|FR","Without Sequence","30.20","",""
"03/08/2025 06:00:00 - 03/08/2025 06:15:00","BZN|FR","Without Sequence","32.03","",""
"03/08/2025 06:15:00 - 03/08/2025 06:30:00","BZN|FR","Without Sequence","32.03","",""
"03/08/2025 06:30:00 - 03/08/2025 06:45:00","BZN|FR","Without Sequence","32.03","",""
"03/08/2025 06:45:00 - 03/08/2025 07:00:00","BZN|FR","Without Sequence","32.03","",""
"03/08/2025 07:00:00 - 03/08/2025 07:15:00","BZN|FR","Without Sequence","26.28","",""
"03/08/2025 07:15:00 - 03/08/2025 07:30:00","BZN|FR","Without Sequence","26.28","",""
"03/08/2025 07:30:00 - 03/08/2025 07:45:00","BZN|FR","Without Sequence","26.28","",""
"03/08/2025 07:45:00 - 03/08/2025 08:00:00","BZN|FR","Without Sequence","26.28","",""
"03/08/2025 08:00:00 - 03/08/2025 08:15:00","BZN|FR","Without Sequence","6.16","",""
"03/08/2025 08:15:00 - 03/08/2025 08:30:00","BZN|FR","Without Sequence","6.16","",""
"03/08/2025 08:30:00 - 03/08/2025 08:45:00","BZN|FR","Without Sequence","6.16","",""
"03/08/2025 08:45:00 - 03/08/2025 09:00:00","BZN|FR","Without Sequence","6.16","",""
"03/08/2025 09:00:00 - 03/08/2025 09:15:00","BZN|FR","Without Sequence","0.00","",""
"03/08/2025 09:15:00 - 03/08/2025 09:30:00","BZN|FR","Without Sequence","0.00","",""
"03/08/2025 09:30:00 - 03/08/2025 09:45:00","BZN|FR","Without Sequence","0.00","",""
"03/08/2025 09:45:00 - 03/08/2025 10:00:00","BZN|FR","Without Sequence","0.00","",""
"03/08/2025 10:00:00 - 03/08/2025 10:15:00","BZN|FR","Without Sequence","-1.01","",""
"03/08/2025 10:15:00 - 03/08/2025 10:30:00","BZN|FR","Without Sequence","-1.01","",""
"03/08/2025 10:30:00 - 03/08/2025 10:45:00","BZN|FR","Without Sequence","-1.01","",""
"03/08/2025 10:45:00 - 03/08/2025 11:00:00","BZN|FR","Without Sequence","-1.01","",""
"03/08/2025 11:00:00 - 03/08/2025 11:15:00","BZN|FR","Without Sequence","-2.10","",""
"03/08/2025 11:15:00 - 03/08/2025 11:30:00","BZN|FR","Without Sequence","-2.10","",""
"03/08/2025 11:30:00 - 03/08/2025 11:45:00","BZN|FR","Without Sequence","-2.10","",""
"03/08/2025 11:45:00 - 03/08/2025 12:00:00","BZN|FR","Without Sequence","-2.10","",""
"03/08/2025 12:00:00 - 03/08/2025 12:15:00","BZN|FR","Without Sequence","-3.00","",""
"03/08/2025 12:15:00 - 03/08/2025 12:30:00","BZN|FR","Without Sequence","-3.00","",""
"03/08/2025 12:30:00 - 03/08/2025 12:45:00","BZN|FR","Without Sequence","-3.00","",""
"03/08/2025 12:45:00 - 03/08/2025 13:00:00","BZN|FR","Without Sequence","-3.00","",""
"03/08/2025 13:00:00 - 03/08/2025 13:15:00","BZN|FR","Without Sequence","-9.90","",""
"03/08/2025 13:15:00 - 03/08/2025 13:30:00","BZN|FR","Without Sequence","-9.90","",""
"03/08/2025 13:30:00 - 03/08/2025 13:45:00","BZN|FR","Without Sequence","-9.90","",""
"03/08/2025 13:45:00 - 03/08/2025 14:00:00","BZN|FR","Without Sequence","-9.90","",""
"03/08/2025 14:00:00 - 03/08/2025 14:15:00","BZN|FR","Without Sequence","-10.08","",""
"03/08/2025 14:15:00 - 03/08/2025 14:30:00","BZN|FR","Without Sequence","-10.08","",""
"03/08/2025 14:30:00 - 03/08/2025 14:45:00","BZN|FR","Without Sequence","-10.08","",""
"03/08/2025 14:45:00 - 03/08/2025 15:00:00","BZN|FR","Without Sequence","-10.08","",""
"03/08/2025 15:00:00 - 03/08/2025 15:15:00","BZN|FR","Without Sequence","-4.98","",""
"03/08/2025 15:15:00 - 03/08/2025 15:30:00","BZN|FR","Without Sequence","-4.98","",""
"03/08/2025 15:30:00 - 03/08/2025 15:45:00","BZN|FR","Without Sequence","-4.98","",""
"03/08/2025 15:45:00 - 03/08/2025 16:00:00","BZN|FR","Without Sequence","-4.98","",""
"03/08/2025 16:00:00 - 03/08/2025 16:15:00","BZN|FR","Without Sequence","-1.49","",""
"03/08/2025 16:15:00 - 03/08/2025 16:30:00","BZN|FR","Without Sequence","-1.49","",""
"03/08/2025 16:30:00 - 03/08/2025 16:45:00","BZN|FR","Without Sequence","-1.49","",""
"03/08/2025 16:45:00 - 03/08/2025 17:00:00","BZN|FR","Without Sequence","-1.49","",""
"03/08/2025 17:00:00 - 03/08/2025 17:15:00","BZN|FR","Without Sequence","-0.01","",""
"03/08/2025 17:15:00 - 03/08/2025 17:30:00","BZN|FR","Without Sequence","-0.01","",""
"03/08/2025 17:30:00 - 03/08/2025 17:45:00","BZN|FR","Without Sequence","-0.01","",""
"03/08/2025 17:45:00 - 03/08/2025 18:00:00","BZN|FR","Without Sequence","-0.01","",""
"03/08/2025 18:00:00 - 03/08/2025 18:15:00","BZN|FR","Without Sequence","12.51","",""
"03/08/2025 18:15:00 - 03/08/2025 18:30:00","BZN|FR","Without Sequence","12.51","",""
"03/08/2025 18:30:00 - 03/08/2025 18:45:00","BZN|FR","Without Sequence","12.51","",""
"03/08/2025 18:45:00 - 03/08/2025 19:00:00","BZN|FR","Without Sequence","12.51","",""
"03/08/2025 19:00:00 - 03/08/2025 19:15:00","BZN|FR","Without Sequence","40.00","",""
"03/08/2025 19:15:00 - 03/08/2025 19:30:00","BZN|FR","Without Sequence","40.00","",""
"03/08/2025 19:30:00 - 03/08/2025 19:45:00","BZN|FR","Without Sequence","40.00","",""
"03/08/2025 19:45:00 - 03/08/2025 20:00:00","BZN|FR","Without Sequence","40.00","",""
"03/08/2025 20:00:00 - 03/08/2025 20:15:00","BZN|FR","Without Sequence","78.20","",""
"03/08/2025 20:15:00 - 03/08/2025 20:30:00","BZN|FR","Without Sequence","78.20","",""
"03/08/2025 20:30:00 - 03/08/2025 20:45:00","BZN|FR","Without Sequence","78.20","",""
"03/08/2025 20:45:00 - 03/08/2025 21:00:00","BZN|FR","Without Sequence","78.20","",""
"03/08/2025 21:00:00 - 03/08/2025 21:15:00","BZN|FR","Without Sequence","96.13","",""
"03/08/2025 21:15:00 - 03/08/2025 21:30:00","BZN|FR","Without Sequence","96.13","",""
"03/08/2025 21:30:00 - 03/08/2025 21:45:00","BZN|FR","Without Sequence","96.13","",""
"03/08/2025 21:45:00 - 03/08/2025 22:00:00","BZN|FR","Without Sequence","96.13","",""
"03/08/2025 22:00:00 - 03/08/2025 22:15:00","BZN|FR","Without Sequence","97.40","",""
"03/08/2025 22:15:00 - 03/08/2025 22:30:00","BZN|FR","Without Sequence","97.40","",""
"03/08/2025 22:30:00 - 03/08/2025 22:45:00","BZN|FR","Without Sequence","97.40","",""
"03/08/2025 22:45:00 - 03/08/2025 23:00:00","BZN|FR","Without Sequence","97.40","",""
"03/08/2025 23:00:00 - 03/08/2025 23:15:00","BZN|FR","Without Sequence","85.09","",""
"03/08/2025 23:15:00 - 03/08/2025 23:30:00","BZN|FR","Without Sequence","85.09","",""
"03/08/2025 23:30:00 - 03/08/2025 23:45:00","BZN|FR","Without Sequence","85.09","",""
"03/08/2025 23:45:00 - 04/08/2025 00:00:00","BZN|FR","Without Sequence","85.09","",""
"04/08/2025 00:00:00 - 04/08/2025 00:15:00","BZN|FR","Without Sequence","80.99","",""
"04/08/2025 00:15:00 - 04/08/2025 00:30:00","BZN|FR","Without Sequence","80.99","",""
"04/08/2025 00:30:00 - 04/08/2025 00:45:00","BZN|FR","Without Sequence","80.99","",""
"04/08/2025 00:45:00 - 04/08/2025 01:00:00","BZN|FR","Without Sequence","80.99","",""
"04/08/2025 01:00:00 - 04/08/2025 01:15:00","BZN|FR","Without Sequence","70.07","",""
"04/08/2025 01:15:00 - 04/08/2025 01:30:00","BZN|FR","Without Sequence","70.07","",""
"04/08/2025 01:30:00 - 04/08/2025 01:45:00","BZN|FR","Without Sequence","70.07","",""
"04/08/2025 01:45:00 - 04/08/2025 02:00:00","BZN|FR","Without Sequence","70.07","",""
"04/08/2025 02:00:00 - 04/08/2025 02:15:00","BZN|FR","Without Sequence","69.97","",""
"04/08/2025 02:15:00 - 04/08/2025 02:30:00","BZN|FR","Without Sequence","69.97","",""
"04/08/2025 02:30:00 - 04/08/2025 02:45:00","BZN|FR","Without Sequence","69.97","",""
"04/08/2025 02:45:00 - 04/08/2025 03:00:00","BZN|FR","Without Sequence","69.97","",""
"04/08/2025 03:00:00 - 04/08/2025 03:15:00","BZN|FR","Without Sequence","63.80","",""
"04/08/2025 03:15:00 - 04/08/2025 03:30:00","BZN|FR","Without Sequence","63.80","",""
"04/08/2025 03:30:00 - 04/08/2025 03:45:00","BZN|FR","Without Sequence","63.80","",""
"04/08/2025 03:45:00 - 04/08/2025 04:00:00","BZN|FR","Without Sequence","63.80","",""
"04/08/2025 04:00:00 - 04/08/2025 04:15:00","BZN|FR","Without Sequence","61.78","",""
"04/08/2025 04:15:00 - 04/08/2025 04:30:00","BZN|FR","Without Sequence","61.78","",""
"04/08/2025 04:30:00 - 04/08/2025 04:45:00","BZN|FR","Without Sequence","61.78","",""
"04/08/2025 04:45:00 - 04/08/2025 05:00:00","BZN|FR","Without Sequence","61.78","",""
"04/08/2025 05:00:00 - 04/08/2025 05:15:00","BZN|FR","Without Sequence","65.70","",""
"04/08/2025 05:15:00 - 04/08/2025 05:30:00","BZN|FR","Without Sequence","65.70","",""
"04/08/2025 05:30:00 - 04/08/2025 05:45:00","BZN|FR","Without Sequence","65.70","",""
"04/08/2025 05:45:00 - 04/08/2025 06:00:00","BZN|FR","Without Sequence","65.70","",""
"04/08/2025 06:00:00 - 04/08/2025 06:15:00","BZN|FR","Without Sequence","74.33","",""
"04/08/2025 06:15:00 - 04/08/2025 06:30:00","BZN|FR","Without Sequence","74.33","",""
"04/08/2025 06:30:00 - 04/08/2025 06:45:00","BZN|FR","Without Sequence","74.33","",""
"04/08/2025 06:45:00 - 04/08/2025 07:00:00","BZN|FR","Without Sequence","74.33","",""
"04/08/2025 07:00:00 - 04/08/2025 07:15:00","BZN|FR","Without Sequence","78.83","",""
"04/08/2025 07:15:00 - 04/08/2025 07:30:00","BZN|FR","Without Sequence","78.83","",""
"04/08/2025 07:30:00 - 04/08/2025 07:45:00","BZN|FR","Without Sequence","78.83","",""
"04/08/2025 07:45:00 - 04/08/2025 08:00:00","BZN|FR","Without Sequence","78.83","",""
"04/08/2025 08:00:00 - 04/08/2025 08:15:00","BZN|FR","Without Sequence","78.43","",""
"04/08/2025 08:15:00 - 04/08/2025 08:30:00","BZN|FR","Without Sequence","78.43","",""
"04/08/2025 08:30:00 - 04/08/2025 08:45:00","BZN|FR","Without Sequence","78.43","",""
"04/08/2025 08:45:00 - 04/08/2025 09:00:00","BZN|FR","Without Sequence","78.43","",""
"04/08/2025 09:00:00 - 04/08/2025 09:15:00","BZN|FR","Without Sequence","52.57","",""
"04/08/2025 09:15:00 - 04/08/2025 09:30:00","BZN|FR","Without Sequence","52.57","",""
"04/08/2025 09:30:00 - 04/08/2025 09:45:00","BZN|FR","Without Sequence","52.57","",""
"04/08/2025 09:45:00 - 04/08/2025 10:00:00","BZN|FR","Without Sequence","52.57","",""
"04/08/2025 10:00:00 - 04/08/2025 10:15:00","BZN|FR","Without Sequence","30.00","",""
"04/08/2025 10:15:00 - 04/08/2025 10:30:00","BZN|FR","Without Sequence","30.00","",""
"04/08/2025 10:30:00 - 04/08/2025 10:45:00","BZN|FR","Without Sequence","30.00","",""
"04/08/2025 10:45:00 - 04/08/2025 11:00:00","BZN|FR","Without Sequence","30.00","",""
"04/08/2025 11:00:00 - 04/08/2025 11:15:00","BZN|FR","Without Sequence","13.75","",""
"04/08/2025 11:15:00 - 04/08/2025 11:30:00","BZN|FR","Without Sequence","13.75","",""
"04/08/2025 11:30:00 - 04/08/2025 11:45:00","BZN|FR","Without Sequence","13.75","",""
"04/08/2025 11:45:00 - 04/08/2025 12:00:00","BZN|FR","Without Sequence","13.75","",""
"04/08/2025 12:00:00 - 04/08/2025 12:15:00","BZN|FR","Without Sequence","6.76","",""
"04/08/2025 12:15:00 - 04/08/2025 12:30:00","BZN|FR","Without Sequence","6.76","",""
"04/08/2025 12:30:00 - 04/08/2025 12:45:00","BZN|FR","Without Sequence","6.76","",""
"04/08/2025 12:45:00 - 04/08/2025 13:00:00","BZN|FR","Without Sequence","6.76","",""
"04/08/2025 13:00:00 - 04/08/2025 13:15:00","BZN|FR","Without Sequence","4.05","",""
"04/08/2025 13:15:00 - 04/08/2025 13:30:00","BZN|FR","Without Sequence","4.05","",""
"04/08/2025 13:30:00 - 04/08/2025 13:45:00","BZN|FR","Without Sequence","4.05","",""
"04/08/2025 13:45:00 - 04/08/2025 14:00:00","BZN|FR","Without Sequence","4.05","",""
"04/08/2025 14:00:00 - 04/08/2025 14:15:00","BZN|FR","Without Sequence","0.65","",""
"04/08/2025 14:15:00 - 04/08/2025 14:30:00","BZN|FR","Without Sequence","0.65","",""
"04/08/2025 14:30:00 - 04/08/2025 14:45:00","BZN|FR","Without Sequence","0.65","",""
"04/08/2025 14:45:00 - 04/08/2025 15:00:00","BZN|FR","Without Sequence","0.65","",""
"04/08/2025 15:00:00 - 04/08/2025 15:15:00","BZN|FR","Without Sequence","0.00","",""
"04/08/2025 15:15:00 - 04/08/2025 15:30:00","BZN|FR","Without Sequence","0.00","",""
"04/08/2025 15:30:00 - 04/08/2025 15:45:00","BZN|FR","Without Sequence","0.00","",""
"04/08/2025 15:45:00 - 04/08/2025 16:00:00","BZN|FR","Without Sequence","0.00","",""
"04/08/2025 16:00:00 - 04/08/2025 16:15:00","BZN|FR","Without Sequence","5.79","",""
"04/08/2025 16:15:00 - 04/08/2025 16:30:00","BZN|FR","Without Sequence","5.79","",""
"04/08/2025 16:30:00 - 04/08/2025 16:45:00","BZN|FR","Without Sequence","5.79","",""
"04/08/2025 16:45:00 - 04/08/2025 17:00:00","BZN|FR","Without Sequence","5.79","",""
"04/08/2025 17:00:00 - 04/08/2025 17:15:00","BZN|FR","Without Sequence","7.28","",""
"04/08/2025 17:15:00 - 04/08/2025 17:30:00","BZN|FR","Without Sequence","7.28","",""
"04/08/2025 17:30:00 - 04/08/2025 17:45:00","BZN|FR","Without Sequence","7.28","",""
"04/08/2025 17:45:00 - 04/08/2025 18:00:00","BZN|FR","Without Sequence","7.28","",""
"04/08/2025 18:00:00 - 04/08/2025 18:15:00","BZN|FR","Without Sequence","38.94","",""
"04/08/2025 18:15:00 - 04/08/2025 18:30:00","BZN|FR","Without Sequence","38.94","",""
"04/08/2025 18:30:00 - 04/08/2025 18:45:00","BZN|FR","Without Sequence","38.94","",""
"04/08/2025 18:45:00 - 04/08/2025 19:00:00","BZN|FR","Without Sequence","38.94","",""
"04/08/2025 19:00:00 - 04/08/2025 19:15:00","BZN|FR","Without Sequence","63.70","",""
"04/08/2025 19:15:00 - 04/08/2025 19:30:00","BZN|FR","Without Sequence","63.70","",""
"04/08/2025 19:30:00 - 04/08/2025 19:45:00","BZN|FR","Without Sequence","63.70","",""
"04/08/2025 19:45:00 - 04/08/2025 20:00:00","BZN|FR","Without Sequence","63.70","",""
"04/08/2025 20:00:00 - 04/08/2025 20:15:00","BZN|FR","Without Sequence","70.25","",""
"04/08/2025 20:15:00 - 04/08/2025 20:30:00","BZN|FR","Without Sequence","70.25","",""
"04/08/2025 20:30:00 - 04/08/2025 20:45:00","BZN|FR","Without Sequence","70.25","",""
"04/08/2025 20:45:00 - 04/08/2025 21:00:00","BZN|FR","Without Sequence","70.25","",""
"04/08/2025 21:00:00 - 04/08/2025 21:15:00","BZN|FR","Without Sequence","74.00","",""
"04/08/2025 21:15:00 - 04/08/2025 21:30:00","BZN|FR","Without Sequence","74.00","",""
"04/08/2025 21:30:00 - 04/08/2025 21:45:00","BZN|FR","Without Sequence","74.00","",""
"04/08/2025 21:45:00 - 04/08/2025 22:00:00","BZN|FR","Without Sequence","74.00","",""
"04/08/2025 22:00:00 - 04/08/2025 22:15:00","BZN|FR","Without Sequence","67.14","",""
"04/08/2025 22:15:00 - 04/08/2025 22:30:00","BZN|FR","Without Sequence","67.14","",""
"04/08/2025 22:30:00 - 04/08/2025 22:45:00","BZN|FR","Without Sequence","67.14","",""
"04/08/2025 22:45:00 - 04/08/2025 23:00:00","BZN|FR","Without Sequence","67.14","",""
"04/08/2025 23:00:00 - 04/08/2025 23:15:00","BZN|FR","Without Sequence","49.40","",""
"04/08/2025 23:15:00 - 04/08/2025 23:30:00","BZN|FR","Without Sequence","49.40","",""
"04/08/2025 23:30:00 - 04/08/2025 23:45:00","BZN|FR","Without Sequence","49.40","",""
"04/08/2025 23:45:00 - 05/08/2025 00:00:00","BZN|FR","Without Sequence","49.40","",""
"05/08/2025 00:00:00 - 05/08/2025 00:15:00","BZN|FR","Without Sequence","8.46","",""
"05/08/2025 00:15:00 - 05/08/2025 00:30:00","BZN|FR","Without Sequence","8.46","",""
"05/08/2025 00:30:00 - 05/08/2025 00:45:00","BZN|FR","Without Sequence","8.46","",""
"05/08/2025 00:45:00 - 05/08/2025 01:00:00","BZN|FR","Without Sequence","8.46","",""
"05/08/2025 01:00:00 - 05/08/2025 01:15:00","BZN|FR","Without Sequence","-0.07","",""
"05/08/2025 01:15:00 - 05/08/2025 01:30:00","BZN|FR","Without Sequence","-0.07","",""
"05/08/2025 01:30:00 - 05/08/2025 01:45:00","BZN|FR","Without Sequence","-0.07","",""
"05/08/2025 01:45:00 - 05/08/2025 02:00:00","BZN|FR","Without Sequence","-0.07","",""
"05/08/2025 02:00:00 - 05/08/2025 02:15:00","BZN|FR","Without Sequence","-0.01","",""
"05/08/2025 02:15:00 - 05/08/2025 02:30:00","BZN|FR","Without Sequence","-0.01","",""
"05/08/2025 02:30:00 - 05/08/2025 02:45:00","BZN|FR","Without Sequence","-0.01","",""
"05/08/2025 02:45:00 - 05/08/2025 03:00:00","BZN|FR","Without Sequence","-0.01","",""
"05/08/2025 03:00:00 - 05/08/2025 03:15:00","BZN|FR","Without Sequence","-0.06","",""
"05/08/2025 03:15:00 - 05/08/2025 03:30:00","BZN|FR","Without Sequence","-0.06","",""
"05/08/2025 03:30:00 - 05/08/2025 03:45:00","BZN|FR","Without Sequence","-0.06","",""
"05/08/2025 03:45:00 - 05/08/2025 04:00:00","BZN|FR","Without Sequence","-0.06","",""
"05/08/2025 04:00:00 - 05/08/2025 04:15:00","BZN|FR","Without Sequence","-0.25","",""
"05/08/2025 04:15:00 - 05/08/2025 04:30:00","BZN|FR","Without Sequence","-0.25","",""
"05/08/2025 04:30:00 - 05/08/2025 04:45:00","BZN|FR","Without Sequence","-0.25","",""
"05/08/2025 04:45:00 - 05/08/2025 05:00:00","BZN|FR","Without Sequence","-0.25","",""
"05/08/2025 05:00:00 - 05/08/2025 05:15:00","BZN|FR","Without Sequence","-0.11","",""
"05/08/2025 05:15:00 - 05/08/2025 05:30:00","BZN|FR","Without Sequence","-0.11","",""
"05/08/2025 05:30:00 - 05/08/2025 05:45:00","BZN|FR","Without Sequence","-0.11","",""
"05/08/2025 05:45:00 - 05/08/2025 06:00:00","BZN|FR","Without Sequence","-0.11","",""
"05/08/2025 06:00:00 - 05/08/2025 06:15:00","BZN|FR","Without Sequence","0.02","",""
"05/08/2025 06:15:00 - 05/08/2025 06:30:00","BZN|FR","Without Sequence","0.02","",""
"05/08/2025 06:30:00 - 05/08/2025 06:45:00","BZN|FR","Without Sequence","0.02","",""
"05/08/2025 06:45:00 - 05/08/2025 07:00:00","BZN|FR","Without Sequence","0.02","",""
"05/08/2025 07:00:00 - 05/08/2025 07:15:00","BZN|FR","Without Sequence","2.77","",""
"05/08/2025 07:15:00 - 05/08/2025 07:30:00","BZN|FR","Without Sequence","2.77","",""
"05/08/2025 07:30:00 - 05/08/2025 07:45:00","BZN|FR","Without Sequence","2.77","",""
"05/08/2025 07:45:00 - 05/08/2025 08:00:00","BZN|FR","Without Sequence","2.77","",""
"05/08/2025 08:00:00 - 05/08/2025 08:15:00","BZN|FR","Without Sequence","0.00","",""
"05/08/2025 08:15:00 - 05/08/2025 08:30:00","BZN|FR","Without Sequence","0.00","",""
"05/08/2025 08:30:00 - 05/08/2025 08:45:00","BZN|FR","Without Sequence","0.00","",""
"05/08/2025 08:45:00 - 05/08/2025 09:00:00","BZN|FR","Without Sequence","0.00","",""
"05/08/2025 09:00:00 - 05/08/2025 09:15:00","BZN|FR","Without Sequence","-0.03","",""
"05/08/2025 09:15:00 - 05/08/2025 09:30:00","BZN|FR","Without Sequence","-0.03","",""
"05/08/2025 09:30:00 - 05/08/2025 09:45:00","BZN|FR","Without Sequence","-0.03","",""
"05/08/2025 09:45:00 - 05/08/2025 10:00:00","BZN|FR","Without Sequence","-0.03","",""
"05/08/2025 10:00:00 - 05/08/2025 10:15:00","BZN|FR","Without Sequence","-2.78","",""
"05/08/2025 10:15:00 - 05/08/2025 10:30:00","BZN|FR","Without Sequence","-2.78","",""
"05/08/2025 10:30:00 - 05/08/2025 10:45:00","BZN|FR","Without Sequence","-2.78","",""
"05/08/2025 10:45:00 - 05/08/2025 11:00:00","BZN|FR","Without Sequence","-2.78","",""
"05/08/2025 11:00:00 - 05/08/2025 11:15:00","BZN|FR","Without Sequence","-3.54","",""
"05/08/2025 11:15:00 - 05/08/2025 11:30:00","BZN|FR","Without Sequence","-3.54","",""
"05/08/2025 11:30:00 - 05/08/2025 11:45:00","BZN|FR","Without Sequence","-3.54","",""
"05/08/2025 11:45:00 - 05/08/2025 12:00:00","BZN|FR","Without Sequence","-3.54","",""
"05/08/2025 12:00:00 - 05/08/2025 12:15:00","BZN|FR","Without Sequence","-9.65","",""
"05/08/2025 12:15:00 - 05/08/2025 12:30:00","BZN|FR","Without Sequence","-9.65","",""
"05/08/2025 12:30:00 - 05/08/2025 12:45:00","BZN|FR","Without Sequence","-9.65","",""
"05/08/2025 12:45:00 - 05/08/2025 13:00:00","BZN|FR","Without Sequence","-9.65","",""
"05/08/2025 13:00:00 - 05/08/2025 13:15:00","BZN|FR","Without Sequence","-24.02","",""
"05/08/2025 13:15:00 - 05/08/2025 13:30:00","BZN|FR","Without Sequence","-24.02","",""
"05/08/2025 13:30:00 - 05/08/2025 13:45:00","BZN|FR","Without Sequence","-24.02","",""
"05/08/2025 13:45:00 - 05/08/2025 14:00:00","BZN|FR","Without Sequence","-24.02","",""
"05/08/2025 14:00:00 - 05/08/2025 14:15:00","BZN|FR","Without Sequence","-19.50","",""
"05/08/2025 14:15:00 - 05/08/2025 14:30:00","BZN|FR","Without Sequence","-19.50","",""
"05/08/2025 14:30:00 - 05/08/2025 14:45:00","BZN|FR","Without Sequence","-19.50","",""
"05/08/2025 14:45:00 - 05/08/2025 15:00:00","BZN|FR","Without Sequence","-19.50","",""
"05/08/2025 15:00:00 - 05/08/2025 15:15:00","BZN|FR","Without Sequence","-14.94","",""
"05/08/2025 15:15:00 - 05/08/2025 15:30:00","BZN|FR","Without Sequence","-14.94","",""
"05/08/2025 15:30:00 - 05/08/2025 15:45:00","BZN|FR","Without Sequence","-14.94","",""
"05/08/2025 15:45:00 - 05/08/2025 16:00:00","BZN|FR","Without Sequence","-14.94","",""
"05/08/2025 16:00:00 - 05/08/2025 16:15:00","BZN|FR","Without Sequence","-14.44","",""
"05/08/2025 16:15:00 - 05/08/2025 16:30:00","BZN|FR","Without Sequence","-14.44","",""
"05/08/2025 16:30:00 - 05/08/2025 16:45:00","BZN|FR","Without Sequence","-14.44","",""
"05/08/2025 16:45:00 - 05/08/2025 17:00:00","BZN|FR","Without Sequence","-14.44","",""
"05/08/2025 17:00:00 - 05/08/2025 17:15:00","BZN|FR","Without Sequence","-0.02","",""
"05/08/2025 17:15:00 - 05/08/2025 17:30:00","BZN|FR","Without Sequence","-0.02","",""
"05/08/2025 17:30:00 - 05/08/2025 17:45:00","BZN|FR","Without Sequence","-0.02","",""
"05/08/2025 17:45:00 - 05/08/2025 18:00:00","BZN|FR","Without Sequence","-0.02","",""
"05/08/2025 18:00:00 - 05/08/2025 18:15:00","BZN|FR","Without Sequence","3.00","",""
"05/08/2025 18:15:00 - 05/08/2025 18:30:00","BZN|FR","Without Sequence","3.00","",""
"05/08/2025 18:30:00 - 05/08/2025 18:45:00","BZN|FR","Without Sequence","3.00","",""
"05/08/2025 18:45:00 - 05/08/2025 19:00:00","BZN|FR","Without Sequence","3.00","",""
"05/08/2025 19:00:00 - 05/08/2025 19:15:00","BZN|FR","Without Sequence","46.40","",""
"05/08/2025 19:15:00 - 05/08/2025 19:30:00","BZN|FR","Without Sequence","46.40","",""
"05/08/2025 19:30:00 - 05/08/2025 19:45:00","BZN|FR","Without Sequence","46.40","",""
"05/08/2025 19:45:00 - 05/08/2025 20:00:00","BZN|FR","Without Sequence","46.40","",""
"05/08/2025 20:00:00 - 05/08/2025 20:15:00","BZN|FR","Without Sequence","73.50","",""
"05/08/2025 20:15:00 - 05/08/2025 20:30:00","BZN|FR","Without Sequence","73.50","",""
"05/08/2025 20:30:00 - 05/08/2025 20:45:00","BZN|FR","Without Sequence","73.50","",""
"05/08/2025 20:45:00 - 05/08/2025 21:00:00","BZN|FR","Without Sequence","73.50","",""
"05/08/2025 21:00:00 - 05/08/2025 21:15:00","BZN|FR","Without Sequence","82.56","",""
"05/08/2025 21:15:00 - 05/08/2025 21:30:00","BZN|FR","Without Sequence","82.56","",""
"05/08/2025 21:30:00 - 05/08/2025 21:45:00","BZN|FR","Without Sequence","82.56","",""
"05/08/2025 21:45:00 - 05/08/2025 22:00:00","BZN|FR","Without Sequence","82.56","",""
"05/08/2025 22:00:00 - 05/08/2025 22:15:00","BZN|FR","Without Sequence","88.22","",""
"05/08/2025 22:15:00 - 05/08/2025 22:30:00","BZN|FR","Without Sequence","88.22","",""
"05/08/2025 22:30:00 - 05/08/2025 22:45:00","BZN|FR","Without Sequence","88.22","",""
"05/08/2025 22:45:00 - 05/08/2025 23:00:00","BZN|FR","Without Sequence","88.22","",""
"05/08/2025 23:00:00 - 05/08/2025 23:15:00","BZN|FR","Without Sequence","74.95","",""
"05/08/2025 23:15:00 - 05/08/2025 23:30:00","BZN|FR","Without Sequence","74.95","",""
"05/08/2025 23:30:00 - 05/08/2025 23:45:00","BZN|FR","Without Sequence","74.95","",""
"05/08/2025 23:45:00 - 06/08/2025 00:00:00","BZN|FR","Without Sequence","74.95","",""
"06/08/2025 00:00:00 - 06/08/2025 00:15:00","BZN|FR","Without Sequence","75.63","",""
"06/08/2025 00:15:00 - 06/08/2025 00:30:00","BZN|FR","Without Sequence","75.63","",""
"06/08/2025 00:30:00 - 06/08/2025 00:45:00","BZN|FR","Without Sequence","75.63","",""
"06/08/2025 00:45:00 - 06/08/2025 01:00:00","BZN|FR","Without Sequence","75.63","",""
"06/08/2025 01:00:00 - 06/08/2025 01:15:00","BZN|FR","Without Sequence","40.07","",""
"06/08/2025 01:15:00 - 06/08/2025 01:30:00","BZN|FR","Without Sequence","40.07","",""
"06/08/2025 01:30:00 - 06/08/2025 01:45:00","BZN|FR","Without Sequence","40.07","",""
"06/08/2025 01:45:00 - 06/08/2025 02:00:00","BZN|FR","Without Sequence","40.07","",""
"06/08/2025 02:00:00 - 06/08/2025 02:15:00","BZN|FR","Without Sequence","34.80","",""
"06/08/2025 02:15:00 - 06/08/2025 02:30:00","BZN|FR","Without Sequence","34.80","",""
"06/08/2025 02:30:00 - 06/08/2025 02:45:00","BZN|FR","Without Sequence","34.80","",""
"06/08/2025 02:45:00 - 06/08/2025 03:00:00","BZN|FR","Without Sequence","34.80","",""
"06/08/2025 03:00:00 - 06/08/2025 03:15:00","BZN|FR","Without Sequence","31.10","",""
"06/08/2025 03:15:00 - 06/08/2025 03:30:00","BZN|FR","Without Sequence","31.10","",""
"06/08/2025 03:30:00 - 06/08/2025 03:45:00","BZN|FR","Without Sequence","31.10","",""
"06/08/2025 03:45:00 - 06/08/2025 04:00:00","BZN|FR","Without Sequence","31.10","",""
"06/08/2025 04:00:00 - 06/08/2025 04:15:00","BZN|FR","Without Sequence","41.95","",""
"06/08/2025 04:15:00 - 06/08/2025 04:30:00","BZN|FR","Without Sequence","41.95","",""
"06/08/2025 04:30:00 - 06/08/2025 04:45:00","BZN|FR","Without Sequence","41.95","",""
"06/08/2025 04:45:00 - 06/08/2025 05:00:00","BZN|FR","Without Sequence","41.95","",""
"06/08/2025 05:00:00 - 06/08/2025 05:15:00","BZN|FR","Without Sequence","47.55","",""
"06/08/2025 05:15:00 - 06/08/2025 05:30:00","BZN|FR","Without Sequence","47.55","",""
"06/08/2025 05:30:00 - 06/08/2025 05:45:00","BZN|FR","Without Sequence","47.55","",""
"06/08/2025 05:45:00 - 06/08/2025 06:00:00","BZN|FR","Without Sequence","47.55","",""
"06/08/2025 06:00:00 - 06/08/2025 06:15:00","BZN|FR","Without Sequence","51.35","",""
"06/08/2025 06:15:00 - 06/08/2025 06:30:00","BZN|FR","Without Sequence","51.35","",""
"06/08/2025 06:30:00 - 06/08/2025 06:45:00","BZN|FR","Without Sequence","51.35","",""
"06/08/2025 06:45:00 - 06/08/2025 07:00:00","BZN|FR","Without Sequence","51.35","",""
"06/08/2025 07:00:00 - 06/08/2025 07:15:00","BZN|FR","Without Sequence","78.89","",""
"06/08/2025 07:15:00 - 06/08/2025 07:30:00","BZN|FR","Without Sequence","78.89","",""
"06/08/2025 07:30:00 - 06/08/2025 07:45:00","BZN|FR","Without Sequence","78.89","",""
"06/08/2025 07:45:00 - 06/08/2025 08:00:00","BZN|FR","Without Sequence","78.89","",""
"06/08/2025 08:00:00 - 06/08/2025 08:15:00","BZN|FR","Without Sequence","83.19","",""
"06/08/2025 08:15:00 - 06/08/2025 08:30:00","BZN|FR","Without Sequence","83.19","",""
"06/08/2025 08:30:00 - 06/08/2025 08:45:00","BZN|FR","Without Sequence","83.19","",""
"06/08/2025 08:45:00 - 06/08/2025 09:00:00","BZN|FR","Without Sequence","83.19","",""
"06/08/2025 09:00:00 - 06/08/2025 09:15:00","BZN|FR","Without Sequence","29.71","",""
"06/08/2025 09:15:00 - 06/08/2025 09:30:00","BZN|FR","Without Sequence","29.71","",""
"06/08/2025 09:30:00 - 06/08/2025 09:45:00","BZN|FR","Without Sequence","29.71","",""
"06/08/2025 09:45:00 - 06/08/2025 10:00:00","BZN|FR","Without Sequence","29.71","",""
"06/08/2025 10:00:00 - 06/08/2025 10:15:00","BZN|FR","Without Sequence","-0.01","",""
"06/08/2025 10:15:00 - 06/08/2025 10:30:00","BZN|FR","Without Sequence","-0.01","",""
"06/08/2025 10:30:00 - 06/08/2025 10:45:00","BZN|FR","Without Sequence","-0.01","",""
"06/08/2025 10:45:00 - 06/08/2025 11:00:00","BZN|FR","Without Sequence","-0.01","",""
"06/08/2025 11:00:00 - 06/08/2025 11:15:00","BZN|FR","Without Sequence","-0.76","",""
"06/08/2025 11:15:00 - 06/08/2025 11:30:00","BZN|FR","Without Sequence","-0.76","",""
"06/08/2025 11:30:00 - 06/08/2025 11:45:00","BZN|FR","Without Sequence","-0.76","",""
"06/08/2025 11:45:00 - 06/08/2025 12:00:00","BZN|FR","Without Sequence","-0.76","",""
"06/08/2025 12:00:00 - 06/08/2025 12:15:00","BZN|FR","Without Sequence","-0.02","",""
"06/08/2025 12:15:00 - 06/08/2025 12:30:00","BZN|FR","Without Sequence","-0.02","",""
"06/08/2025 12:30:00 - 06/08/2025 12:45:00","BZN|FR","Without Sequence","-0.02","",""
"06/08/2025 12:45:00 - 06/08/2025 13:00:00","BZN|FR","Without Sequence","-0.02","",""
"06/08/2025 13:00:00 - 06/08/2025 13:15:00","BZN|FR","Without Sequence","-0.02","",""
"06/08/2025 13:15:00 - 06/08/2025 13:30:00","BZN|FR","Without Sequence","-0.02","",""
"06/08/2025 13:30:00 - 06/08/2025 13:45:00","BZN|FR","Without Sequence","-0.02","",""
"06/08/2025 13:45:00 - 06/08/2025 14:00:00","BZN|FR","Without Sequence","-0.02","",""
"06/08/2025 14:00:00 - 06/08/2025 14:15:00","BZN|FR","Without Sequence","-1.02","",""
"06/08/2025 14:15:00 - 06/08/2025 14:30:00","BZN|FR","Without Sequence","-1.02","",""
"06/08/2025 14:30:00 - 06/08/2025 14:45:00","BZN|FR","Without Sequence","-1.02","",""
"06/08/2025 14:45:00 - 06/08/2025 15:00:00","BZN|FR","Without Sequence","-1.02","",""
"06/08/2025 15:00:00 - 06/08/2025 15:15:00","BZN|FR","Without Sequence","-0.03","",""
"06/08/2025 15:15:00 - 06/08/2025 15:30:00","BZN|FR","Without Sequence","-0.03","",""
"06/08/2025 15:30:00 - 06/08/2025 15:45:00","BZN|FR","Without Sequence","-0.03","",""
"06/08/2025 15:45:00 - 06/08/2025 16:00:00","BZN|FR","Without Sequence","-0.03","",""
"06/08/2025 16:00:00 - 06/08/2025 16:15:00","BZN|FR","Without Sequence","3.18","",""
"06/08/2025 16:15:00 - 06/08/2025 16:30:00","BZN|FR","Without Sequence","3.18","",""
"06/08/2025 16:30:00 - 06/08/2025 16:45:00","BZN|FR","Without Sequence","3.18","",""
"06/08/2025 16:45:00 - 06/08/2025 17:00:00","BZN|FR","Without Sequence","3.18","",""
"06/08/2025 17:00:00 - 06/08/2025 17:15:00","BZN|FR","Without Sequence","52.00","",""
"06/08/2025 17:15:00 - 06/08/2025 17:30:00","BZN|FR","Without Sequence","52.00","",""
"06/08/2025 17:30:00 - 06/08/2025 17:45:00","BZN|FR","Without Sequence","52.00","",""
"06/08/2025 17:45:00 - 06/08/2025 18:00:00","BZN|FR","Without Sequence","52.00","",""
"06/08/2025 18:00:00 - 06/08/2025 18:15:00","BZN|FR","Without Sequence","80.32","",""
"06/08/2025 18:15:00 - 06/08/2025 18:30:00","BZN|FR","Without Sequence","80.32","",""
"06/08/2025 18:30:00 - 06/08/2025 18:45:00","BZN|FR","Without Sequence","80.32","",""
"06/08/2025 18:45:00 - 06/08/2025 19:00:00","BZN|FR","Without Sequence","80.32","",""
"06/08/2025 19:00:00 - 06/08/2025 19:15:00","BZN|FR","Without Sequence","106.22","",""
"06/08/2025 19:15:00 - 06/08/2025 19:30:00","BZN|FR","Without Sequence","106.22","",""
"06/08/2025 19:30:00 - 06/08/2025 19:45:00","BZN|FR","Without Sequence","106.22","",""
"06/08/2025 19:45:00 - 06/08/2025 20:00:00","BZN|FR","Without Sequence","106.22","",""
"06/08/2025 20:00:00 - 06/08/2025 20:15:00","BZN|FR","Without Sequence","114.64","",""
"06/08/2025 20:15:00 - 06/08/2025 20:30:00","BZN|FR","Without Sequence","114.64","",""
"06/08/2025 20:30:00 - 06/08/2025 20:45:00","BZN|FR","Without Sequence","114.64","",""
"06/08/2025 20:45:00 - 06/08/2025 21:00:00","BZN|FR","Without Sequence","114.64","",""
"06/08/2025 21:00:00 - 06/08/2025 21:15:00","BZN|FR","Without Sequence","117.02","",""
"06/08/2025 21:15:00 - 06/08/2025 21:30:00","BZN|FR","Without Sequence","117.02","",""
"06/08/2025 21:30:00 - 06/08/2025 21:45:00","BZN|FR","Without Sequence","117.02","",""
"06/08/2025 21:45:00 - 06/08/2025 22:00:00","BZN|FR","Without Sequence","117.02","",""
"06/08/2025 22:00:00 - 06/08/2025 22:15:00","BZN|FR","Without Sequence","110.00","",""
"06/08/2025 22:15:00 - 06/08/2025 22:30:00","BZN|FR","Without Sequence","110.00","",""
"06/08/2025 22:30:00 - 06/08/2025 22:45:00","BZN|FR","Without Sequence","110.00","",""
"06/08/2025 22:45:00 - 06/08/2025 23:00:00","BZN|FR","Without Sequence","110.00","",""
"06/08/2025 23:00:00 - 06/08/2025 23:15:00","BZN|FR","Without Sequence","90.54","",""
"06/08/2025 23:15:00 - 06/08/2025 23:30:00","BZN|FR","Without Sequence","90.54","",""
"06/08/2025 23:30:00 - 06/08/2025 23:45:00","BZN|FR","Without Sequence","90.54","",""
"06/08/2025 23:45:00 - 07/08/2025 00:00:00","BZN|FR","Without Sequence","90.54","",""
"07/08/2025 00:00:00 - 07/08/2025 00:15:00","BZN|FR","Without Sequence","88.42","",""
"07/08/2025 00:15:00 - 07/08/2025 00:30:00","BZN|FR","Without Sequence","88.42","",""
"07/08/2025 00:30:00 - 07/08/2025 00:45:00","BZN|FR","Without Sequence","88.42","",""
"07/08/2025 00:45:00 - 07/08/2025 01:00:00","BZN|FR","Without Sequence","88.42","",""
"07/08/2025 01:00:00 - 07/08/2025 01:15:00","BZN|FR","Without Sequence","61.20","",""
"07/08/2025 01:15:00 - 07/08/2025 01:30:00","BZN|FR","Without Sequence","61.20","",""
"07/08/2025 01:30:00 - 07/08/2025 01:45:00","BZN|FR","Without Sequence","61.20","",""
"07/08/2025 01:45:00 - 07/08/2025 02:00:00","BZN|FR","Without Sequence","61.20","",""
"07/08/2025 02:00:00 - 07/08/2025 02:15:00","BZN|FR","Without Sequence","44.63","",""
"07/08/2025 02:15:00 - 07/08/2025 02:30:00","BZN|FR","Without Sequence","44.63","",""
"07/08/2025 02:30:00 - 07/08/2025 02:45:00","BZN|FR","Without Sequence","44.63","",""
"07/08/2025 02:45:00 - 07/08/2025 03:00:00","BZN|FR","Without Sequence","44.63","",""
"07/08/2025 03:00:00 - 07/08/2025 03:15:00","BZN|FR","Without Sequence","52.66","",""
"07/08/2025 03:15:00 - 07/08/2025 03:30:00","BZN|FR","Without Sequence","52.66","",""
"07/08/2025 03:30:00 - 07/08/2025 03:45:00","BZN|FR","Without Sequence","52.66","",""
"07/08/2025 03:45:00 - 07/08/2025 04:00:00","BZN|FR","Without Sequence","52.66","",""
"07/08/2025 04:00:00 - 07/08/2025 04:15:00","BZN|FR","Without Sequence","46.60","",""
"07/08/2025 04:15:00 - 07/08/2025 04:30:00","BZN|FR","Without Sequence","46.60","",""
"07/08/2025 04:30:00 - 07/08/2025 04:45:00","BZN|FR","Without Sequence","46.60","",""
"07/08/2025 04:45:00 - 07/08/2025 05:00:00","BZN|FR","Without Sequence","46.60","",""
"07/08/2025 05:00:00 - 07/08/2025 05:15:00","BZN|FR","Without Sequence","41.73","",""
"07/08/2025 05:15:00 - 07/08/2025 05:30:00","BZN|FR","Without Sequence","41.73","",""
"07/08/2025 05:30:00 - 07/08/2025 05:45:00","BZN|FR","Without Sequence","41.73","",""
"07/08/2025 05:45:00 - 07/08/2025 06:00:00","BZN|FR","Without Sequence","41.73","",""
"07/08/2025 06:00:00 - 07/08/2025 06:15:00","BZN|FR","Without Sequence","42.97","",""
"07/08/2025 06:15:00 - 07/08/2025 06:30:00","BZN|FR","Without Sequence","42.97","",""
"07/08/2025 06:30:00 - 07/08/2025 06:45:00","BZN|FR","Without Sequence","42.97","",""
"07/08/2025 06:45:00 - 07/08/2025 07:00:00","BZN|FR","Without Sequence","42.97","",""
"07/08/2025 07:00:00 - 07/08/2025 07:15:00","BZN|FR","Without Sequence","71.97","",""
"07/08/2025 07:15:00 - 07/08/2025 07:30:00","BZN|FR","Without Sequence","71.97","",""
"07/08/2025 07:30:00 - 07/08/2025 07:45:00","BZN|FR","Without Sequence","71.97","",""
"07/08/2025 07:45:00 - 07/08/2025 08:00:00","BZN|FR","Without Sequence","71.97","",""
"07/08/2025 08:00:00 - 07/08/2025 08:15:00","BZN|FR","Without Sequence","77.02","",""
"07/08/2025 08:15:00 - 07/08/2025 08:30:00","BZN|FR","Without Sequence","77.02","",""
"07/08/2025 08:30:00 - 07/08/2025 08:45:00","BZN|FR","Without Sequence","77.02","",""
"07/08/2025 08:45:00 - 07/08/2025 09:00:00","BZN|FR","Without Sequence","77.02","",""
"07/08/2025 09:00:00 - 07/08/2025 09:15:00","BZN|FR","Without Sequence","71.65","",""
"07/08/2025 09:15:00 - 07/08/2025 09:30:00","BZN|FR","Without Sequence","71.65","",""
"07/08/2025 09:30:00 - 07/08/2025 09:45:00","BZN|FR","Without Sequence","71.65","",""
"07/08/2025 09:45:00 - 07/08/2025 10:00:00","BZN|FR","Without Sequence","71.65","",""
"07/08/2025 10:00:00 - 07/08/2025 10:15:00","BZN|FR","Without Sequence","22.23","",""
"07/08/2025 10:15:00 - 07/08/2025 10:30:00","BZN|FR","Without Sequence","22.23","",""
"07/08/2025 10:30:00 - 07/08/2025 10:45:00","BZN|FR","Without Sequence","22.23","",""
"07/08/2025 10:45:00 - 07/08/2025 11:00:00","BZN|FR","Without Sequence","22.23","",""
"07/08/2025 11:00:00 - 07/08/2025 11:15:00","BZN|FR","Without Sequence","0.00","",""
"07/08/2025 11:15:00 - 07/08/2025 11:30:00","BZN|FR","Without Sequence","0.00","",""
"07/08/2025 11:30:00 - 07/08/2025 11:45:00","BZN|FR","Without Sequence","0.00","",""
"07/08/2025 11:45:00 - 07/08/2025 12:00:00","BZN|FR","Without Sequence","0.00","",""
"07/08/2025 12:00:00 - 07/08/2025 12:15:00","BZN|FR","Without Sequence","-0.01","",""
"07/08/2025 12:15:00 - 07/08/2025 12:30:00","BZN|FR","Without Sequence","-0.01","",""
"07/08/2025 12:30:00 - 07/08/2025 12:45:00","BZN|FR","Without Sequence","-0.01","",""
"07/08/2025 12:45:00 - 07/08/2025 13:00:00","BZN|FR","Without Sequence","-0.01","",""
"07/08/2025 13:00:00 - 07/08/2025 13:15:00","BZN|FR","Without Sequence","-0.02","",""
"07/08/2025 13:15:00 - 07/08/2025 13:30:00","BZN|FR","Without Sequence","-0.02","",""
"07/08/2025 13:30:00 - 07/08/2025 13:45:00","BZN|FR","Without Sequence","-0.02","",""
"07/08/2025 13:45:00 - 07/08/2025 14:00:00","BZN|FR","Without Sequence","-0.02","",""
"07/08/2025 14:00:00 - 07/08/2025 14:15:00","BZN|FR","Without Sequence","-0.07","",""
"07/08/2025 14:15:00 - 07/08/2025 14:30:00","BZN|FR","Without Sequence","-0.07","",""
"07/08/2025 14:30:00 - 07/08/2025 14:45:00","BZN|FR","Without Sequence","-0.07","",""
"07/08/2025 14:45:00 - 07/08/2025 15:00:00","BZN|FR","Without Sequence","-0.07","",""
"07/08/2025 15:00:00 - 07/08/2025 15:15:00","BZN|FR","Without Sequence","-0.01","",""
"07/08/2025 15:15:00 - 07/08/2025 15:30:00","BZN|FR","Without Sequence","-0.01","",""
"07/08/2025 15:30:00 - 07/08/2025 15:45:00","BZN|FR","Without Sequence","-0.01","",""
"07/08/2025 15:45:00 - 07/08/2025 16:00:00","BZN|FR","Without Sequence","-0.01","",""
"07/08/2025 16:00:00 - 07/08/2025 16:15:00","BZN|FR","Without Sequence","3.81","",""
"07/08/2025 16:15:00 - 07/08/2025 16:30:00","BZN|FR","Without Sequence","3.81","",""
"07/08/2025 16:30:00 - 07/08/2025 16:45:00","BZN|FR","Without Sequence","3.81","",""
"07/08/2025 16:45:00 - 07/08/2025 17:00:00","BZN|FR","Without Sequence","3.81","",""
"07/08/2025 17:00:00 - 07/08/2025 17:15:00","BZN|FR","Without Sequence","48.97","",""
"07/08/2025 17:15:00 - 07/08/2025 17:30:00","BZN|FR","Without Sequence","48.97","",""
"07/08/2025 17:30:00 - 07/08/2025 17:45:00","BZN|FR","Without Sequence","48.97","",""
"07/08/2025 17:45:00 - 07/08/2025 18:00:00","BZN|FR","Without Sequence","48.97","",""
"07/08/2025 18:00:00 - 07/08/2025 18:15:00","BZN|FR","Without Sequence","70.00","",""
"07/08/2025 18:15:00 - 07/08/2025 18:30:00","BZN|FR","Without Sequence","70.00","",""
"07/08/2025 18:30:00 - 07/08/2025 18:45:00","BZN|FR","Without Sequence","70.00","",""
"07/08/2025 18:45:00 - 07/08/2025 19:00:00","BZN|FR","Without Sequence","70.00","",""
"07/08/2025 19:00:00 - 07/08/2025 19:15:00","BZN|FR","Without Sequence","101.53","",""
"07/08/2025 19:15:00 - 07/08/2025 19:30:00","BZN|FR","Without Sequence","101.53","",""
"07/08/2025 19:30:00 - 07/08/2025 19:45:00","BZN|FR","Without Sequence","101.53","",""
"07/08/2025 19:45:00 - 07/08/2025 20:00:00","BZN|FR","Without Sequence","101.53","",""
"07/08/2025 20:00:00 - 07/08/2025 20:15:00","BZN|FR","Without Sequence","115.42","",""
"07/08/2025 20:15:00 - 07/08/2025 20:30:00","BZN|FR","Without Sequence","115.42","",""
"07/08/2025 20:30:00 - 07/08/2025 20:45:00","BZN|FR","Without Sequence","115.42","",""
"07/08/2025 20:45:00 - 07/08/2025 21:00:00","BZN|FR","Without Sequence","115.42","",""
"07/08/2025 21:00:00 - 07/08/2025 21:15:00","BZN|FR","Without Sequence","110.74","",""
"07/08/2025 21:15:00 - 07/08/2025 21:30:00","BZN|FR","Without Sequence","110.74","",""
"07/08/2025 21:30:00 - 07/08/2025 21:45:00","BZN|FR","Without Sequence","110.74","",""
"07/08/2025 21:45:00 - 07/08/2025 22:00:00","BZN|FR","Without Sequence","110.74","",""
"07/08/2025 22:00:00 - 07/08/2025 22:15:00","BZN|FR","Without Sequence","110.00","",""
"07/08/2025 22:15:00 - 07/08/2025 22:30:00","BZN|FR","Without Sequence","110.00","",""
"07/08/2025 22:30:00 - 07/08/2025 22:45:00","BZN|FR","Without Sequence","110.00","",""
"07/08/2025 22:45:00 - 07/08/2025 23:00:00","BZN|FR","Without Sequence","110.00","",""
"07/08/2025 23:00:00 - 07/08/2025 23:15:00","BZN|FR","Without Sequence","101.28","",""
"07/08/2025 23:15:00 - 07/08/2025 23:30:00","BZN|FR","Without Sequence","101.28","",""
"07/08/2025 23:30:00 - 07/08/2025 23:45:00","BZN|FR","Without Sequence","101.28","",""
"07/08/2025 23:45:00 - 08/08/2025 00:00:00","BZN|FR","Without Sequence","101.28","",""
"08/08/2025 00:00:00 - 08/08/2025 00:15:00","BZN|FR","Without Sequence","72.13","",""
"08/08/2025 00:15:00 - 08/08/2025 00:30:00","BZN|FR","Without Sequence","72.13","",""
"08/08/2025 00:30:00 - 08/08/2025 00:45:00","BZN|FR","Without Sequence","72.13","",""
"08/08/2025 00:45:00 - 08/08/2025 01:00:00","BZN|FR","Without Sequence","72.13","",""
"08/08/2025 01:00:00 - 08/08/2025 01:15:00","BZN|FR","Without Sequence","64.44","",""
"08/08/2025 01:15:00 - 08/08/2025 01:30:00","BZN|FR","Without Sequence","64.44","",""
"08/08/2025 01:30:00 - 08/08/2025 01:45:00","BZN|FR","Without Sequence","64.44","",""
"08/08/2025 01:45:00 - 08/08/2025 02:00:00","BZN|FR","Without Sequence","64.44","",""
"08/08/2025 02:00:00 - 08/08/2025 02:15:00","BZN|FR","Without Sequence","53.67","",""
"08/08/2025 02:15:00 - 08/08/2025 02:30:00","BZN|FR","Without Sequence","53.67","",""
"08/08/2025 02:30:00 - 08/08/2025 02:45:00","BZN|FR","Without Sequence","53.67","",""
"08/08/2025 02:45:00 - 08/08/2025 03:00:00","BZN|FR","Without Sequence","53.67","",""
"08/08/2025 03:00:00 - 08/08/2025 03:15:00","BZN|FR","Without Sequence","47.28","",""
"08/08/2025 03:15:00 - 08/08/2025 03:30:00","BZN|FR","Without Sequence","47.28","",""
"08/08/2025 03:30:00 - 08/08/2025 03:45:00","BZN|FR","Without Sequence","47.28","",""
"08/08/2025 03:45:00 - 08/08/2025 04:00:00","BZN|FR","Without Sequence","47.28","",""
"08/08/2025 04:00:00 - 08/08/2025 04:15:00","BZN|FR","Without Sequence","52.29","",""
"08/08/2025 04:15:00 - 08/08/2025 04:30:00","BZN|FR","Without Sequence","52.29","",""
"08/08/2025 04:30:00 - 08/08/2025 04:45:00","BZN|FR","Without Sequence","52.29","",""
"08/08/2025 04:45:00 - 08/08/2025 05:00:00","BZN|FR","Without Sequence","52.29","",""
"08/08/2025 05:00:00 - 08/08/2025 05:15:00","BZN|FR","Without Sequence","70.28","",""
"08/08/2025 05:15:00 - 08/08/2025 05:30:00","BZN|FR","Without Sequence","70.28","",""
"08/08/2025 05:30:00 - 08/08/2025 05:45:00","BZN|FR","Without Sequence","70.28","",""
"08/08/2025 05:45:00 - 08/08/2025 06:00:00","BZN|FR","Without Sequence","70.28","",""
"08/08/2025 06:00:00 - 08/08/2025 06:15:00","BZN|FR","Without Sequence","73.00","",""
"08/08/2025 06:15:00 - 08/08/2025 06:30:00","BZN|FR","Without Sequence","73.00","",""
"08/08/2025 06:30:00 - 08/08/2025 06:45:00","BZN|FR","Without Sequence","73.00","",""
"08/08/2025 06:45:00 - 08/08/2025 07:00:00","BZN|FR","Without Sequence","73.00","",""
"08/08/2025 07:00:00 - 08/08/2025 07:15:00","BZN|FR","Without Sequence","84.50","",""
"08/08/2025 07:15:00 - 08/08/2025 07:30:00","BZN|FR","Without Sequence","84.50","",""
"08/08/2025 07:30:00 - 08/08/2025 07:45:00","BZN|FR","Without Sequence","84.50","",""
"08/08/2025 07:45:00 - 08/08/2025 08:00:00","BZN|FR","Without Sequence","84.50","",""
"08/08/2025 08:00:00 - 08/08/2025 08:15:00","BZN|FR","Without Sequence","78.69","",""
"08/08/2025 08:15:00 - 08/08/2025 08:30:00","BZN|FR","Without Sequence","78.69","",""
"08/08/2025 08:30:00 - 08/08/2025 08:45:00","BZN|FR","Without Sequence","78.69","",""
"08/08/2025 08:45:00 - 08/08/2025 09:00:00","BZN|FR","Without Sequence","78.69","",""
"08/08/2025 09:00:00 - 08/08/2025 09:15:00","BZN|FR","Without Sequence","68.65","",""
"08/08/2025 09:15:00 - 08/08/2025 09:30:00","BZN|FR","Without Sequence","68.65","",""
"08/08/2025 09:30:00 - 08/08/2025 09:45:00","BZN|FR","Without Sequence","68.65","",""
"08/08/2025 09:45:00 - 08/08/2025 10:00:00","BZN|FR","Without Sequence","68.65","",""
"08/08/2025 10:00:00 - 08/08/2025 10:15:00","BZN|FR","Without Sequence","41.13","",""
"08/08/2025 10:15:00 - 08/08/2025 10:30:00","BZN|FR","Without Sequence","41.13","",""
"08/08/2025 10:30:00 - 08/08/2025 10:45:00","BZN|FR","Without Sequence","41.13","",""
"08/08/2025 10:45:00 - 08/08/2025 11:00:00","BZN|FR","Without Sequence","41.13","",""
"08/08/2025 11:00:00 - 08/08/2025 11:15:00","BZN|FR","Without Sequence","8.46","",""
"08/08/2025 11:15:00 - 08/08/2025 11:30:00","BZN|FR","Without Sequence","8.46","",""
"08/08/2025 11:30:00 - 08/08/2025 11:45:00","BZN|FR","Without Sequence","8.46","",""
"08/08/2025 11:45:00 - 08/08/2025 12:00:00","BZN|FR","Without Sequence","8.46","",""
"08/08/2025 12:00:00 - 08/08/2025 12:15:00","BZN|FR","Without Sequence","0.00","",""
"08/08/2025 12:15:00 - 08/08/2025 12:30:00","BZN|FR","Without Sequence","0.00","",""
"08/08/2025 12:30:00 - 08/08/2025 12:45:00","BZN|FR","Without Sequence","0.00","",""
"08/08/2025 12:45:00 - 08/08/2025 13:00:00","BZN|FR","Without Sequence","0.00","",""
"08/08/2025 13:00:00 - 08/08/2025 13:15:00","BZN|FR","Without Sequence","-0.01","",""
"08/08/2025 13:15:00 - 08/08/2025 13:30:00","BZN|FR","Without Sequence","-0.01","",""
"08/08/2025 13:30:00 - 08/08/2025 13:45:00","BZN|FR","Without Sequence","-0.01","",""
"08/08/2025 13:45:00 - 08/08/2025 14:00:00","BZN|FR","Without Sequence","-0.01","",""
"08/08/2025 14:00:00 - 08/08/2025 14:15:00","BZN|FR","Without Sequence","-0.02","",""
"08/08/2025 14:15:00 - 08/08/2025 14:30:00","BZN|FR","Without Sequence","-0.02","",""
"08/08/2025 14:30:00 - 08/08/2025 14:45:00","BZN|FR","Without Sequence","-0.02","",""
"08/08/2025 14:45:00 - 08/08/2025 15:00:00","BZN|FR","Without Sequence","-0.02","",""
"08/08/2025 15:00:00 - 08/08/2025 15:15:00","BZN|FR","Without Sequence","-0.01","",""
"08/08/2025 15:15:00 - 08/08/2025 15:30:00","BZN|FR","Without Sequence","-0.01","",""
"08/08/2025 15:30:00 - 08/08/2025 15:45:00","BZN|FR","Without Sequence","-0.01","",""
"08/08/2025 15:45:00 - 08/08/2025 16:00:00","BZN|FR","Without Sequence","-0.01","",""
"08/08/2025 16:00:00 - 08/08/2025 16:15:00","BZN|FR","Without Sequence","10.49","",""
"08/08/2025 16:15:00 - 08/08/2025 16:30:00","BZN|FR","Without Sequence","10.49","",""
"08/08/2025 16:30:00 - 08/08/2025 16:45:00","BZN|FR","Without Sequence","10.49","",""
"08/08/2025 16:45:00 - 08/08/2025 17:00:00","BZN|FR","Without Sequence","10.49","",""
"08/08/2025 17:00:00 - 08/08/2025 17:15:00","BZN|FR","Without Sequence","49.77","",""
"08/08/2025 17:15:00 - 08/08/2025 17:30:00","BZN|FR","Without Sequence","49.77","",""
"08/08/2025 17:30:00 - 08/08/2025 17:45:00","BZN|FR","Without Sequence","49.77","",""
"08/08/2025 17:45:00 - 08/08/2025 18:00:00","BZN|FR","Without Sequence","49.77","",""
"08/08/2025 18:00:00 - 08/08/2025 18:15:00","BZN|FR","Without Sequence","68.62","",""
"08/08/2025 18:15:00 - 08/08/2025 18:30:00","BZN|FR","Without Sequence","68.62","",""
"08/08/2025 18:30:00 - 08/08/2025 18:45:00","BZN|FR","Without Sequence","68.62","",""
"08/08/2025 18:45:00 - 08/08/2025 19:00:00","BZN|FR","Without Sequence","68.62","",""
"08/08/2025 19:00:00 - 08/08/2025 19:15:00","BZN|FR","Without Sequence","104.07","",""
"08/08/2025 19:15:00 - 08/08/2025 19:30:00","BZN|FR","Without Sequence","104.07","",""
"08/08/2025 19:30:00 - 08/08/2025 19:45:00","BZN|FR","Without Sequence","104.07","",""
"08/08/2025 19:45:00 - 08/08/2025 20:00:00","BZN|FR","Without Sequence","104.07","",""
"08/08/2025 20:00:00 - 08/08/2025 20:15:00","BZN|FR","Without Sequence","96.16","",""
"08/08/2025 20:15:00 - 08/08/2025 20:30:00","BZN|FR","Without Sequence","96.16","",""
"08/08/2025 20:30:00 - 08/08/2025 20:45:00","BZN|FR","Without Sequence","96.16","",""
"08/08/2025 20:45:00 - 08/08/2025 21:00:00","BZN|FR","Without Sequence","96.16","",""
"08/08/2025 21:00:00 - 08/08/2025 21:15:00","BZN|FR","Without Sequence","77.17","",""
"08/08/2025 21:15:00 - 08/08/2025 21:30:00","BZN|FR","Without Sequence","77.17","",""
"08/08/2025 21:30:00 - 08/08/2025 21:45:00","BZN|FR","Without Sequence","77.17","",""
"08/08/2025 21:45:00 - 08/08/2025 22:00:00","BZN|FR","Without Sequence","77.17","",""
"08/08/2025 22:00:00 - 08/08/2025 22:15:00","BZN|FR","Without Sequence","85.70","",""
"08/08/2025 22:15:00 - 08/08/2025 22:30:00","BZN|FR","Without Sequence","85.70","",""
"08/08/2025 22:30:00 - 08/08/2025 22:45:00","BZN|FR","Without Sequence","85.70","",""
"08/08/2025 22:45:00 - 08/08/2025 23:00:00","BZN|FR","Without Sequence","85.70","",""
"08/08/2025 23:00:00 - 08/08/2025 23:15:00","BZN|FR","Without Sequence","86.20","",""
"08/08/2025 23:15:00 - 08/08/2025 23:30:00","BZN|FR","Without Sequence","86.20","",""
"08/08/2025 23:30:00 - 08/08/2025 23:45:00","BZN|FR","Without Sequence","86.20","",""
"08/08/2025 23:45:00 - 09/08/2025 00:00:00","BZN|FR","Without Sequence","86.20","",""
"09/08/2025 00:00:00 - 09/08/2025 00:15:00","BZN|FR","Without Sequence","86.26","",""
"09/08/2025 00:15:00 - 09/08/2025 00:30:00","BZN|FR","Without Sequence","86.26","",""
"09/08/2025 00:30:00 - 09/08/2025 00:45:00","BZN|FR","Without Sequence","86.26","",""
"09/08/2025 00:45:00 - 09/08/2025 01:00:00","BZN|FR","Without Sequence","86.26","",""
"09/08/2025 01:00:00 - 09/08/2025 01:15:00","BZN|FR","Without Sequence","70.13","",""
"09/08/2025 01:15:00 - 09/08/2025 01:30:00","BZN|FR","Without Sequence","70.13","",""
"09/08/2025 01:30:00 - 09/08/2025 01:45:00","BZN|FR","Without Sequence","70.13","",""
"09/08/2025 01:45:00 - 09/08/2025 02:00:00","BZN|FR","Without Sequence","70.13","",""
"09/08/2025 02:00:00 - 09/08/2025 02:15:00","BZN|FR","Without Sequence","54.77","",""
"09/08/2025 02:15:00 - 09/08/2025 02:30:00","BZN|FR","Without Sequence","54.77","",""
"09/08/2025 02:30:00 - 09/08/2025 02:45:00","BZN|FR","Without Sequence","54.77","",""
"09/08/2025 02:45:00 - 09/08/2025 03:00:00","BZN|FR","Without Sequence","54.77","",""
"09/08/2025 03:00:00 - 09/08/2025 03:15:00","BZN|FR","Without Sequence","42.00","",""
"09/08/2025 03:15:00 - 09/08/2025 03:30:00","BZN|FR","Without Sequence","42.00","",""
"09/08/2025 03:30:00 - 09/08/2025 03:45:00","BZN|FR","Without Sequence","42.00","",""
"09/08/2025 03:45:00 - 09/08/2025 04:00:00","BZN|FR","Without Sequence","42.00","",""
"09/08/2025 04:00:00 - 09/08/2025 04:15:00","BZN|FR","Without Sequence","41.40","",""
"09/08/2025 04:15:00 - 09/08/2025 04:30:00","BZN|FR","Without Sequence","41.40","",""
"09/08/2025 04:30:00 - 09/08/2025 04:45:00","BZN|FR","Without Sequence","41.40","",""
"09/08/2025 04:45:00 - 09/08/2025 05:00:00","BZN|FR","Without Sequence","41.40","",""
"09/08/2025 05:00:00 - 09/08/2025 05:15:00","BZN|FR","Without Sequence","44.03","",""
"09/08/2025 05:15:00 - 09/08/2025 05:30:00","BZN|FR","Without Sequence","44.03","",""
"09/08/2025 05:30:00 - 09/08/2025 05:45:00","BZN|FR","Without Sequence","44.03","",""
"09/08/2025 05:45:00 - 09/08/2025 06:00:00","BZN|FR","Without Sequence","44.03","",""
"09/08/2025 06:00:00 - 09/08/2025 06:15:00","BZN|FR","Without Sequence","50.95","",""
"09/08/2025 06:15:00 - 09/08/2025 06:30:00","BZN|FR","Without Sequence","50.95","",""
"09/08/2025 06:30:00 - 09/08/2025 06:45:00","BZN|FR","Without Sequence","50.95","",""
"09/08/2025 06:45:00 - 09/08/2025 07:00:00","BZN|FR","Without Sequence","50.95","",""
"09/08/2025 07:00:00 - 09/08/2025 07:15:00","BZN|FR","Without Sequence","47.81","",""
"09/08/2025 07:15:00 - 09/08/2025 07:30:00","BZN|FR","Without Sequence","47.81","",""
"09/08/2025 07:30:00 - 09/08/2025 07:45:00","BZN|FR","Without Sequence","47.81","",""
"09/08/2025 07:45:00 - 09/08/2025 08:00:00","BZN|FR","Without Sequence","47.81","",""
"09/08/2025 08:00:00 - 09/08/2025 08:15:00","BZN|FR","Without Sequence","46.33","",""
"09/08/2025 08:15:00 - 09/08/2025 08:30:00","BZN|FR","Without Sequence","46.33","",""
"09/08/2025 08:30:00 - 09/08/2025 08:45:00","BZN|FR","Without Sequence","46.33","",""
"09/08/2025 08:45:00 - 09/08/2025 09:00:00","BZN|FR","Without Sequence","46.33","",""
"09/08/2025 09:00:00 - 09/08/2025 09:15:00","BZN|FR","Without Sequence","15.34","",""
"09/08/2025 09:15:00 - 09/08/2025 09:30:00","BZN|FR","Without Sequence","15.34","",""
"09/08/2025 09:30:00 - 09/08/2025 09:45:00","BZN|FR","Without Sequence","15.34","",""
"09/08/2025 09:45:00 - 09/08/2025 10:00:00","BZN|FR","Without Sequence","15.34","",""
"09/08/2025 10:00:00 - 09/08/2025 10:15:00","BZN|FR","Without Sequence","-0.02","",""
"09/08/2025 10:15:00 - 09/08/2025 10:30:00","BZN|FR","Without Sequence","-0.02","",""
"09/08/2025 10:30:00 - 09/08/2025 10:45:00","BZN|FR","Without Sequence","-0.02","",""
"09/08/2025 10:45:00 - 09/08/2025 11:00:00","BZN|FR","Without Sequence","-0.02","",""
"09/08/2025 11:00:00 - 09/08/2025 11:15:00","BZN|FR","Without Sequence","-1.00","",""
"09/08/2025 11:15:00 - 09/08/2025 11:30:00","BZN|FR","Without Sequence","-1.00","",""
"09/08/2025 11:30:00 - 09/08/2025 11:45:00","BZN|FR","Without Sequence","-1.00","",""
"09/08/2025 11:45:00 - 09/08/2025 12:00:00","BZN|FR","Without Sequence","-1.00","",""
"09/08/2025 12:00:00 - 09/08/2025 12:15:00","BZN|FR","Without Sequence","-0.02","",""
"09/08/2025 12:15:00 - 09/08/2025 12:30:00","BZN|FR","Without Sequence","-0.02","",""
"09/08/2025 12:30:00 - 09/08/2025 12:45:00","BZN|FR","Without Sequence","-0.02","",""
"09/08/2025 12:45:00 - 09/08/2025 13:00:00","BZN|FR","Without Sequence","-0.02","",""
"09/08/2025 13:00:00 - 09/08/2025 13:15:00","BZN|FR","Without Sequence","-4.74","",""
"09/08/2025 13:15:00 - 09/08/2025 13:30:00","BZN|FR","Without Sequence","-4.74","",""
"09/08/2025 13:30:00 - 09/08/2025 13:45:00","BZN|FR","Without Sequence","-4.74","",""
"09/08/2025 13:45:00 - 09/08/2025 14:00:00","BZN|FR","Without Sequence","-4.74","",""
"09/08/2025 14:00:00 - 09/08/2025 14:15:00","BZN|FR","Without Sequence","-7.75","",""
"09/08/2025 14:15:00 - 09/08/2025 14:30:00","BZN|FR","Without Sequence","-7.75","",""
"09/08/2025 14:30:00 - 09/08/2025 14:45:00","BZN|FR","Without Sequence","-7.75","",""
"09/08/2025 14:45:00 - 09/08/2025 15:00:00","BZN|FR","Without Sequence","-7.75","",""
"09/08/2025 15:00:00 - 09/08/2025 15:15:00","BZN|FR","Without Sequence","-3.96","",""
"09/08/2025 15:15:00 - 09/08/2025 15:30:00","BZN|FR","Without Sequence","-3.96","",""
"09/08/2025 15:30:00 - 09/08/2025 15:45:00","BZN|FR","Without Sequence","-3.96","",""
"09/08/2025 15:45:00 - 09/08/2025 16:00:00","BZN|FR","Without Sequence","-3.96","",""
"09/08/2025 16:00:00 - 09/08/2025 16:15:00","BZN|FR","Without Sequence","-0.05","",""
"09/08/2025 16:15:00 - 09/08/2025 16:30:00","BZN|FR","Without Sequence","-0.05","",""
"09/08/2025 16:30:00 - 09/08/2025 16:45:00","BZN|FR","Without Sequence","-0.05","",""
"09/08/2025 16:45:00 - 09/08/2025 17:00:00","BZN|FR","Without Sequence","-0.05","",""
"09/08/2025 17:00:00 - 09/08/2025 17:15:00","BZN|FR","Without Sequence","3.52","",""
"09/08/2025 17:15:00 - 09/08/2025 17:30:00","BZN|FR","Without Sequence","3.52","",""
"09/08/2025 17:30:00 - 09/08/2025 17:45:00","BZN|FR","Without Sequence","3.52","",""
"09/08/2025 17:45:00 - 09/08/2025 18:00:00","BZN|FR","Without Sequence","3.52","",""
"09/08/2025 18:00:00 - 09/08/2025 18:15:00","BZN|FR","Without Sequence","28.61","",""
"09/08/2025 18:15:00 - 09/08/2025 18:30:00","BZN|FR","Without Sequence","28.61","",""
"09/08/2025 18:30:00 - 09/08/2025 18:45:00","BZN|FR","Without Sequence","28.61","",""
"09/08/2025 18:45:00 - 09/08/2025 19:00:00","BZN|FR","Without Sequence","28.61","",""
"09/08/2025 19:00:00 - 09/08/2025 19:15:00","BZN|FR","Without Sequence","69.99","",""
"09/08/2025 19:15:00 - 09/08/2025 19:30:00","BZN|FR","Without Sequence","69.99","",""
"09/08/2025 19:30:00 - 09/08/2025 19:45:00","BZN|FR","Without Sequence","69.99","",""
"09/08/2025 19:45:00 - 09/08/2025 20:00:00","BZN|FR","Without Sequence","69.99","",""
"09/08/2025 20:00:00 - 09/08/2025 20:15:00","BZN|FR","Without Sequence","85.71","",""
"09/08/2025 20:15:00 - 09/08/2025 20:30:00","BZN|FR","Without Sequence","85.71","",""
"09/08/2025 20:30:00 - 09/08/2025 20:45:00","BZN|FR","Without Sequence","85.71","",""
"09/08/2025 20:45:00 - 09/08/2025 21:00:00","BZN|FR","Without Sequence","85.71","",""
"09/08/2025 21:00:00 - 09/08/2025 21:15:00","BZN|FR","Without Sequence","78.95","",""
"09/08/2025 21:15:00 - 09/08/2025 21:30:00","BZN|FR","Without Sequence","78.95","",""
"09/08/2025 21:30:00 - 09/08/2025 21:45:00","BZN|FR","Without Sequence","78.95","",""
"09/08/2025 21:45:00 - 09/08/2025 22:00:00","BZN|FR","Without Sequence","78.95","",""
"09/08/2025 22:00:00 - 09/08/2025 22:15:00","BZN|FR","Without Sequence","86.33","",""
"09/08/2025 22:15:00 - 09/08/2025 22:30:00","BZN|FR","Without Sequence","86.33","",""
"09/08/2025 22:30:00 - 09/08/2025 22:45:00","BZN|FR","Without Sequence","86.33","",""
"09/08/2025 22:45:00 - 09/08/2025 23:00:00","BZN|FR","Without Sequence","86.33","",""
"09/08/2025 23:00:00 - 09/08/2025 23:15:00","BZN|FR","Without Sequence","78.91","",""
"09/08/2025 23:15:00 - 09/08/2025 23:30:00","BZN|FR","Without Sequence","78.91","",""
"09/08/2025 23:30:00 - 09/08/2025 23:45:00","BZN|FR","Without Sequence","78.91","",""
"09/08/2025 23:45:00 - 10/08/2025 00:00:00","BZN|FR","Without Sequence","78.91","",""
"10/08/2025 00:00:00 - 10/08/2025 00:15:00","BZN|FR","Without Sequence","77.88","",""
"10/08/2025 00:15:00 - 10/08/2025 00:30:00","BZN|FR","Without Sequence","77.88","",""
"10/08/2025 00:30:00 - 10/08/2025 00:45:00","BZN|FR","Without Sequence","77.88","",""
"10/08/2025 00:45:00 - 10/08/2025 01:00:00","BZN|FR","Without Sequence","77.88","",""
"10/08/2025 01:00:00 - 10/08/2025 01:15:00","BZN|FR","Without Sequence","67.28","",""
"10/08/2025 01:15:00 - 10/08/2025 01:30:00","BZN|FR","Without Sequence","67.28","",""
"10/08/2025 01:30:00 - 10/08/2025 01:45:00","BZN|FR","Without Sequence","67.28","",""
"10/08/2025 01:45:00 - 10/08/2025 02:00:00","BZN|FR","Without Sequence","67.28","",""
"10/08/2025 02:00:00 - 10/08/2025 02:15:00","BZN|FR","Without Sequence","58.05","",""
"10/08/2025 02:15:00 - 10/08/2025 02:30:00","BZN|FR","Without Sequence","58.05","",""
"10/08/2025 02:30:00 - 10/08/2025 02:45:00","BZN|FR","Without Sequence","58.05","",""
"10/08/2025 02:45:00 - 10/08/2025 03:00:00","BZN|FR","Without Sequence","58.05","",""
"10/08/2025 03:00:00 - 10/08/2025 03:15:00","BZN|FR","Without Sequence","49.32","",""
"10/08/2025 03:15:00 - 10/08/2025 03:30:00","BZN|FR","Without Sequence","49.32","",""
"10/08/2025 03:30:00 - 10/08/2025 03:45:00","BZN|FR","Without Sequence","49.32","",""
"10/08/2025 03:45:00 - 10/08/2025 04:00:00","BZN|FR","Without Sequence","49.32","",""
"10/08/2025 04:00:00 - 10/08/2025 04:15:00","BZN|FR","Without Sequence","46.22","",""
"10/08/2025 04:15:00 - 10/08/2025 04:30:00","BZN|FR","Without Sequence","46.22","",""
"10/08/2025 04:30:00 - 10/08/2025 04:45:00","BZN|FR","Without Sequence","46.22","",""
"10/08/2025 04:45:00 - 10/08/2025 05:00:00","BZN|FR","Without Sequence","46.22","",""
"10/08/2025 05:00:00 - 10/08/2025 05:15:00","BZN|FR","Without Sequence","46.01","",""
"10/08/2025 05:15:00 - 10/08/2025 05:30:00","BZN|FR","Without Sequence","46.01","",""
"10/08/2025 05:30:00 - 10/08/2025 05:45:00","BZN|FR","Without Sequence","46.01","",""
"10/08/2025 05:45:00 - 10/08/2025 06:00:00","BZN|FR","Without Sequence","46.01","",""
"10/08/2025 06:00:00 - 10/08/2025 06:15:00","BZN|FR","Without Sequence","42.41","",""
"10/08/2025 06:15:00 - 10/08/2025 06:30:00","BZN|FR","Without Sequence","42.41","",""
"10/08/2025 06:30:00 - 10/08/2025 06:45:00","BZN|FR","Without Sequence","42.41","",""
"10/08/2025 06:45:00 - 10/08/2025 07:00:00","BZN|FR","Without Sequence","42.41","",""
"10/08/2025 07:00:00 - 10/08/2025 07:15:00","BZN|FR","Without Sequence","49.65","",""
"10/08/2025 07:15:00 - 10/08/2025 07:30:00","BZN|FR","Without Sequence","49.65","",""
"10/08/2025 07:30:00 - 10/08/2025 07:45:00","BZN|FR","Without Sequence","49.65","",""
"10/08/2025 07:45:00 - 10/08/2025 08:00:00","BZN|FR","Without Sequence","49.65","",""
"10/08/2025 08:00:00 - 10/08/2025 08:15:00","BZN|FR","Without Sequence","26.87","",""
"10/08/2025 08:15:00 - 10/08/2025 08:30:00","BZN|FR","Without Sequence","26.87","",""
"10/08/2025 08:30:00 - 10/08/2025 08:45:00","BZN|FR","Without Sequence","26.87","",""
"10/08/2025 08:45:00 - 10/08/2025 09:00:00","BZN|FR","Without Sequence","26.87","",""
"10/08/2025 09:00:00 - 10/08/2025 09:15:00","BZN|FR","Without Sequence","-0.01","",""
"10/08/2025 09:15:00 - 10/08/2025 09:30:00","BZN|FR","Without Sequence","-0.01","",""
"10/08/2025 09:30:00 - 10/08/2025 09:45:00","BZN|FR","Without Sequence","-0.01","",""
"10/08/2025 09:45:00 - 10/08/2025 10:00:00","BZN|FR","Without Sequence","-0.01","",""
"10/08/2025 10:00:00 - 10/08/2025 10:15:00","BZN|FR","Without Sequence","-2.26","",""
"10/08/2025 10:15:00 - 10/08/2025 10:30:00","BZN|FR","Without Sequence","-2.26","",""
"10/08/2025 10:30:00 - 10/08/2025 10:45:00","BZN|FR","Without Sequence","-2.26","",""
"10/08/2025 10:45:00 - 10/08/2025 11:00:00","BZN|FR","Without Sequence","-2.26","",""
"10/08/2025 11:00:00 - 10/08/2025 11:15:00","BZN|FR","Without Sequence","-15.60","",""
"10/08/2025 11:15:00 - 10/08/2025 11:30:00","BZN|FR","Without Sequence","-15.60","",""
"10/08/2025 11:30:00 - 10/08/2025 11:45:00","BZN|FR","Without Sequence","-15.60","",""
"10/08/2025 11:45:00 - 10/08/2025 12:00:00","BZN|FR","Without Sequence","-15.60","",""
"10/08/2025 12:00:00 - 10/08/2025 12:15:00","BZN|FR","Without Sequence","-14.05","",""
"10/08/2025 12:15:00 - 10/08/2025 12:30:00","BZN|FR","Without Sequence","-14.05","",""
"10/08/2025 12:30:00 - 10/08/2025 12:45:00","BZN|FR","Without Sequence","-14.05","",""
"10/08/2025 12:45:00 - 10/08/2025 13:00:00","BZN|FR","Without Sequence","-14.05","",""
"10/08/2025 13:00:00 - 10/08/2025 13:15:00","BZN|FR","Without Sequence","-36.19","",""
"10/08/2025 13:15:00 - 10/08/2025 13:30:00","BZN|FR","Without Sequence","-36.19","",""
"10/08/2025 13:30:00 - 10/08/2025 13:45:00","BZN|FR","Without Sequence","-36.19","",""
"10/08/2025 13:45:00 - 10/08/2025 14:00:00","BZN|FR","Without Sequence","-36.19","",""
"10/08/2025 14:00:00 - 10/08/2025 14:15:00","BZN|FR","Without Sequence","-50.29","",""
"10/08/2025 14:15:00 - 10/08/2025 14:30:00","BZN|FR","Without Sequence","-50.29","",""
"10/08/2025 14:30:00 - 10/08/2025 14:45:00","BZN|FR","Without Sequence","-50.29","",""
"10/08/2025 14:45:00 - 10/08/2025 15:00:00","BZN|FR","Without Sequence","-50.29","",""
"10/08/2025 15:00:00 - 10/08/2025 15:15:00","BZN|FR","Without Sequence","-21.00","",""
"10/08/2025 15:15:00 - 10/08/2025 15:30:00","BZN|FR","Without Sequence","-21.00","",""
"10/08/2025 15:30:00 - 10/08/2025 15:45:00","BZN|FR","Without Sequence","-21.00","",""
"10/08/2025 15:45:00 - 10/08/2025 16:00:00","BZN|FR","Without Sequence","-21.00","",""
"10/08/2025 16:00:00 - 10/08/2025 16:15:00","BZN|FR","Without Sequence","-1.16","",""
"10/08/2025 16:15:00 - 10/08/2025 16:30:00","BZN|FR","Without Sequence","-1.16","",""
"10/08/2025 16:30:00 - 10/08/2025 16:45:00","BZN|FR","Without Sequence","-1.16","",""
"10/08/2025 16:45:00 - 10/08/2025 17:00:00","BZN|FR","Without Sequence","-1.16","",""
"10/08/2025 17:00:00 - 10/08/2025 17:15:00","BZN|FR","Without Sequence","1.72","",""
"10/08/2025 17:15:00 - 10/08/2025 17:30:00","BZN|FR","Without Sequence","1.72","",""
"10/08/2025 17:30:00 - 10/08/2025 17:45:00","BZN|FR","Without Sequence","1.72","",""
"10/08/2025 17:45:00 - 10/08/2025 18:00:00","BZN|FR","Without Sequence","1.72","",""
"10/08/2025 18:00:00 - 10/08/2025 18:15:00","BZN|FR","Without Sequence","26.50","",""
"10/08/2025 18:15:00 - 10/08/2025 18:30:00","BZN|FR","Without Sequence","26.50","",""
"10/08/2025 18:30:00 - 10/08/2025 18:45:00","BZN|FR","Without Sequence","26.50","",""
"10/08/2025 18:45:00 - 10/08/2025 19:00:00","BZN|FR","Without Sequence","26.50","",""
"10/08/2025 19:00:00 - 10/08/2025 19:15:00","BZN|FR","Without Sequence","80.50","",""
"10/08/2025 19:15:00 - 10/08/2025 19:30:00","BZN|FR","Without Sequence","80.50","",""
"10/08/2025 19:30:00 - 10/08/2025 19:45:00","BZN|FR","Without Sequence","80.50","",""
"10/08/2025 19:45:00 - 10/08/2025 20:00:00","BZN|FR","Without Sequence","80.50","",""
"10/08/2025 20:00:00 - 10/08/2025 20:15:00","BZN|FR","Without Sequence","98.01","",""
"10/08/2025 20:15:00 - 10/08/2025 20:30:00","BZN|FR","Without Sequence","98.01","",""
"10/08/2025 20:30:00 - 10/08/2025 20:45:00","BZN|FR","Without Sequence","98.01","",""
"10/08/2025 20:45:00 - 10/08/2025 21:00:00","BZN|FR","Without Sequence","98.01","",""
"10/08/2025 21:00:00 - 10/08/2025 21:15:00","BZN|FR","Without Sequence","96.14","",""
"10/08/2025 21:15:00 - 10/08/2025 21:30:00","BZN|FR","Without Sequence","96.14","",""
"10/08/2025 21:30:00 - 10/08/2025 21:45:00","BZN|FR","Without Sequence","96.14","",""
"10/08/2025 21:45:00 - 10/08/2025 22:00:00","BZN|FR","Without Sequence","96.14","",""
"10/08/2025 22:00:00 - 10/08/2025 22:15:00","BZN|FR","Without Sequence","90.59","",""
"10/08/2025 22:15:00 - 10/08/2025 22:30:00","BZN|FR","Without Sequence","90.59","",""
"10/08/2025 22:30:00 - 10/08/2025 22:45:00","BZN|FR","Without Sequence","90.59","",""
"10/08/2025 22:45:00 - 10/08/2025 23:00:00","BZN|FR","Without Sequence","90.59","",""
"10/08/2025 23:00:00 - 10/08/2025 23:15:00","BZN|FR","Without Sequence","75.57","",""
"10/08/2025 23:15:00 - 10/08/2025 23:30:00","BZN|FR","Without Sequence","75.57","",""
"10/08/2025 23:30:00 - 10/08/2025 23:45:00","BZN|FR","Without Sequence","75.57","",""
"10/08/2025 23:45:00 - 11/08/2025 00:00:00","BZN|FR","Without Sequence","75.57","",""
"11/08/2025 00:00:00 - 11/08/2025 00:15:00","BZN|FR","Without Sequence","34.57","",""
"11/08/2025 00:15:00 - 11/08/2025 00:30:00","BZN|FR","Without Sequence","34.57","",""
"11/08/2025 00:30:00 - 11/08/2025 00:45:00","BZN|FR","Without Sequence","34.57","",""
"11/08/2025 00:45:00 - 11/08/2025 01:00:00","BZN|FR","Without Sequence","34.57","",""
"11/08/2025 01:00:00 - 11/08/2025 01:15:00","BZN|FR","Without Sequence","31.08","",""
"11/08/2025 01:15:00 - 11/08/2025 01:30:00","BZN|FR","Without Sequence","31.08","",""
"11/08/2025 01:30:00 - 11/08/2025 01:45:00","BZN|FR","Without Sequence","31.08","",""
"11/08/2025 01:45:00 - 11/08/2025 02:00:00","BZN|FR","Without Sequence","31.08","",""
"11/08/2025 02:00:00 - 11/08/2025 02:15:00","BZN|FR","Without Sequence","41.46","",""
"11/08/2025 02:15:00 - 11/08/2025 02:30:00","BZN|FR","Without Sequence","41.46","",""
"11/08/2025 02:30:00 - 11/08/2025 02:45:00","BZN|FR","Without Sequence","41.46","",""
"11/08/2025 02:45:00 - 11/08/2025 03:00:00","BZN|FR","Without Sequence","41.46","",""
"11/08/2025 03:00:00 - 11/08/2025 03:15:00","BZN|FR","Without Sequence","36.32","",""
"11/08/2025 03:15:00 - 11/08/2025 03:30:00","BZN|FR","Without Sequence","36.32","",""
"11/08/2025 03:30:00 - 11/08/2025 03:45:00","BZN|FR","Without Sequence","36.32","",""
"11/08/2025 03:45:00 - 11/08/2025 04:00:00","BZN|FR","Without Sequence","36.32","",""
"11/08/2025 04:00:00 - 11/08/2025 04:15:00","BZN|FR","Without Sequence","38.25","",""
"11/08/2025 04:15:00 - 11/08/2025 04:30:00","BZN|FR","Without Sequence","38.25","",""
"11/08/2025 04:30:00 - 11/08/2025 04:45:00","BZN|FR","Without Sequence","38.25","",""
"11/08/2025 04:45:00 - 11/08/2025 05:00:00","BZN|FR","Without Sequence","38.25","",""
"11/08/2025 05:00:00 - 11/08/2025 05:15:00","BZN|FR","Without Sequence","40.37","",""
"11/08/2025 05:15:00 - 11/08/2025 05:30:00","BZN|FR","Without Sequence","40.37","",""
"11/08/2025 05:30:00 - 11/08/2025 05:45:00","BZN|FR","Without Sequence","40.37","",""
"11/08/2025 05:45:00 - 11/08/2025 06:00:00","BZN|FR","Without Sequence","40.37","",""
"11/08/2025 06:00:00 - 11/08/2025 06:15:00","BZN|FR","Without Sequence","39.06","",""
"11/08/2025 06:15:00 - 11/08/2025 06:30:00","BZN|FR","Without Sequence","39.06","",""
"11/08/2025 06:30:00 - 11/08/2025 06:45:00","BZN|FR","Without Sequence","39.06","",""
"11/08/2025 06:45:00 - 11/08/2025 07:00:00","BZN|FR","Without Sequence","39.06","",""
"11/08/2025 07:00:00 - 11/08/2025 07:15:00","BZN|FR","Without Sequence","34.40","",""
"11/08/2025 07:15:00 - 11/08/2025 07:30:00","BZN|FR","Without Sequence","34.40","",""
"11/08/2025 07:30:00 - 11/08/2025 07:45:00","BZN|FR","Without Sequence","34.40","",""
"11/08/2025 07:45:00 - 11/08/2025 08:00:00","BZN|FR","Without Sequence","34.40","",""
"11/08/2025 08:00:00 - 11/08/2025 08:15:00","BZN|FR","Without Sequence","50.14","",""
"11/08/2025 08:15:00 - 11/08/2025 08:30:00","BZN|FR","Without Sequence","50.14","",""
"11/08/2025 08:30:00 - 11/08/2025 08:45:00","BZN|FR","Without Sequence","50.14","",""
"11/08/2025 08:45:00 - 11/08/2025 09:00:00","BZN|FR","Without Sequence","50.14","",""
"11/08/2025 09:00:00 - 11/08/2025 09:15:00","BZN|FR","Without Sequence","58.34","",""
"11/08/2025 09:15:00 - 11/08/2025 09:30:00","BZN|FR","Without Sequence","58.34","",""
"11/08/2025 09:30:00 - 11/08/2025 09:45:00","BZN|FR","Without Sequence","58.34","",""
"11/08/2025 09:45:00 - 11/08/2025 10:00:00","BZN|FR","Without Sequence","58.34","",""
"11/08/2025 10:00:00 - 11/08/2025 10:15:00","BZN|FR","Without Sequence","45.00","",""
"11/08/2025 10:15:00 - 11/08/2025 10:30:00","BZN|FR","Without Sequence","45.00","",""
"11/08/2025 10:30:00 - 11/08/2025 10:45:00","BZN|FR","Without Sequence","45.00","",""
"11/08/2025 10:45:00 - 11/08/2025 11:00:00","BZN|FR","Without Sequence","45.00","",""
"11/08/2025 11:00:00 - 11/08/2025 11:15:00","BZN|FR","Without Sequence","2.54","",""
"11/08/2025 11:15:00 - 11/08/2025 11:30:00","BZN|FR","Without Sequence","2.54","",""
"11/08/2025 11:30:00 - 11/08/2025 11:45:00","BZN|FR","Without Sequence","2.54","",""
"11/08/2025 11:45:00 - 11/08/2025 12:00:00","BZN|FR","Without Sequence","2.54","",""
"11/08/2025 12:00:00 - 11/08/2025 12:15:00","BZN|FR","Without Sequence","0.00","",""
"11/08/2025 12:15:00 - 11/08/2025 12:30:00","BZN|FR","Without Sequence","0.00","",""
"11/08/2025 12:30:00 - 11/08/2025 12:45:00","BZN|FR","Without Sequence","0.00","",""
"11/08/2025 12:45:00 - 11/08/2025 13:00:00","BZN|FR","Without Sequence","0.00","",""
"11/08/2025 13:00:00 - 11/08/2025 13:15:00","BZN|FR","Without Sequence","0.00","",""
"11/08/2025 13:15:00 - 11/08/2025 13:30:00","BZN|FR","Without Sequence","0.00","",""
"11/08/2025 13:30:00 - 11/08/2025 13:45:00","BZN|FR","Without Sequence","0.00","",""
"11/08/2025 13:45:00 - 11/08/2025 14:00:00","BZN|FR","Without Sequence","0.00","",""
"11/08/2025 14:00:00 - 11/08/2025 14:15:00","BZN|FR","Without Sequence","0.00","",""
"11/08/2025 14:15:00 - 11/08/2025 14:30:00","BZN|FR","Without Sequence","0.00","",""
"11/08/2025 14:30:00 - 11/08/2025 14:45:00","BZN|FR","Without Sequence","0.00","",""
"11/08/2025 14:45:00 - 11/08/2025 15:00:00","BZN|FR","Without Sequence","0.00","",""
"11/08/2025 15:00:00 - 11/08/2025 15:15:00","BZN|FR","Without Sequence","9.00","",""
"11/08/2025 15:15:00 - 11/08/2025 15:30:00","BZN|FR","Without Sequence","9.00","",""
"11/08/2025 15:30:00 - 11/08/2025 15:45:00","BZN|FR","Without Sequence","9.00","",""
"11/08/2025 15:45:00 - 11/08/2025 16:00:00","BZN|FR","Without Sequence","9.00","",""
"11/08/2025 16:00:00 - 11/08/2025 16:15:00","BZN|FR","Without Sequence","44.50","",""
"11/08/2025 16:15:00 - 11/08/2025 16:30:00","BZN|FR","Without Sequence","44.50","",""
"11/08/2025 16:30:00 - 11/08/2025 16:45:00","BZN|FR","Without Sequence","44.50","",""
"11/08/2025 16:45:00 - 11/08/2025 17:00:00","BZN|FR","Without Sequence","44.50","",""
"11/08/2025 17:00:00 - 11/08/2025 17:15:00","BZN|FR","Without Sequence","57.97","",""
"11/08/2025 17:15:00 - 11/08/2025 17:30:00","BZN|FR","Without Sequence","57.97","",""
"11/08/2025 17:30:00 - 11/08/2025 17:45:00","BZN|FR","Without Sequence","57.97","",""
"11/08/2025 17:45:00 - 11/08/2025 18:00:00","BZN|FR","Without Sequence","57.97","",""
"11/08/2025 18:00:00 - 11/08/2025 18:15:00","BZN|FR","Without Sequence","90.00","",""
"11/08/2025 18:15:00 - 11/08/2025 18:30:00","BZN|FR","Without Sequence","90.00","",""
"11/08/2025 18:30:00 - 11/08/2025 18:45:00","BZN|FR","Without Sequence","90.00","",""
"11/08/2025 18:45:00 - 11/08/2025 19:00:00","BZN|FR","Without Sequence","90.00","",""
"11/08/2025 19:00:00 - 11/08/2025 19:15:00","BZN|FR","Without Sequence","118.68","",""
"11/08/2025 19:15:00 - 11/08/2025 19:30:00","BZN|FR","Without Sequence","118.68","",""
"11/08/2025 19:30:00 - 11/08/2025 19:45:00","BZN|FR","Without Sequence","118.68","",""
"11/08/2025 19:45:00 - 11/08/2025 20:00:00","BZN|FR","Without Sequence","118.68","",""
"11/08/2025 20:00:00 - 11/08/2025 20:15:00","BZN|FR","Without Sequence","135.09","",""
"11/08/2025 20:15:00 - 11/08/2025 20:30:00","BZN|FR","Without Sequence","135.09","",""
"11/08/2025 20:30:00 - 11/08/2025 20:45:00","BZN|FR","Without Sequence","135.09","",""
"11/08/2025 20:45:00 - 11/08/2025 21:00:00","BZN|FR","Without Sequence","135.09","",""
"11/08/2025 21:00:00 - 11/08/2025 21:15:00","BZN|FR","Without Sequence","138.94","",""
"11/08/2025 21:15:00 - 11/08/2025 21:30:00","BZN|FR","Without Sequence","138.94","",""
"11/08/2025 21:30:00 - 11/08/2025 21:45:00","BZN|FR","Without Sequence","138.94","",""
"11/08/2025 21:45:00 - 11/08/2025 22:00:00","BZN|FR","Without Sequence","138.94","",""
"11/08/2025 22:00:00 - 11/08/2025 22:15:00","BZN|FR","Without Sequence","108.87","",""
"11/08/2025 22:15:00 - 11/08/2025 22:30:00","BZN|FR","Without Sequence","108.87","",""
"11/08/2025 22:30:00 - 11/08/2025 22:45:00","BZN|FR","Without Sequence","108.87","",""
"11/08/2025 22:45:00 - 11/08/2025 23:00:00","BZN|FR","Without Sequence","108.87","",""
"11/08/2025 23:00:00 - 11/08/2025 23:15:00","BZN|FR","Without Sequence","96.00","",""
"11/08/2025 23:15:00 - 11/08/2025 23:30:00","BZN|FR","Without Sequence","96.00","",""
"11/08/2025 23:30:00 - 11/08/2025 23:45:00","BZN|FR","Without Sequence","96.00","",""
"11/08/2025 23:45:00 - 12/08/2025 00:00:00","BZN|FR","Without Sequence","96.00","",""
"12/08/2025 00:00:00 - 12/08/2025 00:15:00","BZN|FR","Without Sequence","93.00","",""
"12/08/2025 00:15:00 - 12/08/2025 00:30:00","BZN|FR","Without Sequence","93.00","",""
"12/08/2025 00:30:00 - 12/08/2025 00:45:00","BZN|FR","Without Sequence","93.00","",""
"12/08/2025 00:45:00 - 12/08/2025 01:00:00","BZN|FR","Without Sequence","93.00","",""
"12/08/2025 01:00:00 - 12/08/2025 01:15:00","BZN|FR","Without Sequence","89.67","",""
"12/08/2025 01:15:00 - 12/08/2025 01:30:00","BZN|FR","Without Sequence","89.67","",""
"12/08/2025 01:30:00 - 12/08/2025 01:45:00","BZN|FR","Without Sequence","89.67","",""
"12/08/2025 01:45:00 - 12/08/2025 02:00:00","BZN|FR","Without Sequence","89.67","",""
"12/08/2025 02:00:00 - 12/08/2025 02:15:00","BZN|FR","Without Sequence","85.41","",""
"12/08/2025 02:15:00 - 12/08/2025 02:30:00","BZN|FR","Without Sequence","85.41","",""
"12/08/2025 02:30:00 - 12/08/2025 02:45:00","BZN|FR","Without Sequence","85.41","",""
"12/08/2025 02:45:00 - 12/08/2025 03:00:00","BZN|FR","Without Sequence","85.41","",""
"12/08/2025 03:00:00 - 12/08/2025 03:15:00","BZN|FR","Without Sequence","79.06","",""
"12/08/2025 03:15:00 - 12/08/2025 03:30:00","BZN|FR","Without Sequence","79.06","",""
"12/08/2025 03:30:00 - 12/08/2025 03:45:00","BZN|FR","Without Sequence","79.06","",""
"12/08/2025 03:45:00 - 12/08/2025 04:00:00","BZN|FR","Without Sequence","79.06","",""
"12/08/2025 04:00:00 - 12/08/2025 04:15:00","BZN|FR","Without Sequence","69.67","",""
"12/08/2025 04:15:00 - 12/08/2025 04:30:00","BZN|FR","Without Sequence","69.67","",""
"12/08/2025 04:30:00 - 12/08/2025 04:45:00","BZN|FR","Without Sequence","69.67","",""
"12/08/2025 04:45:00 - 12/08/2025 05:00:00","BZN|FR","Without Sequence","69.67","",""
"12/08/2025 05:00:00 - 12/08/2025 05:15:00","BZN|FR","Without Sequence","66.34","",""
"12/08/2025 05:15:00 - 12/08/2025 05:30:00","BZN|FR","Without Sequence","66.34","",""
"12/08/2025 05:30:00 - 12/08/2025 05:45:00","BZN|FR","Without Sequence","66.34","",""
"12/08/2025 05:45:00 - 12/08/2025 06:00:00","BZN|FR","Without Sequence","66.34","",""
"12/08/2025 06:00:00 - 12/08/2025 06:15:00","BZN|FR","Without Sequence","75.52","",""
"12/08/2025 06:15:00 - 12/08/2025 06:30:00","BZN|FR","Without Sequence","75.52","",""
"12/08/2025 06:30:00 - 12/08/2025 06:45:00","BZN|FR","Without Sequence","75.52","",""
"12/08/2025 06:45:00 - 12/08/2025 07:00:00","BZN|FR","Without Sequence","75.52","",""
"12/08/2025 07:00:00 - 12/08/2025 07:15:00","BZN|FR","Without Sequence","102.81","",""
"12/08/2025 07:15:00 - 12/08/2025 07:30:00","BZN|FR","Without Sequence","102.81","",""
"12/08/2025 07:30:00 - 12/08/2025 07:45:00","BZN|FR","Without Sequence","102.81","",""
"12/08/2025 07:45:00 - 12/08/2025 08:00:00","BZN|FR","Without Sequence","102.81","",""
"12/08/2025 08:00:00 - 12/08/2025 08:15:00","BZN|FR","Without Sequence","98.69","",""
"12/08/2025 08:15:00 - 12/08/2025 08:30:00","BZN|FR","Without Sequence","98.69","",""
"12/08/2025 08:30:00 - 12/08/2025 08:45:00","BZN|FR","Without Sequence","98.69","",""
"12/08/2025 08:45:00 - 12/08/2025 09:00:00","BZN|FR","Without Sequence","98.69","",""
"12/08/2025 09:00:00 - 12/08/2025 09:15:00","BZN|FR","Without Sequence","92.50","",""
"12/08/2025 09:15:00 - 12/08/2025 09:30:00","BZN|FR","Without Sequence","92.50","",""
"12/08/2025 09:30:00 - 12/08/2025 09:45:00","BZN|FR","Without Sequence","92.50","",""
"12/08/2025 09:45:00 - 12/08/2025 10:00:00","BZN|FR","Without Sequence","92.50","",""
"12/08/2025 10:00:00 - 12/08/2025 10:15:00","BZN|FR","Without Sequence","66.34","",""
"12/08/2025 10:15:00 - 12/08/2025 10:30:00","BZN|FR","Without Sequence","66.34","",""
"12/08/2025 10:30:00 - 12/08/2025 10:45:00","BZN|FR","Without Sequence","66.34","",""
"12/08/2025 10:45:00 - 12/08/2025 11:00:00","BZN|FR","Without Sequence","66.34","",""
"12/08/2025 11:00:00 - 12/08/2025 11:15:00","BZN|FR","Without Sequence","40.94","",""
"12/08/2025 11:15:00 - 12/08/2025 11:30:00","BZN|FR","Without Sequence","40.94","",""
"12/08/2025 11:30:00 - 12/08/2025 11:45:00","BZN|FR","Without Sequence","40.94","",""
"12/08/2025 11:45:00 - 12/08/2025 12:00:00","BZN|FR","Without Sequence","40.94","",""
"12/08/2025 12:00:00 - 12/08/2025 12:15:00","BZN|FR","Without Sequence","8.38","",""
"12/08/2025 12:15:00 - 12/08/2025 12:30:00","BZN|FR","Without Sequence","8.38","",""
"12/08/2025 12:30:00 - 12/08/2025 12:45:00","BZN|FR","Without Sequence","8.38","",""
"12/08/2025 12:45:00 - 12/08/2025 13:00:00","BZN|FR","Without Sequence","8.38","",""
"12/08/2025 13:00:00 - 12/08/2025 13:15:00","BZN|FR","Without Sequence","3.00","",""
"12/08/2025 13:15:00 - 12/08/2025 13:30:00","BZN|FR","Without Sequence","3.00","",""
"12/08/2025 13:30:00 - 12/08/2025 13:45:00","BZN|FR","Without Sequence","3.00","",""
"12/08/2025 13:45:00 - 12/08/2025 14:00:00","BZN|FR","Without Sequence","3.00","",""
"12/08/2025 14:00:00 - 12/08/2025 14:15:00","BZN|FR","Without Sequence","5.15","",""
"12/08/2025 14:15:00 - 12/08/2025 14:30:00","BZN|FR","Without Sequence","5.15","",""
"12/08/2025 14:30:00 - 12/08/2025 14:45:00","BZN|FR","Without Sequence","5.15","",""
"12/08/2025 14:45:00 - 12/08/2025 15:00:00","BZN|FR","Without Sequence","5.15","",""
"12/08/2025 15:00:00 - 12/08/2025 15:15:00","BZN|FR","Without Sequence","35.05","",""
"12/08/2025 15:15:00 - 12/08/2025 15:30:00","BZN|FR","Without Sequence","35.05","",""
"12/08/2025 15:30:00 - 12/08/2025 15:45:00","BZN|FR","Without Sequence","35.05","",""
"12/08/2025 15:45:00 - 12/08/2025 16:00:00","BZN|FR","Without Sequence","35.05","",""
"12/08/2025 16:00:00 - 12/08/2025 16:15:00","BZN|FR","Without Sequence","63.80","",""
"12/08/2025 16:15:00 - 12/08/2025 16:30:00","BZN|FR","Without Sequence","63.80","",""
"12/08/2025 16:30:00 - 12/08/2025 16:45:00","BZN|FR","Without Sequence","63.80","",""
"12/08/2025 16:45:00 - 12/08/2025 17:00:00","BZN|FR","Without Sequence","63.80","",""
"12/08/2025 17:00:00 - 12/08/2025 17:15:00","BZN|FR","Without Sequence","85.82","",""
"12/08/2025 17:15:00 - 12/08/2025 17:30:00","BZN|FR","Without Sequence","85.82","",""
"12/08/2025 17:30:00 - 12/08/2025 17:45:00","BZN|FR","Without Sequence","85.82","",""
"12/08/2025 17:45:00 - 12/08/2025 18:00:00","BZN|FR","Without Sequence","85.82","",""
"12/08/2025 18:00:00 - 12/08/2025 18:15:00","BZN|FR","Without Sequence","96.78","",""
"12/08/2025 18:15:00 - 12/08/2025 18:30:00","BZN|FR","Without Sequence","96.78","",""
"12/08/2025 18:30:00 - 12/08/2025 18:45:00","BZN|FR","Without Sequence","96.78","",""
"12/08/2025 18:45:00 - 12/08/2025 19:00:00","BZN|FR","Without Sequence","96.78","",""
"12/08/2025 19:00:00 - 12/08/2025 19:15:00","BZN|FR","Without Sequence","143.64","",""
"12/08/2025 19:15:00 - 12/08/2025 19:30:00","BZN|FR","Without Sequence","143.64","",""
"12/08/2025 19:30:00 - 12/08/2025 19:45:00","BZN|FR","Without Sequence","143.64","",""
"12/08/2025 19:45:00 - 12/08/2025 20:00:00","BZN|FR","Without Sequence","143.64","",""
"12/08/2025 20:00:00 - 12/08/2025 20:15:00","BZN|FR","Without Sequence","154.93","",""
"12/08/2025 20:15:00 - 12/08/2025 20:30:00","BZN|FR","Without Sequence","154.93","",""
"12/08/2025 20:30:00 - 12/08/2025 20:45:00","BZN|FR","Without Sequence","154.93","",""
"12/08/2025 20:45:00 - 12/08/2025 21:00:00","BZN|FR","Without Sequence","154.93","",""
"12/08/2025 21:00:00 - 12/08/2025 21:15:00","BZN|FR","Without Sequence","140.81","",""
"12/08/2025 21:15:00 - 12/08/2025 21:30:00","BZN|FR","Without Sequence","140.81","",""
"12/08/2025 21:30:00 - 12/08/2025 21:45:00","BZN|FR","Without Sequence","140.81","",""
"12/08/2025 21:45:00 - 12/08/2025 22:00:00","BZN|FR","Without Sequence","140.81","",""
"12/08/2025 22:00:00 - 12/08/2025 22:15:00","BZN|FR","Without Sequence","118.41","",""
"12/08/2025 22:15:00 - 12/08/2025 22:30:00","BZN|FR","Without Sequence","118.41","",""
"12/08/2025 22:30:00 - 12/08/2025 22:45:00","BZN|FR","Without Sequence","118.41","",""
"12/08/2025 22:45:00 - 12/08/2025 23:00:00","BZN|FR","Without Sequence","118.41","",""
"12/08/2025 23:00:00 - 12/08/2025 23:15:00","BZN|FR","Without Sequence","100.37","",""
"12/08/2025 23:15:00 - 12/08/2025 23:30:00","BZN|FR","Without Sequence","100.37","",""
"12/08/2025 23:30:00 - 12/08/2025 23:45:00","BZN|FR","Without Sequence","100.37","",""
"12/08/2025 23:45:00 - 13/08/2025 00:00:00","BZN|FR","Without Sequence","100.37","",""
"13/08/2025 00:00:00 - 13/08/2025 00:15:00","BZN|FR","Without Sequence","98.18","",""
"13/08/2025 00:15:00 - 13/08/2025 00:30:00","BZN|FR","Without Sequence","98.18","",""
"13/08/2025 00:30:00 - 13/08/2025 00:45:00","BZN|FR","Without Sequence","98.18","",""
"13/08/2025 00:45:00 - 13/08/2025 01:00:00","BZN|FR","Without Sequence","98.18","",""
"13/08/2025 01:00:00 - 13/08/2025 01:15:00","BZN|FR","Without Sequence","90.00","",""
"13/08/2025 01:15:00 - 13/08/2025 01:30:00","BZN|FR","Without Sequence","90.00","",""
"13/08/2025 01:30:00 - 13/08/2025 01:45:00","BZN|FR","Without Sequence","90.00","",""
"13/08/2025 01:45:00 - 13/08/2025 02:00:00","BZN|FR","Without Sequence","90.00","",""
"13/08/2025 02:00:00 - 13/08/2025 02:15:00","BZN|FR","Without Sequence","86.89","",""
"13/08/2025 02:15:00 - 13/08/2025 02:30:00","BZN|FR","Without Sequence","86.89","",""
"13/08/2025 02:30:00 - 13/08/2025 02:45:00","BZN|FR","Without Sequence","86.89","",""
"13/08/2025 02:45:00 - 13/08/2025 03:00:00","BZN|FR","Without Sequence","86.89","",""
"13/08/2025 03:00:00 - 13/08/2025 03:15:00","BZN|FR","Without Sequence","84.71","",""
"13/08/2025 03:15:00 - 13/08/2025 03:30:00","BZN|FR","Without Sequence","84.71","",""
"13/08/2025 03:30:00 - 13/08/2025 03:45:00","BZN|FR","Without Sequence","84.71","",""
"13/08/2025 03:45:00 - 13/08/2025 04:00:00","BZN|FR","Without Sequence","84.71","",""
"13/08/2025 04:00:00 - 13/08/2025 04:15:00","BZN|FR","Without Sequence","87.07","",""
"13/08/2025 04:15:00 - 13/08/2025 04:30:00","BZN|FR","Without Sequence","87.07","",""
"13/08/2025 04:30:00 - 13/08/2025 04:45:00","BZN|FR","Without Sequence","87.07","",""
"13/08/2025 04:45:00 - 13/08/2025 05:00:00","BZN|FR","Without Sequence","87.07","",""
"13/08/2025 05:00:00 - 13/08/2025 05:15:00","BZN|FR","Without Sequence","92.76","",""
"13/08/2025 05:15:00 - 13/08/2025 05:30:00","BZN|FR","Without Sequence","92.76","",""
"13/08/2025 05:30:00 - 13/08/2025 05:45:00","BZN|FR","Without Sequence","92.76","",""
"13/08/2025 05:45:00 - 13/08/2025 06:00:00","BZN|FR","Without Sequence","92.76","",""
"13/08/2025 06:00:00 - 13/08/2025 06:15:00","BZN|FR","Without Sequence","105.00","",""
"13/08/2025 06:15:00 - 13/08/2025 06:30:00","BZN|FR","Without Sequence","105.00","",""
"13/08/2025 06:30:00 - 13/08/2025 06:45:00","BZN|FR","Without Sequence","105.00","",""
"13/08/2025 06:45:00 - 13/08/2025 07:00:00","BZN|FR","Without Sequence","105.00","",""
"13/08/2025 07:00:00 - 13/08/2025 07:15:00","BZN|FR","Without Sequence","103.24","",""
"13/08/2025 07:15:00 - 13/08/2025 07:30:00","BZN|FR","Without Sequence","103.24","",""
"13/08/2025 07:30:00 - 13/08/2025 07:45:00","BZN|FR","Without Sequence","103.24","",""
"13/08/2025 07:45:00 - 13/08/2025 08:00:00","BZN|FR","Without Sequence","103.24","",""
"13/08/2025 08:00:00 - 13/08/2025 08:15:00","BZN|FR","Without Sequence","105.79","",""
"13/08/2025 08:15:00 - 13/08/2025 08:30:00","BZN|FR","Without Sequence","105.79","",""
"13/08/2025 08:30:00 - 13/08/2025 08:45:00","BZN|FR","Without Sequence","105.79","",""
"13/08/2025 08:45:00 - 13/08/2025 09:00:00","BZN|FR","Without Sequence","105.79","",""
"13/08/2025 09:00:00 - 13/08/2025 09:15:00","BZN|FR","Without Sequence","94.10","",""
"13/08/2025 09:15:00 - 13/08/2025 09:30:00","BZN|FR","Without Sequence","94.10","",""
"13/08/2025 09:30:00 - 13/08/2025 09:45:00","BZN|FR","Without Sequence","94.10","",""
"13/08/2025 09:45:00 - 13/08/2025 10:00:00","BZN|FR","Without Sequence","94.10","",""
"13/08/2025 10:00:00 - 13/08/2025 10:15:00","BZN|FR","Without Sequence","90.00","",""
"13/08/2025 10:15:00 - 13/08/2025 10:30:00","BZN|FR","Without Sequence","90.00","",""
"13/08/2025 10:30:00 - 13/08/2025 10:45:00","BZN|FR","Without Sequence","90.00","",""
"13/08/2025 10:45:00 - 13/08/2025 11:00:00","BZN|FR","Without Sequence","90.00","",""
"13/08/2025 11:00:00 - 13/08/2025 11:15:00","BZN|FR","Without Sequence","71.00","",""
"13/08/2025 11:15:00 - 13/08/2025 11:30:00","BZN|FR","Without Sequence","71.00","",""
"13/08/2025 11:30:00 - 13/08/2025 11:45:00","BZN|FR","Without Sequence","71.00","",""
"13/08/2025 11:45:00 - 13/08/2025 12:00:00","BZN|FR","Without Sequence","71.00","",""
"13/08/2025 12:00:00 - 13/08/2025 12:15:00","BZN|FR","Without Sequence","63.48","",""
"13/08/2025 12:15:00 - 13/08/2025 12:30:00","BZN|FR","Without Sequence","63.48","",""
"13/08/2025 12:30:00 - 13/08/2025 12:45:00","BZN|FR","Without Sequence","63.48","",""
"13/08/2025 12:45:00 - 13/08/2025 13:00:00","BZN|FR","Without Sequence","63.48","",""
"13/08/2025 13:00:00 - 13/08/2025 13:15:00","BZN|FR","Without Sequence","47.01","",""
"13/08/2025 13:15:00 - 13/08/2025 13:30:00","BZN|FR","Without Sequence","47.01","",""
"13/08/2025 13:30:00 - 13/08/2025 13:45:00","BZN|FR","Without Sequence","47.01","",""
"13/08/2025 13:45:00 - 13/08/2025 14:00:00","BZN|FR","Without Sequence","47.01","",""
"13/08/2025 14:00:00 - 13/08/2025 14:15:00","BZN|FR","Without Sequence","42.99","",""
"13/08/2025 14:15:00 - 13/08/2025 14:30:00","BZN|FR","Without Sequence","42.99","",""
"13/08/2025 14:30:00 - 13/08/2025 14:45:00","BZN|FR","Without Sequence","42.99","",""
"13/08/2025 14:45:00 - 13/08/2025 15:00:00","BZN|FR","Without Sequence","42.99","",""
"13/08/2025 15:00:00 - 13/08/2025 15:15:00","BZN|FR","Without Sequence","70.90","",""
"13/08/2025 15:15:00 - 13/08/2025 15:30:00","BZN|FR","Without Sequence","70.90","",""
"13/08/2025 15:30:00 - 13/08/2025 15:45:00","BZN|FR","Without Sequence","70.90","",""
"13/08/2025 15:45:00 - 13/08/2025 16:00:00","BZN|FR","Without Sequence","70.90","",""
"13/08/2025 16:00:00 - 13/08/2025 16:15:00","BZN|FR","Without Sequence","84.30","",""
"13/08/2025 16:15:00 - 13/08/2025 16:30:00","BZN|FR","Without Sequence","84.30","",""
"13/08/2025 16:30:00 - 13/08/2025 16:45:00","BZN|FR","Without Sequence","84.30","",""
"13/08/2025 16:45:00 - 13/08/2025 17:00:00","BZN|FR","Without Sequence","84.30","",""
"13/08/2025 17:00:00 - 13/08/2025 17:15:00","BZN|FR","Without Sequence","96.64","",""
"13/08/2025 17:15:00 - 13/08/2025 17:30:00","BZN|FR","Without Sequence","96.64","",""
"13/08/2025 17:30:00 - 13/08/2025 17:45:00","BZN|FR","Without Sequence","96.64","",""
"13/08/2025 17:45:00 - 13/08/2025 18:00:00","BZN|FR","Without Sequence","96.64","",""
"13/08/2025 18:00:00 - 13/08/2025 18:15:00","BZN|FR","Without Sequence","115.78","",""
"13/08/2025 18:15:00 - 13/08/2025 18:30:00","BZN|FR","Without Sequence","115.78","",""
"13/08/2025 18:30:00 - 13/08/2025 18:45:00","BZN|FR","Without Sequence","115.78","",""
"13/08/2025 18:45:00 - 13/08/2025 19:00:00","BZN|FR","Without Sequence","115.78","",""
"13/08/2025 19:00:00 - 13/08/2025 19:15:00","BZN|FR","Without Sequence","150.09","",""
"13/08/2025 19:15:00 - 13/08/2025 19:30:00","BZN|FR","Without Sequence","150.09","",""
"13/08/2025 19:30:00 - 13/08/2025 19:45:00","BZN|FR","Without Sequence","150.09","",""
"13/08/2025 19:45:00 - 13/08/2025 20:00:00","BZN|FR","Without Sequence","150.09","",""
"13/08/2025 20:00:00 - 13/08/2025 20:15:00","BZN|FR","Without Sequence","155.10","",""
"13/08/2025 20:15:00 - 13/08/2025 20:30:00","BZN|FR","Without Sequence","155.10","",""
"13/08/2025 20:30:00 - 13/08/2025 20:45:00","BZN|FR","Without Sequence","155.10","",""
"13/08/2025 20:45:00 - 13/08/2025 21:00:00","BZN|FR","Without Sequence","155.10","",""
"13/08/2025 21:00:00 - 13/08/2025 21:15:00","BZN|FR","Without Sequence","153.00","",""
"13/08/2025 21:15:00 - 13/08/2025 21:30:00","BZN|FR","Without Sequence","153.00","",""
"13/08/2025 21:30:00 - 13/08/2025 21:45:00","BZN|FR","Without Sequence","153.00","",""
"13/08/2025 21:45:00 - 13/08/2025 22:00:00","BZN|FR","Without Sequence","153.00","",""
"13/08/2025 22:00:00 - 13/08/2025 22:15:00","BZN|FR","Without Sequence","123.21","",""
"13/08/2025 22:15:00 - 13/08/2025 22:30:00","BZN|FR","Without Sequence","123.21","",""
"13/08/2025 22:30:00 - 13/08/2025 22:45:00","BZN|FR","Without Sequence","123.21","",""
"13/08/2025 22:45:00 - 13/08/2025 23:00:00","BZN|FR","Without Sequence","123.21","",""
"13/08/2025 23:00:00 - 13/08/2025 23:15:00","BZN|FR","Without Sequence","106.27","",""
"13/08/2025 23:15:00 - 13/08/2025 23:30:00","BZN|FR","Without Sequence","106.27","",""
"13/08/2025 23:30:00 - 13/08/2025 23:45:00","BZN|FR","Without Sequence","106.27","",""
"13/08/2025 23:45:00 - 14/08/2025 00:00:00","BZN|FR","Without Sequence","106.27","",""
"14/08/2025 00:00:00 - 14/08/2025 00:15:00","BZN|FR","Without Sequence","98.10","",""
"14/08/2025 00:15:00 - 14/08/2025 00:30:00","BZN|FR","Without Sequence","98.10","",""
"14/08/2025 00:30:00 - 14/08/2025 00:45:00","BZN|FR","Without Sequence","98.10","",""
"14/08/2025 00:45:00 - 14/08/2025 01:00:00","BZN|FR","Without Sequence","98.10","",""
"14/08/2025 01:00:00 - 14/08/2025 01:15:00","BZN|FR","Without Sequence","92.00","",""
"14/08/2025 01:15:00 - 14/08/2025 01:30:00","BZN|FR","Without Sequence","92.00","",""
"14/08/2025 01:30:00 - 14/08/2025 01:45:00","BZN|FR","Without Sequence","92.00","",""
"14/08/2025 01:45:00 - 14/08/2025 02:00:00","BZN|FR","Without Sequence","92.00","",""
"14/08/2025 02:00:00 - 14/08/2025 02:15:00","BZN|FR","Without Sequence","88.45","",""
"14/08/2025 02:15:00 - 14/08/2025 02:30:00","BZN|FR","Without Sequence","88.45","",""
"14/08/2025 02:30:00 - 14/08/2025 02:45:00","BZN|FR","Without Sequence","88.45","",""
"14/08/2025 02:45:00 - 14/08/2025 03:00:00","BZN|FR","Without Sequence","88.45","",""
"14/08/2025 03:00:00 - 14/08/2025 03:15:00","BZN|FR","Without Sequence","81.83","",""
"14/08/2025 03:15:00 - 14/08/2025 03:30:00","BZN|FR","Without Sequence","81.83","",""
"14/08/2025 03:30:00 - 14/08/2025 03:45:00","BZN|FR","Without Sequence","81.83","",""
"14/08/2025 03:45:00 - 14/08/2025 04:00:00","BZN|FR","Without Sequence","81.83","",""
"14/08/2025 04:00:00 - 14/08/2025 04:15:00","BZN|FR","Without Sequence","82.71","",""
"14/08/2025 04:15:00 - 14/08/2025 04:30:00","BZN|FR","Without Sequence","82.71","",""
"14/08/2025 04:30:00 - 14/08/2025 04:45:00","BZN|FR","Without Sequence","82.71","",""
"14/08/2025 04:45:00 - 14/08/2025 05:00:00","BZN|FR","Without Sequence","82.71","",""
"14/08/2025 05:00:00 - 14/08/2025 05:15:00","BZN|FR","Without Sequence","79.59","",""
"14/08/2025 05:15:00 - 14/08/2025 05:30:00","BZN|FR","Without Sequence","79.59","",""
"14/08/2025 05:30:00 - 14/08/2025 05:45:00","BZN|FR","Without Sequence","79.59","",""
"14/08/2025 05:45:00 - 14/08/2025 06:00:00","BZN|FR","Without Sequence","79.59","",""
"14/08/2025 06:00:00 - 14/08/2025 06:15:00","BZN|FR","Without Sequence","84.89","",""
"14/08/2025 06:15:00 - 14/08/2025 06:30:00","BZN|FR","Without Sequence","84.89","",""
"14/08/2025 06:30:00 - 14/08/2025 06:45:00","BZN|FR","Without Sequence","84.89","",""
"14/08/2025 06:45:00 - 14/08/2025 07:00:00","BZN|FR","Without Sequence","84.89","",""
"14/08/2025 07:00:00 - 14/08/2025 07:15:00","BZN|FR","Without Sequence","103.11","",""
"14/08/2025 07:15:00 - 14/08/2025 07:30:00","BZN|FR","Without Sequence","103.11","",""
"14/08/2025 07:30:00 - 14/08/2025 07:45:00","BZN|FR","Without Sequence","103.11","",""
"14/08/2025 07:45:00 - 14/08/2025 08:00:00","BZN|FR","Without Sequence","103.11","",""
"14/08/2025 08:00:00 - 14/08/2025 08:15:00","BZN|FR","Without Sequence","99.31","",""
"14/08/2025 08:15:00 - 14/08/2025 08:30:00","BZN|FR","Without Sequence","99.31","",""
"14/08/2025 08:30:00 - 14/08/2025 08:45:00","BZN|FR","Without Sequence","99.31","",""
"14/08/2025 08:45:00 - 14/08/2025 09:00:00","BZN|FR","Without Sequence","99.31","",""
"14/08/2025 09:00:00 - 14/08/2025 09:15:00","BZN|FR","Without Sequence","90.92","",""
"14/08/2025 09:15:00 - 14/08/2025 09:30:00","BZN|FR","Without Sequence","90.92","",""
"14/08/2025 09:30:00 - 14/08/2025 09:45:00","BZN|FR","Without Sequence","90.92","",""
"14/08/2025 09:45:00 - 14/08/2025 10:00:00","BZN|FR","Without Sequence","90.92","",""
"14/08/2025 10:00:00 - 14/08/2025 10:15:00","BZN|FR","Without Sequence","76.66","",""
"14/08/2025 10:15:00 - 14/08/2025 10:30:00","BZN|FR","Without Sequence","76.66","",""
"14/08/2025 10:30:00 - 14/08/2025 10:45:00","BZN|FR","Without Sequence","76.66","",""
"14/08/2025 10:45:00 - 14/08/2025 11:00:00","BZN|FR","Without Sequence","76.66","",""
"14/08/2025 11:00:00 - 14/08/2025 11:15:00","BZN|FR","Without Sequence","67.40","",""
"14/08/2025 11:15:00 - 14/08/2025 11:30:00","BZN|FR","Without Sequence","67.40","",""
"14/08/2025 11:30:00 - 14/08/2025 11:45:00","BZN|FR","Without Sequence","67.40","",""
"14/08/2025 11:45:00 - 14/08/2025 12:00:00","BZN|FR","Without Sequence","67.40","",""
"14/08/2025 12:00:00 - 14/08/2025 12:15:00","BZN|FR","Without Sequence","54.01","",""
"14/08/2025 12:15:00 - 14/08/2025 12:30:00","BZN|FR","Without Sequence","54.01","",""
"14/08/2025 12:30:00 - 14/08/2025 12:45:00","BZN|FR","Without Sequence","54.01","",""
"14/08/2025 12:45:00 - 14/08/2025 13:00:00","BZN|FR","Without Sequence","54.01","",""
"14/08/2025 13:00:00 - 14/08/2025 13:15:00","BZN|FR","Without Sequence","40.91","",""
"14/08/2025 13:15:00 - 14/08/2025 13:30:00","BZN|FR","Without Sequence","40.91","",""
"14/08/2025 13:30:00 - 14/08/2025 13:45:00","BZN|FR","Without Sequence","40.91","",""
"14/08/2025 13:45:00 - 14/08/2025 14:00:00","BZN|FR","Without Sequence","40.91","",""
"14/08/2025 14:00:00 - 14/08/2025 14:15:00","BZN|FR","Without Sequence","54.90","",""
"14/08/2025 14:15:00 - 14/08/2025 14:30:00","BZN|FR","Without Sequence","54.90","",""
"14/08/2025 14:30:00 - 14/08/2025 14:45:00","BZN|FR","Without Sequence","54.90","",""
"14/08/2025 14:45:00 - 14/08/2025 15:00:00","BZN|FR","Without Sequence","54.90","",""
"14/08/2025 15:00:00 - 14/08/2025 15:15:00","BZN|FR","Without Sequence","69.43","",""
"14/08/2025 15:15:00 - 14/08/2025 15:30:00","BZN|FR","Without Sequence","69.43","",""
"14/08/2025 15:30:00 - 14/08/2025 15:45:00","BZN|FR","Without Sequence","69.43","",""
"14/08/2025 15:45:00 - 14/08/2025 16:00:00","BZN|FR","Without Sequence","69.43","",""
"14/08/2025 16:00:00 - 14/08/2025 16:15:00","BZN|FR","Without Sequence","78.99","",""
"14/08/2025 16:15:00 - 14/08/2025 16:30:00","BZN|FR","Without Sequence","78.99","",""
"14/08/2025 16:30:00 - 14/08/2025 16:45:00","BZN|FR","Without Sequence","78.99","",""
"14/08/2025 16:45:00 - 14/08/2025 17:00:00","BZN|FR","Without Sequence","78.99","",""
"14/08/2025 17:00:00 - 14/08/2025 17:15:00","BZN|FR","Without Sequence","84.63","",""
"14/08/2025 17:15:00 - 14/08/2025 17:30:00","BZN|FR","Without Sequence","84.63","",""
"14/08/2025 17:30:00 - 14/08/2025 17:45:00","BZN|FR","Without Sequence","84.63","",""
"14/08/2025 17:45:00 - 14/08/2025 18:00:00","BZN|FR","Without Sequence","84.63","",""
"14/08/2025 18:00:00 - 14/08/2025 18:15:00","BZN|FR","Without Sequence","102.00","",""
"14/08/2025 18:15:00 - 14/08/2025 18:30:00","BZN|FR","Without Sequence","102.00","",""
"14/08/2025 18:30:00 - 14/08/2025 18:45:00","BZN|FR","Without Sequence","102.00","",""
"14/08/2025 18:45:00 - 14/08/2025 19:00:00","BZN|FR","Without Sequence","102.00","",""
"14/08/2025 19:00:00 - 14/08/2025 19:15:00","BZN|FR","Without Sequence","115.78","",""
"14/08/2025 19:15:00 - 14/08/2025 19:30:00","BZN|FR","Without Sequence","115.78","",""
"14/08/2025 19:30:00 - 14/08/2025 19:45:00","BZN|FR","Without Sequence","115.78","",""
"14/08/2025 19:45:00 - 14/08/2025 20:00:00","BZN|FR","Without Sequence","115.78","",""
"14/08/2025 20:00:00 - 14/08/2025 20:15:00","BZN|FR","Without Sequence","137.99","",""
"14/08/2025 20:15:00 - 14/08/2025 20:30:00","BZN|FR","Without Sequence","137.99","",""
"14/08/2025 20:30:00 - 14/08/2025 20:45:00","BZN|FR","Without Sequence","137.99","",""
"14/08/2025 20:45:00 - 14/08/2025 21:00:00","BZN|FR","Without Sequence","137.99","",""
"14/08/2025 21:00:00 - 14/08/2025 21:15:00","BZN|FR","Without Sequence","142.01","",""
"14/08/2025 21:15:00 - 14/08/2025 21:30:00","BZN|FR","Without Sequence","142.01","",""
"14/08/2025 21:30:00 - 14/08/2025 21:45:00","BZN|FR","Without Sequence","142.01","",""
"14/08/2025 21:45:00 - 14/08/2025 22:00:00","BZN|FR","Without Sequence","142.01","",""
"14/08/2025 22:00:00 - 14/08/2025 22:15:00","BZN|FR","Without Sequence","120.75","",""
"14/08/2025 22:15:00 - 14/08/2025 22:30:00","BZN|FR","Without Sequence","120.75","",""
"14/08/2025 22:30:00 - 14/08/2025 22:45:00","BZN|FR","Without Sequence","120.75","",""
"14/08/2025 22:45:00 - 14/08/2025 23:00:00","BZN|FR","Without Sequence","120.75","",""
"14/08/2025 23:00:00 - 14/08/2025 23:15:00","BZN|FR","Without Sequence","105.95","",""
"14/08/2025 23:15:00 - 14/08/2025 23:30:00","BZN|FR","Without Sequence","105.95","",""
"14/08/2025 23:30:00 - 14/08/2025 23:45:00","BZN|FR","Without Sequence","105.95","",""
"14/08/2025 23:45:00 - 15/08/2025 00:00:00","BZN|FR","Without Sequence","105.95","",""
"15/08/2025 00:00:00 - 15/08/2025 00:15:00","BZN|FR","Without Sequence","90.52","",""
"15/08/2025 00:15:00 - 15/08/2025 00:30:00","BZN|FR","Without Sequence","90.52","",""
"15/08/2025 00:30:00 - 15/08/2025 00:45:00","BZN|FR","Without Sequence","90.52","",""
"15/08/2025 00:45:00 - 15/08/2025 01:00:00","BZN|FR","Without Sequence","90.52","",""
"15/08/2025 01:00:00 - 15/08/2025 01:15:00","BZN|FR","Without Sequence","83.53","",""
"15/08/2025 01:15:00 - 15/08/2025 01:30:00","BZN|FR","Without Sequence","83.53","",""
"15/08/2025 01:30:00 - 15/08/2025 01:45:00","BZN|FR","Without Sequence","83.53","",""
"15/08/2025 01:45:00 - 15/08/2025 02:00:00","BZN|FR","Without Sequence","83.53","",""
"15/08/2025 02:00:00 - 15/08/2025 02:15:00","BZN|FR","Without Sequence","79.41","",""
"15/08/2025 02:15:00 - 15/08/2025 02:30:00","BZN|FR","Without Sequence","79.41","",""
"15/08/2025 02:30:00 - 15/08/2025 02:45:00","BZN|FR","Without Sequence","79.41","",""
"15/08/2025 02:45:00 - 15/08/2025 03:00:00","BZN|FR","Without Sequence","79.41","",""
"15/08/2025 03:00:00 - 15/08/2025 03:15:00","BZN|FR","Without Sequence","68.47","",""
"15/08/2025 03:15:00 - 15/08/2025 03:30:00","BZN|FR","Without Sequence","68.47","",""
"15/08/2025 03:30:00 - 15/08/2025 03:45:00","BZN|FR","Without Sequence","68.47","",""
"15/08/2025 03:45:00 - 15/08/2025 04:00:00","BZN|FR","Without Sequence","68.47","",""
"15/08/2025 04:00:00 - 15/08/2025 04:15:00","BZN|FR","Without Sequence","76.09","",""
"15/08/2025 04:15:00 - 15/08/2025 04:30:00","BZN|FR","Without Sequence","76.09","",""
"15/08/2025 04:30:00 - 15/08/2025 04:45:00","BZN|FR","Without Sequence","76.09","",""
"15/08/2025 04:45:00 - 15/08/2025 05:00:00","BZN|FR","Without Sequence","76.09","",""
"15/08/2025 05:00:00 - 15/08/2025 05:15:00","BZN|FR","Without Sequence","65.65","",""
"15/08/2025 05:15:00 - 15/08/2025 05:30:00","BZN|FR","Without Sequence","65.65","",""
"15/08/2025 05:30:00 - 15/08/2025 05:45:00","BZN|FR","Without Sequence","65.65","",""
"15/08/2025 05:45:00 - 15/08/2025 06:00:00","BZN|FR","Without Sequence","65.65","",""
"15/08/2025 06:00:00 - 15/08/2025 06:15:00","BZN|FR","Without Sequence","73.46","",""
"15/08/2025 06:15:00 - 15/08/2025 06:30:00","BZN|FR","Without Sequence","73.46","",""
"15/08/2025 06:30:00 - 15/08/2025 06:45:00","BZN|FR","Without Sequence","73.46","",""
"15/08/2025 06:45:00 - 15/08/2025 07:00:00","BZN|FR","Without Sequence","73.46","",""
"15/08/2025 07:00:00 - 15/08/2025 07:15:00","BZN|FR","Without Sequence","79.99","",""
"15/08/2025 07:15:00 - 15/08/2025 07:30:00","BZN|FR","Without Sequence","79.99","",""
"15/08/2025 07:30:00 - 15/08/2025 07:45:00","BZN|FR","Without Sequence","79.99","",""
"15/08/2025 07:45:00 - 15/08/2025 08:00:00","BZN|FR","Without Sequence","79.99","",""
"15/08/2025 08:00:00 - 15/08/2025 08:15:00","BZN|FR","Without Sequence","71.89","",""
"15/08/2025 08:15:00 - 15/08/2025 08:30:00","BZN|FR","Without Sequence","71.89","",""
"15/08/2025 08:30:00 - 15/08/2025 08:45:00","BZN|FR","Without Sequence","71.89","",""
"15/08/2025 08:45:00 - 15/08/2025 09:00:00","BZN|FR","Without Sequence","71.89","",""
"15/08/2025 09:00:00 - 15/08/2025 09:15:00","BZN|FR","Without Sequence","43.97","",""
"15/08/2025 09:15:00 - 15/08/2025 09:30:00","BZN|FR","Without Sequence","43.97","",""
"15/08/2025 09:30:00 - 15/08/2025 09:45:00","BZN|FR","Without Sequence","43.97","",""
"15/08/2025 09:45:00 - 15/08/2025 10:00:00","BZN|FR","Without Sequence","43.97","",""
"15/08/2025 10:00:00 - 15/08/2025 10:15:00","BZN|FR","Without Sequence","25.00","",""
"15/08/2025 10:15:00 - 15/08/2025 10:30:00","BZN|FR","Without Sequence","25.00","",""
"15/08/2025 10:30:00 - 15/08/2025 10:45:00","BZN|FR","Without Sequence","25.00","",""
"15/08/2025 10:45:00 - 15/08/2025 11:00:00","BZN|FR","Without Sequence","25.00","",""
"15/08/2025 11:00:00 - 15/08/2025 11:15:00","BZN|FR","Without Sequence","3.00","",""
"15/08/2025 11:15:00 - 15/08/2025 11:30:00","BZN|FR","Without Sequence","3.00","",""
"15/08/2025 11:30:00 - 15/08/2025 11:45:00","BZN|FR","Without Sequence","3.00","",""
"15/08/2025 11:45:00 - 15/08/2025 12:00:00","BZN|FR","Without Sequence","3.00","",""
"15/08/2025 12:00:00 - 15/08/2025 12:15:00","BZN|FR","Without Sequence","0.08","",""
"15/08/2025 12:15:00 - 15/08/2025 12:30:00","BZN|FR","Without Sequence","0.08","",""
"15/08/2025 12:30:00 - 15/08/2025 12:45:00","BZN|FR","Without Sequence","0.08","",""
"15/08/2025 12:45:00 - 15/08/2025 13:00:00","BZN|FR","Without Sequence","0.08","",""
"15/08/2025 13:00:00 - 15/08/2025 13:15:00","BZN|FR","Without Sequence","0.00","",""
"15/08/2025 13:15:00 - 15/08/2025 13:30:00","BZN|FR","Without Sequence","0.00","",""
"15/08/2025 13:30:00 - 15/08/2025 13:45:00","BZN|FR","Without Sequence","0.00","",""
"15/08/2025 13:45:00 - 15/08/2025 14:00:00","BZN|FR","Without Sequence","0.00","",""
"15/08/2025 14:00:00 - 15/08/2025 14:15:00","BZN|FR","Without Sequence","0.00","",""
"15/08/2025 14:15:00 - 15/08/2025 14:30:00","BZN|FR","Without Sequence","0.00","",""
"15/08/2025 14:30:00 - 15/08/2025 14:45:00","BZN|FR","Without Sequence","0.00","",""
"15/08/2025 14:45:00 - 15/08/2025 15:00:00","BZN|FR","Without Sequence","0.00","",""
"15/08/2025 15:00:00 - 15/08/2025 15:15:00","BZN|FR","Without Sequence","1.72","",""
"15/08/2025 15:15:00 - 15/08/2025 15:30:00","BZN|FR","Without Sequence","1.72","",""
"15/08/2025 15:30:00 - 15/08/2025 15:45:00","BZN|FR","Without Sequence","1.72","",""
"15/08/2025 15:45:00 - 15/08/2025 16:00:00","BZN|FR","Without Sequence","1.72","",""
"15/08/2025 16:00:00 - 15/08/2025 16:15:00","BZN|FR","Without Sequence","23.53","",""
"15/08/2025 16:15:00 - 15/08/2025 16:30:00","BZN|FR","Without Sequence","23.53","",""
"15/08/2025 16:30:00 - 15/08/2025 16:45:00","BZN|FR","Without Sequence","23.53","",""
"15/08/2025 16:45:00 - 15/08/2025 17:00:00","BZN|FR","Without Sequence","23.53","",""
"15/08/2025 17:00:00 - 15/08/2025 17:15:00","BZN|FR","Without Sequence","33.23","",""
"15/08/2025 17:15:00 - 15/08/2025 17:30:00","BZN|FR","Without Sequence","33.23","",""
"15/08/2025 17:30:00 - 15/08/2025 17:45:00","BZN|FR","Without Sequence","33.23","",""
"15/08/2025 17:45:00 - 15/08/2025 18:00:00","BZN|FR","Without Sequence","33.23","",""
"15/08/2025 18:00:00 - 15/08/2025 18:15:00","BZN|FR","Without Sequence","61.12","",""
"15/08/2025 18:15:00 - 15/08/2025 18:30:00","BZN|FR","Without Sequence","61.12","",""
"15/08/2025 18:30:00 - 15/08/2025 18:45:00","BZN|FR","Without Sequence","61.12","",""
"15/08/2025 18:45:00 - 15/08/2025 19:00:00","BZN|FR","Without Sequence","61.12","",""
"15/08/2025 19:00:00 - 15/08/2025 19:15:00","BZN|FR","Without Sequence","100.82","",""
"15/08/2025 19:15:00 - 15/08/2025 19:30:00","BZN|FR","Without Sequence","100.82","",""
"15/08/2025 19:30:00 - 15/08/2025 19:45:00","BZN|FR","Without Sequence","100.82","",""
"15/08/2025 19:45:00 - 15/08/2025 20:00:00","BZN|FR","Without Sequence","100.82","",""
"15/08/2025 20:00:00 - 15/08/2025 20:15:00","BZN|FR","Without Sequence","111.39","",""
"15/08/2025 20:15:00 - 15/08/2025 20:30:00","BZN|FR","Without Sequence","111.39","",""
"15/08/2025 20:30:00 - 15/08/2025 20:45:00","BZN|FR","Without Sequence","111.39","",""
"15/08/2025 20:45:00 - 15/08/2025 21:00:00","BZN|FR","Without Sequence","111.39","",""
"15/08/2025 21:00:00 - 15/08/2025 21:15:00","BZN|FR","Without Sequence","102.00","",""
"15/08/2025 21:15:00 - 15/08/2025 21:30:00","BZN|FR","Without Sequence","102.00","",""
"15/08/2025 21:30:00 - 15/08/2025 21:45:00","BZN|FR","Without Sequence","102.00","",""
"15/08/2025 21:45:00 - 15/08/2025 22:00:00","BZN|FR","Without Sequence","102.00","",""
"15/08/2025 22:00:00 - 15/08/2025 22:15:00","BZN|FR","Without Sequence","102.89","",""
"15/08/2025 22:15:00 - 15/08/2025 22:30:00","BZN|FR","Without Sequence","102.89","",""
"15/08/2025 22:30:00 - 15/08/2025 22:45:00","BZN|FR","Without Sequence","102.89","",""
"15/08/2025 22:45:00 - 15/08/2025 23:00:00","BZN|FR","Without Sequence","102.89","",""
"15/08/2025 23:00:00 - 15/08/2025 23:15:00","BZN|FR","Without Sequence","93.45","",""
"15/08/2025 23:15:00 - 15/08/2025 23:30:00","BZN|FR","Without Sequence","93.45","",""
"15/08/2025 23:30:00 - 15/08/2025 23:45:00","BZN|FR","Without Sequence","93.45","",""
"15/08/2025 23:45:00 - 16/08/2025 00:00:00","BZN|FR","Without Sequence","93.45","",""
"16/08/2025 00:00:00 - 16/08/2025 00:15:00","BZN|FR","Without Sequence","76.71","",""
"16/08/2025 00:15:00 - 16/08/2025 00:30:00","BZN|FR","Without Sequence","76.71","",""
"16/08/2025 00:30:00 - 16/08/2025 00:45:00","BZN|FR","Without Sequence","76.71","",""
"16/08/2025 00:45:00 - 16/08/2025 01:00:00","BZN|FR","Without Sequence","76.71","",""
"16/08/2025 01:00:00 - 16/08/2025 01:15:00","BZN|FR","Without Sequence","74.77","",""
"16/08/2025 01:15:00 - 16/08/2025 01:30:00","BZN|FR","Without Sequence","74.77","",""
"16/08/2025 01:30:00 - 16/08/2025 01:45:00","BZN|FR","Without Sequence","74.77","",""
"16/08/2025 01:45:00 - 16/08/2025 02:00:00","BZN|FR","Without Sequence","74.77","",""
"16/08/2025 02:00:00 - 16/08/2025 02:15:00","BZN|FR","Without Sequence","69.38","",""
"16/08/2025 02:15:00 - 16/08/2025 02:30:00","BZN|FR","Without Sequence","69.38","",""
"16/08/2025 02:30:00 - 16/08/2025 02:45:00","BZN|FR","Without Sequence","69.38","",""
"16/08/2025 02:45:00 - 16/08/2025 03:00:00","BZN|FR","Without Sequence","69.38","",""
"16/08/2025 03:00:00 - 16/08/2025 03:15:00","BZN|FR","Without Sequence","51.61","",""
"16/08/2025 03:15:00 - 16/08/2025 03:30:00","BZN|FR","Without Sequence","51.61","",""
"16/08/2025 03:30:00 - 16/08/2025 03:45:00","BZN|FR","Without Sequence","51.61","",""
"16/08/2025 03:45:00 - 16/08/2025 04:00:00","BZN|FR","Without Sequence","51.61","",""
"16/08/2025 04:00:00 - 16/08/2025 04:15:00","BZN|FR","Without Sequence","44.57","",""
"16/08/2025 04:15:00 - 16/08/2025 04:30:00","BZN|FR","Without Sequence","44.57","",""
"16/08/2025 04:30:00 - 16/08/2025 04:45:00","BZN|FR","Without Sequence","44.57","",""
"16/08/2025 04:45:00 - 16/08/2025 05:00:00","BZN|FR","Without Sequence","44.57","",""
"16/08/2025 05:00:00 - 16/08/2025 05:15:00","BZN|FR","Without Sequence","45.13","",""
"16/08/2025 05:15:00 - 16/08/2025 05:30:00","BZN|FR","Without Sequence","45.13","",""
"16/08/2025 05:30:00 - 16/08/2025 05:45:00","BZN|FR","Without Sequence","45.13","",""
"16/08/2025 05:45:00 - 16/08/2025 06:00:00","BZN|FR","Without Sequence","45.13","",""
"16/08/2025 06:00:00 - 16/08/2025 06:15:00","BZN|FR","Without Sequence","38.97","",""
"16/08/2025 06:15:00 - 16/08/2025 06:30:00","BZN|FR","Without Sequence","38.97","",""
"16/08/2025 06:30:00 - 16/08/2025 06:45:00","BZN|FR","Without Sequence","38.97","",""
"16/08/2025 06:45:00 - 16/08/2025 07:00:00","BZN|FR","Without Sequence","38.97","",""
"16/08/2025 07:00:00 - 16/08/2025 07:15:00","BZN|FR","Without Sequence","48.95","",""
"16/08/2025 07:15:00 - 16/08/2025 07:30:00","BZN|FR","Without Sequence","48.95","",""
"16/08/2025 07:30:00 - 16/08/2025 07:45:00","BZN|FR","Without Sequence","48.95","",""
"16/08/2025 07:45:00 - 16/08/2025 08:00:00","BZN|FR","Without Sequence","48.95","",""
"16/08/2025 08:00:00 - 16/08/2025 08:15:00","BZN|FR","Without Sequence","54.80","",""
"16/08/2025 08:15:00 - 16/08/2025 08:30:00","BZN|FR","Without Sequence","54.80","",""
"16/08/2025 08:30:00 - 16/08/2025 08:45:00","BZN|FR","Without Sequence","54.80","",""
"16/08/2025 08:45:00 - 16/08/2025 09:00:00","BZN|FR","Without Sequence","54.80","",""
"16/08/2025 09:00:00 - 16/08/2025 09:15:00","BZN|FR","Without Sequence","60.93","",""
"16/08/2025 09:15:00 - 16/08/2025 09:30:00","BZN|FR","Without Sequence","60.93","",""
"16/08/2025 09:30:00 - 16/08/2025 09:45:00","BZN|FR","Without Sequence","60.93","",""
"16/08/2025 09:45:00 - 16/08/2025 10:00:00","BZN|FR","Without Sequence","60.93","",""
"16/08/2025 10:00:00 - 16/08/2025 10:15:00","BZN|FR","Without Sequence","26.28","",""
"16/08/2025 10:15:00 - 16/08/2025 10:30:00","BZN|FR","Without Sequence","26.28","",""
"16/08/2025 10:30:00 - 16/08/2025 10:45:00","BZN|FR","Without Sequence","26.28","",""
"16/08/2025 10:45:00 - 16/08/2025 11:00:00","BZN|FR","Without Sequence","26.28","",""
"16/08/2025 11:00:00 - 16/08/2025 11:15:00","BZN|FR","Without Sequence","3.80","",""
"16/08/2025 11:15:00 - 16/08/2025 11:30:00","BZN|FR","Without Sequence","3.80","",""
"16/08/2025 11:30:00 - 16/08/2025 11:45:00","BZN|FR","Without Sequence","3.80","",""
"16/08/2025 11:45:00 - 16/08/2025 12:00:00","BZN|FR","Without Sequence","3.80","",""
"16/08/2025 12:00:00 - 16/08/2025 12:15:00","BZN|FR","Without Sequence","0.17","",""
"16/08/2025 12:15:00 - 16/08/2025 12:30:00","BZN|FR","Without Sequence","0.17","",""
"16/08/2025 12:30:00 - 16/08/2025 12:45:00","BZN|FR","Without Sequence","0.17","",""
"16/08/2025 12:45:00 - 16/08/2025 13:00:00","BZN|FR","Without Sequence","0.17","",""
"16/08/2025 13:00:00 - 16/08/2025 13:15:00","BZN|FR","Without Sequence","-0.01","",""
"16/08/2025 13:15:00 - 16/08/2025 13:30:00","BZN|FR","Without Sequence","-0.01","",""
"16/08/2025 13:30:00 - 16/08/2025 13:45:00","BZN|FR","Without Sequence","-0.01","",""
"16/08/2025 13:45:00 - 16/08/2025 14:00:00","BZN|FR","Without Sequence","-0.01","",""
"16/08/2025 14:00:00 - 16/08/2025 14:15:00","BZN|FR","Without Sequence","-0.01","",""
"16/08/2025 14:15:00 - 16/08/2025 14:30:00","BZN|FR","Without Sequence","-0.01","",""
"16/08/2025 14:30:00 - 16/08/2025 14:45:00","BZN|FR","Without Sequence","-0.01","",""
"16/08/2025 14:45:00 - 16/08/2025 15:00:00","BZN|FR","Without Sequence","-0.01","",""
"16/08/2025 15:00:00 - 16/08/2025 15:15:00","BZN|FR","Without Sequence","-0.01","",""
"16/08/2025 15:15:00 - 16/08/2025 15:30:00","BZN|FR","Without Sequence","-0.01","",""
"16/08/2025 15:30:00 - 16/08/2025 15:45:00","BZN|FR","Without Sequence","-0.01","",""
"16/08/2025 15:45:00 - 16/08/2025 16:00:00","BZN|FR","Without Sequence","-0.01","",""
"16/08/2025 16:00:00 - 16/08/2025 16:15:00","BZN|FR","Without Sequence","3.60","",""
"16/08/2025 16:15:00 - 16/08/2025 16:30:00","BZN|FR","Without Sequence","3.60","",""
"16/08/2025 16:30:00 - 16/08/2025 16:45:00","BZN|FR","Without Sequence","3.60","",""
"16/08/2025 16:45:00 - 16/08/2025 17:00:00","BZN|FR","Without Sequence","3.60","",""
"16/08/2025 17:00:00 - 16/08/2025 17:15:00","BZN|FR","Without Sequence","21.52","",""
"16/08/2025 17:15:00 - 16/08/2025 17:30:00","BZN|FR","Without Sequence","21.52","",""
"16/08/2025 17:30:00 - 16/08/2025 17:45:00","BZN|FR","Without Sequence","21.52","",""
"16/08/2025 17:45:00 - 16/08/2025 18:00:00","BZN|FR","Without Sequence","21.52","",""
"16/08/2025 18:00:00 - 16/08/2025 18:15:00","BZN|FR","Without Sequence","68.80","",""
"16/08/2025 18:15:00 - 16/08/2025 18:30:00","BZN|FR","Without Sequence","68.80","",""
"16/08/2025 18:30:00 - 16/08/2025 18:45:00","BZN|FR","Without Sequence","68.80","",""
"16/08/2025 18:45:00 - 16/08/2025 19:00:00","BZN|FR","Without Sequence","68.80","",""
"16/08/2025 19:00:00 - 16/08/2025 19:15:00","BZN|FR","Without Sequence","86.40","",""
"16/08/2025 19:15:00 - 16/08/2025 19:30:00","BZN|FR","Without Sequence","86.40","",""
"16/08/2025 19:30:00 - 16/08/2025 19:45:00","BZN|FR","Without Sequence","86.40","",""
"16/08/2025 19:45:00 - 16/08/2025 20:00:00","BZN|FR","Without Sequence","86.40","",""
"16/08/2025 20:00:00 - 16/08/2025 20:15:00","BZN|FR","Without Sequence","83.18","",""
"16/08/2025 20:15:00 - 16/08/2025 20:30:00","BZN|FR","Without Sequence","83.18","",""
"16/08/2025 20:30:00 - 16/08/2025 20:45:00","BZN|FR","Without Sequence","83.18","",""
"16/08/2025 20:45:00 - 16/08/2025 21:00:00","BZN|FR","Without Sequence","83.18","",""
"16/08/2025 21:00:00 - 16/08/2025 21:15:00","BZN|FR","Without Sequence","93.20","",""
"16/08/2025 21:15:00 - 16/08/2025 21:30:00","BZN|FR","Without Sequence","93.20","",""
"16/08/2025 21:30:00 - 16/08/2025 21:45:00","BZN|FR","Without Sequence","93.20","",""
"16/08/2025 21:45:00 - 16/08/2025 22:00:00","BZN|FR","Without Sequence","93.20","",""
"16/08/2025 22:00:00 - 16/08/2025 22:15:00","BZN|FR","Without Sequence","95.10","",""
"16/08/2025 22:15:00 - 16/08/2025 22:30:00","BZN|FR","Without Sequence","95.10","",""
"16/08/2025 22:30:00 - 16/08/2025 22:45:00","BZN|FR","Without Sequence","95.10","",""
"16/08/2025 22:45:00 - 16/08/2025 23:00:00","BZN|FR","Without Sequence","95.10","",""
"16/08/2025 23:00:00 - 16/08/2025 23:15:00","BZN|FR","Without Sequence","86.43","",""
"16/08/2025 23:15:00 - 16/08/2025 23:30:00","BZN|FR","Without Sequence","86.43","",""
"16/08/2025 23:30:00 - 16/08/2025 23:45:00","BZN|FR","Without Sequence","86.43","",""
"16/08/2025 23:45:00 - 17/08/2025 00:00:00","BZN|FR","Without Sequence","86.43","",""
"17/08/2025 00:00:00 - 17/08/2025 00:15:00","BZN|FR","Without Sequence","67.88","",""
"17/08/2025 00:15:00 - 17/08/2025 00:30:00","BZN|FR","Without Sequence","67.88","",""
"17/08/2025 00:30:00 - 17/08/2025 00:45:00","BZN|FR","Without Sequence","67.88","",""
"17/08/2025 00:45:00 - 17/08/2025 01:00:00","BZN|FR","Without Sequence","67.88","",""
"17/08/2025 01:00:00 - 17/08/2025 01:15:00","BZN|FR","Without Sequence","60.56","",""
"17/08/2025 01:15:00 - 17/08/2025 01:30:00","BZN|FR","Without Sequence","60.56","",""
"17/08/2025 01:30:00 - 17/08/2025 01:45:00","BZN|FR","Without Sequence","60.56","",""
"17/08/2025 01:45:00 - 17/08/2025 02:00:00","BZN|FR","Without Sequence","60.56","",""
"17/08/2025 02:00:00 - 17/08/2025 02:15:00","BZN|FR","Without Sequence","53.86","",""
"17/08/2025 02:15:00 - 17/08/2025 02:30:00","BZN|FR","Without Sequence","53.86","",""
"17/08/2025 02:30:00 - 17/08/2025 02:45:00","BZN|FR","Without Sequence","53.86","",""
"17/08/2025 02:45:00 - 17/08/2025 03:00:00","BZN|FR","Without Sequence","53.86","",""
"17/08/2025 03:00:00 - 17/08/2025 03:15:00","BZN|FR","Without Sequence","41.73","",""
"17/08/2025 03:15:00 - 17/08/2025 03:30:00","BZN|FR","Without Sequence","41.73","",""
"17/08/2025 03:30:00 - 17/08/2025 03:45:00","BZN|FR","Without Sequence","41.73","",""
"17/08/2025 03:45:00 - 17/08/2025 04:00:00","BZN|FR","Without Sequence","41.73","",""
"17/08/2025 04:00:00 - 17/08/2025 04:15:00","BZN|FR","Without Sequence","37.24","",""
"17/08/2025 04:15:00 - 17/08/2025 04:30:00","BZN|FR","Without Sequence","37.24","",""
"17/08/2025 04:30:00 - 17/08/2025 04:45:00","BZN|FR","Without Sequence","37.24","",""
"17/08/2025 04:45:00 - 17/08/2025 05:00:00","BZN|FR","Without Sequence","37.24","",""
"17/08/2025 05:00:00 - 17/08/2025 05:15:00","BZN|FR","Without Sequence","27.57","",""
"17/08/2025 05:15:00 - 17/08/2025 05:30:00","BZN|FR","Without Sequence","27.57","",""
"17/08/2025 05:30:00 - 17/08/2025 05:45:00","BZN|FR","Without Sequence","27.57","",""
"17/08/2025 05:45:00 - 17/08/2025 06:00:00","BZN|FR","Without Sequence","27.57","",""
"17/08/2025 06:00:00 - 17/08/2025 06:15:00","BZN|FR","Without Sequence","29.12","",""
"17/08/2025 06:15:00 - 17/08/2025 06:30:00","BZN|FR","Without Sequence","29.12","",""
"17/08/2025 06:30:00 - 17/08/2025 06:45:00","BZN|FR","Without Sequence","29.12","",""
"17/08/2025 06:45:00 - 17/08/2025 07:00:00","BZN|FR","Without Sequence","29.12","",""
"17/08/2025 07:00:00 - 17/08/2025 07:15:00","BZN|FR","Without Sequence","17.57","",""
"17/08/2025 07:15:00 - 17/08/2025 07:30:00","BZN|FR","Without Sequence","17.57","",""
"17/08/2025 07:30:00 - 17/08/2025 07:45:00","BZN|FR","Without Sequence","17.57","",""
"17/08/2025 07:45:00 - 17/08/2025 08:00:00","BZN|FR","Without Sequence","17.57","",""
"17/08/2025 08:00:00 - 17/08/2025 08:15:00","BZN|FR","Without Sequence","30.65","",""
"17/08/2025 08:15:00 - 17/08/2025 08:30:00","BZN|FR","Without Sequence","30.65","",""
"17/08/2025 08:30:00 - 17/08/2025 08:45:00","BZN|FR","Without Sequence","30.65","",""
"17/08/2025 08:45:00 - 17/08/2025 09:00:00","BZN|FR","Without Sequence","30.65","",""
"17/08/2025 09:00:00 - 17/08/2025 09:15:00","BZN|FR","Without Sequence","23.68","",""
"17/08/2025 09:15:00 - 17/08/2025 09:30:00","BZN|FR","Without Sequence","23.68","",""
"17/08/2025 09:30:00 - 17/08/2025 09:45:00","BZN|FR","Without Sequence","23.68","",""
"17/08/2025 09:45:00 - 17/08/2025 10:00:00","BZN|FR","Without Sequence","23.68","",""
"17/08/2025 10:00:00 - 17/08/2025 10:15:00","BZN|FR","Without Sequence","9.70","",""
"17/08/2025 10:15:00 - 17/08/2025 10:30:00","BZN|FR","Without Sequence","9.70","",""
"17/08/2025 10:30:00 - 17/08/2025 10:45:00","BZN|FR","Without Sequence","9.70","",""
"17/08/2025 10:45:00 - 17/08/2025 11:00:00","BZN|FR","Without Sequence","9.70","",""
"17/08/2025 11:00:00 - 17/08/2025 11:15:00","BZN|FR","Without Sequence","0.65","",""
"17/08/2025 11:15:00 - 17/08/2025 11:30:00","BZN|FR","Without Sequence","0.65","",""
"17/08/2025 11:30:00 - 17/08/2025 11:45:00","BZN|FR","Without Sequence","0.65","",""
"17/08/2025 11:45:00 - 17/08/2025 12:00:00","BZN|FR","Without Sequence","0.65","",""
"17/08/2025 12:00:00 - 17/08/2025 12:15:00","BZN|FR","Without Sequence","0.65","",""
"17/08/2025 12:15:00 - 17/08/2025 12:30:00","BZN|FR","Without Sequence","0.65","",""
"17/08/2025 12:30:00 - 17/08/2025 12:45:00","BZN|FR","Without Sequence","0.65","",""
"17/08/2025 12:45:00 - 17/08/2025 13:00:00","BZN|FR","Without Sequence","0.65","",""
"17/08/2025 13:00:00 - 17/08/2025 13:15:00","BZN|FR","Without Sequence","0.00","",""
"17/08/2025 13:15:00 - 17/08/2025 13:30:00","BZN|FR","Without Sequence","0.00","",""
"17/08/2025 13:30:00 - 17/08/2025 13:45:00","BZN|FR","Without Sequence","0.00","",""
"17/08/2025 13:45:00 - 17/08/2025 14:00:00","BZN|FR","Without Sequence","0.00","",""
"17/08/2025 14:00:00 - 17/08/2025 14:15:00","BZN|FR","Without Sequence","0.00","",""
"17/08/2025 14:15:00 - 17/08/2025 14:30:00","BZN|FR","Without Sequence","0.00","",""
"17/08/2025 14:30:00 - 17/08/2025 14:45:00","BZN|FR","Without Sequence","0.00","",""
"17/08/2025 14:45:00 - 17/08/2025 15:00:00","BZN|FR","Without Sequence","0.00","",""
"17/08/2025 15:00:00 - 17/08/2025 15:15:00","BZN|FR","Without Sequence","0.65","",""
"17/08/2025 15:15:00 - 17/08/2025 15:30:00","BZN|FR","Without Sequence","0.65","",""
"17/08/2025 15:30:00 - 17/08/2025 15:45:00","BZN|FR","Without Sequence","0.65","",""
"17/08/2025 15:45:00 - 17/08/2025 16:00:00","BZN|FR","Without Sequence","0.65","",""
"17/08/2025 16:00:00 - 17/08/2025 16:15:00","BZN|FR","Without Sequence","5.13","",""
"17/08/2025 16:15:00 - 17/08/2025 16:30:00","BZN|FR","Without Sequence","5.13","",""
"17/08/2025 16:30:00 - 17/08/2025 16:45:00","BZN|FR","Without Sequence","5.13","",""
"17/08/2025 16:45:00 - 17/08/2025 17:00:00","BZN|FR","Without Sequence","5.13","",""
"17/08/2025 17:00:00 - 17/08/2025 17:15:00","BZN|FR","Without Sequence","16.72","",""
"17/08/2025 17:15:00 - 17/08/2025 17:30:00","BZN|FR","Without Sequence","16.72","",""
"17/08/2025 17:30:00 - 17/08/2025 17:45:00","BZN|FR","Without Sequence","16.72","",""
"17/08/2025 17:45:00 - 17/08/2025 18:00:00","BZN|FR","Without Sequence","16.72","",""
"17/08/2025 18:00:00 - 17/08/2025 18:15:00","BZN|FR","Without Sequence","51.45","",""
"17/08/2025 18:15:00 - 17/08/2025 18:30:00","BZN|FR","Without Sequence","51.45","",""
"17/08/2025 18:30:00 - 17/08/2025 18:45:00","BZN|FR","Without Sequence","51.45","",""
"17/08/2025 18:45:00 - 17/08/2025 19:00:00","BZN|FR","Without Sequence","51.45","",""
"17/08/2025 19:00:00 - 17/08/2025 19:15:00","BZN|FR","Without Sequence","94.03","",""
"17/08/2025 19:15:00 - 17/08/2025 19:30:00","BZN|FR","Without Sequence","94.03","",""
"17/08/2025 19:30:00 - 17/08/2025 19:45:00","BZN|FR","Without Sequence","94.03","",""
"17/08/2025 19:45:00 - 17/08/2025 20:00:00","BZN|FR","Without Sequence","94.03","",""
"17/08/2025 20:00:00 - 17/08/2025 20:15:00","BZN|FR","Without Sequence","108.60","",""
"17/08/2025 20:15:00 - 17/08/2025 20:30:00","BZN|FR","Without Sequence","108.60","",""
"17/08/2025 20:30:00 - 17/08/2025 20:45:00","BZN|FR","Without Sequence","108.60","",""
"17/08/2025 20:45:00 - 17/08/2025 21:00:00","BZN|FR","Without Sequence","108.60","",""
"17/08/2025 21:00:00 - 17/08/2025 21:15:00","BZN|FR","Without Sequence","108.05","",""
"17/08/2025 21:15:00 - 17/08/2025 21:30:00","BZN|FR","Without Sequence","108.05","",""
"17/08/2025 21:30:00 - 17/08/2025 21:45:00","BZN|FR","Without Sequence","108.05","",""
"17/08/2025 21:45:00 - 17/08/2025 22:00:00","BZN|FR","Without Sequence","108.05","",""
"17/08/2025 22:00:00 - 17/08/2025 22:15:00","BZN|FR","Without Sequence","101.82","",""
"17/08/2025 22:15:00 - 17/08/2025 22:30:00","BZN|FR","Without Sequence","101.82","",""
"17/08/2025 22:30:00 - 17/08/2025 22:45:00","BZN|FR","Without Sequence","101.82","",""
"17/08/2025 22:45:00 - 17/08/2025 23:00:00","BZN|FR","Without Sequence","101.82","",""
"17/08/2025 23:00:00 - 17/08/2025 23:15:00","BZN|FR","Without Sequence","95.84","",""
"17/08/2025 23:15:00 - 17/08/2025 23:30:00","BZN|FR","Without Sequence","95.84","",""
"17/08/2025 23:30:00 - 17/08/2025 23:45:00","BZN|FR","Without Sequence","95.84","",""
"17/08/2025 23:45:00 - 18/08/2025 00:00:00","BZN|FR","Without Sequence","95.84","",""
"18/08/2025 00:00:00 - 18/08/2025 00:15:00","BZN|FR","Without Sequence","76.15","",""
"18/08/2025 00:15:00 - 18/08/2025 00:30:00","BZN|FR","Without Sequence","76.15","",""
"18/08/2025 00:30:00 - 18/08/2025 00:45:00","BZN|FR","Without Sequence","76.15","",""
"18/08/2025 00:45:00 - 18/08/2025 01:00:00","BZN|FR","Without Sequence","76.15","",""
"18/08/2025 01:00:00 - 18/08/2025 01:15:00","BZN|FR","Without Sequence","56.54","",""
"18/08/2025 01:15:00 - 18/08/2025 01:30:00","BZN|FR","Without Sequence","56.54","",""
"18/08/2025 01:30:00 - 18/08/2025 01:45:00","BZN|FR","Without Sequence","56.54","",""
"18/08/2025 01:45:00 - 18/08/2025 02:00:00","BZN|FR","Without Sequence","56.54","",""
"18/08/2025 02:00:00 - 18/08/2025 02:15:00","BZN|FR","Without Sequence","74.12","",""
"18/08/2025 02:15:00 - 18/08/2025 02:30:00","BZN|FR","Without Sequence","74.12","",""
"18/08/2025 02:30:00 - 18/08/2025 02:45:00","BZN|FR","Without Sequence","74.12","",""
"18/08/2025 02:45:00 - 18/08/2025 03:00:00","BZN|FR","Without Sequence","74.12","",""
"18/08/2025 03:00:00 - 18/08/2025 03:15:00","BZN|FR","Without Sequence","62.61","",""
"18/08/2025 03:15:00 - 18/08/2025 03:30:00","BZN|FR","Without Sequence","62.61","",""
"18/08/2025 03:30:00 - 18/08/2025 03:45:00","BZN|FR","Without Sequence","62.61","",""
"18/08/2025 03:45:00 - 18/08/2025 04:00:00","BZN|FR","Without Sequence","62.61","",""
"18/08/2025 04:00:00 - 18/08/2025 04:15:00","BZN|FR","Without Sequence","63.28","",""
"18/08/2025 04:15:00 - 18/08/2025 04:30:00","BZN|FR","Without Sequence","63.28","",""
"18/08/2025 04:30:00 - 18/08/2025 04:45:00","BZN|FR","Without Sequence","63.28","",""
"18/08/2025 04:45:00 - 18/08/2025 05:00:00","BZN|FR","Without Sequence","63.28","",""
"18/08/2025 05:00:00 - 18/08/2025 05:15:00","BZN|FR","Without Sequence","68.15","",""
"18/08/2025 05:15:00 - 18/08/2025 05:30:00","BZN|FR","Without Sequence","68.15","",""
"18/08/2025 05:30:00 - 18/08/2025 05:45:00","BZN|FR","Without Sequence","68.15","",""
"18/08/2025 05:45:00 - 18/08/2025 06:00:00","BZN|FR","Without Sequence","68.15","",""
"18/08/2025 06:00:00 - 18/08/2025 06:15:00","BZN|FR","Without Sequence","75.45","",""
"18/08/2025 06:15:00 - 18/08/2025 06:30:00","BZN|FR","Without Sequence","75.45","",""
"18/08/2025 06:30:00 - 18/08/2025 06:45:00","BZN|FR","Without Sequence","75.45","",""
"18/08/2025 06:45:00 - 18/08/2025 07:00:00","BZN|FR","Without Sequence","75.45","",""
"18/08/2025 07:00:00 - 18/08/2025 07:15:00","BZN|FR","Without Sequence","48.64","",""
"18/08/2025 07:15:00 - 18/08/2025 07:30:00","BZN|FR","Without Sequence","48.64","",""
"18/08/2025 07:30:00 - 18/08/2025 07:45:00","BZN|FR","Without Sequence","48.64","",""
"18/08/2025 07:45:00 - 18/08/2025 08:00:00","BZN|FR","Without Sequence","48.64","",""
"18/08/2025 08:00:00 - 18/08/2025 08:15:00","BZN|FR","Without Sequence","67.54","",""
"18/08/2025 08:15:00 - 18/08/2025 08:30:00","BZN|FR","Without Sequence","67.54","",""
"18/08/2025 08:30:00 - 18/08/2025 08:45:00","BZN|FR","Without Sequence","67.54","",""
"18/08/2025 08:45:00 - 18/08/2025 09:00:00","BZN|FR","Without Sequence","67.54","",""
"18/08/2025 09:00:00 - 18/08/2025 09:15:00","BZN|FR","Without Sequence","78.86","",""
"18/08/2025 09:15:00 - 18/08/2025 09:30:00","BZN|FR","Without Sequence","78.86","",""
"18/08/2025 09:30:00 - 18/08/2025 09:45:00","BZN|FR","Without Sequence","78.86","",""
"18/08/2025 09:45:00 - 18/08/2025 10:00:00","BZN|FR","Without Sequence","78.86","",""
"18/08/2025 10:00:00 - 18/08/2025 10:15:00","BZN|FR","Without Sequence","61.10","",""
"18/08/2025 10:15:00 - 18/08/2025 10:30:00","BZN|FR","Without Sequence","61.10","",""
"18/08/2025 10:30:00 - 18/08/2025 10:45:00","BZN|FR","Without Sequence","61.10","",""
"18/08/2025 10:45:00 - 18/08/2025 11:00:00","BZN|FR","Without Sequence","61.10","",""
"18/08/2025 11:00:00 - 18/08/2025 11:15:00","BZN|FR","Without Sequence","45.93","",""
"18/08/2025 11:15:00 - 18/08/2025 11:30:00","BZN|FR","Without Sequence","45.93","",""
"18/08/2025 11:30:00 - 18/08/2025 11:45:00","BZN|FR","Without Sequence","45.93","",""
"18/08/2025 11:45:00 - 18/08/2025 12:00:00","BZN|FR","Without Sequence","45.93","",""
"18/08/2025 12:00:00 - 18/08/2025 12:15:00","BZN|FR","Without Sequence","20.04","",""
"18/08/2025 12:15:00 - 18/08/2025 12:30:00","BZN|FR","Without Sequence","20.04","",""
"18/08/2025 12:30:00 - 18/08/2025 12:45:00","BZN|FR","Without Sequence","20.04","",""
"18/08/2025 12:45:00 - 18/08/2025 13:00:00","BZN|FR","Without Sequence","20.04","",""
"18/08/2025 13:00:00 - 18/08/2025 13:15:00","BZN|FR","Without Sequence","14.23","",""
"18/08/2025 13:15:00 - 18/08/2025 13:30:00","BZN|FR","Without Sequence","14.23","",""
"18/08/2025 13:30:00 - 18/08/2025 13:45:00","BZN|FR","Without Sequence","14.23","",""
"18/08/2025 13:45:00 - 18/08/2025 14:00:00","BZN|FR","Without Sequence","14.23","",""
"18/08/2025 14:00:00 - 18/08/2025 14:15:00","BZN|FR","Without Sequence","18.34","",""
"18/08/2025 14:15:00 - 18/08/2025 14:30:00","BZN|FR","Without Sequence","18.34","",""
"18/08/2025 14:30:00 - 18/08/2025 14:45:00","BZN|FR","Without Sequence","18.34","",""
"18/08/2025 14:45:00 - 18/08/2025 15:00:00","BZN|FR","Without Sequence","18.34","",""
"18/08/2025 15:00:00 - 18/08/2025 15:15:00","BZN|FR","Without Sequence","54.56","",""
"18/08/2025 15:15:00 - 18/08/2025 15:30:00","BZN|FR","Without Sequence","54.56","",""
"18/08/2025 15:30:00 - 18/08/2025 15:45:00","BZN|FR","Without Sequence","54.56","",""
"18/08/2025 15:45:00 - 18/08/2025 16:00:00","BZN|FR","Without Sequence","54.56","",""
"18/08/2025 16:00:00 - 18/08/2025 16:15:00","BZN|FR","Without Sequence","69.26","",""
"18/08/2025 16:15:00 - 18/08/2025 16:30:00","BZN|FR","Without Sequence","69.26","",""
"18/08/2025 16:30:00 - 18/08/2025 16:45:00","BZN|FR","Without Sequence","69.26","",""
"18/08/2025 16:45:00 - 18/08/2025 17:00:00","BZN|FR","Without Sequence","69.26","",""
"18/08/2025 17:00:00 - 18/08/2025 17:15:00","BZN|FR","Without Sequence","84.53","",""
"18/08/2025 17:15:00 - 18/08/2025 17:30:00","BZN|FR","Without Sequence","84.53","",""
"18/08/2025 17:30:00 - 18/08/2025 17:45:00","BZN|FR","Without Sequence","84.53","",""
"18/08/2025 17:45:00 - 18/08/2025 18:00:00","BZN|FR","Without Sequence","84.53","",""
"18/08/2025 18:00:00 - 18/08/2025 18:15:00","BZN|FR","Without Sequence","104.07","",""
"18/08/2025 18:15:00 - 18/08/2025 18:30:00","BZN|FR","Without Sequence","104.07","",""
"18/08/2025 18:30:00 - 18/08/2025 18:45:00","BZN|FR","Without Sequence","104.07","",""
"18/08/2025 18:45:00 - 18/08/2025 19:00:00","BZN|FR","Without Sequence","104.07","",""
"18/08/2025 19:00:00 - 18/08/2025 19:15:00","BZN|FR","Without Sequence","115.06","",""
"18/08/2025 19:15:00 - 18/08/2025 19:30:00","BZN|FR","Without Sequence","115.06","",""
"18/08/2025 19:30:00 - 18/08/2025 19:45:00","BZN|FR","Without Sequence","115.06","",""
"18/08/2025 19:45:00 - 18/08/2025 20:00:00","BZN|FR","Without Sequence","115.06","",""
"18/08/2025 20:00:00 - 18/08/2025 20:15:00","BZN|FR","Without Sequence","120.00","",""
"18/08/2025 20:15:00 - 18/08/2025 20:30:00","BZN|FR","Without Sequence","120.00","",""
"18/08/2025 20:30:00 - 18/08/2025 20:45:00","BZN|FR","Without Sequence","120.00","",""
"18/08/2025 20:45:00 - 18/08/2025 21:00:00","BZN|FR","Without Sequence","120.00","",""
"18/08/2025 21:00:00 - 18/08/2025 21:15:00","BZN|FR","Without Sequence","120.76","",""
"18/08/2025 21:15:00 - 18/08/2025 21:30:00","BZN|FR","Without Sequence","120.76","",""
"18/08/2025 21:30:00 - 18/08/2025 21:45:00","BZN|FR","Without Sequence","120.76","",""
"18/08/2025 21:45:00 - 18/08/2025 22:00:00","BZN|FR","Without Sequence","120.76","",""
"18/08/2025 22:00:00 - 18/08/2025 22:15:00","BZN|FR","Without Sequence","100.44","",""
"18/08/2025 22:15:00 - 18/08/2025 22:30:00","BZN|FR","Without Sequence","100.44","",""
"18/08/2025 22:30:00 - 18/08/2025 22:45:00","BZN|FR","Without Sequence","100.44","",""
"18/08/2025 22:45:00 - 18/08/2025 23:00:00","BZN|FR","Without Sequence","100.44","",""
"18/08/2025 23:00:00 - 18/08/2025 23:15:00","BZN|FR","Without Sequence","79.56","",""
"18/08/2025 23:15:00 - 18/08/2025 23:30:00","BZN|FR","Without Sequence","79.56","",""
"18/08/2025 23:30:00 - 18/08/2025 23:45:00","BZN|FR","Without Sequence","79.56","",""
"18/08/2025 23:45:00 - 19/08/2025 00:00:00","BZN|FR","Without Sequence","79.56","",""
"19/08/2025 00:00:00 - 19/08/2025 00:15:00","BZN|FR","Without Sequence","93.04","",""
"19/08/2025 00:15:00 - 19/08/2025 00:30:00","BZN|FR","Without Sequence","93.04","",""
"19/08/2025 00:30:00 - 19/08/2025 00:45:00","BZN|FR","Without Sequence","93.04","",""
"19/08/2025 00:45:00 - 19/08/2025 01:00:00","BZN|FR","Without Sequence","93.04","",""
"19/08/2025 01:00:00 - 19/08/2025 01:15:00","BZN|FR","Without Sequence","76.50","",""
"19/08/2025 01:15:00 - 19/08/2025 01:30:00","BZN|FR","Without Sequence","76.50","",""
"19/08/2025 01:30:00 - 19/08/2025 01:45:00","BZN|FR","Without Sequence","76.50","",""
"19/08/2025 01:45:00 - 19/08/2025 02:00:00","BZN|FR","Without Sequence","76.50","",""
"19/08/2025 02:00:00 - 19/08/2025 02:15:00","BZN|FR","Without Sequence","71.81","",""
"19/08/2025 02:15:00 - 19/08/2025 02:30:00","BZN|FR","Without Sequence","71.81","",""
"19/08/2025 02:30:00 - 19/08/2025 02:45:00","BZN|FR","Without Sequence","71.81","",""
"19/08/2025 02:45:00 - 19/08/2025 03:00:00","BZN|FR","Without Sequence","71.81","",""
"19/08/2025 03:00:00 - 19/08/2025 03:15:00","BZN|FR","Without Sequence","66.46","",""
"19/08/2025 03:15:00 - 19/08/2025 03:30:00","BZN|FR","Without Sequence","66.46","",""
"19/08/2025 03:30:00 - 19/08/2025 03:45:00","BZN|FR","Without Sequence","66.46","",""
"19/08/2025 03:45:00 - 19/08/2025 04:00:00","BZN|FR","Without Sequence","66.46","",""
"19/08/2025 04:00:00 - 19/08/2025 04:15:00","BZN|FR","Without Sequence","65.51","",""
"19/08/2025 04:15:00 - 19/08/2025 04:30:00","BZN|FR","Without Sequence","65.51","",""
"19/08/2025 04:30:00 - 19/08/2025 04:45:00","BZN|FR","Without Sequence","65.51","",""
"19/08/2025 04:45:00 - 19/08/2025 05:00:00","BZN|FR","Without Sequence","65.51","",""
"19/08/2025 05:00:00 - 19/08/2025 05:15:00","BZN|FR","Without Sequence","75.06","",""
"19/08/2025 05:15:00 - 19/08/2025 05:30:00","BZN|FR","Without Sequence","75.06","",""
"19/08/2025 05:30:00 - 19/08/2025 05:45:00","BZN|FR","Without Sequence","75.06","",""
"19/08/2025 05:45:00 - 19/08/2025 06:00:00","BZN|FR","Without Sequence","75.06","",""
"19/08/2025 06:00:00 - 19/08/2025 06:15:00","BZN|FR","Without Sequence","85.15","",""
"19/08/2025 06:15:00 - 19/08/2025 06:30:00","BZN|FR","Without Sequence","85.15","",""
"19/08/2025 06:30:00 - 19/08/2025 06:45:00","BZN|FR","Without Sequence","85.15","",""
"19/08/2025 06:45:00 - 19/08/2025 07:00:00","BZN|FR","Without Sequence","85.15","",""
"19/08/2025 07:00:00 - 19/08/2025 07:15:00","BZN|FR","Without Sequence","95.02","",""
"19/08/2025 07:15:00 - 19/08/2025 07:30:00","BZN|FR","Without Sequence","95.02","",""
"19/08/2025 07:30:00 - 19/08/2025 07:45:00","BZN|FR","Without Sequence","95.02","",""
"19/08/2025 07:45:00 - 19/08/2025 08:00:00","BZN|FR","Without Sequence","95.02","",""
"19/08/2025 08:00:00 - 19/08/2025 08:15:00","BZN|FR","Without Sequence","98.05","",""
"19/08/2025 08:15:00 - 19/08/2025 08:30:00","BZN|FR","Without Sequence","98.05","",""
"19/08/2025 08:30:00 - 19/08/2025 08:45:00","BZN|FR","Without Sequence","98.05","",""
"19/08/2025 08:45:00 - 19/08/2025 09:00:00","BZN|FR","Without Sequence","98.05","",""
"19/08/2025 09:00:00 - 19/08/2025 09:15:00","BZN|FR","Without Sequence","88.57","",""
"19/08/2025 09:15:00 - 19/08/2025 09:30:00","BZN|FR","Without Sequence","88.57","",""
"19/08/2025 09:30:00 - 19/08/2025 09:45:00","BZN|FR","Without Sequence","88.57","",""
"19/08/2025 09:45:00 - 19/08/2025 10:00:00","BZN|FR","Without Sequence","88.57","",""
"19/08/2025 10:00:00 - 19/08/2025 10:15:00","BZN|FR","Without Sequence","69.64","",""
"19/08/2025 10:15:00 - 19/08/2025 10:30:00","BZN|FR","Without Sequence","69.64","",""
"19/08/2025 10:30:00 - 19/08/2025 10:45:00","BZN|FR","Without Sequence","69.64","",""
"19/08/2025 10:45:00 - 19/08/2025 11:00:00","BZN|FR","Without Sequence","69.64","",""
"19/08/2025 11:00:00 - 19/08/2025 11:15:00","BZN|FR","Without Sequence","43.23","",""
"19/08/2025 11:15:00 - 19/08/2025 11:30:00","BZN|FR","Without Sequence","43.23","",""
"19/08/2025 11:30:00 - 19/08/2025 11:45:00","BZN|FR","Without Sequence","43.23","",""
"19/08/2025 11:45:00 - 19/08/2025 12:00:00","BZN|FR","Without Sequence","43.23","",""
"19/08/2025 12:00:00 - 19/08/2025 12:15:00","BZN|FR","Without Sequence","30.00","",""
"19/08/2025 12:15:00 - 19/08/2025 12:30:00","BZN|FR","Without Sequence","30.00","",""
"19/08/2025 12:30:00 - 19/08/2025 12:45:00","BZN|FR","Without Sequence","30.00","",""
"19/08/2025 12:45:00 - 19/08/2025 13:00:00","BZN|FR","Without Sequence","30.00","",""
"19/08/2025 13:00:00 - 19/08/2025 13:15:00","BZN|FR","Without Sequence","29.14","",""
"19/08/2025 13:15:00 - 19/08/2025 13:30:00","BZN|FR","Without Sequence","29.14","",""
"19/08/2025 13:30:00 - 19/08/2025 13:45:00","BZN|FR","Without Sequence","29.14","",""
"19/08/2025 13:45:00 - 19/08/2025 14:00:00","BZN|FR","Without Sequence","29.14","",""
"19/08/2025 14:00:00 - 19/08/2025 14:15:00","BZN|FR","Without Sequence","30.91","",""
"19/08/2025 14:15:00 - 19/08/2025 14:30:00","BZN|FR","Without Sequence","30.91","",""
"19/08/2025 14:30:00 - 19/08/2025 14:45:00","BZN|FR","Without Sequence","30.91","",""
"19/08/2025 14:45:00 - 19/08/2025 15:00:00","BZN|FR","Without Sequence","30.91","",""
"19/08/2025 15:00:00 - 19/08/2025 15:15:00","BZN|FR","Without Sequence","40.54","",""
"19/08/2025 15:15:00 - 19/08/2025 15:30:00","BZN|FR","Without Sequence","40.54","",""
"19/08/2025 15:30:00 - 19/08/2025 15:45:00","BZN|FR","Without Sequence","40.54","",""
"19/08/2025 15:45:00 - 19/08/2025 16:00:00","BZN|FR","Without Sequence","40.54","",""
"19/08/2025 16:00:00 - 19/08/2025 16:15:00","BZN|FR","Without Sequence","58.18","",""
"19/08/2025 16:15:00 - 19/08/2025 16:30:00","BZN|FR","Without Sequence","58.18","",""
"19/08/2025 16:30:00 - 19/08/2025 16:45:00","BZN|FR","Without Sequence","58.18","",""
"19/08/2025 16:45:00 - 19/08/2025 17:00:00","BZN|FR","Without Sequence","58.18","",""
"19/08/2025 17:00:00 - 19/08/2025 17:15:00","BZN|FR","Without Sequence","63.33","",""
"19/08/2025 17:15:00 - 19/08/2025 17:30:00","BZN|FR","Without Sequence","63.33","",""
"19/08/2025 17:30:00 - 19/08/2025 17:45:00","BZN|FR","Without Sequence","63.33","",""
"19/08/2025 17:45:00 - 19/08/2025 18:00:00","BZN|FR","Without Sequence","63.33","",""
"19/08/2025 18:00:00 - 19/08/2025 18:15:00","BZN|FR","Without Sequence","63.00","",""
"19/08/2025 18:15:00 - 19/08/2025 18:30:00","BZN|FR","Without Sequence","63.00","",""
"19/08/2025 18:30:00 - 19/08/2025 18:45:00","BZN|FR","Without Sequence","63.00","",""
"19/08/2025 18:45:00 - 19/08/2025 19:00:00","BZN|FR","Without Sequence","63.00","",""
"19/08/2025 19:00:00 - 19/08/2025 19:15:00","BZN|FR","Without Sequence","88.97","",""
"19/08/2025 19:15:00 - 19/08/2025 19:30:00","BZN|FR","Without Sequence","88.97","",""
"19/08/2025 19:30:00 - 19/08/2025 19:45:00","BZN|FR","Without Sequence","88.97","",""
"19/08/2025 19:45:00 - 19/08/2025 20:00:00","BZN|FR","Without Sequence","88.97","",""
"19/08/2025 20:00:00 - 19/08/2025 20:15:00","BZN|FR","Without Sequence","97.74","",""
"19/08/2025 20:15:00 - 19/08/2025 20:30:00","BZN|FR","Without Sequence","97.74","",""
"19/08/2025 20:30:00 - 19/08/2025 20:45:00","BZN|FR","Without Sequence","97.74","",""
"19/08/2025 20:45:00 - 19/08/2025 21:00:00","BZN|FR","Without Sequence","97.74","",""
"19/08/2025 21:00:00 - 19/08/2025 21:15:00","BZN|FR","Without Sequence","98.04","",""
"19/08/2025 21:15:00 - 19/08/2025 21:30:00","BZN|FR","Without Sequence","98.04","",""
"19/08/2025 21:30:00 - 19/08/2025 21:45:00","BZN|FR","Without Sequence","98.04","",""
"19/08/2025 21:45:00 - 19/08/2025 22:00:00","BZN|FR","Without Sequence","98.04","",""
"19/08/2025 22:00:00 - 19/08/2025 22:15:00","BZN|FR","Without Sequence","98.00","",""
"19/08/2025 22:15:00 - 19/08/2025 22:30:00","BZN|FR","Without Sequence","98.00","",""
"19/08/2025 22:30:00 - 19/08/2025 22:45:00","BZN|FR","Without Sequence","98.00","",""
"19/08/2025 22:45:00 - 19/08/2025 23:00:00","BZN|FR","Without Sequence","98.00","",""
"19/08/2025 23:00:00 - 19/08/2025 23:15:00","BZN|FR","Without Sequence","83.76","",""
"19/08/2025 23:15:00 - 19/08/2025 23:30:00","BZN|FR","Without Sequence","83.76","",""
"19/08/2025 23:30:00 - 19/08/2025 23:45:00","BZN|FR","Without Sequence","83.76","",""
"19/08/2025 23:45:00 - 20/08/2025 00:00:00","BZN|FR","Without Sequence","83.76","",""
"20/08/2025 00:00:00 - 20/08/2025 00:15:00","BZN|FR","Without Sequence","82.90","",""
"20/08/2025 00:15:00 - 20/08/2025 00:30:00","BZN|FR","Without Sequence","82.90","",""
"20/08/2025 00:30:00 - 20/08/2025 00:45:00","BZN|FR","Without Sequence","82.90","",""
"20/08/2025 00:45:00 - 20/08/2025 01:00:00","BZN|FR","Without Sequence","82.90","",""
"20/08/2025 01:00:00 - 20/08/2025 01:15:00","BZN|FR","Without Sequence","74.12","",""
"20/08/2025 01:15:00 - 20/08/2025 01:30:00","BZN|FR","Without Sequence","74.12","",""
"20/08/2025 01:30:00 - 20/08/2025 01:45:00","BZN|FR","Without Sequence","74.12","",""
"20/08/2025 01:45:00 - 20/08/2025 02:00:00","BZN|FR","Without Sequence","74.12","",""
"20/08/2025 02:00:00 - 20/08/2025 02:15:00","BZN|FR","Without Sequence","67.05","",""
"20/08/2025 02:15:00 - 20/08/2025 02:30:00","BZN|FR","Without Sequence","67.05","",""
"20/08/2025 02:30:00 - 20/08/2025 02:45:00","BZN|FR","Without Sequence","67.05","",""
"20/08/2025 02:45:00 - 20/08/2025 03:00:00","BZN|FR","Without Sequence","67.05","",""
"20/08/2025 03:00:00 - 20/08/2025 03:15:00","BZN|FR","Without Sequence","66.08","",""
"20/08/2025 03:15:00 - 20/08/2025 03:30:00","BZN|FR","Without Sequence","66.08","",""
"20/08/2025 03:30:00 - 20/08/2025 03:45:00","BZN|FR","Without Sequence","66.08","",""
"20/08/2025 03:45:00 - 20/08/2025 04:00:00","BZN|FR","Without Sequence","66.08","",""
"20/08/2025 04:00:00 - 20/08/2025 04:15:00","BZN|FR","Without Sequence","64.95","",""
"20/08/2025 04:15:00 - 20/08/2025 04:30:00","BZN|FR","Without Sequence","64.95","",""
"20/08/2025 04:30:00 - 20/08/2025 04:45:00","BZN|FR","Without Sequence","64.95","",""
"20/08/2025 04:45:00 - 20/08/2025 05:00:00","BZN|FR","Without Sequence","64.95","",""
"20/08/2025 05:00:00 - 20/08/2025 05:15:00","BZN|FR","Without Sequence","70.60","",""
"20/08/2025 05:15:00 - 20/08/2025 05:30:00","BZN|FR","Without Sequence","70.60","",""
"20/08/2025 05:30:00 - 20/08/2025 05:45:00","BZN|FR","Without Sequence","70.60","",""
"20/08/2025 05:45:00 - 20/08/2025 06:00:00","BZN|FR","Without Sequence","70.60","",""
"20/08/2025 06:00:00 - 20/08/2025 06:15:00","BZN|FR","Without Sequence","74.07","",""
"20/08/2025 06:15:00 - 20/08/2025 06:30:00","BZN|FR","Without Sequence","74.07","",""
"20/08/2025 06:30:00 - 20/08/2025 06:45:00","BZN|FR","Without Sequence","74.07","",""
"20/08/2025 06:45:00 - 20/08/2025 07:00:00","BZN|FR","Without Sequence","74.07","",""
"20/08/2025 07:00:00 - 20/08/2025 07:15:00","BZN|FR","Without Sequence","78.43","",""
"20/08/2025 07:15:00 - 20/08/2025 07:30:00","BZN|FR","Without Sequence","78.43","",""
"20/08/2025 07:30:00 - 20/08/2025 07:45:00","BZN|FR","Without Sequence","78.43","",""
"20/08/2025 07:45:00 - 20/08/2025 08:00:00","BZN|FR","Without Sequence","78.43","",""
"20/08/2025 08:00:00 - 20/08/2025 08:15:00","BZN|FR","Without Sequence","89.81","",""
"20/08/2025 08:15:00 - 20/08/2025 08:30:00","BZN|FR","Without Sequence","89.81","",""
"20/08/2025 08:30:00 - 20/08/2025 08:45:00","BZN|FR","Without Sequence","89.81","",""
"20/08/2025 08:45:00 - 20/08/2025 09:00:00","BZN|FR","Without Sequence","89.81","",""
"20/08/2025 09:00:00 - 20/08/2025 09:15:00","BZN|FR","Without Sequence","71.55","",""
"20/08/2025 09:15:00 - 20/08/2025 09:30:00","BZN|FR","Without Sequence","71.55","",""
"20/08/2025 09:30:00 - 20/08/2025 09:45:00","BZN|FR","Without Sequence","71.55","",""
"20/08/2025 09:45:00 - 20/08/2025 10:00:00","BZN|FR","Without Sequence","71.55","",""
"20/08/2025 10:00:00 - 20/08/2025 10:15:00","BZN|FR","Without Sequence","49.80","",""
"20/08/2025 10:15:00 - 20/08/2025 10:30:00","BZN|FR","Without Sequence","49.80","",""
"20/08/2025 10:30:00 - 20/08/2025 10:45:00","BZN|FR","Without Sequence","49.80","",""
"20/08/2025 10:45:00 - 20/08/2025 11:00:00","BZN|FR","Without Sequence","49.80","",""
"20/08/2025 11:00:00 - 20/08/2025 11:15:00","BZN|FR","Without Sequence","56.03","",""
"20/08/2025 11:15:00 - 20/08/2025 11:30:00","BZN|FR","Without Sequence","56.03","",""
"20/08/2025 11:30:00 - 20/08/2025 11:45:00","BZN|FR","Without Sequence","56.03","",""
"20/08/2025 11:45:00 - 20/08/2025 12:00:00","BZN|FR","Without Sequence","56.03","",""
"20/08/2025 12:00:00 - 20/08/2025 12:15:00","BZN|FR","Without Sequence","49.02","",""
"20/08/2025 12:15:00 - 20/08/2025 12:30:00","BZN|FR","Without Sequence","49.02","",""
"20/08/2025 12:30:00 - 20/08/2025 12:45:00","BZN|FR","Without Sequence","49.02","",""
"20/08/2025 12:45:00 - 20/08/2025 13:00:00","BZN|FR","Without Sequence","49.02","",""
"20/08/2025 13:00:00 - 20/08/2025 13:15:00","BZN|FR","Without Sequence","35.00","",""
"20/08/2025 13:15:00 - 20/08/2025 13:30:00","BZN|FR","Without Sequence","35.00","",""
"20/08/2025 13:30:00 - 20/08/2025 13:45:00","BZN|FR","Without Sequence","35.00","",""
"20/08/2025 13:45:00 - 20/08/2025 14:00:00","BZN|FR","Without Sequence","35.00","",""
"20/08/2025 14:00:00 - 20/08/2025 14:15:00","BZN|FR","Without Sequence","31.53","",""
"20/08/2025 14:15:00 - 20/08/2025 14:30:00","BZN|FR","Without Sequence","31.53","",""
"20/08/2025 14:30:00 - 20/08/2025 14:45:00","BZN|FR","Without Sequence","31.53","",""
"20/08/2025 14:45:00 - 20/08/2025 15:00:00","BZN|FR","Without Sequence","31.53","",""
"20/08/2025 15:00:00 - 20/08/2025 15:15:00","BZN|FR","Without Sequence","27.20","",""
"20/08/2025 15:15:00 - 20/08/2025 15:30:00","BZN|FR","Without Sequence","27.20","",""
"20/08/2025 15:30:00 - 20/08/2025 15:45:00","BZN|FR","Without Sequence","27.20","",""
"20/08/2025 15:45:00 - 20/08/2025 16:00:00","BZN|FR","Without Sequence","27.20","",""
"20/08/2025 16:00:00 - 20/08/2025 16:15:00","BZN|FR","Without Sequence","27.99","",""
"20/08/2025 16:15:00 - 20/08/2025 16:30:00","BZN|FR","Without Sequence","27.99","",""
"20/08/2025 16:30:00 - 20/08/2025 16:45:00","BZN|FR","Without Sequence","27.99","",""
"20/08/2025 16:45:00 - 20/08/2025 17:00:00","BZN|FR","Without Sequence","27.99","",""
"20/08/2025 17:00:00 - 20/08/2025 17:15:00","BZN|FR","Without Sequence","37.72","",""
"20/08/2025 17:15:00 - 20/08/2025 17:30:00","BZN|FR","Without Sequence","37.72","",""
"20/08/2025 17:30:00 - 20/08/2025 17:45:00","BZN|FR","Without Sequence","37.72","",""
"20/08/2025 17:45:00 - 20/08/2025 18:00:00","BZN|FR","Without Sequence","37.72","",""
"20/08/2025 18:00:00 - 20/08/2025 18:15:00","BZN|FR","Without Sequence","54.11","",""
"20/08/2025 18:15:00 - 20/08/2025 18:30:00","BZN|FR","Without Sequence","54.11","",""
"20/08/2025 18:30:00 - 20/08/2025 18:45:00","BZN|FR","Without Sequence","54.11","",""
"20/08/2025 18:45:00 - 20/08/2025 19:00:00","BZN|FR","Without Sequence","54.11","",""
"20/08/2025 19:00:00 - 20/08/2025 19:15:00","BZN|FR","Without Sequence","69.27","",""
"20/08/2025 19:15:00 - 20/08/2025 19:30:00","BZN|FR","Without Sequence","69.27","",""
"20/08/2025 19:30:00 - 20/08/2025 19:45:00","BZN|FR","Without Sequence","69.27","",""
"20/08/2025 19:45:00 - 20/08/2025 20:00:00","BZN|FR","Without Sequence","69.27","",""
"20/08/2025 20:00:00 - 20/08/2025 20:15:00","BZN|FR","Without Sequence","78.73","",""
"20/08/2025 20:15:00 - 20/08/2025 20:30:00","BZN|FR","Without Sequence","78.73","",""
"20/08/2025 20:30:00 - 20/08/2025 20:45:00","BZN|FR","Without Sequence","78.73","",""
"20/08/2025 20:45:00 - 20/08/2025 21:00:00","BZN|FR","Without Sequence","78.73","",""
"20/08/2025 21:00:00 - 20/08/2025 21:15:00","BZN|FR","Without Sequence","100.07","",""
"20/08/2025 21:15:00 - 20/08/2025 21:30:00","BZN|FR","Without Sequence","100.07","",""
"20/08/2025 21:30:00 - 20/08/2025 21:45:00","BZN|FR","Without Sequence","100.07","",""
"20/08/2025 21:45:00 - 20/08/2025 22:00:00","BZN|FR","Without Sequence","100.07","",""
"20/08/2025 22:00:00 - 20/08/2025 22:15:00","BZN|FR","Without Sequence","97.52","",""
"20/08/2025 22:15:00 - 20/08/2025 22:30:00","BZN|FR","Without Sequence","97.52","",""
"20/08/2025 22:30:00 - 20/08/2025 22:45:00","BZN|FR","Without Sequence","97.52","",""
"20/08/2025 22:45:00 - 20/08/2025 23:00:00","BZN|FR","Without Sequence","97.52","",""
"20/08/2025 23:00:00 - 20/08/2025 23:15:00","BZN|FR","Without Sequence","84.98","",""
"20/08/2025 23:15:00 - 20/08/2025 23:30:00","BZN|FR","Without Sequence","84.98","",""
"20/08/2025 23:30:00 - 20/08/2025 23:45:00","BZN|FR","Without Sequence","84.98","",""
"20/08/2025 23:45:00 - 21/08/2025 00:00:00","BZN|FR","Without Sequence","84.98","",""
"21/08/2025 00:00:00 - 21/08/2025 00:15:00","BZN|FR","Without Sequence","26.33","",""
"21/08/2025 00:15:00 - 21/08/2025 00:30:00","BZN|FR","Without Sequence","26.33","",""
"21/08/2025 00:30:00 - 21/08/2025 00:45:00","BZN|FR","Without Sequence","26.33","",""
"21/08/2025 00:45:00 - 21/08/2025 01:00:00","BZN|FR","Without Sequence","26.33","",""
"21/08/2025 01:00:00 - 21/08/2025 01:15:00","BZN|FR","Without Sequence","19.37","",""
"21/08/2025 01:15:00 - 21/08/2025 01:30:00","BZN|FR","Without Sequence","19.37","",""
"21/08/2025 01:30:00 - 21/08/2025 01:45:00","BZN|FR","Without Sequence","19.37","",""
"21/08/2025 01:45:00 - 21/08/2025 02:00:00","BZN|FR","Without Sequence","19.37","",""
"21/08/2025 02:00:00 - 21/08/2025 02:15:00","BZN|FR","Without Sequence","44.65","",""
"21/08/2025 02:15:00 - 21/08/2025 02:30:00","BZN|FR","Without Sequence","44.65","",""
"21/08/2025 02:30:00 - 21/08/2025 02:45:00","BZN|FR","Without Sequence","44.65","",""
"21/08/2025 02:45:00 - 21/08/2025 03:00:00","BZN|FR","Without Sequence","44.65","",""
"21/08/2025 03:00:00 - 21/08/2025 03:15:00","BZN|FR","Without Sequence","37.99","",""
"21/08/2025 03:15:00 - 21/08/2025 03:30:00","BZN|FR","Without Sequence","37.99","",""
"21/08/2025 03:30:00 - 21/08/2025 03:45:00","BZN|FR","Without Sequence","37.99","",""
"21/08/2025 03:45:00 - 21/08/2025 04:00:00","BZN|FR","Without Sequence","37.99","",""
"21/08/2025 04:00:00 - 21/08/2025 04:15:00","BZN|FR","Without Sequence","32.93","",""
"21/08/2025 04:15:00 - 21/08/2025 04:30:00","BZN|FR","Without Sequence","32.93","",""
"21/08/2025 04:30:00 - 21/08/2025 04:45:00","BZN|FR","Without Sequence","32.93","",""
"21/08/2025 04:45:00 - 21/08/2025 05:00:00","BZN|FR","Without Sequence","32.93","",""
"21/08/2025 05:00:00 - 21/08/2025 05:15:00","BZN|FR","Without Sequence","16.81","",""
"21/08/2025 05:15:00 - 21/08/2025 05:30:00","BZN|FR","Without Sequence","16.81","",""
"21/08/2025 05:30:00 - 21/08/2025 05:45:00","BZN|FR","Without Sequence","16.81","",""
"21/08/2025 05:45:00 - 21/08/2025 06:00:00","BZN|FR","Without Sequence","16.81","",""
"21/08/2025 06:00:00 - 21/08/2025 06:15:00","BZN|FR","Without Sequence","39.93","",""
"21/08/2025 06:15:00 - 21/08/2025 06:30:00","BZN|FR","Without Sequence","39.93","",""
"21/08/2025 06:30:00 - 21/08/2025 06:45:00","BZN|FR","Without Sequence","39.93","",""
"21/08/2025 06:45:00 - 21/08/2025 07:00:00","BZN|FR","Without Sequence","39.93","",""
"21/08/2025 07:00:00 - 21/08/2025 07:15:00","BZN|FR","Without Sequence","40.20","",""
"21/08/2025 07:15:00 - 21/08/2025 07:30:00","BZN|FR","Without Sequence","40.20","",""
"21/08/2025 07:30:00 - 21/08/2025 07:45:00","BZN|FR","Without Sequence","40.20","",""
"21/08/2025 07:45:00 - 21/08/2025 08:00:00","BZN|FR","Without Sequence","40.20","",""
"21/08/2025 08:00:00 - 21/08/2025 08:15:00","BZN|FR","Without Sequence","61.06","",""
"21/08/2025 08:15:00 - 21/08/2025 08:30:00","BZN|FR","Without Sequence","61.06","",""
"21/08/2025 08:30:00 - 21/08/2025 08:45:00","BZN|FR","Without Sequence","61.06","",""
"21/08/2025 08:45:00 - 21/08/2025 09:00:00","BZN|FR","Without Sequence","61.06","",""
"21/08/2025 09:00:00 - 21/08/2025 09:15:00","BZN|FR","Without Sequence","50.20","",""
"21/08/2025 09:15:00 - 21/08/2025 09:30:00","BZN|FR","Without Sequence","50.20","",""
"21/08/2025 09:30:00 - 21/08/2025 09:45:00","BZN|FR","Without Sequence","50.20","",""
"21/08/2025 09:45:00 - 21/08/2025 10:00:00","BZN|FR","Without Sequence","50.20","",""
"21/08/2025 10:00:00 - 21/08/2025 10:15:00","BZN|FR","Without Sequence","25.67","",""
"21/08/2025 10:15:00 - 21/08/2025 10:30:00","BZN|FR","Without Sequence","25.67","",""
"21/08/2025 10:30:00 - 21/08/2025 10:45:00","BZN|FR","Without Sequence","25.67","",""
"21/08/2025 10:45:00 - 21/08/2025 11:00:00","BZN|FR","Without Sequence","25.67","",""
"21/08/2025 11:00:00 - 21/08/2025 11:15:00","BZN|FR","Without Sequence","10.00","",""
"21/08/2025 11:15:00 - 21/08/2025 11:30:00","BZN|FR","Without Sequence","10.00","",""
"21/08/2025 11:30:00 - 21/08/2025 11:45:00","BZN|FR","Without Sequence","10.00","",""
"21/08/2025 11:45:00 - 21/08/2025 12:00:00","BZN|FR","Without Sequence","10.00","",""
"21/08/2025 12:00:00 - 21/08/2025 12:15:00","BZN|FR","Without Sequence","7.89","",""
"21/08/2025 12:15:00 - 21/08/2025 12:30:00","BZN|FR","Without Sequence","7.89","",""
"21/08/2025 12:30:00 - 21/08/2025 12:45:00","BZN|FR","Without Sequence","7.89","",""
"21/08/2025 12:45:00 - 21/08/2025 13:00:00","BZN|FR","Without Sequence","7.89","",""
"21/08/2025 13:00:00 - 21/08/2025 13:15:00","BZN|FR","Without Sequence","5.11","",""
"21/08/2025 13:15:00 - 21/08/2025 13:30:00","BZN|FR","Without Sequence","5.11","",""
"21/08/2025 13:30:00 - 21/08/2025 13:45:00","BZN|FR","Without Sequence","5.11","",""
"21/08/2025 13:45:00 - 21/08/2025 14:00:00","BZN|FR","Without Sequence","5.11","",""
"21/08/2025 14:00:00 - 21/08/2025 14:15:00","BZN|FR","Without Sequence","5.11","",""
"21/08/2025 14:15:00 - 21/08/2025 14:30:00","BZN|FR","Without Sequence","5.11","",""
"21/08/2025 14:30:00 - 21/08/2025 14:45:00","BZN|FR","Without Sequence","5.11","",""
"21/08/2025 14:45:00 - 21/08/2025 15:00:00","BZN|FR","Without Sequence","5.11","",""
"21/08/2025 15:00:00 - 21/08/2025 15:15:00","BZN|FR","Without Sequence","3.52","",""
"21/08/2025 15:15:00 - 21/08/2025 15:30:00","BZN|FR","Without Sequence","3.52","",""
"21/08/2025 15:30:00 - 21/08/2025 15:45:00","BZN|FR","Without Sequence","3.52","",""
"21/08/2025 15:45:00 - 21/08/2025 16:00:00","BZN|FR","Without Sequence","3.52","",""
"21/08/2025 16:00:00 - 21/08/2025 16:15:00","BZN|FR","Without Sequence","5.79","",""
"21/08/2025 16:15:00 - 21/08/2025 16:30:00","BZN|FR","Without Sequence","5.79","",""
"21/08/2025 16:30:00 - 21/08/2025 16:45:00","BZN|FR","Without Sequence","5.79","",""
"21/08/2025 16:45:00 - 21/08/2025 17:00:00","BZN|FR","Without Sequence","5.79","",""
"21/08/2025 17:00:00 - 21/08/2025 17:15:00","BZN|FR","Without Sequence","8.99","",""
"21/08/2025 17:15:00 - 21/08/2025 17:30:00","BZN|FR","Without Sequence","8.99","",""
"21/08/2025 17:30:00 - 21/08/2025 17:45:00","BZN|FR","Without Sequence","8.99","",""
"21/08/2025 17:45:00 - 21/08/2025 18:00:00","BZN|FR","Without Sequence","8.99","",""
"21/08/2025 18:00:00 - 21/08/2025 18:15:00","BZN|FR","Without Sequence","25.00","",""
"21/08/2025 18:15:00 - 21/08/2025 18:30:00","BZN|FR","Without Sequence","25.00","",""
"21/08/2025 18:30:00 - 21/08/2025 18:45:00","BZN|FR","Without Sequence","25.00","",""
"21/08/2025 18:45:00 - 21/08/2025 19:00:00","BZN|FR","Without Sequence","25.00","",""
"21/08/2025 19:00:00 - 21/08/2025 19:15:00","BZN|FR","Without Sequence","50.00","",""
"21/08/2025 19:15:00 - 21/08/2025 19:30:00","BZN|FR","Without Sequence","50.00","",""
"21/08/2025 19:30:00 - 21/08/2025 19:45:00","BZN|FR","Without Sequence","50.00","",""
"21/08/2025 19:45:00 - 21/08/2025 20:00:00","BZN|FR","Without Sequence","50.00","",""
"21/08/2025 20:00:00 - 21/08/2025 20:15:00","BZN|FR","Without Sequence","77.84","",""
"21/08/2025 20:15:00 - 21/08/2025 20:30:00","BZN|FR","Without Sequence","77.84","",""
"21/08/2025 20:30:00 - 21/08/2025 20:45:00","BZN|FR","Without Sequence","77.84","",""
"21/08/2025 20:45:00 - 21/08/2025 21:00:00","BZN|FR","Without Sequence","77.84","",""
"21/08/2025 21:00:00 - 21/08/2025 21:15:00","BZN|FR","Without Sequence","83.26","",""
"21/08/2025 21:15:00 - 21/08/2025 21:30:00","BZN|FR","Without Sequence","83.26","",""
"21/08/2025 21:30:00 - 21/08/2025 21:45:00","BZN|FR","Without Sequence","83.26","",""
"21/08/2025 21:45:00 - 21/08/2025 22:00:00","BZN|FR","Without Sequence","83.26","",""
"21/08/2025 22:00:00 - 21/08/2025 22:15:00","BZN|FR","Without Sequence","55.77","",""
"21/08/2025 22:15:00 - 21/08/2025 22:30:00","BZN|FR","Without Sequence","55.77","",""
"21/08/2025 22:30:00 - 21/08/2025 22:45:00","BZN|FR","Without Sequence","55.77","",""
"21/08/2025 22:45:00 - 21/08/2025 23:00:00","BZN|FR","Without Sequence","55.77","",""
"21/08/2025 23:00:00 - 21/08/2025 23:15:00","BZN|FR","Without Sequence","52.05","",""
"21/08/2025 23:15:00 - 21/08/2025 23:30:00","BZN|FR","Without Sequence","52.05","",""
"21/08/2025 23:30:00 - 21/08/2025 23:45:00","BZN|FR","Without Sequence","52.05","",""
"21/08/2025 23:45:00 - 22/08/2025 00:00:00","BZN|FR","Without Sequence","52.05","",""
"22/08/2025 00:00:00 - 22/08/2025 00:15:00","BZN|FR","Without Sequence","66.38","",""
"22/08/2025 00:15:00 - 22/08/2025 00:30:00","BZN|FR","Without Sequence","66.38","",""
"22/08/2025 00:30:00 - 22/08/2025 00:45:00","BZN|FR","Without Sequence","66.38","",""
"22/08/2025 00:45:00 - 22/08/2025 01:00:00","BZN|FR","Without Sequence","66.38","",""
"22/08/2025 01:00:00 - 22/08/2025 01:15:00","BZN|FR","Without Sequence","51.66","",""
"22/08/2025 01:15:00 - 22/08/2025 01:30:00","BZN|FR","Without Sequence","51.66","",""
"22/08/2025 01:30:00 - 22/08/2025 01:45:00","BZN|FR","Without Sequence","51.66","",""
"22/08/2025 01:45:00 - 22/08/2025 02:00:00","BZN|FR","Without Sequence","51.66","",""
"22/08/2025 02:00:00 - 22/08/2025 02:15:00","BZN|FR","Without Sequence","48.66","",""
"22/08/2025 02:15:00 - 22/08/2025 02:30:00","BZN|FR","Without Sequence","48.66","",""
"22/08/2025 02:30:00 - 22/08/2025 02:45:00","BZN|FR","Without Sequence","48.66","",""
"22/08/2025 02:45:00 - 22/08/2025 03:00:00","BZN|FR","Without Sequence","48.66","",""
"22/08/2025 03:00:00 - 22/08/2025 03:15:00","BZN|FR","Without Sequence","41.88","",""
"22/08/2025 03:15:00 - 22/08/2025 03:30:00","BZN|FR","Without Sequence","41.88","",""
"22/08/2025 03:30:00 - 22/08/2025 03:45:00","BZN|FR","Without Sequence","41.88","",""
"22/08/2025 03:45:00 - 22/08/2025 04:00:00","BZN|FR","Without Sequence","41.88","",""
"22/08/2025 04:00:00 - 22/08/2025 04:15:00","BZN|FR","Without Sequence","31.51","",""
"22/08/2025 04:15:00 - 22/08/2025 04:30:00","BZN|FR","Without Sequence","31.51","",""
"22/08/2025 04:30:00 - 22/08/2025 04:45:00","BZN|FR","Without Sequence","31.51","",""
"22/08/2025 04:45:00 - 22/08/2025 05:00:00","BZN|FR","Without Sequence","31.51","",""
"22/08/2025 05:00:00 - 22/08/2025 05:15:00","BZN|FR","Without Sequence","36.41","",""
"22/08/2025 05:15:00 - 22/08/2025 05:30:00","BZN|FR","Without Sequence","36.41","",""
"22/08/2025 05:30:00 - 22/08/2025 05:45:00","BZN|FR","Without Sequence","36.41","",""
"22/08/2025 05:45:00 - 22/08/2025 06:00:00","BZN|FR","Without Sequence","36.41","",""
"22/08/2025 06:00:00 - 22/08/2025 06:15:00","BZN|FR","Without Sequence","71.03","",""
"22/08/2025 06:15:00 - 22/08/2025 06:30:00","BZN|FR","Without Sequence","71.03","",""
"22/08/2025 06:30:00 - 22/08/2025 06:45:00","BZN|FR","Without Sequence","71.03","",""
"22/08/2025 06:45:00 - 22/08/2025 07:00:00","BZN|FR","Without Sequence","71.03","",""
"22/08/2025 07:00:00 - 22/08/2025 07:15:00","BZN|FR","Without Sequence","70.88","",""
"22/08/2025 07:15:00 - 22/08/2025 07:30:00","BZN|FR","Without Sequence","70.88","",""
"22/08/2025 07:30:00 - 22/08/2025 07:45:00","BZN|FR","Without Sequence","70.88","",""
"22/08/2025 07:45:00 - 22/08/2025 08:00:00","BZN|FR","Without Sequence","70.88","",""
"22/08/2025 08:00:00 - 22/08/2025 08:15:00","BZN|FR","Without Sequence","75.10","",""
"22/08/2025 08:15:00 - 22/08/2025 08:30:00","BZN|FR","Without Sequence","75.10","",""
"22/08/2025 08:30:00 - 22/08/2025 08:45:00","BZN|FR","Without Sequence","75.10","",""
"22/08/2025 08:45:00 - 22/08/2025 09:00:00","BZN|FR","Without Sequence","75.10","",""
"22/08/2025 09:00:00 - 22/08/2025 09:15:00","BZN|FR","Without Sequence","49.67","",""
"22/08/2025 09:15:00 - 22/08/2025 09:30:00","BZN|FR","Without Sequence","49.67","",""
"22/08/2025 09:30:00 - 22/08/2025 09:45:00","BZN|FR","Without Sequence","49.67","",""
"22/08/2025 09:45:00 - 22/08/2025 10:00:00","BZN|FR","Without Sequence","49.67","",""
"22/08/2025 10:00:00 - 22/08/2025 10:15:00","BZN|FR","Without Sequence","15.57","",""
"22/08/2025 10:15:00 - 22/08/2025 10:30:00","BZN|FR","Without Sequence","15.57","",""
"22/08/2025 10:30:00 - 22/08/2025 10:45:00","BZN|FR","Without Sequence","15.57","",""
"22/08/2025 10:45:00 - 22/08/2025 11:00:00","BZN|FR","Without Sequence","15.57","",""
"22/08/2025 11:00:00 - 22/08/2025 11:15:00","BZN|FR","Without Sequence","5.11","",""
"22/08/2025 11:15:00 - 22/08/2025 11:30:00","BZN|FR","Without Sequence","5.11","",""
"22/08/2025 11:30:00 - 22/08/2025 11:45:00","BZN|FR","Without Sequence","5.11","",""
"22/08/2025 11:45:00 - 22/08/2025 12:00:00","BZN|FR","Without Sequence","5.11","",""
"22/08/2025 12:00:00 - 22/08/2025 12:15:00","BZN|FR","Without Sequence","19.02","",""
"22/08/2025 12:15:00 - 22/08/2025 12:30:00","BZN|FR","Without Sequence","19.02","",""
"22/08/2025 12:30:00 - 22/08/2025 12:45:00","BZN|FR","Without Sequence","19.02","",""
"22/08/2025 12:45:00 - 22/08/2025 13:00:00","BZN|FR","Without Sequence","19.02","",""
"22/08/2025 13:00:00 - 22/08/2025 13:15:00","BZN|FR","Without Sequence","6.83","",""
"22/08/2025 13:15:00 - 22/08/2025 13:30:00","BZN|FR","Without Sequence","6.83","",""
"22/08/2025 13:30:00 - 22/08/2025 13:45:00","BZN|FR","Without Sequence","6.83","",""
"22/08/2025 13:45:00 - 22/08/2025 14:00:00","BZN|FR","Without Sequence","6.83","",""
"22/08/2025 14:00:00 - 22/08/2025 14:15:00","BZN|FR","Without Sequence","5.37","",""
"22/08/2025 14:15:00 - 22/08/2025 14:30:00","BZN|FR","Without Sequence","5.37","",""
"22/08/2025 14:30:00 - 22/08/2025 14:45:00","BZN|FR","Without Sequence","5.37","",""
"22/08/2025 14:45:00 - 22/08/2025 15:00:00","BZN|FR","Without Sequence","5.37","",""
"22/08/2025 15:00:00 - 22/08/2025 15:15:00","BZN|FR","Without Sequence","10.07","",""
"22/08/2025 15:15:00 - 22/08/2025 15:30:00","BZN|FR","Without Sequence","10.07","",""
"22/08/2025 15:30:00 - 22/08/2025 15:45:00","BZN|FR","Without Sequence","10.07","",""
"22/08/2025 15:45:00 - 22/08/2025 16:00:00","BZN|FR","Without Sequence","10.07","",""
"22/08/2025 16:00:00 - 22/08/2025 16:15:00","BZN|FR","Without Sequence","23.60","",""
"22/08/2025 16:15:00 - 22/08/2025 16:30:00","BZN|FR","Without Sequence","23.60","",""
"22/08/2025 16:30:00 - 22/08/2025 16:45:00","BZN|FR","Without Sequence","23.60","",""
"22/08/2025 16:45:00 - 22/08/2025 17:00:00","BZN|FR","Without Sequence","23.60","",""
"22/08/2025 17:00:00 - 22/08/2025 17:15:00","BZN|FR","Without Sequence","26.45","",""
"22/08/2025 17:15:00 - 22/08/2025 17:30:00","BZN|FR","Without Sequence","26.45","",""
"22/08/2025 17:30:00 - 22/08/2025 17:45:00","BZN|FR","Without Sequence","26.45","",""
"22/08/2025 17:45:00 - 22/08/2025 18:00:00","BZN|FR","Without Sequence","26.45","",""
"22/08/2025 18:00:00 - 22/08/2025 18:15:00","BZN|FR","Without Sequence","73.48","",""
"22/08/2025 18:15:00 - 22/08/2025 18:30:00","BZN|FR","Without Sequence","73.48","",""
"22/08/2025 18:30:00 - 22/08/2025 18:45:00","BZN|FR","Without Sequence","73.48","",""
"22/08/2025 18:45:00 - 22/08/2025 19:00:00","BZN|FR","Without Sequence","73.48","",""
"22/08/2025 19:00:00 - 22/08/2025 19:15:00","BZN|FR","Without Sequence","84.56","",""
"22/08/2025 19:15:00 - 22/08/2025 19:30:00","BZN|FR","Without Sequence","84.56","",""
"22/08/2025 19:30:00 - 22/08/2025 19:45:00","BZN|FR","Without Sequence","84.56","",""
"22/08/2025 19:45:00 - 22/08/2025 20:00:00","BZN|FR","Without Sequence","84.56","",""
"22/08/2025 20:00:00 - 22/08/2025 20:15:00","BZN|FR","Without Sequence","104.53","",""
"22/08/2025 20:15:00 - 22/08/2025 20:30:00","BZN|FR","Without Sequence","104.53","",""
"22/08/2025 20:30:00 - 22/08/2025 20:45:00","BZN|FR","Without Sequence","104.53","",""
"22/08/2025 20:45:00 - 22/08/2025 21:00:00","BZN|FR","Without Sequence","104.53","",""
"22/08/2025 21:00:00 - 22/08/2025 21:15:00","BZN|FR","Without Sequence","103.49","",""
"22/08/2025 21:15:00 - 22/08/2025 21:30:00","BZN|FR","Without Sequence","103.49","",""
"22/08/2025 21:30:00 - 22/08/2025 21:45:00","BZN|FR","Without Sequence","103.49","",""
"22/08/2025 21:45:00 - 22/08/2025 22:00:00","BZN|FR","Without Sequence","103.49","",""
"22/08/2025 22:00:00 - 22/08/2025 22:15:00","BZN|FR","Without Sequence","101.59","",""
"22/08/2025 22:15:00 - 22/08/2025 22:30:00","BZN|FR","Without Sequence","101.59","",""
"22/08/2025 22:30:00 - 22/08/2025 22:45:00","BZN|FR","Without Sequence","101.59","",""
"22/08/2025 22:45:00 - 22/08/2025 23:00:00","BZN|FR","Without Sequence","101.59","",""
"22/08/2025 23:00:00 - 22/08/2025 23:15:00","BZN|FR","Without Sequence","94.37","",""
"22/08/2025 23:15:00 - 22/08/2025 23:30:00","BZN|FR","Without Sequence","94.37","",""
"22/08/2025 23:30:00 - 22/08/2025 23:45:00","BZN|FR","Without Sequence","94.37","",""
"22/08/2025 23:45:00 - 23/08/2025 00:00:00","BZN|FR","Without Sequence","94.37","",""
"23/08/2025 00:00:00 - 23/08/2025 00:15:00","BZN|FR","Without Sequence","95.33","",""
"23/08/2025 00:15:00 - 23/08/2025 00:30:00","BZN|FR","Without Sequence","95.33","",""
"23/08/2025 00:30:00 - 23/08/2025 00:45:00","BZN|FR","Without Sequence","95.33","",""
"23/08/2025 00:45:00 - 23/08/2025 01:00:00","BZN|FR","Without Sequence","95.33","",""
"23/08/2025 01:00:00 - 23/08/2025 01:15:00","BZN|FR","Without Sequence","89.32","",""
"23/08/2025 01:15:00 - 23/08/2025 01:30:00","BZN|FR","Without Sequence","89.32","",""
"23/08/2025 01:30:00 - 23/08/2025 01:45:00","BZN|FR","Without Sequence","89.32","",""
"23/08/2025 01:45:00 - 23/08/2025 02:00:00","BZN|FR","Without Sequence","89.32","",""
"23/08/2025 02:00:00 - 23/08/2025 02:15:00","BZN|FR","Without Sequence","80.94","",""
"23/08/2025 02:15:00 - 23/08/2025 02:30:00","BZN|FR","Without Sequence","80.94","",""
"23/08/2025 02:30:00 - 23/08/2025 02:45:00","BZN|FR","Without Sequence","80.94","",""
"23/08/2025 02:45:00 - 23/08/2025 03:00:00","BZN|FR","Without Sequence","80.94","",""
"23/08/2025 03:00:00 - 23/08/2025 03:15:00","BZN|FR","Without Sequence","78.21","",""
"23/08/2025 03:15:00 - 23/08/2025 03:30:00","BZN|FR","Without Sequence","78.21","",""
"23/08/2025 03:30:00 - 23/08/2025 03:45:00","BZN|FR","Without Sequence","78.21","",""
"23/08/2025 03:45:00 - 23/08/2025 04:00:00","BZN|FR","Without Sequence","78.21","",""
"23/08/2025 04:00:00 - 23/08/2025 04:15:00","BZN|FR","Without Sequence","76.06","",""
"23/08/2025 04:15:00 - 23/08/2025 04:30:00","BZN|FR","Without Sequence","76.06","",""
"23/08/2025 04:30:00 - 23/08/2025 04:45:00","BZN|FR","Without Sequence","76.06","",""
"23/08/2025 04:45:00 - 23/08/2025 05:00:00","BZN|FR","Without Sequence","76.06","",""
"23/08/2025 05:00:00 - 23/08/2025 05:15:00","BZN|FR","Without Sequence","79.10","",""
"23/08/2025 05:15:00 - 23/08/2025 05:30:00","BZN|FR","Without Sequence","79.10","",""
"23/08/2025 05:30:00 - 23/08/2025 05:45:00","BZN|FR","Without Sequence","79.10","",""
"23/08/2025 05:45:00 - 23/08/2025 06:00:00","BZN|FR","Without Sequence","79.10","",""
"23/08/2025 06:00:00 - 23/08/2025 06:15:00","BZN|FR","Without Sequence","84.28","",""
"23/08/2025 06:15:00 - 23/08/2025 06:30:00","BZN|FR","Without Sequence","84.28","",""
"23/08/2025 06:30:00 - 23/08/2025 06:45:00","BZN|FR","Without Sequence","84.28","",""
"23/08/2025 06:45:00 - 23/08/2025 07:00:00","BZN|FR","Without Sequence","84.28","",""
"23/08/2025 07:00:00 - 23/08/2025 07:15:00","BZN|FR","Without Sequence","86.42","",""
"23/08/2025 07:15:00 - 23/08/2025 07:30:00","BZN|FR","Without Sequence","86.42","",""
"23/08/2025 07:30:00 - 23/08/2025 07:45:00","BZN|FR","Without Sequence","86.42","",""
"23/08/2025 07:45:00 - 23/08/2025 08:00:00","BZN|FR","Without Sequence","86.42","",""
"23/08/2025 08:00:00 - 23/08/2025 08:15:00","BZN|FR","Without Sequence","79.15","",""
"23/08/2025 08:15:00 - 23/08/2025 08:30:00","BZN|FR","Without Sequence","79.15","",""
"23/08/2025 08:30:00 - 23/08/2025 08:45:00","BZN|FR","Without Sequence","79.15","",""
"23/08/2025 08:45:00 - 23/08/2025 09:00:00","BZN|FR","Without Sequence","79.15","",""
"23/08/2025 09:00:00 - 23/08/2025 09:15:00","BZN|FR","Without Sequence","55.02","",""
"23/08/2025 09:15:00 - 23/08/2025 09:30:00","BZN|FR","Without Sequence","55.02","",""
"23/08/2025 09:30:00 - 23/08/2025 09:45:00","BZN|FR","Without Sequence","55.02","",""
"23/08/2025 09:45:00 - 23/08/2025 10:00:00","BZN|FR","Without Sequence","55.02","",""
"23/08/2025 10:00:00 - 23/08/2025 10:15:00","BZN|FR","Without Sequence","15.85","",""
"23/08/2025 10:15:00 - 23/08/2025 10:30:00","BZN|FR","Without Sequence","15.85","",""
"23/08/2025 10:30:00 - 23/08/2025 10:45:00","BZN|FR","Without Sequence","15.85","",""
"23/08/2025 10:45:00 - 23/08/2025 11:00:00","BZN|FR","Without Sequence","15.85","",""
"23/08/2025 11:00:00 - 23/08/2025 11:15:00","BZN|FR","Without Sequence","3.46","",""
"23/08/2025 11:15:00 - 23/08/2025 11:30:00","BZN|FR","Without Sequence","3.46","",""
"23/08/2025 11:30:00 - 23/08/2025 11:45:00","BZN|FR","Without Sequence","3.46","",""
"23/08/2025 11:45:00 - 23/08/2025 12:00:00","BZN|FR","Without Sequence","3.46","",""
"23/08/2025 12:00:00 - 23/08/2025 12:15:00","BZN|FR","Without Sequence","1.82","",""
"23/08/2025 12:15:00 - 23/08/2025 12:30:00","BZN|FR","Without Sequence","1.82","",""
"23/08/2025 12:30:00 - 23/08/2025 12:45:00","BZN|FR","Without Sequence","1.82","",""
"23/08/2025 12:45:00 - 23/08/2025 13:00:00","BZN|FR","Without Sequence","1.82","",""
"23/08/2025 13:00:00 - 23/08/2025 13:15:00","BZN|FR","Without Sequence","0.75","",""
"23/08/2025 13:15:00 - 23/08/2025 13:30:00","BZN|FR","Without Sequence","0.75","",""
"23/08/2025 13:30:00 - 23/08/2025 13:45:00","BZN|FR","Without Sequence","0.75","",""
"23/08/2025 13:45:00 - 23/08/2025 14:00:00","BZN|FR","Without Sequence","0.75","",""
"23/08/2025 14:00:00 - 23/08/2025 14:15:00","BZN|FR","Without Sequence","0.65","",""
"23/08/2025 14:15:00 - 23/08/2025 14:30:00","BZN|FR","Without Sequence","0.65","",""
"23/08/2025 14:30:00 - 23/08/2025 14:45:00","BZN|FR","Without Sequence","0.65","",""
"23/08/2025 14:45:00 - 23/08/2025 15:00:00","BZN|FR","Without Sequence","0.65","",""
"23/08/2025 15:00:00 - 23/08/2025 15:15:00","BZN|FR","Without Sequence","3.52","",""
"23/08/2025 15:15:00 - 23/08/2025 15:30:00","BZN|FR","Without Sequence","3.52","",""
"23/08/2025 15:30:00 - 23/08/2025 15:45:00","BZN|FR","Without Sequence","3.52","",""
"23/08/2025 15:45:00 - 23/08/2025 16:00:00","BZN|FR","Without Sequence","3.52","",""
"23/08/2025 16:00:00 - 23/08/2025 16:15:00","BZN|FR","Without Sequence","11.99","",""
"23/08/2025 16:15:00 - 23/08/2025 16:30:00","BZN|FR","Without Sequence","11.99","",""
"23/08/2025 16:30:00 - 23/08/2025 16:45:00","BZN|FR","Without Sequence","11.99","",""
"23/08/2025 16:45:00 - 23/08/2025 17:00:00","BZN|FR","Without Sequence","11.99","",""
"23/08/2025 17:00:00 - 23/08/2025 17:15:00","BZN|FR","Without Sequence","38.38","",""
"23/08/2025 17:15:00 - 23/08/2025 17:30:00","BZN|FR","Without Sequence","38.38","",""
"23/08/2025 17:30:00 - 23/08/2025 17:45:00","BZN|FR","Without Sequence","38.38","",""
"23/08/2025 17:45:00 - 23/08/2025 18:00:00","BZN|FR","Without Sequence","38.38","",""
"23/08/2025 18:00:00 - 23/08/2025 18:15:00","BZN|FR","Without Sequence","76.90","",""
"23/08/2025 18:15:00 - 23/08/2025 18:30:00","BZN|FR","Without Sequence","76.90","",""
"23/08/2025 18:30:00 - 23/08/2025 18:45:00","BZN|FR","Without Sequence","76.90","",""
"23/08/2025 18:45:00 - 23/08/2025 19:00:00","BZN|FR","Without Sequence","76.90","",""
"23/08/2025 19:00:00 - 23/08/2025 19:15:00","BZN|FR","Without Sequence","106.96","",""
"23/08/2025 19:15:00 - 23/08/2025 19:30:00","BZN|FR","Without Sequence","106.96","",""
"23/08/2025 19:30:00 - 23/08/2025 19:45:00","BZN|FR","Without Sequence","106.96","",""
"23/08/2025 19:45:00 - 23/08/2025 20:00:00","BZN|FR","Without Sequence","106.96","",""
"23/08/2025 20:00:00 - 23/08/2025 20:15:00","BZN|FR","Without Sequence","118.85","",""
"23/08/2025 20:15:00 - 23/08/2025 20:30:00","BZN|FR","Without Sequence","118.85","",""
"23/08/2025 20:30:00 - 23/08/2025 20:45:00","BZN|FR","Without Sequence","118.85","",""
"23/08/2025 20:45:00 - 23/08/2025 21:00:00","BZN|FR","Without Sequence","118.85","",""
"23/08/2025 21:00:00 - 23/08/2025 21:15:00","BZN|FR","Without Sequence","117.12","",""
"23/08/2025 21:15:00 - 23/08/2025 21:30:00","BZN|FR","Without Sequence","117.12","",""
"23/08/2025 21:30:00 - 23/08/2025 21:45:00","BZN|FR","Without Sequence","117.12","",""
"23/08/2025 21:45:00 - 23/08/2025 22:00:00","BZN|FR","Without Sequence","117.12","",""
"23/08/2025 22:00:00 - 23/08/2025 22:15:00","BZN|FR","Without Sequence","111.16","",""
"23/08/2025 22:15:00 - 23/08/2025 22:30:00","BZN|FR","Without Sequence","111.16","",""
"23/08/2025 22:30:00 - 23/08/2025 22:45:00","BZN|FR","Without Sequence","111.16","",""
"23/08/2025 22:45:00 - 23/08/2025 23:00:00","BZN|FR","Without Sequence","111.16","",""
"23/08/2025 23:00:00 - 23/08/2025 23:15:00","BZN|FR","Without Sequence","105.30","",""
"23/08/2025 23:15:00 - 23/08/2025 23:30:00","BZN|FR","Without Sequence","105.30","",""
"23/08/2025 23:30:00 - 23/08/2025 23:45:00","BZN|FR","Without Sequence","105.30","",""
"23/08/2025 23:45:00 - 24/08/2025 00:00:00","BZN|FR","Without Sequence","105.30","",""
"24/08/2025 00:00:00 - 24/08/2025 00:15:00","BZN|FR","Without Sequence","100.50","",""
"24/08/2025 00:15:00 - 24/08/2025 00:30:00","BZN|FR","Without Sequence","100.50","",""
"24/08/2025 00:30:00 - 24/08/2025 00:45:00","BZN|FR","Without Sequence","100.50","",""
"24/08/2025 00:45:00 - 24/08/2025 01:00:00","BZN|FR","Without Sequence","100.50","",""
"24/08/2025 01:00:00 - 24/08/2025 01:15:00","BZN|FR","Without Sequence","95.00","",""
"24/08/2025 01:15:00 - 24/08/2025 01:30:00","BZN|FR","Without Sequence","95.00","",""
"24/08/2025 01:30:00 - 24/08/2025 01:45:00","BZN|FR","Without Sequence","95.00","",""
"24/08/2025 01:45:00 - 24/08/2025 02:00:00","BZN|FR","Without Sequence","95.00","",""
"24/08/2025 02:00:00 - 24/08/2025 02:15:00","BZN|FR","Without Sequence","88.99","",""
"24/08/2025 02:15:00 - 24/08/2025 02:30:00","BZN|FR","Without Sequence","88.99","",""
"24/08/2025 02:30:00 - 24/08/2025 02:45:00","BZN|FR","Without Sequence","88.99","",""
"24/08/2025 02:45:00 - 24/08/2025 03:00:00","BZN|FR","Without Sequence","88.99","",""
"24/08/2025 03:00:00 - 24/08/2025 03:15:00","BZN|FR","Without Sequence","85.66","",""
"24/08/2025 03:15:00 - 24/08/2025 03:30:00","BZN|FR","Without Sequence","85.66","",""
"24/08/2025 03:30:00 - 24/08/2025 03:45:00","BZN|FR","Without Sequence","85.66","",""
"24/08/2025 03:45:00 - 24/08/2025 04:00:00","BZN|FR","Without Sequence","85.66","",""
"24/08/2025 04:00:00 - 24/08/2025 04:15:00","BZN|FR","Without Sequence","83.61","",""
"24/08/2025 04:15:00 - 24/08/2025 04:30:00","BZN|FR","Without Sequence","83.61","",""
"24/08/2025 04:30:00 - 24/08/2025 04:45:00","BZN|FR","Without Sequence","83.61","",""
"24/08/2025 04:45:00 - 24/08/2025 05:00:00","BZN|FR","Without Sequence","83.61","",""
"24/08/2025 05:00:00 - 24/08/2025 05:15:00","BZN|FR","Without Sequence","86.53","",""
"24/08/2025 05:15:00 - 24/08/2025 05:30:00","BZN|FR","Without Sequence","86.53","",""
"24/08/2025 05:30:00 - 24/08/2025 05:45:00","BZN|FR","Without Sequence","86.53","",""
"24/08/2025 05:45:00 - 24/08/2025 06:00:00","BZN|FR","Without Sequence","86.53","",""
"24/08/2025 06:00:00 - 24/08/2025 06:15:00","BZN|FR","Without Sequence","90.00","",""
"24/08/2025 06:15:00 - 24/08/2025 06:30:00","BZN|FR","Without Sequence","90.00","",""
"24/08/2025 06:30:00 - 24/08/2025 06:45:00","BZN|FR","Without Sequence","90.00","",""
"24/08/2025 06:45:00 - 24/08/2025 07:00:00","BZN|FR","Without Sequence","90.00","",""
"24/08/2025 07:00:00 - 24/08/2025 07:15:00","BZN|FR","Without Sequence","82.51","",""
"24/08/2025 07:15:00 - 24/08/2025 07:30:00","BZN|FR","Without Sequence","82.51","",""
"24/08/2025 07:30:00 - 24/08/2025 07:45:00","BZN|FR","Without Sequence","82.51","",""
"24/08/2025 07:45:00 - 24/08/2025 08:00:00","BZN|FR","Without Sequence","82.51","",""
"24/08/2025 08:00:00 - 24/08/2025 08:15:00","BZN|FR","Without Sequence","67.06","",""
"24/08/2025 08:15:00 - 24/08/2025 08:30:00","BZN|FR","Without Sequence","67.06","",""
"24/08/2025 08:30:00 - 24/08/2025 08:45:00","BZN|FR","Without Sequence","67.06","",""
"24/08/2025 08:45:00 - 24/08/2025 09:00:00","BZN|FR","Without Sequence","67.06","",""
"24/08/2025 09:00:00 - 24/08/2025 09:15:00","BZN|FR","Without Sequence","4.56","",""
"24/08/2025 09:15:00 - 24/08/2025 09:30:00","BZN|FR","Without Sequence","4.56","",""
"24/08/2025 09:30:00 - 24/08/2025 09:45:00","BZN|FR","Without Sequence","4.56","",""
"24/08/2025 09:45:00 - 24/08/2025 10:00:00","BZN|FR","Without Sequence","4.56","",""
"24/08/2025 10:00:00 - 24/08/2025 10:15:00","BZN|FR","Without Sequence","-0.01","",""
"24/08/2025 10:15:00 - 24/08/2025 10:30:00","BZN|FR","Without Sequence","-0.01","",""
"24/08/2025 10:30:00 - 24/08/2025 10:45:00","BZN|FR","Without Sequence","-0.01","",""
"24/08/2025 10:45:00 - 24/08/2025 11:00:00","BZN|FR","Without Sequence","-0.01","",""
"24/08/2025 11:00:00 - 24/08/2025 11:15:00","BZN|FR","Without Sequence","-0.07","",""
"24/08/2025 11:15:00 - 24/08/2025 11:30:00","BZN|FR","Without Sequence","-0.07","",""
"24/08/2025 11:30:00 - 24/08/2025 11:45:00","BZN|FR","Without Sequence","-0.07","",""
"24/08/2025 11:45:00 - 24/08/2025 12:00:00","BZN|FR","Without Sequence","-0.07","",""
"24/08/2025 12:00:00 - 24/08/2025 12:15:00","BZN|FR","Without Sequence","-1.98","",""
"24/08/2025 12:15:00 - 24/08/2025 12:30:00","BZN|FR","Without Sequence","-1.98","",""
"24/08/2025 12:30:00 - 24/08/2025 12:45:00","BZN|FR","Without Sequence","-1.98","",""
"24/08/2025 12:45:00 - 24/08/2025 13:00:00","BZN|FR","Without Sequence","-1.98","",""
"24/08/2025 13:00:00 - 24/08/2025 13:15:00","BZN|FR","Without Sequence","-7.45","",""
"24/08/2025 13:15:00 - 24/08/2025 13:30:00","BZN|FR","Without Sequence","-7.45","",""
"24/08/2025 13:30:00 - 24/08/2025 13:45:00","BZN|FR","Without Sequence","-7.45","",""
"24/08/2025 13:45:00 - 24/08/2025 14:00:00","BZN|FR","Without Sequence","-7.45","",""
"24/08/2025 14:00:00 - 24/08/2025 14:15:00","BZN|FR","Without Sequence","-7.40","",""
"24/08/2025 14:15:00 - 24/08/2025 14:30:00","BZN|FR","Without Sequence","-7.40","",""
"24/08/2025 14:30:00 - 24/08/2025 14:45:00","BZN|FR","Without Sequence","-7.40","",""
"24/08/2025 14:45:00 - 24/08/2025 15:00:00","BZN|FR","Without Sequence","-7.40","",""
"24/08/2025 15:00:00 - 24/08/2025 15:15:00","BZN|FR","Without Sequence","-0.10","",""
"24/08/2025 15:15:00 - 24/08/2025 15:30:00","BZN|FR","Without Sequence","-0.10","",""
"24/08/2025 15:30:00 - 24/08/2025 15:45:00","BZN|FR","Without Sequence","-0.10","",""
"24/08/2025 15:45:00 - 24/08/2025 16:00:00","BZN|FR","Without Sequence","-0.10","",""
"24/08/2025 16:00:00 - 24/08/2025 16:15:00","BZN|FR","Without Sequence","0.00","",""
"24/08/2025 16:15:00 - 24/08/2025 16:30:00","BZN|FR","Without Sequence","0.00","",""
"24/08/2025 16:30:00 - 24/08/2025 16:45:00","BZN|FR","Without Sequence","0.00","",""
"24/08/2025 16:45:00 - 24/08/2025 17:00:00","BZN|FR","Without Sequence","0.00","",""
"24/08/2025 17:00:00 - 24/08/2025 17:15:00","BZN|FR","Without Sequence","12.93","",""
"24/08/2025 17:15:00 - 24/08/2025 17:30:00","BZN|FR","Without Sequence","12.93","",""
"24/08/2025 17:30:00 - 24/08/2025 17:45:00","BZN|FR","Without Sequence","12.93","",""
"24/08/2025 17:45:00 - 24/08/2025 18:00:00","BZN|FR","Without Sequence","12.93","",""
"24/08/2025 18:00:00 - 24/08/2025 18:15:00","BZN|FR","Without Sequence","61.15","",""
"24/08/2025 18:15:00 - 24/08/2025 18:30:00","BZN|FR","Without Sequence","61.15","",""
"24/08/2025 18:30:00 - 24/08/2025 18:45:00","BZN|FR","Without Sequence","61.15","",""
"24/08/2025 18:45:00 - 24/08/2025 19:00:00","BZN|FR","Without Sequence","61.15","",""
"24/08/2025 19:00:00 - 24/08/2025 19:15:00","BZN|FR","Without Sequence","98.57","",""
"24/08/2025 19:15:00 - 24/08/2025 19:30:00","BZN|FR","Without Sequence","98.57","",""
"24/08/2025 19:30:00 - 24/08/2025 19:45:00","BZN|FR","Without Sequence","98.57","",""
"24/08/2025 19:45:00 - 24/08/2025 20:00:00","BZN|FR","Without Sequence","98.57","",""
"24/08/2025 20:00:00 - 24/08/2025 20:15:00","BZN|FR","Without Sequence","114.99","",""
"24/08/2025 20:15:00 - 24/08/2025 20:30:00","BZN|FR","Without Sequence","114.99","",""
"24/08/2025 20:30:00 - 24/08/2025 20:45:00","BZN|FR","Without Sequence","114.99","",""
"24/08/2025 20:45:00 - 24/08/2025 21:00:00","BZN|FR","Without Sequence","114.99","",""
"24/08/2025 21:00:00 - 24/08/2025 21:15:00","BZN|FR","Without Sequence","114.32","",""
"24/08/2025 21:15:00 - 24/08/2025 21:30:00","BZN|FR","Without Sequence","114.32","",""
"24/08/2025 21:30:00 - 24/08/2025 21:45:00","BZN|FR","Without Sequence","114.32","",""
"24/08/2025 21:45:00 - 24/08/2025 22:00:00","BZN|FR","Without Sequence","114.32","",""
"24/08/2025 22:00:00 - 24/08/2025 22:15:00","BZN|FR","Without Sequence","107.50","",""
"24/08/2025 22:15:00 - 24/08/2025 22:30:00","BZN|FR","Without Sequence","107.50","",""
"24/08/2025 22:30:00 - 24/08/2025 22:45:00","BZN|FR","Without Sequence","107.50","",""
"24/08/2025 22:45:00 - 24/08/2025 23:00:00","BZN|FR","Without Sequence","107.50","",""
"24/08/2025 23:00:00 - 24/08/2025 23:15:00","BZN|FR","Without Sequence","100.52","",""
"24/08/2025 23:15:00 - 24/08/2025 23:30:00","BZN|FR","Without Sequence","100.52","",""
"24/08/2025 23:30:00 - 24/08/2025 23:45:00","BZN|FR","Without Sequence","100.52","",""
"24/08/2025 23:45:00 - 25/08/2025 00:00:00","BZN|FR","Without Sequence","100.52","",""
"25/08/2025 00:00:00 - 25/08/2025 00:15:00","BZN|FR","Without Sequence","95.28","",""
"25/08/2025 00:15:00 - 25/08/2025 00:30:00","BZN|FR","Without Sequence","95.28","",""
"25/08/2025 00:30:00 - 25/08/2025 00:45:00","BZN|FR","Without Sequence","95.28","",""
"25/08/2025 00:45:00 - 25/08/2025 01:00:00","BZN|FR","Without Sequence","95.28","",""
"25/08/2025 01:00:00 - 25/08/2025 01:15:00","BZN|FR","Without Sequence","87.03","",""
"25/08/2025 01:15:00 - 25/08/2025 01:30:00","BZN|FR","Without Sequence","87.03","",""
"25/08/2025 01:30:00 - 25/08/2025 01:45:00","BZN|FR","Without Sequence","87.03","",""
"25/08/2025 01:45:00 - 25/08/2025 02:00:00","BZN|FR","Without Sequence","87.03","",""
"25/08/2025 02:00:00 - 25/08/2025 02:15:00","BZN|FR","Without Sequence","74.55","",""
"25/08/2025 02:15:00 - 25/08/2025 02:30:00","BZN|FR","Without Sequence","74.55","",""
"25/08/2025 02:30:00 - 25/08/2025 02:45:00","BZN|FR","Without Sequence","74.55","",""
"25/08/2025 02:45:00 - 25/08/2025 03:00:00","BZN|FR","Without Sequence","74.55","",""
"25/08/2025 03:00:00 - 25/08/2025 03:15:00","BZN|FR","Without Sequence","60.88","",""
"25/08/2025 03:15:00 - 25/08/2025 03:30:00","BZN|FR","Without Sequence","60.88","",""
"25/08/2025 03:30:00 - 25/08/2025 03:45:00","BZN|FR","Without Sequence","60.88","",""
"25/08/2025 03:45:00 - 25/08/2025 04:00:00","BZN|FR","Without Sequence","60.88","",""
"25/08/2025 04:00:00 - 25/08/2025 04:15:00","BZN|FR","Without Sequence","62.43","",""
"25/08/2025 04:15:00 - 25/08/2025 04:30:00","BZN|FR","Without Sequence","62.43","",""
"25/08/2025 04:30:00 - 25/08/2025 04:45:00","BZN|FR","Without Sequence","62.43","",""
"25/08/2025 04:45:00 - 25/08/2025 05:00:00","BZN|FR","Without Sequence","62.43","",""
"25/08/2025 05:00:00 - 25/08/2025 05:15:00","BZN|FR","Without Sequence","80.16","",""
"25/08/2025 05:15:00 - 25/08/2025 05:30:00","BZN|FR","Without Sequence","80.16","",""
"25/08/2025 05:30:00 - 25/08/2025 05:45:00","BZN|FR","Without Sequence","80.16","",""
"25/08/2025 05:45:00 - 25/08/2025 06:00:00","BZN|FR","Without Sequence","80.16","",""
"25/08/2025 06:00:00 - 25/08/2025 06:15:00","BZN|FR","Without Sequence","91.90","",""
"25/08/2025 06:15:00 - 25/08/2025 06:30:00","BZN|FR","Without Sequence","91.90","",""
"25/08/2025 06:30:00 - 25/08/2025 06:45:00","BZN|FR","Without Sequence","91.90","",""
"25/08/2025 06:45:00 - 25/08/2025 07:00:00","BZN|FR","Without Sequence","91.90","",""
"25/08/2025 07:00:00 - 25/08/2025 07:15:00","BZN|FR","Without Sequence","102.52","",""
"25/08/2025 07:15:00 - 25/08/2025 07:30:00","BZN|FR","Without Sequence","102.52","",""
"25/08/2025 07:30:00 - 25/08/2025 07:45:00","BZN|FR","Without Sequence","102.52","",""
"25/08/2025 07:45:00 - 25/08/2025 08:00:00","BZN|FR","Without Sequence","102.52","",""
"25/08/2025 08:00:00 - 25/08/2025 08:15:00","BZN|FR","Without Sequence","101.82","",""
"25/08/2025 08:15:00 - 25/08/2025 08:30:00","BZN|FR","Without Sequence","101.82","",""
"25/08/2025 08:30:00 - 25/08/2025 08:45:00","BZN|FR","Without Sequence","101.82","",""
"25/08/2025 08:45:00 - 25/08/2025 09:00:00","BZN|FR","Without Sequence","101.82","",""
"25/08/2025 09:00:00 - 25/08/2025 09:15:00","BZN|FR","Without Sequence","91.97","",""
"25/08/2025 09:15:00 - 25/08/2025 09:30:00","BZN|FR","Without Sequence","91.97","",""
"25/08/2025 09:30:00 - 25/08/2025 09:45:00","BZN|FR","Without Sequence","91.97","",""
"25/08/2025 09:45:00 - 25/08/2025 10:00:00","BZN|FR","Without Sequence","91.97","",""
"25/08/2025 10:00:00 - 25/08/2025 10:15:00","BZN|FR","Without Sequence","73.50","",""
"25/08/2025 10:15:00 - 25/08/2025 10:30:00","BZN|FR","Without Sequence","73.50","",""
"25/08/2025 10:30:00 - 25/08/2025 10:45:00","BZN|FR","Without Sequence","73.50","",""
"25/08/2025 10:45:00 - 25/08/2025 11:00:00","BZN|FR","Without Sequence","73.50","",""
"25/08/2025 11:00:00 - 25/08/2025 11:15:00","BZN|FR","Without Sequence","35.02","",""
"25/08/2025 11:15:00 - 25/08/2025 11:30:00","BZN|FR","Without Sequence","35.02","",""
"25/08/2025 11:30:00 - 25/08/2025 11:45:00","BZN|FR","Without Sequence","35.02","",""
"25/08/2025 11:45:00 - 25/08/2025 12:00:00","BZN|FR","Without Sequence","35.02","",""
"25/08/2025 12:00:00 - 25/08/2025 12:15:00","BZN|FR","Without Sequence","10.00","",""
"25/08/2025 12:15:00 - 25/08/2025 12:30:00","BZN|FR","Without Sequence","10.00","",""
"25/08/2025 12:30:00 - 25/08/2025 12:45:00","BZN|FR","Without Sequence","10.00","",""
"25/08/2025 12:45:00 - 25/08/2025 13:00:00","BZN|FR","Without Sequence","10.00","",""
"25/08/2025 13:00:00 - 25/08/2025 13:15:00","BZN|FR","Without Sequence","5.93","",""
"25/08/2025 13:15:00 - 25/08/2025 13:30:00","BZN|FR","Without Sequence","5.93","",""
"25/08/2025 13:30:00 - 25/08/2025 13:45:00","BZN|FR","Without Sequence","5.93","",""
"25/08/2025 13:45:00 - 25/08/2025 14:00:00","BZN|FR","Without Sequence","5.93","",""
"25/08/2025 14:00:00 - 25/08/2025 14:15:00","BZN|FR","Without Sequence","6.78","",""
"25/08/2025 14:15:00 - 25/08/2025 14:30:00","BZN|FR","Without Sequence","6.78","",""
"25/08/2025 14:30:00 - 25/08/2025 14:45:00","BZN|FR","Without Sequence","6.78","",""
"25/08/2025 14:45:00 - 25/08/2025 15:00:00","BZN|FR","Without Sequence","6.78","",""
"25/08/2025 15:00:00 - 25/08/2025 15:15:00","BZN|FR","Without Sequence","25.20","",""
"25/08/2025 15:15:00 - 25/08/2025 15:30:00","BZN|FR","Without Sequence","25.20","",""
"25/08/2025 15:30:00 - 25/08/2025 15:45:00","BZN|FR","Without Sequence","25.20","",""
"25/08/2025 15:45:00 - 25/08/2025 16:00:00","BZN|FR","Without Sequence","25.20","",""
"25/08/2025 16:00:00 - 25/08/2025 16:15:00","BZN|FR","Without Sequence","56.43","",""
"25/08/2025 16:15:00 - 25/08/2025 16:30:00","BZN|FR","Without Sequence","56.43","",""
"25/08/2025 16:30:00 - 25/08/2025 16:45:00","BZN|FR","Without Sequence","56.43","",""
"25/08/2025 16:45:00 - 25/08/2025 17:00:00","BZN|FR","Without Sequence","56.43","",""
"25/08/2025 17:00:00 - 25/08/2025 17:15:00","BZN|FR","Without Sequence","76.19","",""
"25/08/2025 17:15:00 - 25/08/2025 17:30:00","BZN|FR","Without Sequence","76.19","",""
"25/08/2025 17:30:00 - 25/08/2025 17:45:00","BZN|FR","Without Sequence","76.19","",""
"25/08/2025 17:45:00 - 25/08/2025 18:00:00","BZN|FR","Without Sequence","76.19","",""
"25/08/2025 18:00:00 - 25/08/2025 18:15:00","BZN|FR","Without Sequence","97.43","",""
"25/08/2025 18:15:00 - 25/08/2025 18:30:00","BZN|FR","Without Sequence","97.43","",""
"25/08/2025 18:30:00 - 25/08/2025 18:45:00","BZN|FR","Without Sequence","97.43","",""
"25/08/2025 18:45:00 - 25/08/2025 19:00:00","BZN|FR","Without Sequence","97.43","",""
"25/08/2025 19:00:00 - 25/08/2025 19:15:00","BZN|FR","Without Sequence","114.78","",""
"25/08/2025 19:15:00 - 25/08/2025 19:30:00","BZN|FR","Without Sequence","114.78","",""
"25/08/2025 19:30:00 - 25/08/2025 19:45:00","BZN|FR","Without Sequence","114.78","",""
"25/08/2025 19:45:00 - 25/08/2025 20:00:00","BZN|FR","Without Sequence","114.78","",""
"25/08/2025 20:00:00 - 25/08/2025 20:15:00","BZN|FR","Without Sequence","125.95","",""
"25/08/2025 20:15:00 - 25/08/2025 20:30:00","BZN|FR","Without Sequence","125.95","",""
"25/08/2025 20:30:00 - 25/08/2025 20:45:00","BZN|FR","Without Sequence","125.95","",""
"25/08/2025 20:45:00 - 25/08/2025 21:00:00","BZN|FR","Without Sequence","125.95","",""
"25/08/2025 21:00:00 - 25/08/2025 21:15:00","BZN|FR","Without Sequence","126.28","",""
"25/08/2025 21:15:00 - 25/08/2025 21:30:00","BZN|FR","Without Sequence","126.28","",""
"25/08/2025 21:30:00 - 25/08/2025 21:45:00","BZN|FR","Without Sequence","126.28","",""
"25/08/2025 21:45:00 - 25/08/2025 22:00:00","BZN|FR","Without Sequence","126.28","",""
"25/08/2025 22:00:00 - 25/08/2025 22:15:00","BZN|FR","Without Sequence","115.04","",""
"25/08/2025 22:15:00 - 25/08/2025 22:30:00","BZN|FR","Without Sequence","115.04","",""
"25/08/2025 22:30:00 - 25/08/2025 22:45:00","BZN|FR","Without Sequence","115.04","",""
"25/08/2025 22:45:00 - 25/08/2025 23:00:00","BZN|FR","Without Sequence","115.04","",""
"25/08/2025 23:00:00 - 25/08/2025 23:15:00","BZN|FR","Without Sequence","105.15","",""
"25/08/2025 23:15:00 - 25/08/2025 23:30:00","BZN|FR","Without Sequence","105.15","",""
"25/08/2025 23:30:00 - 25/08/2025 23:45:00","BZN|FR","Without Sequence","105.15","",""
"25/08/2025 23:45:00 - 26/08/2025 00:00:00","BZN|FR","Without Sequence","105.15","",""
"26/08/2025 00:00:00 - 26/08/2025 00:15:00","BZN|FR","Without Sequence","94.83","",""
"26/08/2025 00:15:00 - 26/08/2025 00:30:00","BZN|FR","Without Sequence","94.83","",""
"26/08/2025 00:30:00 - 26/08/2025 00:45:00","BZN|FR","Without Sequence","94.83","",""
"26/08/2025 00:45:00 - 26/08/2025 01:00:00","BZN|FR","Without Sequence","94.83","",""
"26/08/2025 01:00:00 - 26/08/2025 01:15:00","BZN|FR","Without Sequence","86.78","",""
"26/08/2025 01:15:00 - 26/08/2025 01:30:00","BZN|FR","Without Sequence","86.78","",""
"26/08/2025 01:30:00 - 26/08/2025 01:45:00","BZN|FR","Without Sequence","86.78","",""
"26/08/2025 01:45:00 - 26/08/2025 02:00:00","BZN|FR","Without Sequence","86.78","",""
"26/08/2025 02:00:00 - 26/08/2025 02:15:00","BZN|FR","Without Sequence","70.37","",""
"26/08/2025 02:15:00 - 26/08/2025 02:30:00","BZN|FR","Without Sequence","70.37","",""
"26/08/2025 02:30:00 - 26/08/2025 02:45:00","BZN|FR","Without Sequence","70.37","",""
"26/08/2025 02:45:00 - 26/08/2025 03:00:00","BZN|FR","Without Sequence","70.37","",""
"26/08/2025 03:00:00 - 26/08/2025 03:15:00","BZN|FR","Without Sequence","63.58","",""
"26/08/2025 03:15:00 - 26/08/2025 03:30:00","BZN|FR","Without Sequence","63.58","",""
"26/08/2025 03:30:00 - 26/08/2025 03:45:00","BZN|FR","Without Sequence","63.58","",""
"26/08/2025 03:45:00 - 26/08/2025 04:00:00","BZN|FR","Without Sequence","63.58","",""
"26/08/2025 04:00:00 - 26/08/2025 04:15:00","BZN|FR","Without Sequence","58.35","",""
"26/08/2025 04:15:00 - 26/08/2025 04:30:00","BZN|FR","Without Sequence","58.35","",""
"26/08/2025 04:30:00 - 26/08/2025 04:45:00","BZN|FR","Without Sequence","58.35","",""
"26/08/2025 04:45:00 - 26/08/2025 05:00:00","BZN|FR","Without Sequence","58.35","",""
"26/08/2025 05:00:00 - 26/08/2025 05:15:00","BZN|FR","Without Sequence","66.86","",""
"26/08/2025 05:15:00 - 26/08/2025 05:30:00","BZN|FR","Without Sequence","66.86","",""
"26/08/2025 05:30:00 - 26/08/2025 05:45:00","BZN|FR","Without Sequence","66.86","",""
"26/08/2025 05:45:00 - 26/08/2025 06:00:00","BZN|FR","Without Sequence","66.86","",""
"26/08/2025 06:00:00 - 26/08/2025 06:15:00","BZN|FR","Without Sequence","86.97","",""
"26/08/2025 06:15:00 - 26/08/2025 06:30:00","BZN|FR","Without Sequence","86.97","",""
"26/08/2025 06:30:00 - 26/08/2025 06:45:00","BZN|FR","Without Sequence","86.97","",""
"26/08/2025 06:45:00 - 26/08/2025 07:00:00","BZN|FR","Without Sequence","86.97","",""
"26/08/2025 07:00:00 - 26/08/2025 07:15:00","BZN|FR","Without Sequence","95.44","",""
"26/08/2025 07:15:00 - 26/08/2025 07:30:00","BZN|FR","Without Sequence","95.44","",""
"26/08/2025 07:30:00 - 26/08/2025 07:45:00","BZN|FR","Without Sequence","95.44","",""
"26/08/2025 07:45:00 - 26/08/2025 08:00:00","BZN|FR","Without Sequence","95.44","",""
"26/08/2025 08:00:00 - 26/08/2025 08:15:00","BZN|FR","Without Sequence","97.48","",""
"26/08/2025 08:15:00 - 26/08/2025 08:30:00","BZN|FR","Without Sequence","97.48","",""
"26/08/2025 08:30:00 - 26/08/2025 08:45:00","BZN|FR","Without Sequence","97.48","",""
"26/08/2025 08:45:00 - 26/08/2025 09:00:00","BZN|FR","Without Sequence","97.48","",""
"26/08/2025 09:00:00 - 26/08/2025 09:15:00","BZN|FR","Without Sequence","90.00","",""
"26/08/2025 09:15:00 - 26/08/2025 09:30:00","BZN|FR","Without Sequence","90.00","",""
"26/08/2025 09:30:00 - 26/08/2025 09:45:00","BZN|FR","Without Sequence","90.00","",""
"26/08/2025 09:45:00 - 26/08/2025 10:00:00","BZN|FR","Without Sequence","90.00","",""
"26/08/2025 10:00:00 - 26/08/2025 10:15:00","BZN|FR","Without Sequence","70.00","",""
"26/08/2025 10:15:00 - 26/08/2025 10:30:00","BZN|FR","Without Sequence","70.00","",""
"26/08/2025 10:30:00 - 26/08/2025 10:45:00","BZN|FR","Without Sequence","70.00","",""
"26/08/2025 10:45:00 - 26/08/2025 11:00:00","BZN|FR","Without Sequence","70.00","",""
"26/08/2025 11:00:00 - 26/08/2025 11:15:00","BZN|FR","Without Sequence","60.65","",""
"26/08/2025 11:15:00 - 26/08/2025 11:30:00","BZN|FR","Without Sequence","60.65","",""
"26/08/2025 11:30:00 - 26/08/2025 11:45:00","BZN|FR","Without Sequence","60.65","",""
"26/08/2025 11:45:00 - 26/08/2025 12:00:00","BZN|FR","Without Sequence","60.65","",""
"26/08/2025 12:00:00 - 26/08/2025 12:15:00","BZN|FR","Without Sequence","41.25","",""
"26/08/2025 12:15:00 - 26/08/2025 12:30:00","BZN|FR","Without Sequence","41.25","",""
"26/08/2025 12:30:00 - 26/08/2025 12:45:00","BZN|FR","Without Sequence","41.25","",""
"26/08/2025 12:45:00 - 26/08/2025 13:00:00","BZN|FR","Without Sequence","41.25","",""
"26/08/2025 13:00:00 - 26/08/2025 13:15:00","BZN|FR","Without Sequence","26.28","",""
"26/08/2025 13:15:00 - 26/08/2025 13:30:00","BZN|FR","Without Sequence","26.28","",""
"26/08/2025 13:30:00 - 26/08/2025 13:45:00","BZN|FR","Without Sequence","26.28","",""
"26/08/2025 13:45:00 - 26/08/2025 14:00:00","BZN|FR","Without Sequence","26.28","",""
"26/08/2025 14:00:00 - 26/08/2025 14:15:00","BZN|FR","Without Sequence","38.05","",""
"26/08/2025 14:15:00 - 26/08/2025 14:30:00","BZN|FR","Without Sequence","38.05","",""
"26/08/2025 14:30:00 - 26/08/2025 14:45:00","BZN|FR","Without Sequence","38.05","",""
"26/08/2025 14:45:00 - 26/08/2025 15:00:00","BZN|FR","Without Sequence","38.05","",""
"26/08/2025 15:00:00 - 26/08/2025 15:15:00","BZN|FR","Without Sequence","47.44","",""
"26/08/2025 15:15:00 - 26/08/2025 15:30:00","BZN|FR","Without Sequence","47.44","",""
"26/08/2025 15:30:00 - 26/08/2025 15:45:00","BZN|FR","Without Sequence","47.44","",""
"26/08/2025 15:45:00 - 26/08/2025 16:00:00","BZN|FR","Without Sequence","47.44","",""
"26/08/2025 16:00:00 - 26/08/2025 16:15:00","BZN|FR","Without Sequence","60.00","",""
"26/08/2025 16:15:00 - 26/08/2025 16:30:00","BZN|FR","Without Sequence","60.00","",""
"26/08/2025 16:30:00 - 26/08/2025 16:45:00","BZN|FR","Without Sequence","60.00","",""
"26/08/2025 16:45:00 - 26/08/2025 17:00:00","BZN|FR","Without Sequence","60.00","",""
"26/08/2025 17:00:00 - 26/08/2025 17:15:00","BZN|FR","Without Sequence","65.03","",""
"26/08/2025 17:15:00 - 26/08/2025 17:30:00","BZN|FR","Without Sequence","65.03","",""
"26/08/2025 17:30:00 - 26/08/2025 17:45:00","BZN|FR","Without Sequence","65.03","",""
"26/08/2025 17:45:00 - 26/08/2025 18:00:00","BZN|FR","Without Sequence","65.03","",""
"26/08/2025 18:00:00 - 26/08/2025 18:15:00","BZN|FR","Without Sequence","76.10","",""
"26/08/2025 18:15:00 - 26/08/2025 18:30:00","BZN|FR","Without Sequence","76.10","",""
"26/08/2025 18:30:00 - 26/08/2025 18:45:00","BZN|FR","Without Sequence","76.10","",""
"26/08/2025 18:45:00 - 26/08/2025 19:00:00","BZN|FR","Without Sequence","76.10","",""
"26/08/2025 19:00:00 - 26/08/2025 19:15:00","BZN|FR","Without Sequence","103.14","",""
"26/08/2025 19:15:00 - 26/08/2025 19:30:00","BZN|FR","Without Sequence","103.14","",""
"26/08/2025 19:30:00 - 26/08/2025 19:45:00","BZN|FR","Without Sequence","103.14","",""
"26/08/2025 19:45:00 - 26/08/2025 20:00:00","BZN|FR","Without Sequence","103.14","",""
"26/08/2025 20:00:00 - 26/08/2025 20:15:00","BZN|FR","Without Sequence","117.00","",""
"26/08/2025 20:15:00 - 26/08/2025 20:30:00","BZN|FR","Without Sequence","117.00","",""
"26/08/2025 20:30:00 - 26/08/2025 20:45:00","BZN|FR","Without Sequence","117.00","",""
"26/08/2025 20:45:00 - 26/08/2025 21:00:00","BZN|FR","Without Sequence","117.00","",""
"26/08/2025 21:00:00 - 26/08/2025 21:15:00","BZN|FR","Without Sequence","123.46","",""
"26/08/2025 21:15:00 - 26/08/2025 21:30:00","BZN|FR","Without Sequence","123.46","",""
"26/08/2025 21:30:00 - 26/08/2025 21:45:00","BZN|FR","Without Sequence","123.46","",""
"26/08/2025 21:45:00 - 26/08/2025 22:00:00","BZN|FR","Without Sequence","123.46","",""
"26/08/2025 22:00:00 - 26/08/2025 22:15:00","BZN|FR","Without Sequence","109.50","",""
"26/08/2025 22:15:00 - 26/08/2025 22:30:00","BZN|FR","Without Sequence","109.50","",""
"26/08/2025 22:30:00 - 26/08/2025 22:45:00","BZN|FR","Without Sequence","109.50","",""
"26/08/2025 22:45:00 - 26/08/2025 23:00:00","BZN|FR","Without Sequence","109.50","",""
"26/08/2025 23:00:00 - 26/08/2025 23:15:00","BZN|FR","Without Sequence","97.90","",""
"26/08/2025 23:15:00 - 26/08/2025 23:30:00","BZN|FR","Without Sequence","97.90","",""
"26/08/2025 23:30:00 - 26/08/2025 23:45:00","BZN|FR","Without Sequence","97.90","",""
"26/08/2025 23:45:00 - 27/08/2025 00:00:00","BZN|FR","Without Sequence","97.90","",""
"27/08/2025 00:00:00 - 27/08/2025 00:15:00","BZN|FR","Without Sequence","97.41","",""
"27/08/2025 00:15:00 - 27/08/2025 00:30:00","BZN|FR","Without Sequence","97.41","",""
"27/08/2025 00:30:00 - 27/08/2025 00:45:00","BZN|FR","Without Sequence","97.41","",""
"27/08/2025 00:45:00 - 27/08/2025 01:00:00","BZN|FR","Without Sequence","97.41","",""
"27/08/2025 01:00:00 - 27/08/2025 01:15:00","BZN|FR","Without Sequence","90.02","",""
"27/08/2025 01:15:00 - 27/08/2025 01:30:00","BZN|FR","Without Sequence","90.02","",""
"27/08/2025 01:30:00 - 27/08/2025 01:45:00","BZN|FR","Without Sequence","90.02","",""
"27/08/2025 01:45:00 - 27/08/2025 02:00:00","BZN|FR","Without Sequence","90.02","",""
"27/08/2025 02:00:00 - 27/08/2025 02:15:00","BZN|FR","Without Sequence","86.55","",""
"27/08/2025 02:15:00 - 27/08/2025 02:30:00","BZN|FR","Without Sequence","86.55","",""
"27/08/2025 02:30:00 - 27/08/2025 02:45:00","BZN|FR","Without Sequence","86.55","",""
"27/08/2025 02:45:00 - 27/08/2025 03:00:00","BZN|FR","Without Sequence","86.55","",""
"27/08/2025 03:00:00 - 27/08/2025 03:15:00","BZN|FR","Without Sequence","80.36","",""
"27/08/2025 03:15:00 - 27/08/2025 03:30:00","BZN|FR","Without Sequence","80.36","",""
"27/08/2025 03:30:00 - 27/08/2025 03:45:00","BZN|FR","Without Sequence","80.36","",""
"27/08/2025 03:45:00 - 27/08/2025 04:00:00","BZN|FR","Without Sequence","80.36","",""
"27/08/2025 04:00:00 - 27/08/2025 04:15:00","BZN|FR","Without Sequence","79.04","",""
"27/08/2025 04:15:00 - 27/08/2025 04:30:00","BZN|FR","Without Sequence","79.04","",""
"27/08/2025 04:30:00 - 27/08/2025 04:45:00","BZN|FR","Without Sequence","79.04","",""
"27/08/2025 04:45:00 - 27/08/2025 05:00:00","BZN|FR","Without Sequence","79.04","",""
"27/08/2025 05:00:00 - 27/08/2025 05:15:00","BZN|FR","Without Sequence","85.90","",""
"27/08/2025 05:15:00 - 27/08/2025 05:30:00","BZN|FR","Without Sequence","85.90","",""
"27/08/2025 05:30:00 - 27/08/2025 05:45:00","BZN|FR","Without Sequence","85.90","",""
"27/08/2025 05:45:00 - 27/08/2025 06:00:00","BZN|FR","Without Sequence","85.90","",""
"27/08/2025 06:00:00 - 27/08/2025 06:15:00","BZN|FR","Without Sequence","102.84","",""
"27/08/2025 06:15:00 - 27/08/2025 06:30:00","BZN|FR","Without Sequence","102.84","",""
"27/08/2025 06:30:00 - 27/08/2025 06:45:00","BZN|FR","Without Sequence","102.84","",""
"27/08/2025 06:45:00 - 27/08/2025 07:00:00","BZN|FR","Without Sequence","102.84","",""
"27/08/2025 07:00:00 - 27/08/2025 07:15:00","BZN|FR","Without Sequence","113.12","",""
"27/08/2025 07:15:00 - 27/08/2025 07:30:00","BZN|FR","Without Sequence","113.12","",""
"27/08/2025 07:30:00 - 27/08/2025 07:45:00","BZN|FR","Without Sequence","113.12","",""
"27/08/2025 07:45:00 - 27/08/2025 08:00:00","BZN|FR","Without Sequence","113.12","",""
"27/08/2025 08:00:00 - 27/08/2025 08:15:00","BZN|FR","Without Sequence","113.64","",""
"27/08/2025 08:15:00 - 27/08/2025 08:30:00","BZN|FR","Without Sequence","113.64","",""
"27/08/2025 08:30:00 - 27/08/2025 08:45:00","BZN|FR","Without Sequence","113.64","",""
"27/08/2025 08:45:00 - 27/08/2025 09:00:00","BZN|FR","Without Sequence","113.64","",""
"27/08/2025 09:00:00 - 27/08/2025 09:15:00","BZN|FR","Without Sequence","101.63","",""
"27/08/2025 09:15:00 - 27/08/2025 09:30:00","BZN|FR","Without Sequence","101.63","",""
"27/08/2025 09:30:00 - 27/08/2025 09:45:00","BZN|FR","Without Sequence","101.63","",""
"27/08/2025 09:45:00 - 27/08/2025 10:00:00","BZN|FR","Without Sequence","101.63","",""
"27/08/2025 10:00:00 - 27/08/2025 10:15:00","BZN|FR","Without Sequence","85.21","",""
"27/08/2025 10:15:00 - 27/08/2025 10:30:00","BZN|FR","Without Sequence","85.21","",""
"27/08/2025 10:30:00 - 27/08/2025 10:45:00","BZN|FR","Without Sequence","85.21","",""
"27/08/2025 10:45:00 - 27/08/2025 11:00:00","BZN|FR","Without Sequence","85.21","",""
"27/08/2025 11:00:00 - 27/08/2025 11:15:00","BZN|FR","Without Sequence","77.75","",""
"27/08/2025 11:15:00 - 27/08/2025 11:30:00","BZN|FR","Without Sequence","77.75","",""
"27/08/2025 11:30:00 - 27/08/2025 11:45:00","BZN|FR","Without Sequence","77.75","",""
"27/08/2025 11:45:00 - 27/08/2025 12:00:00","BZN|FR","Without Sequence","77.75","",""
"27/08/2025 12:00:00 - 27/08/2025 12:15:00","BZN|FR","Without Sequence","63.65","",""
"27/08/2025 12:15:00 - 27/08/2025 12:30:00","BZN|FR","Without Sequence","63.65","",""
"27/08/2025 12:30:00 - 27/08/2025 12:45:00","BZN|FR","Without Sequence","63.65","",""
"27/08/2025 12:45:00 - 27/08/2025 13:00:00","BZN|FR","Without Sequence","63.65","",""
"27/08/2025 13:00:00 - 27/08/2025 13:15:00","BZN|FR","Without Sequence","49.85","",""
"27/08/2025 13:15:00 - 27/08/2025 13:30:00","BZN|FR","Without Sequence","49.85","",""
"27/08/2025 13:30:00 - 27/08/2025 13:45:00","BZN|FR","Without Sequence","49.85","",""
"27/08/2025 13:45:00 - 27/08/2025 14:00:00","BZN|FR","Without Sequence","49.85","",""
"27/08/2025 14:00:00 - 27/08/2025 14:15:00","BZN|FR","Without Sequence","50.62","",""
"27/08/2025 14:15:00 - 27/08/2025 14:30:00","BZN|FR","Without Sequence","50.62","",""
"27/08/2025 14:30:00 - 27/08/2025 14:45:00","BZN|FR","Without Sequence","50.62","",""
"27/08/2025 14:45:00 - 27/08/2025 15:00:00","BZN|FR","Without Sequence","50.62","",""
"27/08/2025 15:00:00 - 27/08/2025 15:15:00","BZN|FR","Without Sequence","50.62","",""
"27/08/2025 15:15:00 - 27/08/2025 15:30:00","BZN|FR","Without Sequence","50.62","",""
"27/08/2025 15:30:00 - 27/08/2025 15:45:00","BZN|FR","Without Sequence","50.62","",""
"27/08/2025 15:45:00 - 27/08/2025 16:00:00","BZN|FR","Without Sequence","50.62","",""
"27/08/2025 16:00:00 - 27/08/2025 16:15:00","BZN|FR","Without Sequence","63.81","",""
"27/08/2025 16:15:00 - 27/08/2025 16:30:00","BZN|FR","Without Sequence","63.81","",""
"27/08/2025 16:30:00 - 27/08/2025 16:45:00","BZN|FR","Without Sequence","63.81","",""
"27/08/2025 16:45:00 - 27/08/2025 17:00:00","BZN|FR","Without Sequence","63.81","",""
"27/08/2025 17:00:00 - 27/08/2025 17:15:00","BZN|FR","Without Sequence","78.73","",""
"27/08/2025 17:15:00 - 27/08/2025 17:30:00","BZN|FR","Without Sequence","78.73","",""
"27/08/2025 17:30:00 - 27/08/2025 17:45:00","BZN|FR","Without Sequence","78.73","",""
"27/08/2025 17:45:00 - 27/08/2025 18:00:00","BZN|FR","Without Sequence","78.73","",""
"27/08/2025 18:00:00 - 27/08/2025 18:15:00","BZN|FR","Without Sequence","89.61","",""
"27/08/2025 18:15:00 - 27/08/2025 18:30:00","BZN|FR","Without Sequence","89.61","",""
"27/08/2025 18:30:00 - 27/08/2025 18:45:00","BZN|FR","Without Sequence","89.61","",""
"27/08/2025 18:45:00 - 27/08/2025 19:00:00","BZN|FR","Without Sequence","89.61","",""
"27/08/2025 19:00:00 - 27/08/2025 19:15:00","BZN|FR","Without Sequence","99.00","",""
"27/08/2025 19:15:00 - 27/08/2025 19:30:00","BZN|FR","Without Sequence","99.00","",""
"27/08/2025 19:30:00 - 27/08/2025 19:45:00","BZN|FR","Without Sequence","99.00","",""
"27/08/2025 19:45:00 - 27/08/2025 20:00:00","BZN|FR","Without Sequence","99.00","",""
"27/08/2025 20:00:00 - 27/08/2025 20:15:00","BZN|FR","Without Sequence","109.10","",""
"27/08/2025 20:15:00 - 27/08/2025 20:30:00","BZN|FR","Without Sequence","109.10","",""
"27/08/2025 20:30:00 - 27/08/2025 20:45:00","BZN|FR","Without Sequence","109.10","",""
"27/08/2025 20:45:00 - 27/08/2025 21:00:00","BZN|FR","Without Sequence","109.10","",""
"27/08/2025 21:00:00 - 27/08/2025 21:15:00","BZN|FR","Without Sequence","114.32","",""
"27/08/2025 21:15:00 - 27/08/2025 21:30:00","BZN|FR","Without Sequence","114.32","",""
"27/08/2025 21:30:00 - 27/08/2025 21:45:00","BZN|FR","Without Sequence","114.32","",""
"27/08/2025 21:45:00 - 27/08/2025 22:00:00","BZN|FR","Without Sequence","114.32","",""
"27/08/2025 22:00:00 - 27/08/2025 22:15:00","BZN|FR","Without Sequence","113.63","",""
"27/08/2025 22:15:00 - 27/08/2025 22:30:00","BZN|FR","Without Sequence","113.63","",""
"27/08/2025 22:30:00 - 27/08/2025 22:45:00","BZN|FR","Without Sequence","113.63","",""
"27/08/2025 22:45:00 - 27/08/2025 23:00:00","BZN|FR","Without Sequence","113.63","",""
"27/08/2025 23:00:00 - 27/08/2025 23:15:00","BZN|FR","Without Sequence","103.57","",""
"27/08/2025 23:15:00 - 27/08/2025 23:30:00","BZN|FR","Without Sequence","103.57","",""
"27/08/2025 23:30:00 - 27/08/2025 23:45:00","BZN|FR","Without Sequence","103.57","",""
"27/08/2025 23:45:00 - 28/08/2025 00:00:00","BZN|FR","Without Sequence","103.57","",""
"28/08/2025 00:00:00 - 28/08/2025 00:15:00","BZN|FR","Without Sequence","97.15","",""
"28/08/2025 00:15:00 - 28/08/2025 00:30:00","BZN|FR","Without Sequence","97.15","",""
"28/08/2025 00:30:00 - 28/08/2025 00:45:00","BZN|FR","Without Sequence","97.15","",""
"28/08/2025 00:45:00 - 28/08/2025 01:00:00","BZN|FR","Without Sequence","97.15","",""
"28/08/2025 01:00:00 - 28/08/2025 01:15:00","BZN|FR","Without Sequence","90.14","",""
"28/08/2025 01:15:00 - 28/08/2025 01:30:00","BZN|FR","Without Sequence","90.14","",""
"28/08/2025 01:30:00 - 28/08/2025 01:45:00","BZN|FR","Without Sequence","90.14","",""
"28/08/2025 01:45:00 - 28/08/2025 02:00:00","BZN|FR","Without Sequence","90.14","",""
"28/08/2025 02:00:00 - 28/08/2025 02:15:00","BZN|FR","Without Sequence","86.07","",""
"28/08/2025 02:15:00 - 28/08/2025 02:30:00","BZN|FR","Without Sequence","86.07","",""
"28/08/2025 02:30:00 - 28/08/2025 02:45:00","BZN|FR","Without Sequence","86.07","",""
"28/08/2025 02:45:00 - 28/08/2025 03:00:00","BZN|FR","Without Sequence","86.07","",""
"28/08/2025 03:00:00 - 28/08/2025 03:15:00","BZN|FR","Without Sequence","73.25","",""
"28/08/2025 03:15:00 - 28/08/2025 03:30:00","BZN|FR","Without Sequence","73.25","",""
"28/08/2025 03:30:00 - 28/08/2025 03:45:00","BZN|FR","Without Sequence","73.25","",""
"28/08/2025 03:45:00 - 28/08/2025 04:00:00","BZN|FR","Without Sequence","73.25","",""
"28/08/2025 04:00:00 - 28/08/2025 04:15:00","BZN|FR","Without Sequence","69.40","",""
"28/08/2025 04:15:00 - 28/08/2025 04:30:00","BZN|FR","Without Sequence","69.40","",""
"28/08/2025 04:30:00 - 28/08/2025 04:45:00","BZN|FR","Without Sequence","69.40","",""
"28/08/2025 04:45:00 - 28/08/2025 05:00:00","BZN|FR","Without Sequence","69.40","",""
"28/08/2025 05:00:00 - 28/08/2025 05:15:00","BZN|FR","Without Sequence","76.42","",""
"28/08/2025 05:15:00 - 28/08/2025 05:30:00","BZN|FR","Without Sequence","76.42","",""
"28/08/2025 05:30:00 - 28/08/2025 05:45:00","BZN|FR","Without Sequence","76.42","",""
"28/08/2025 05:45:00 - 28/08/2025 06:00:00","BZN|FR","Without Sequence","76.42","",""
"28/08/2025 06:00:00 - 28/08/2025 06:15:00","BZN|FR","Without Sequence","83.38","",""
"28/08/2025 06:15:00 - 28/08/2025 06:30:00","BZN|FR","Without Sequence","83.38","",""
"28/08/2025 06:30:00 - 28/08/2025 06:45:00","BZN|FR","Without Sequence","83.38","",""
"28/08/2025 06:45:00 - 28/08/2025 07:00:00","BZN|FR","Without Sequence","83.38","",""
"28/08/2025 07:00:00 - 28/08/2025 07:15:00","BZN|FR","Without Sequence","90.38","",""
"28/08/2025 07:15:00 - 28/08/2025 07:30:00","BZN|FR","Without Sequence","90.38","",""
"28/08/2025 07:30:00 - 28/08/2025 07:45:00","BZN|FR","Without Sequence","90.38","",""
"28/08/2025 07:45:00 - 28/08/2025 08:00:00","BZN|FR","Without Sequence","90.38","",""
"28/08/2025 08:00:00 - 28/08/2025 08:15:00","BZN|FR","Without Sequence","90.38","",""
"28/08/2025 08:15:00 - 28/08/2025 08:30:00","BZN|FR","Without Sequence","90.38","",""
"28/08/2025 08:30:00 - 28/08/2025 08:45:00","BZN|FR","Without Sequence","90.38","",""
"28/08/2025 08:45:00 - 28/08/2025 09:00:00","BZN|FR","Without Sequence","90.38","",""
"28/08/2025 09:00:00 - 28/08/2025 09:15:00","BZN|FR","Without Sequence","69.40","",""
"28/08/2025 09:15:00 - 28/08/2025 09:30:00","BZN|FR","Without Sequence","69.40","",""
"28/08/2025 09:30:00 - 28/08/2025 09:45:00","BZN|FR","Without Sequence","69.40","",""
"28/08/2025 09:45:00 - 28/08/2025 10:00:00","BZN|FR","Without Sequence","69.40","",""
"28/08/2025 10:00:00 - 28/08/2025 10:15:00","BZN|FR","Without Sequence","42.57","",""
"28/08/2025 10:15:00 - 28/08/2025 10:30:00","BZN|FR","Without Sequence","42.57","",""
"28/08/2025 10:30:00 - 28/08/2025 10:45:00","BZN|FR","Without Sequence","42.57","",""
"28/08/2025 10:45:00 - 28/08/2025 11:00:00","BZN|FR","Without Sequence","42.57","",""
"28/08/2025 11:00:00 - 28/08/2025 11:15:00","BZN|FR","Without Sequence","20.46","",""
"28/08/2025 11:15:00 - 28/08/2025 11:30:00","BZN|FR","Without Sequence","20.46","",""
"28/08/2025 11:30:00 - 28/08/2025 11:45:00","BZN|FR","Without Sequence","20.46","",""
"28/08/2025 11:45:00 - 28/08/2025 12:00:00","BZN|FR","Without Sequence","20.46","",""
"28/08/2025 12:00:00 - 28/08/2025 12:15:00","BZN|FR","Without Sequence","17.21","",""
"28/08/2025 12:15:00 - 28/08/2025 12:30:00","BZN|FR","Without Sequence","17.21","",""
"28/08/2025 12:30:00 - 28/08/2025 12:45:00","BZN|FR","Without Sequence","17.21","",""
"28/08/2025 12:45:00 - 28/08/2025 13:00:00","BZN|FR","Without Sequence","17.21","",""
"28/08/2025 13:00:00 - 28/08/2025 13:15:00","BZN|FR","Without Sequence","2.09","",""
"28/08/2025 13:15:00 - 28/08/2025 13:30:00","BZN|FR","Without Sequence","2.09","",""
"28/08/2025 13:30:00 - 28/08/2025 13:45:00","BZN|FR","Without Sequence","2.09","",""
"28/08/2025 13:45:00 - 28/08/2025 14:00:00","BZN|FR","Without Sequence","2.09","",""
"28/08/2025 14:00:00 - 28/08/2025 14:15:00","BZN|FR","Without Sequence","0.65","",""
"28/08/2025 14:15:00 - 28/08/2025 14:30:00","BZN|FR","Without Sequence","0.65","",""
"28/08/2025 14:30:00 - 28/08/2025 14:45:00","BZN|FR","Without Sequence","0.65","",""
"28/08/2025 14:45:00 - 28/08/2025 15:00:00","BZN|FR","Without Sequence","0.65","",""
"28/08/2025 15:00:00 - 28/08/2025 15:15:00","BZN|FR","Without Sequence","0.01","",""
"28/08/2025 15:15:00 - 28/08/2025 15:30:00","BZN|FR","Without Sequence","0.01","",""
"28/08/2025 15:30:00 - 28/08/2025 15:45:00","BZN|FR","Without Sequence","0.01","",""
"28/08/2025 15:45:00 - 28/08/2025 16:00:00","BZN|FR","Without Sequence","0.01","",""
"28/08/2025 16:00:00 - 28/08/2025 16:15:00","BZN|FR","Without Sequence","0.65","",""
"28/08/2025 16:15:00 - 28/08/2025 16:30:00","BZN|FR","Without Sequence","0.65","",""
"28/08/2025 16:30:00 - 28/08/2025 16:45:00","BZN|FR","Without Sequence","0.65","",""
"28/08/2025 16:45:00 - 28/08/2025 17:00:00","BZN|FR","Without Sequence","0.65","",""
"28/08/2025 17:00:00 - 28/08/2025 17:15:00","BZN|FR","Without Sequence","21.04","",""
"28/08/2025 17:15:00 - 28/08/2025 17:30:00","BZN|FR","Without Sequence","21.04","",""
"28/08/2025 17:30:00 - 28/08/2025 17:45:00","BZN|FR","Without Sequence","21.04","",""
"28/08/2025 17:45:00 - 28/08/2025 18:00:00","BZN|FR","Without Sequence","21.04","",""
"28/08/2025 18:00:00 - 28/08/2025 18:15:00","BZN|FR","Without Sequence","42.46","",""
"28/08/2025 18:15:00 - 28/08/2025 18:30:00","BZN|FR","Without Sequence","42.46","",""
"28/08/2025 18:30:00 - 28/08/2025 18:45:00","BZN|FR","Without Sequence","42.46","",""
"28/08/2025 18:45:00 - 28/08/2025 19:00:00","BZN|FR","Without Sequence","42.46","",""
"28/08/2025 19:00:00 - 28/08/2025 19:15:00","BZN|FR","Without Sequence","71.12","",""
"28/08/2025 19:15:00 - 28/08/2025 19:30:00","BZN|FR","Without Sequence","71.12","",""
"28/08/2025 19:30:00 - 28/08/2025 19:45:00","BZN|FR","Without Sequence","71.12","",""
"28/08/2025 19:45:00 - 28/08/2025 20:00:00","BZN|FR","Without Sequence","71.12","",""
"28/08/2025 20:00:00 - 28/08/2025 20:15:00","BZN|FR","Without Sequence","90.00","",""
"28/08/2025 20:15:00 - 28/08/2025 20:30:00","BZN|FR","Without Sequence","90.00","",""
"28/08/2025 20:30:00 - 28/08/2025 20:45:00","BZN|FR","Without Sequence","90.00","",""
"28/08/2025 20:45:00 - 28/08/2025 21:00:00","BZN|FR","Without Sequence","90.00","",""
"28/08/2025 21:00:00 - 28/08/2025 21:15:00","BZN|FR","Without Sequence","97.08","",""
"28/08/2025 21:15:00 - 28/08/2025 21:30:00","BZN|FR","Without Sequence","97.08","",""
"28/08/2025 21:30:00 - 28/08/2025 21:45:00","BZN|FR","Without Sequence","97.08","",""
"28/08/2025 21:45:00 - 28/08/2025 22:00:00","BZN|FR","Without Sequence","97.08","",""
"28/08/2025 22:00:00 - 28/08/2025 22:15:00","BZN|FR","Without Sequence","93.77","",""
"28/08/2025 22:15:00 - 28/08/2025 22:30:00","BZN|FR","Without Sequence","93.77","",""
"28/08/2025 22:30:00 - 28/08/2025 22:45:00","BZN|FR","Without Sequence","93.77","",""
"28/08/2025 22:45:00 - 28/08/2025 23:00:00","BZN|FR","Without Sequence","93.77","",""
"28/08/2025 23:00:00 - 28/08/2025 23:15:00","BZN|FR","Without Sequence","88.09","",""
"28/08/2025 23:15:00 - 28/08/2025 23:30:00","BZN|FR","Without Sequence","88.09","",""
"28/08/2025 23:30:00 - 28/08/2025 23:45:00","BZN|FR","Without Sequence","88.09","",""
"28/08/2025 23:45:00 - 29/08/2025 00:00:00","BZN|FR","Without Sequence","88.09","",""
"29/08/2025 00:00:00 - 29/08/2025 00:15:00","BZN|FR","Without Sequence","82.70","",""
"29/08/2025 00:15:00 - 29/08/2025 00:30:00","BZN|FR","Without Sequence","82.70","",""
"29/08/2025 00:30:00 - 29/08/2025 00:45:00","BZN|FR","Without Sequence","82.70","",""
"29/08/2025 00:45:00 - 29/08/2025 01:00:00","BZN|FR","Without Sequence","82.70","",""
"29/08/2025 01:00:00 - 29/08/2025 01:15:00","BZN|FR","Without Sequence","51.10","",""
"29/08/2025 01:15:00 - 29/08/2025 01:30:00","BZN|FR","Without Sequence","51.10","",""
"29/08/2025 01:30:00 - 29/08/2025 01:45:00","BZN|FR","Without Sequence","51.10","",""
"29/08/2025 01:45:00 - 29/08/2025 02:00:00","BZN|FR","Without Sequence","51.10","",""
"29/08/2025 02:00:00 - 29/08/2025 02:15:00","BZN|FR","Without Sequence","51.93","",""
"29/08/2025 02:15:00 - 29/08/2025 02:30:00","BZN|FR","Without Sequence","51.93","",""
"29/08/2025 02:30:00 - 29/08/2025 02:45:00","BZN|FR","Without Sequence","51.93","",""
"29/08/2025 02:45:00 - 29/08/2025 03:00:00","BZN|FR","Without Sequence","51.93","",""
"29/08/2025 03:00:00 - 29/08/2025 03:15:00","BZN|FR","Without Sequence","25.04","",""
"29/08/2025 03:15:00 - 29/08/2025 03:30:00","BZN|FR","Without Sequence","25.04","",""
"29/08/2025 03:30:00 - 29/08/2025 03:45:00","BZN|FR","Without Sequence","25.04","",""
"29/08/2025 03:45:00 - 29/08/2025 04:00:00","BZN|FR","Without Sequence","25.04","",""
"29/08/2025 04:00:00 - 29/08/2025 04:15:00","BZN|FR","Without Sequence","17.87","",""
"29/08/2025 04:15:00 - 29/08/2025 04:30:00","BZN|FR","Without Sequence","17.87","",""
"29/08/2025 04:30:00 - 29/08/2025 04:45:00","BZN|FR","Without Sequence","17.87","",""
"29/08/2025 04:45:00 - 29/08/2025 05:00:00","BZN|FR","Without Sequence","17.87","",""
"29/08/2025 05:00:00 - 29/08/2025 05:15:00","BZN|FR","Without Sequence","21.33","",""
"29/08/2025 05:15:00 - 29/08/2025 05:30:00","BZN|FR","Without Sequence","21.33","",""
"29/08/2025 05:30:00 - 29/08/2025 05:45:00","BZN|FR","Without Sequence","21.33","",""
"29/08/2025 05:45:00 - 29/08/2025 06:00:00","BZN|FR","Without Sequence","21.33","",""
"29/08/2025 06:00:00 - 29/08/2025 06:15:00","BZN|FR","Without Sequence","30.57","",""
"29/08/2025 06:15:00 - 29/08/2025 06:30:00","BZN|FR","Without Sequence","30.57","",""
"29/08/2025 06:30:00 - 29/08/2025 06:45:00","BZN|FR","Without Sequence","30.57","",""
"29/08/2025 06:45:00 - 29/08/2025 07:00:00","BZN|FR","Without Sequence","30.57","",""
"29/08/2025 07:00:00 - 29/08/2025 07:15:00","BZN|FR","Without Sequence","45.47","",""
"29/08/2025 07:15:00 - 29/08/2025 07:30:00","BZN|FR","Without Sequence","45.47","",""
"29/08/2025 07:30:00 - 29/08/2025 07:45:00","BZN|FR","Without Sequence","45.47","",""
"29/08/2025 07:45:00 - 29/08/2025 08:00:00","BZN|FR","Without Sequence","45.47","",""
"29/08/2025 08:00:00 - 29/08/2025 08:15:00","BZN|FR","Without Sequence","57.53","",""
"29/08/2025 08:15:00 - 29/08/2025 08:30:00","BZN|FR","Without Sequence","57.53","",""
"29/08/2025 08:30:00 - 29/08/2025 08:45:00","BZN|FR","Without Sequence","57.53","",""
"29/08/2025 08:45:00 - 29/08/2025 09:00:00","BZN|FR","Without Sequence","57.53","",""
"29/08/2025 09:00:00 - 29/08/2025 09:15:00","BZN|FR","Without Sequence","42.47","",""
"29/08/2025 09:15:00 - 29/08/2025 09:30:00","BZN|FR","Without Sequence","42.47","",""
"29/08/2025 09:30:00 - 29/08/2025 09:45:00","BZN|FR","Without Sequence","42.47","",""
"29/08/2025 09:45:00 - 29/08/2025 10:00:00","BZN|FR","Without Sequence","42.47","",""
"29/08/2025 10:00:00 - 29/08/2025 10:15:00","BZN|FR","Without Sequence","5.00","",""
"29/08/2025 10:15:00 - 29/08/2025 10:30:00","BZN|FR","Without Sequence","5.00","",""
"29/08/2025 10:30:00 - 29/08/2025 10:45:00","BZN|FR","Without Sequence","5.00","",""
"29/08/2025 10:45:00 - 29/08/2025 11:00:00","BZN|FR","Without Sequence","5.00","",""
"29/08/2025 11:00:00 - 29/08/2025 11:15:00","BZN|FR","Without Sequence","0.83","",""
"29/08/2025 11:15:00 - 29/08/2025 11:30:00","BZN|FR","Without Sequence","0.83","",""
"29/08/2025 11:30:00 - 29/08/2025 11:45:00","BZN|FR","Without Sequence","0.83","",""
"29/08/2025 11:45:00 - 29/08/2025 12:00:00","BZN|FR","Without Sequence","0.83","",""
"29/08/2025 12:00:00 - 29/08/2025 12:15:00","BZN|FR","Without Sequence","3.08","",""
"29/08/2025 12:15:00 - 29/08/2025 12:30:00","BZN|FR","Without Sequence","3.08","",""
"29/08/2025 12:30:00 - 29/08/2025 12:45:00","BZN|FR","Without Sequence","3.08","",""
"29/08/2025 12:45:00 - 29/08/2025 13:00:00","BZN|FR","Without Sequence","3.08","",""
"29/08/2025 13:00:00 - 29/08/2025 13:15:00","BZN|FR","Without Sequence","0.05","",""
"29/08/2025 13:15:00 - 29/08/2025 13:30:00","BZN|FR","Without Sequence","0.05","",""
"29/08/2025 13:30:00 - 29/08/2025 13:45:00","BZN|FR","Without Sequence","0.05","",""
"29/08/2025 13:45:00 - 29/08/2025 14:00:00","BZN|FR","Without Sequence","0.05","",""
"29/08/2025 14:00:00 - 29/08/2025 14:15:00","BZN|FR","Without Sequence","0.00","",""
"29/08/2025 14:15:00 - 29/08/2025 14:30:00","BZN|FR","Without Sequence","0.00","",""
"29/08/2025 14:30:00 - 29/08/2025 14:45:00","BZN|FR","Without Sequence","0.00","",""
"29/08/2025 14:45:00 - 29/08/2025 15:00:00","BZN|FR","Without Sequence","0.00","",""
"29/08/2025 15:00:00 - 29/08/2025 15:15:00","BZN|FR","Without Sequence","0.62","",""
"29/08/2025 15:15:00 - 29/08/2025 15:30:00","BZN|FR","Without Sequence","0.62","",""
"29/08/2025 15:30:00 - 29/08/2025 15:45:00","BZN|FR","Without Sequence","0.62","",""
"29/08/2025 15:45:00 - 29/08/2025 16:00:00","BZN|FR","Without Sequence","0.62","",""
"29/08/2025 16:00:00 - 29/08/2025 16:15:00","BZN|FR","Without Sequence","5.66","",""
"29/08/2025 16:15:00 - 29/08/2025 16:30:00","BZN|FR","Without Sequence","5.66","",""
"29/08/2025 16:30:00 - 29/08/2025 16:45:00","BZN|FR","Without Sequence","5.66","",""
"29/08/2025 16:45:00 - 29/08/2025 17:00:00","BZN|FR","Without Sequence","5.66","",""
"29/08/2025 17:00:00 - 29/08/2025 17:15:00","BZN|FR","Without Sequence","3.42","",""
"29/08/2025 17:15:00 - 29/08/2025 17:30:00","BZN|FR","Without Sequence","3.42","",""
"29/08/2025 17:30:00 - 29/08/2025 17:45:00","BZN|FR","Without Sequence","3.42","",""
"29/08/2025 17:45:00 - 29/08/2025 18:00:00","BZN|FR","Without Sequence","3.42","",""
"29/08/2025 18:00:00 - 29/08/2025 18:15:00","BZN|FR","Without Sequence","22.36","",""
"29/08/2025 18:15:00 - 29/08/2025 18:30:00","BZN|FR","Without Sequence","22.36","",""
"29/08/2025 18:30:00 - 29/08/2025 18:45:00","BZN|FR","Without Sequence","22.36","",""
"29/08/2025 18:45:00 - 29/08/2025 19:00:00","BZN|FR","Without Sequence","22.36","",""
"29/08/2025 19:00:00 - 29/08/2025 19:15:00","BZN|FR","Without Sequence","53.55","",""
"29/08/2025 19:15:00 - 29/08/2025 19:30:00","BZN|FR","Without Sequence","53.55","",""
"29/08/2025 19:30:00 - 29/08/2025 19:45:00","BZN|FR","Without Sequence","53.55","",""
"29/08/2025 19:45:00 - 29/08/2025 20:00:00","BZN|FR","Without Sequence","53.55","",""
"29/08/2025 20:00:00 - 29/08/2025 20:15:00","BZN|FR","Without Sequence","81.80","",""
"29/08/2025 20:15:00 - 29/08/2025 20:30:00","BZN|FR","Without Sequence","81.80","",""
"29/08/2025 20:30:00 - 29/08/2025 20:45:00","BZN|FR","Without Sequence","81.80","",""
"29/08/2025 20:45:00 - 29/08/2025 21:00:00","BZN|FR","Without Sequence","81.80","",""
"29/08/2025 21:00:00 - 29/08/2025 21:15:00","BZN|FR","Without Sequence","63.50","",""
"29/08/2025 21:15:00 - 29/08/2025 21:30:00","BZN|FR","Without Sequence","63.50","",""
"29/08/2025 21:30:00 - 29/08/2025 21:45:00","BZN|FR","Without Sequence","63.50","",""
"29/08/2025 21:45:00 - 29/08/2025 22:00:00","BZN|FR","Without Sequence","63.50","",""
"29/08/2025 22:00:00 - 29/08/2025 22:15:00","BZN|FR","Without Sequence","94.39","",""
"29/08/2025 22:15:00 - 29/08/2025 22:30:00","BZN|FR","Without Sequence","94.39","",""
"29/08/2025 22:30:00 - 29/08/2025 22:45:00","BZN|FR","Without Sequence","94.39","",""
"29/08/2025 22:45:00 - 29/08/2025 23:00:00","BZN|FR","Without Sequence","94.39","",""
"29/08/2025 23:00:00 - 29/08/2025 23:15:00","BZN|FR","Without Sequence","86.00","",""
"29/08/2025 23:15:00 - 29/08/2025 23:30:00","BZN|FR","Without Sequence","86.00","",""
"29/08/2025 23:30:00 - 29/08/2025 23:45:00","BZN|FR","Without Sequence","86.00","",""
"29/08/2025 23:45:00 - 30/08/2025 00:00:00","BZN|FR","Without Sequence","86.00","",""
"30/08/2025 00:00:00 - 30/08/2025 00:15:00","BZN|FR","Without Sequence","67.02","",""
"30/08/2025 00:15:00 - 30/08/2025 00:30:00","BZN|FR","Without Sequence","67.02","",""
"30/08/2025 00:30:00 - 30/08/2025 00:45:00","BZN|FR","Without Sequence","67.02","",""
"30/08/2025 00:45:00 - 30/08/2025 01:00:00","BZN|FR","Without Sequence","67.02","",""
"30/08/2025 01:00:00 - 30/08/2025 01:15:00","BZN|FR","Without Sequence","53.66","",""
"30/08/2025 01:15:00 - 30/08/2025 01:30:00","BZN|FR","Without Sequence","53.66","",""
"30/08/2025 01:30:00 - 30/08/2025 01:45:00","BZN|FR","Without Sequence","53.66","",""
"30/08/2025 01:45:00 - 30/08/2025 02:00:00","BZN|FR","Without Sequence","53.66","",""
"30/08/2025 02:00:00 - 30/08/2025 02:15:00","BZN|FR","Without Sequence","58.64","",""
"30/08/2025 02:15:00 - 30/08/2025 02:30:00","BZN|FR","Without Sequence","58.64","",""
"30/08/2025 02:30:00 - 30/08/2025 02:45:00","BZN|FR","Without Sequence","58.64","",""
"30/08/2025 02:45:00 - 30/08/2025 03:00:00","BZN|FR","Without Sequence","58.64","",""
"30/08/2025 03:00:00 - 30/08/2025 03:15:00","BZN|FR","Without Sequence","81.51","",""
"30/08/2025 03:15:00 - 30/08/2025 03:30:00","BZN|FR","Without Sequence","81.51","",""
"30/08/2025 03:30:00 - 30/08/2025 03:45:00","BZN|FR","Without Sequence","81.51","",""
"30/08/2025 03:45:00 - 30/08/2025 04:00:00","BZN|FR","Without Sequence","81.51","",""
"30/08/2025 04:00:00 - 30/08/2025 04:15:00","BZN|FR","Without Sequence","37.79","",""
"30/08/2025 04:15:00 - 30/08/2025 04:30:00","BZN|FR","Without Sequence","37.79","",""
"30/08/2025 04:30:00 - 30/08/2025 04:45:00","BZN|FR","Without Sequence","37.79","",""
"30/08/2025 04:45:00 - 30/08/2025 05:00:00","BZN|FR","Without Sequence","37.79","",""
"30/08/2025 05:00:00 - 30/08/2025 05:15:00","BZN|FR","Without Sequence","25.32","",""
"30/08/2025 05:15:00 - 30/08/2025 05:30:00","BZN|FR","Without Sequence","25.32","",""
"30/08/2025 05:30:00 - 30/08/2025 05:45:00","BZN|FR","Without Sequence","25.32","",""
"30/08/2025 05:45:00 - 30/08/2025 06:00:00","BZN|FR","Without Sequence","25.32","",""
"30/08/2025 06:00:00 - 30/08/2025 06:15:00","BZN|FR","Without Sequence","63.72","",""
"30/08/2025 06:15:00 - 30/08/2025 06:30:00","BZN|FR","Without Sequence","63.72","",""
"30/08/2025 06:30:00 - 30/08/2025 06:45:00","BZN|FR","Without Sequence","63.72","",""
"30/08/2025 06:45:00 - 30/08/2025 07:00:00","BZN|FR","Without Sequence","63.72","",""
"30/08/2025 07:00:00 - 30/08/2025 07:15:00","BZN|FR","Without Sequence","54.56","",""
"30/08/2025 07:15:00 - 30/08/2025 07:30:00","BZN|FR","Without Sequence","54.56","",""
"30/08/2025 07:30:00 - 30/08/2025 07:45:00","BZN|FR","Without Sequence","54.56","",""
"30/08/2025 07:45:00 - 30/08/2025 08:00:00","BZN|FR","Without Sequence","54.56","",""
"30/08/2025 08:00:00 - 30/08/2025 08:15:00","BZN|FR","Without Sequence","70.57","",""
"30/08/2025 08:15:00 - 30/08/2025 08:30:00","BZN|FR","Without Sequence","70.57","",""
"30/08/2025 08:30:00 - 30/08/2025 08:45:00","BZN|FR","Without Sequence","70.57","",""
"30/08/2025 08:45:00 - 30/08/2025 09:00:00","BZN|FR","Without Sequence","70.57","",""
"30/08/2025 09:00:00 - 30/08/2025 09:15:00","BZN|FR","Without Sequence","32.00","",""
"30/08/2025 09:15:00 - 30/08/2025 09:30:00","BZN|FR","Without Sequence","32.00","",""
"30/08/2025 09:30:00 - 30/08/2025 09:45:00","BZN|FR","Without Sequence","32.00","",""
"30/08/2025 09:45:00 - 30/08/2025 10:00:00","BZN|FR","Without Sequence","32.00","",""
"30/08/2025 10:00:00 - 30/08/2025 10:15:00","BZN|FR","Without Sequence","12.82","",""
"30/08/2025 10:15:00 - 30/08/2025 10:30:00","BZN|FR","Without Sequence","12.82","",""
"30/08/2025 10:30:00 - 30/08/2025 10:45:00","BZN|FR","Without Sequence","12.82","",""
"30/08/2025 10:45:00 - 30/08/2025 11:00:00","BZN|FR","Without Sequence","12.82","",""
"30/08/2025 11:00:00 - 30/08/2025 11:15:00","BZN|FR","Without Sequence","5.23","",""
"30/08/2025 11:15:00 - 30/08/2025 11:30:00","BZN|FR","Without Sequence","5.23","",""
"30/08/2025 11:30:00 - 30/08/2025 11:45:00","BZN|FR","Without Sequence","5.23","",""
"30/08/2025 11:45:00 - 30/08/2025 12:00:00","BZN|FR","Without Sequence","5.23","",""
"30/08/2025 12:00:00 - 30/08/2025 12:15:00","BZN|FR","Without Sequence","0.00","",""
"30/08/2025 12:15:00 - 30/08/2025 12:30:00","BZN|FR","Without Sequence","0.00","",""
"30/08/2025 12:30:00 - 30/08/2025 12:45:00","BZN|FR","Without Sequence","0.00","",""
"30/08/2025 12:45:00 - 30/08/2025 13:00:00","BZN|FR","Without Sequence","0.00","",""
"30/08/2025 13:00:00 - 30/08/2025 13:15:00","BZN|FR","Without Sequence","-0.01","",""
"30/08/2025 13:15:00 - 30/08/2025 13:30:00","BZN|FR","Without Sequence","-0.01","",""
"30/08/2025 13:30:00 - 30/08/2025 13:45:00","BZN|FR","Without Sequence","-0.01","",""
"30/08/2025 13:45:00 - 30/08/2025 14:00:00","BZN|FR","Without Sequence","-0.01","",""
"30/08/2025 14:00:00 - 30/08/2025 14:15:00","BZN|FR","Without Sequence","-0.01","",""
"30/08/2025 14:15:00 - 30/08/2025 14:30:00","BZN|FR","Without Sequence","-0.01","",""
"30/08/2025 14:30:00 - 30/08/2025 14:45:00","BZN|FR","Without Sequence","-0.01","",""
"30/08/2025 14:45:00 - 30/08/2025 15:00:00","BZN|FR","Without Sequence","-0.01","",""
"30/08/2025 15:00:00 - 30/08/2025 15:15:00","BZN|FR","Without Sequence","0.00","",""
"30/08/2025 15:15:00 - 30/08/2025 15:30:00","BZN|FR","Without Sequence","0.00","",""
"30/08/2025 15:30:00 - 30/08/2025 15:45:00","BZN|FR","Without Sequence","0.00","",""
"30/08/2025 15:45:00 - 30/08/2025 16:00:00","BZN|FR","Without Sequence","0.00","",""
"30/08/2025 16:00:00 - 30/08/2025 16:15:00","BZN|FR","Without Sequence","2.54","",""
"30/08/2025 16:15:00 - 30/08/2025 16:30:00","BZN|FR","Without Sequence","2.54","",""
"30/08/2025 16:30:00 - 30/08/2025 16:45:00","BZN|FR","Without Sequence","2.54","",""
"30/08/2025 16:45:00 - 30/08/2025 17:00:00","BZN|FR","Without Sequence","2.54","",""
"30/08/2025 17:00:00 - 30/08/2025 17:15:00","BZN|FR","Without Sequence","7.10","",""
"30/08/2025 17:15:00 - 30/08/2025 17:30:00","BZN|FR","Without Sequence","7.10","",""
"30/08/2025 17:30:00 - 30/08/2025 17:45:00","BZN|FR","Without Sequence","7.10","",""
"30/08/2025 17:45:00 - 30/08/2025 18:00:00","BZN|FR","Without Sequence","7.10","",""
"30/08/2025 18:00:00 - 30/08/2025 18:15:00","BZN|FR","Without Sequence","18.99","",""
"30/08/2025 18:15:00 - 30/08/2025 18:30:00","BZN|FR","Without Sequence","18.99","",""
"30/08/2025 18:30:00 - 30/08/2025 18:45:00","BZN|FR","Without Sequence","18.99","",""
"30/08/2025 18:45:00 - 30/08/2025 19:00:00","BZN|FR","Without Sequence","18.99","",""
"30/08/2025 19:00:00 - 30/08/2025 19:15:00","BZN|FR","Without Sequence","57.97","",""
"30/08/2025 19:15:00 - 30/08/2025 19:30:00","BZN|FR","Without Sequence","57.97","",""
"30/08/2025 19:30:00 - 30/08/2025 19:45:00","BZN|FR","Without Sequence","57.97","",""
"30/08/2025 19:45:00 - 30/08/2025 20:00:00","BZN|FR","Without Sequence","57.97","",""
"30/08/2025 20:00:00 - 30/08/2025 20:15:00","BZN|FR","Without Sequence","69.68","",""
"30/08/2025 20:15:00 - 30/08/2025 20:30:00","BZN|FR","Without Sequence","69.68","",""
"30/08/2025 20:30:00 - 30/08/2025 20:45:00","BZN|FR","Without Sequence","69.68","",""
"30/08/2025 20:45:00 - 30/08/2025 21:00:00","BZN|FR","Without Sequence","69.68","",""
"30/08/2025 21:00:00 - 30/08/2025 21:15:00","BZN|FR","Without Sequence","49.08","",""
"30/08/2025 21:15:00 - 30/08/2025 21:30:00","BZN|FR","Without Sequence","49.08","",""
"30/08/2025 21:30:00 - 30/08/2025 21:45:00","BZN|FR","Without Sequence","49.08","",""
"30/08/2025 21:45:00 - 30/08/2025 22:00:00","BZN|FR","Without Sequence","49.08","",""
"30/08/2025 22:00:00 - 30/08/2025 22:15:00","BZN|FR","Without Sequence","45.08","",""
"30/08/2025 22:15:00 - 30/08/2025 22:30:00","BZN|FR","Without Sequence","45.08","",""
"30/08/2025 22:30:00 - 30/08/2025 22:45:00","BZN|FR","Without Sequence","45.08","",""
"30/08/2025 22:45:00 - 30/08/2025 23:00:00","BZN|FR","Without Sequence","45.08","",""
"30/08/2025 23:00:00 - 30/08/2025 23:15:00","BZN|FR","Without Sequence","40.38","",""
"30/08/2025 23:15:00 - 30/08/2025 23:30:00","BZN|FR","Without Sequence","40.38","",""
"30/08/2025 23:30:00 - 30/08/2025 23:45:00","BZN|FR","Without Sequence","40.38","",""
"30/08/2025 23:45:00 - 31/08/2025 00:00:00","BZN|FR","Without Sequence","40.38","",""
"31/08/2025 00:00:00 - 31/08/2025 00:15:00","BZN|FR","Without Sequence","15.86","",""
"31/08/2025 00:15:00 - 31/08/2025 00:30:00","BZN|FR","Without Sequence","15.86","",""
"31/08/2025 00:30:00 - 31/08/2025 00:45:00","BZN|FR","Without Sequence","15.86","",""
"31/08/2025 00:45:00 - 31/08/2025 01:00:00","BZN|FR","Without Sequence","15.86","",""
"31/08/2025 01:00:00 - 31/08/2025 01:15:00","BZN|FR","Without Sequence","12.93","",""
"31/08/2025 01:15:00 - 31/08/2025 01:30:00","BZN|FR","Without Sequence","12.93","",""
"31/08/2025 01:30:00 - 31/08/2025 01:45:00","BZN|FR","Without Sequence","12.93","",""
"31/08/2025 01:45:00 - 31/08/2025 02:00:00","BZN|FR","Without Sequence","12.93","",""
"31/08/2025 02:00:00 - 31/08/2025 02:15:00","BZN|FR","Without Sequence","12.33","",""
"31/08/2025 02:15:00 - 31/08/2025 02:30:00","BZN|FR","Without Sequence","12.33","",""
"31/08/2025 02:30:00 - 31/08/2025 02:45:00","BZN|FR","Without Sequence","12.33","",""
"31/08/2025 02:45:00 - 31/08/2025 03:00:00","BZN|FR","Without Sequence","12.33","",""
"31/08/2025 03:00:00 - 31/08/2025 03:15:00","BZN|FR","Without Sequence","7.61","",""
"31/08/2025 03:15:00 - 31/08/2025 03:30:00","BZN|FR","Without Sequence","7.61","",""
"31/08/2025 03:30:00 - 31/08/2025 03:45:00","BZN|FR","Without Sequence","7.61","",""
"31/08/2025 03:45:00 - 31/08/2025 04:00:00","BZN|FR","Without Sequence","7.61","",""
"31/08/2025 04:00:00 - 31/08/2025 04:15:00","BZN|FR","Without Sequence","5.95","",""
"31/08/2025 04:15:00 - 31/08/2025 04:30:00","BZN|FR","Without Sequence","5.95","",""
"31/08/2025 04:30:00 - 31/08/2025 04:45:00","BZN|FR","Without Sequence","5.95","",""
"31/08/2025 04:45:00 - 31/08/2025 05:00:00","BZN|FR","Without Sequence","5.95","",""
"31/08/2025 05:00:00 - 31/08/2025 05:15:00","BZN|FR","Without Sequence","8.12","",""
"31/08/2025 05:15:00 - 31/08/2025 05:30:00","BZN|FR","Without Sequence","8.12","",""
"31/08/2025 05:30:00 - 31/08/2025 05:45:00","BZN|FR","Without Sequence","8.12","",""
"31/08/2025 05:45:00 - 31/08/2025 06:00:00","BZN|FR","Without Sequence","8.12","",""
"31/08/2025 06:00:00 - 31/08/2025 06:15:00","BZN|FR","Without Sequence","9.18","",""
"31/08/2025 06:15:00 - 31/08/2025 06:30:00","BZN|FR","Without Sequence","9.18","",""
"31/08/2025 06:30:00 - 31/08/2025 06:45:00","BZN|FR","Without Sequence","9.18","",""
"31/08/2025 06:45:00 - 31/08/2025 07:00:00","BZN|FR","Without Sequence","9.18","",""
"31/08/2025 07:00:00 - 31/08/2025 07:15:00","BZN|FR","Without Sequence","16.24","",""
"31/08/2025 07:15:00 - 31/08/2025 07:30:00","BZN|FR","Without Sequence","16.24","",""
"31/08/2025 07:30:00 - 31/08/2025 07:45:00","BZN|FR","Without Sequence","16.24","",""
"31/08/2025 07:45:00 - 31/08/2025 08:00:00","BZN|FR","Without Sequence","16.24","",""
"31/08/2025 08:00:00 - 31/08/2025 08:15:00","BZN|FR","Without Sequence","22.15","",""
"31/08/2025 08:15:00 - 31/08/2025 08:30:00","BZN|FR","Without Sequence","22.15","",""
"31/08/2025 08:30:00 - 31/08/2025 08:45:00","BZN|FR","Without Sequence","22.15","",""
"31/08/2025 08:45:00 - 31/08/2025 09:00:00","BZN|FR","Without Sequence","22.15","",""
"31/08/2025 09:00:00 - 31/08/2025 09:15:00","BZN|FR","Without Sequence","3.60","",""
"31/08/2025 09:15:00 - 31/08/2025 09:30:00","BZN|FR","Without Sequence","3.60","",""
"31/08/2025 09:30:00 - 31/08/2025 09:45:00","BZN|FR","Without Sequence","3.60","",""
"31/08/2025 09:45:00 - 31/08/2025 10:00:00","BZN|FR","Without Sequence","3.60","",""
"31/08/2025 10:00:00 - 31/08/2025 10:15:00","BZN|FR","Without Sequence","0.00","",""
"31/08/2025 10:15:00 - 31/08/2025 10:30:00","BZN|FR","Without Sequence","0.00","",""
"31/08/2025 10:30:00 - 31/08/2025 10:45:00","BZN|FR","Without Sequence","0.00","",""
"31/08/2025 10:45:00 - 31/08/2025 11:00:00","BZN|FR","Without Sequence","0.00","",""
"31/08/2025 11:00:00 - 31/08/2025 11:15:00","BZN|FR","Without Sequence","-0.01","",""
"31/08/2025 11:15:00 - 31/08/2025 11:30:00","BZN|FR","Without Sequence","-0.01","",""
"31/08/2025 11:30:00 - 31/08/2025 11:45:00","BZN|FR","Without Sequence","-0.01","",""
"31/08/2025 11:45:00 - 31/08/2025 12:00:00","BZN|FR","Without Sequence","-0.01","",""
"31/08/2025 12:00:00 - 31/08/2025 12:15:00","BZN|FR","Without Sequence","-0.08","",""
"31/08/2025 12:15:00 - 31/08/2025 12:30:00","BZN|FR","Without Sequence","-0.08","",""
"31/08/2025 12:30:00 - 31/08/2025 12:45:00","BZN|FR","Without Sequence","-0.08","",""
"31/08/2025 12:45:00 - 31/08/2025 13:00:00","BZN|FR","Without Sequence","-0.08","",""
"31/08/2025 13:00:00 - 31/08/2025 13:15:00","BZN|FR","Without Sequence","-0.95","",""
"31/08/2025 13:15:00 - 31/08/2025 13:30:00","BZN|FR","Without Sequence","-0.95","",""
"31/08/2025 13:30:00 - 31/08/2025 13:45:00","BZN|FR","Without Sequence","-0.95","",""
"31/08/2025 13:45:00 - 31/08/2025 14:00:00","BZN|FR","Without Sequence","-0.95","",""
"31/08/2025 14:00:00 - 31/08/2025 14:15:00","BZN|FR","Without Sequence","-0.60","",""
"31/08/2025 14:15:00 - 31/08/2025 14:30:00","BZN|FR","Without Sequence","-0.60","",""
"31/08/2025 14:30:00 - 31/08/2025 14:45:00","BZN|FR","Without Sequence","-0.60","",""
"31/08/2025 14:45:00 - 31/08/2025 15:00:00","BZN|FR","Without Sequence","-0.60","",""
"31/08/2025 15:00:00 - 31/08/2025 15:15:00","BZN|FR","Without Sequence","-0.01","",""
"31/08/2025 15:15:00 - 31/08/2025 15:30:00","BZN|FR","Without Sequence","-0.01","",""
"31/08/2025 15:30:00 - 31/08/2025 15:45:00","BZN|FR","Without Sequence","-0.01","",""
"31/08/2025 15:45:00 - 31/08/2025 16:00:00","BZN|FR","Without Sequence","-0.01","",""
"31/08/2025 16:00:00 - 31/08/2025 16:15:00","BZN|FR","Without Sequence","4.22","",""
"31/08/2025 16:15:00 - 31/08/2025 16:30:00","BZN|FR","Without Sequence","4.22","",""
"31/08/2025 16:30:00 - 31/08/2025 16:45:00","BZN|FR","Without Sequence","4.22","",""
"31/08/2025 16:45:00 - 31/08/2025 17:00:00","BZN|FR","Without Sequence","4.22","",""
"31/08/2025 17:00:00 - 31/08/2025 17:15:00","BZN|FR","Without Sequence","4.96","",""
"31/08/2025 17:15:00 - 31/08/2025 17:30:00","BZN|FR","Without Sequence","4.96","",""
"31/08/2025 17:30:00 - 31/08/2025 17:45:00","BZN|FR","Without Sequence","4.96","",""
"31/08/2025 17:45:00 - 31/08/2025 18:00:00","BZN|FR","Without Sequence","4.96","",""
"31/08/2025 18:00:00 - 31/08/2025 18:15:00","BZN|FR","Without Sequence","17.53","",""
"31/08/2025 18:15:00 - 31/08/2025 18:30:00","BZN|FR","Without Sequence","17.53","",""
"31/08/2025 18:30:00 - 31/08/2025 18:45:00","BZN|FR","Without Sequence","17.53","",""
"31/08/2025 18:45:00 - 31/08/2025 19:00:00","BZN|FR","Without Sequence","17.53","",""
"31/08/2025 19:00:00 - 31/08/2025 19:15:00","BZN|FR","Without Sequence","47.15","",""
"31/08/2025 19:15:00 - 31/08/2025 19:30:00","BZN|FR","Without Sequence","47.15","",""
"31/08/2025 19:30:00 - 31/08/2025 19:45:00","BZN|FR","Without Sequence","47.15","",""
"31/08/2025 19:45:00 - 31/08/2025 20:00:00","BZN|FR","Without Sequence","47.15","",""
"31/08/2025 20:00:00 - 31/08/2025 20:15:00","BZN|FR","Without Sequence","59.55","",""
"31/08/2025 20:15:00 - 31/08/2025 20:30:00","BZN|FR","Without Sequence","59.55","",""
"31/08/2025 20:30:00 - 31/08/2025 20:45:00","BZN|FR","Without Sequence","59.55","",""
"31/08/2025 20:45:00 - 31/08/2025 21:00:00","BZN|FR","Without Sequence","59.55","",""
"31/08/2025 21:00:00 - 31/08/2025 21:15:00","BZN|FR","Without Sequence","73.88","",""
"31/08/2025 21:15:00 - 31/08/2025 21:30:00","BZN|FR","Without Sequence","73.88","",""
"31/08/2025 21:30:00 - 31/08/2025 21:45:00","BZN|FR","Without Sequence","73.88","",""
"31/08/2025 21:45:00 - 31/08/2025 22:00:00","BZN|FR","Without Sequence","73.88","",""
"31/08/2025 22:00:00 - 31/08/2025 22:15:00","BZN|FR","Without Sequence","71.40","",""
"31/08/2025 22:15:00 - 31/08/2025 22:30:00","BZN|FR","Without Sequence","71.40","",""
"31/08/2025 22:30:00 - 31/08/2025 22:45:00","BZN|FR","Without Sequence","71.40","",""
"31/08/2025 22:45:00 - 31/08/2025 23:00:00","BZN|FR","Without Sequence","71.40","",""
"31/08/2025 23:00:00 - 31/08/2025 23:15:00","BZN|FR","Without Sequence","62.00","",""
"31/08/2025 23:15:00 - 31/08/2025 23:30:00","BZN|FR","Without Sequence","62.00","",""
"31/08/2025 23:30:00 - 31/08/2025 23:45:00","BZN|FR","Without Sequence","62.00","",""
"31/08/2025 23:45:00 - 01/09/2025 00:00:00","BZN|FR","Without Sequence","62.00","",""
"01/09/2025 00:00:00 - 01/09/2025 00:15:00","BZN|FR","Without Sequence","35.79","",""
"01/09/2025 00:15:00 - 01/09/2025 00:30:00","BZN|FR","Without Sequence","35.79","",""
"01/09/2025 00:30:00 - 01/09/2025 00:45:00","BZN|FR","Without Sequence","35.79","",""
"01/09/2025 00:45:00 - 01/09/2025 01:00:00","BZN|FR","Without Sequence","35.79","",""
"01/09/2025 01:00:00 - 01/09/2025 01:15:00","BZN|FR","Without Sequence","18.07","",""
"01/09/2025 01:15:00 - 01/09/2025 01:30:00","BZN|FR","Without Sequence","18.07","",""
"01/09/2025 01:30:00 - 01/09/2025 01:45:00","BZN|FR","Without Sequence","18.07","",""
"01/09/2025 01:45:00 - 01/09/2025 02:00:00","BZN|FR","Without Sequence","18.07","",""
"01/09/2025 02:00:00 - 01/09/2025 02:15:00","BZN|FR","Without Sequence","22.34","",""
"01/09/2025 02:15:00 - 01/09/2025 02:30:00","BZN|FR","Without Sequence","22.34","",""
"01/09/2025 02:30:00 - 01/09/2025 02:45:00","BZN|FR","Without Sequence","22.34","",""
"01/09/2025 02:45:00 - 01/09/2025 03:00:00","BZN|FR","Without Sequence","22.34","",""
"01/09/2025 03:00:00 - 01/09/2025 03:15:00","BZN|FR","Without Sequence","17.64","",""
"01/09/2025 03:15:00 - 01/09/2025 03:30:00","BZN|FR","Without Sequence","17.64","",""
"01/09/2025 03:30:00 - 01/09/2025 03:45:00","BZN|FR","Without Sequence","17.64","",""
"01/09/2025 03:45:00 - 01/09/2025 04:00:00","BZN|FR","Without Sequence","17.64","",""
"01/09/2025 04:00:00 - 01/09/2025 04:15:00","BZN|FR","Without Sequence","15.00","",""
"01/09/2025 04:15:00 - 01/09/2025 04:30:00","BZN|FR","Without Sequence","15.00","",""
"01/09/2025 04:30:00 - 01/09/2025 04:45:00","BZN|FR","Without Sequence","15.00","",""
"01/09/2025 04:45:00 - 01/09/2025 05:00:00","BZN|FR","Without Sequence","15.00","",""
"01/09/2025 05:00:00 - 01/09/2025 05:15:00","BZN|FR","Without Sequence","25.21","",""
"01/09/2025 05:15:00 - 01/09/2025 05:30:00","BZN|FR","Without Sequence","25.21","",""
"01/09/2025 05:30:00 - 01/09/2025 05:45:00","BZN|FR","Without Sequence","25.21","",""
"01/09/2025 05:45:00 - 01/09/2025 06:00:00","BZN|FR","Without Sequence","25.21","",""
"01/09/2025 06:00:00 - 01/09/2025 06:15:00","BZN|FR","Without Sequence","33.23","",""
"01/09/2025 06:15:00 - 01/09/2025 06:30:00","BZN|FR","Without Sequence","33.23","",""
"01/09/2025 06:30:00 - 01/09/2025 06:45:00","BZN|FR","Without Sequence","33.23","",""
"01/09/2025 06:45:00 - 01/09/2025 07:00:00","BZN|FR","Without Sequence","33.23","",""
"01/09/2025 07:00:00 - 01/09/2025 07:15:00","BZN|FR","Without Sequence","53.18","",""
"01/09/2025 07:15:00 - 01/09/2025 07:30:00","BZN|FR","Without Sequence","53.18","",""
"01/09/2025 07:30:00 - 01/09/2025 07:45:00","BZN|FR","Without Sequence","53.18","",""
"01/09/2025 07:45:00 - 01/09/2025 08:00:00","BZN|FR","Without Sequence","53.18","",""
"01/09/2025 08:00:00 - 01/09/2025 08:15:00","BZN|FR","Without Sequence","64.00","",""
"01/09/2025 08:15:00 - 01/09/2025 08:30:00","BZN|FR","Without Sequence","64.00","",""
"01/09/2025 08:30:00 - 01/09/2025 08:45:00","BZN|FR","Without Sequence","64.00","",""
"01/09/2025 08:45:00 - 01/09/2025 09:00:00","BZN|FR","Without Sequence","64.00","",""
"01/09/2025 09:00:00 - 01/09/2025 09:15:00","BZN|FR","Without Sequence","35.79","",""
"01/09/2025 09:15:00 - 01/09/2025 09:30:00","BZN|FR","Without Sequence","35.79","",""
"01/09/2025 09:30:00 - 01/09/2025 09:45:00","BZN|FR","Without Sequence","35.79","",""
"01/09/2025 09:45:00 - 01/09/2025 10:00:00","BZN|FR","Without Sequence","35.79","",""
"01/09/2025 10:00:00 - 01/09/2025 10:15:00","BZN|FR","Without Sequence","14.03","",""
"01/09/2025 10:15:00 - 01/09/2025 10:30:00","BZN|FR","Without Sequence","14.03","",""
"01/09/2025 10:30:00 - 01/09/2025 10:45:00","BZN|FR","Without Sequence","14.03","",""
"01/09/2025 10:45:00 - 01/09/2025 11:00:00","BZN|FR","Without Sequence","14.03","",""
"01/09/2025 11:00:00 - 01/09/2025 11:15:00","BZN|FR","Without Sequence","16.64","",""
"01/09/2025 11:15:00 - 01/09/2025 11:30:00","BZN|FR","Without Sequence","16.64","",""
"01/09/2025 11:30:00 - 01/09/2025 11:45:00","BZN|FR","Without Sequence","16.64","",""
"01/09/2025 11:45:00 - 01/09/2025 12:00:00","BZN|FR","Without Sequence","16.64","",""
"01/09/2025 12:00:00 - 01/09/2025 12:15:00","BZN|FR","Without Sequence","13.73","",""
"01/09/2025 12:15:00 - 01/09/2025 12:30:00","BZN|FR","Without Sequence","13.73","",""
"01/09/2025 12:30:00 - 01/09/2025 12:45:00","BZN|FR","Without Sequence","13.73","",""
"01/09/2025 12:45:00 - 01/09/2025 13:00:00","BZN|FR","Without Sequence","13.73","",""
"01/09/2025 13:00:00 - 01/09/2025 13:15:00","BZN|FR","Without Sequence","6.07","",""
"01/09/2025 13:15:00 - 01/09/2025 13:30:00","BZN|FR","Without Sequence","6.07","",""
"01/09/2025 13:30:00 - 01/09/2025 13:45:00","BZN|FR","Without Sequence","6.07","",""
"01/09/2025 13:45:00 - 01/09/2025 14:00:00","BZN|FR","Without Sequence","6.07","",""
"01/09/2025 14:00:00 - 01/09/2025 14:15:00","BZN|FR","Without Sequence","0.00","",""
"01/09/2025 14:15:00 - 01/09/2025 14:30:00","BZN|FR","Without Sequence","0.00","",""
"01/09/2025 14:30:00 - 01/09/2025 14:45:00","BZN|FR","Without Sequence","0.00","",""
"01/09/2025 14:45:00 - 01/09/2025 15:00:00","BZN|FR","Without Sequence","0.00","",""
"01/09/2025 15:00:00 - 01/09/2025 15:15:00","BZN|FR","Without Sequence","4.65","",""
"01/09/2025 15:15:00 - 01/09/2025 15:30:00","BZN|FR","Without Sequence","4.65","",""
"01/09/2025 15:30:00 - 01/09/2025 15:45:00","BZN|FR","Without Sequence","4.65","",""
"01/09/2025 15:45:00 - 01/09/2025 16:00:00","BZN|FR","Without Sequence","4.65","",""
"01/09/2025 16:00:00 - 01/09/2025 16:15:00","BZN|FR","Without Sequence","8.13","",""
"01/09/2025 16:15:00 - 01/09/2025 16:30:00","BZN|FR","Without Sequence","8.13","",""
"01/09/2025 16:30:00 - 01/09/2025 16:45:00","BZN|FR","Without Sequence","8.13","",""
"01/09/2025 16:45:00 - 01/09/2025 17:00:00","BZN|FR","Without Sequence","8.13","",""
"01/09/2025 17:00:00 - 01/09/2025 17:15:00","BZN|FR","Without Sequence","14.08","",""
"01/09/2025 17:15:00 - 01/09/2025 17:30:00","BZN|FR","Without Sequence","14.08","",""
"01/09/2025 17:30:00 - 01/09/2025 17:45:00","BZN|FR","Without Sequence","14.08","",""
"01/09/2025 17:45:00 - 01/09/2025 18:00:00","BZN|FR","Without Sequence","14.08","",""
"01/09/2025 18:00:00 - 01/09/2025 18:15:00","BZN|FR","Without Sequence","23.08","",""
"01/09/2025 18:15:00 - 01/09/2025 18:30:00","BZN|FR","Without Sequence","23.08","",""
"01/09/2025 18:30:00 - 01/09/2025 18:45:00","BZN|FR","Without Sequence","23.08","",""
"01/09/2025 18:45:00 - 01/09/2025 19:00:00","BZN|FR","Without Sequence","23.08","",""
"01/09/2025 19:00:00 - 01/09/2025 19:15:00","BZN|FR","Without Sequence","55.00","",""
"01/09/2025 19:15:00 - 01/09/2025 19:30:00","BZN|FR","Without Sequence","55.00","",""
"01/09/2025 19:30:00 - 01/09/2025 19:45:00","BZN|FR","Without Sequence","55.00","",""
"01/09/2025 19:45:00 - 01/09/2025 20:00:00","BZN|FR","Without Sequence","55.00","",""
"01/09/2025 20:00:00 - 01/09/2025 20:15:00","BZN|FR","Without Sequence","80.00","",""
"01/09/2025 20:15:00 - 01/09/2025 20:30:00","BZN|FR","Without Sequence","80.00","",""
"01/09/2025 20:30:00 - 01/09/2025 20:45:00","BZN|FR","Without Sequence","80.00","",""
"01/09/2025 20:45:00 - 01/09/2025 21:00:00","BZN|FR","Without Sequence","80.00","",""
"01/09/2025 21:00:00 - 01/09/2025 21:15:00","BZN|FR","Without Sequence","84.24","",""
"01/09/2025 21:15:00 - 01/09/2025 21:30:00","BZN|FR","Without Sequence","84.24","",""
"01/09/2025 21:30:00 - 01/09/2025 21:45:00","BZN|FR","Without Sequence","84.24","",""
"01/09/2025 21:45:00 - 01/09/2025 22:00:00","BZN|FR","Without Sequence","84.24","",""
"01/09/2025 22:00:00 - 01/09/2025 22:15:00","BZN|FR","Without Sequence","84.74","",""
"01/09/2025 22:15:00 - 01/09/2025 22:30:00","BZN|FR","Without Sequence","84.74","",""
"01/09/2025 22:30:00 - 01/09/2025 22:45:00","BZN|FR","Without Sequence","84.74","",""
"01/09/2025 22:45:00 - 01/09/2025 23:00:00","BZN|FR","Without Sequence","84.74","",""
"01/09/2025 23:00:00 - 01/09/2025 23:15:00","BZN|FR","Without Sequence","78.50","",""
"01/09/2025 23:15:00 - 01/09/2025 23:30:00","BZN|FR","Without Sequence","78.50","",""
"01/09/2025 23:30:00 - 01/09/2025 23:45:00","BZN|FR","Without Sequence","78.50","",""
"01/09/2025 23:45:00 - 02/09/2025 00:00:00","BZN|FR","Without Sequence","78.50","",""
"02/09/2025 00:00:00 - 02/09/2025 00:15:00","BZN|FR","Without Sequence","33.61","",""
"02/09/2025 00:15:00 - 02/09/2025 00:30:00","BZN|FR","Without Sequence","33.61","",""
"02/09/2025 00:30:00 - 02/09/2025 00:45:00","BZN|FR","Without Sequence","33.61","",""
"02/09/2025 00:45:00 - 02/09/2025 01:00:00","BZN|FR","Without Sequence","33.61","",""
"02/09/2025 01:00:00 - 02/09/2025 01:15:00","BZN|FR","Without Sequence","36.79","",""
"02/09/2025 01:15:00 - 02/09/2025 01:30:00","BZN|FR","Without Sequence","36.79","",""
"02/09/2025 01:30:00 - 02/09/2025 01:45:00","BZN|FR","Without Sequence","36.79","",""
"02/09/2025 01:45:00 - 02/09/2025 02:00:00","BZN|FR","Without Sequence","36.79","",""
"02/09/2025 02:00:00 - 02/09/2025 02:15:00","BZN|FR","Without Sequence","52.57","",""
"02/09/2025 02:15:00 - 02/09/2025 02:30:00","BZN|FR","Without Sequence","52.57","",""
"02/09/2025 02:30:00 - 02/09/2025 02:45:00","BZN|FR","Without Sequence","52.57","",""
"02/09/2025 02:45:00 - 02/09/2025 03:00:00","BZN|FR","Without Sequence","52.57","",""
"02/09/2025 03:00:00 - 02/09/2025 03:15:00","BZN|FR","Without Sequence","40.16","",""
"02/09/2025 03:15:00 - 02/09/2025 03:30:00","BZN|FR","Without Sequence","40.16","",""
"02/09/2025 03:30:00 - 02/09/2025 03:45:00","BZN|FR","Without Sequence","40.16","",""
"02/09/2025 03:45:00 - 02/09/2025 04:00:00","BZN|FR","Without Sequence","40.16","",""
"02/09/2025 04:00:00 - 02/09/2025 04:15:00","BZN|FR","Without Sequence","42.55","",""
"02/09/2025 04:15:00 - 02/09/2025 04:30:00","BZN|FR","Without Sequence","42.55","",""
"02/09/2025 04:30:00 - 02/09/2025 04:45:00","BZN|FR","Without Sequence","42.55","",""
"02/09/2025 04:45:00 - 02/09/2025 05:00:00","BZN|FR","Without Sequence","42.55","",""
"02/09/2025 05:00:00 - 02/09/2025 05:15:00","BZN|FR","Without Sequence","12.47","",""
"02/09/2025 05:15:00 - 02/09/2025 05:30:00","BZN|FR","Without Sequence","12.47","",""
"02/09/2025 05:30:00 - 02/09/2025 05:45:00","BZN|FR","Without Sequence","12.47","",""
"02/09/2025 05:45:00 - 02/09/2025 06:00:00","BZN|FR","Without Sequence","12.47","",""
"02/09/2025 06:00:00 - 02/09/2025 06:15:00","BZN|FR","Without Sequence","33.44","",""
"02/09/2025 06:15:00 - 02/09/2025 06:30:00","BZN|FR","Without Sequence","33.44","",""
"02/09/2025 06:30:00 - 02/09/2025 06:45:00","BZN|FR","Without Sequence","33.44","",""
"02/09/2025 06:45:00 - 02/09/2025 07:00:00","BZN|FR","Without Sequence","33.44","",""
"02/09/2025 07:00:00 - 02/09/2025 07:15:00","BZN|FR","Without Sequence","34.28","",""
"02/09/2025 07:15:00 - 02/09/2025 07:30:00","BZN|FR","Without Sequence","34.28","",""
"02/09/2025 07:30:00 - 02/09/2025 07:45:00","BZN|FR","Without Sequence","34.28","",""
"02/09/2025 07:45:00 - 02/09/2025 08:00:00","BZN|FR","Without Sequence","34.28","",""
"02/09/2025 08:00:00 - 02/09/2025 08:15:00","BZN|FR","Without Sequence","34.80","",""
"02/09/2025 08:15:00 - 02/09/2025 08:30:00","BZN|FR","Without Sequence","34.80","",""
"02/09/2025 08:30:00 - 02/09/2025 08:45:00","BZN|FR","Without Sequence","34.80","",""
"02/09/2025 08:45:00 - 02/09/2025 09:00:00","BZN|FR","Without Sequence","34.80","",""
"02/09/2025 09:00:00 - 02/09/2025 09:15:00","BZN|FR","Without Sequence","39.00","",""
"02/09/2025 09:15:00 - 02/09/2025 09:30:00","BZN|FR","Without Sequence","39.00","",""
"02/09/2025 09:30:00 - 02/09/2025 09:45:00","BZN|FR","Without Sequence","39.00","",""
"02/09/2025 09:45:00 - 02/09/2025 10:00:00","BZN|FR","Without Sequence","39.00","",""
"02/09/2025 10:00:00 - 02/09/2025 10:15:00","BZN|FR","Without Sequence","7.96","",""
"02/09/2025 10:15:00 - 02/09/2025 10:30:00","BZN|FR","Without Sequence","7.96","",""
"02/09/2025 10:30:00 - 02/09/2025 10:45:00","BZN|FR","Without Sequence","7.96","",""
"02/09/2025 10:45:00 - 02/09/2025 11:00:00","BZN|FR","Without Sequence","7.96","",""
"02/09/2025 11:00:00 - 02/09/2025 11:15:00","BZN|FR","Without Sequence","1.20","",""
"02/09/2025 11:15:00 - 02/09/2025 11:30:00","BZN|FR","Without Sequence","1.20","",""
"02/09/2025 11:30:00 - 02/09/2025 11:45:00","BZN|FR","Without Sequence","1.20","",""
"02/09/2025 11:45:00 - 02/09/2025 12:00:00","BZN|FR","Without Sequence","1.20","",""
"02/09/2025 12:00:00 - 02/09/2025 12:15:00","BZN|FR","Without Sequence","1.50","",""
"02/09/2025 12:15:00 - 02/09/2025 12:30:00","BZN|FR","Without Sequence","1.50","",""
"02/09/2025 12:30:00 - 02/09/2025 12:45:00","BZN|FR","Without Sequence","1.50","",""
"02/09/2025 12:45:00 - 02/09/2025 13:00:00","BZN|FR","Without Sequence","1.50","",""
"02/09/2025 13:00:00 - 02/09/2025 13:15:00","BZN|FR","Without Sequence","0.65","",""
"02/09/2025 13:15:00 - 02/09/2025 13:30:00","BZN|FR","Without Sequence","0.65","",""
"02/09/2025 13:30:00 - 02/09/2025 13:45:00","BZN|FR","Without Sequence","0.65","",""
"02/09/2025 13:45:00 - 02/09/2025 14:00:00","BZN|FR","Without Sequence","0.65","",""
"02/09/2025 14:00:00 - 02/09/2025 14:15:00","BZN|FR","Without Sequence","0.21","",""
"02/09/2025 14:15:00 - 02/09/2025 14:30:00","BZN|FR","Without Sequence","0.21","",""
"02/09/2025 14:30:00 - 02/09/2025 14:45:00","BZN|FR","Without Sequence","0.21","",""
"02/09/2025 14:45:00 - 02/09/2025 15:00:00","BZN|FR","Without Sequence","0.21","",""
"02/09/2025 15:00:00 - 02/09/2025 15:15:00","BZN|FR","Without Sequence","1.50","",""
"02/09/2025 15:15:00 - 02/09/2025 15:30:00","BZN|FR","Without Sequence","1.50","",""
"02/09/2025 15:30:00 - 02/09/2025 15:45:00","BZN|FR","Without Sequence","1.50","",""
"02/09/2025 15:45:00 - 02/09/2025 16:00:00","BZN|FR","Without Sequence","1.50","",""
"02/09/2025 16:00:00 - 02/09/2025 16:15:00","BZN|FR","Without Sequence","8.21","",""
"02/09/2025 16:15:00 - 02/09/2025 16:30:00","BZN|FR","Without Sequence","8.21","",""
"02/09/2025 16:30:00 - 02/09/2025 16:45:00","BZN|FR","Without Sequence","8.21","",""
"02/09/2025 16:45:00 - 02/09/2025 17:00:00","BZN|FR","Without Sequence","8.21","",""
"02/09/2025 17:00:00 - 02/09/2025 17:15:00","BZN|FR","Without Sequence","14.00","",""
"02/09/2025 17:15:00 - 02/09/2025 17:30:00","BZN|FR","Without Sequence","14.00","",""
"02/09/2025 17:30:00 - 02/09/2025 17:45:00","BZN|FR","Without Sequence","14.00","",""
"02/09/2025 17:45:00 - 02/09/2025 18:00:00","BZN|FR","Without Sequence","14.00","",""
"02/09/2025 18:00:00 - 02/09/2025 18:15:00","BZN|FR","Without Sequence","32.89","",""
"02/09/2025 18:15:00 - 02/09/2025 18:30:00","BZN|FR","Without Sequence","32.89","",""
"02/09/2025 18:30:00 - 02/09/2025 18:45:00","BZN|FR","Without Sequence","32.89","",""
"02/09/2025 18:45:00 - 02/09/2025 19:00:00","BZN|FR","Without Sequence","32.89","",""
"02/09/2025 19:00:00 - 02/09/2025 19:15:00","BZN|FR","Without Sequence","84.00","",""
"02/09/2025 19:15:00 - 02/09/2025 19:30:00","BZN|FR","Without Sequence","84.00","",""
"02/09/2025 19:30:00 - 02/09/2025 19:45:00","BZN|FR","Without Sequence","84.00","",""
"02/09/2025 19:45:00 - 02/09/2025 20:00:00","BZN|FR","Without Sequence","84.00","",""
"02/09/2025 20:00:00 - 02/09/2025 20:15:00","BZN|FR","Without Sequence","53.46","",""
"02/09/2025 20:15:00 - 02/09/2025 20:30:00","BZN|FR","Without Sequence","53.46","",""
"02/09/2025 20:30:00 - 02/09/2025 20:45:00","BZN|FR","Without Sequence","53.46","",""
"02/09/2025 20:45:00 - 02/09/2025 21:00:00","BZN|FR","Without Sequence","53.46","",""
"02/09/2025 21:00:00 - 02/09/2025 21:15:00","BZN|FR","Without Sequence","34.98","",""
"02/09/2025 21:15:00 - 02/09/2025 21:30:00","BZN|FR","Without Sequence","34.98","",""
"02/09/2025 21:30:00 - 02/09/2025 21:45:00","BZN|FR","Without Sequence","34.98","",""
"02/09/2025 21:45:00 - 02/09/2025 22:00:00","BZN|FR","Without Sequence","34.98","",""
"02/09/2025 22:00:00 - 02/09/2025 22:15:00","BZN|FR","Without Sequence","42.89","",""
"02/09/2025 22:15:00 - 02/09/2025 22:30:00","BZN|FR","Without Sequence","42.89","",""
"02/09/2025 22:30:00 - 02/09/2025 22:45:00","BZN|FR","Without Sequence","42.89","",""
"02/09/2025 22:45:00 - 02/09/2025 23:00:00","BZN|FR","Without Sequence","42.89","",""
"02/09/2025 23:00:00 - 02/09/2025 23:15:00","BZN|FR","Without Sequence","31.06","",""
"02/09/2025 23:15:00 - 02/09/2025 23:30:00","BZN|FR","Without Sequence","31.06","",""
"02/09/2025 23:30:00 - 02/09/2025 23:45:00","BZN|FR","Without Sequence","31.06","",""
"02/09/2025 23:45:00 - 03/09/2025 00:00:00","BZN|FR","Without Sequence","31.06","",""
"03/09/2025 00:00:00 - 03/09/2025 00:15:00","BZN|FR","Without Sequence","17.44","",""
"03/09/2025 00:15:00 - 03/09/2025 00:30:00","BZN|FR","Without Sequence","17.44","",""
"03/09/2025 00:30:00 - 03/09/2025 00:45:00","BZN|FR","Without Sequence","17.44","",""
"03/09/2025 00:45:00 - 03/09/2025 01:00:00","BZN|FR","Without Sequence","17.44","",""
"03/09/2025 01:00:00 - 03/09/2025 01:15:00","BZN|FR","Without Sequence","15.65","",""
"03/09/2025 01:15:00 - 03/09/2025 01:30:00","BZN|FR","Without Sequence","15.65","",""
"03/09/2025 01:30:00 - 03/09/2025 01:45:00","BZN|FR","Without Sequence","15.65","",""
"03/09/2025 01:45:00 - 03/09/2025 02:00:00","BZN|FR","Without Sequence","15.65","",""
"03/09/2025 02:00:00 - 03/09/2025 02:15:00","BZN|FR","Without Sequence","10.86","",""
"03/09/2025 02:15:00 - 03/09/2025 02:30:00","BZN|FR","Without Sequence","10.86","",""
"03/09/2025 02:30:00 - 03/09/2025 02:45:00","BZN|FR","Without Sequence","10.86","",""
"03/09/2025 02:45:00 - 03/09/2025 03:00:00","BZN|FR","Without Sequence","10.86","",""
"03/09/2025 03:00:00 - 03/09/2025 03:15:00","BZN|FR","Without Sequence","8.46","",""
"03/09/2025 03:15:00 - 03/09/2025 03:30:00","BZN|FR","Without Sequence","8.46","",""
"03/09/2025 03:30:00 - 03/09/2025 03:45:00","BZN|FR","Without Sequence","8.46","",""
"03/09/2025 03:45:00 - 03/09/2025 04:00:00","BZN|FR","Without Sequence","8.46","",""
"03/09/2025 04:00:00 - 03/09/2025 04:15:00","BZN|FR","Without Sequence","4.11","",""
"03/09/2025 04:15:00 - 03/09/2025 04:30:00","BZN|FR","Without Sequence","4.11","",""
"03/09/2025 04:30:00 - 03/09/2025 04:45:00","BZN|FR","Without Sequence","4.11","",""
"03/09/2025 04:45:00 - 03/09/2025 05:00:00","BZN|FR","Without Sequence","4.11","",""
"03/09/2025 05:00:00 - 03/09/2025 05:15:00","BZN|FR","Without Sequence","8.94","",""
"03/09/2025 05:15:00 - 03/09/2025 05:30:00","BZN|FR","Without Sequence","8.94","",""
"03/09/2025 05:30:00 - 03/09/2025 05:45:00","BZN|FR","Without Sequence","8.94","",""
"03/09/2025 05:45:00 - 03/09/2025 06:00:00","BZN|FR","Without Sequence","8.94","",""
"03/09/2025 06:00:00 - 03/09/2025 06:15:00","BZN|FR","Without Sequence","10.14","",""
"03/09/2025 06:15:00 - 03/09/2025 06:30:00","BZN|FR","Without Sequence","10.14","",""
"03/09/2025 06:30:00 - 03/09/2025 06:45:00","BZN|FR","Without Sequence","10.14","",""
"03/09/2025 06:45:00 - 03/09/2025 07:00:00","BZN|FR","Without Sequence","10.14","",""
"03/09/2025 07:00:00 - 03/09/2025 07:15:00","BZN|FR","Without Sequence","21.34","",""
"03/09/2025 07:15:00 - 03/09/2025 07:30:00","BZN|FR","Without Sequence","21.34","",""
"03/09/2025 07:30:00 - 03/09/2025 07:45:00","BZN|FR","Without Sequence","21.34","",""
"03/09/2025 07:45:00 - 03/09/2025 08:00:00","BZN|FR","Without Sequence","21.34","",""
"03/09/2025 08:00:00 - 03/09/2025 08:15:00","BZN|FR","Without Sequence","22.60","",""
"03/09/2025 08:15:00 - 03/09/2025 08:30:00","BZN|FR","Without Sequence","22.60","",""
"03/09/2025 08:30:00 - 03/09/2025 08:45:00","BZN|FR","Without Sequence","22.60","",""
"03/09/2025 08:45:00 - 03/09/2025 09:00:00","BZN|FR","Without Sequence","22.60","",""
"03/09/2025 09:00:00 - 03/09/2025 09:15:00","BZN|FR","Without Sequence","16.37","",""
"03/09/2025 09:15:00 - 03/09/2025 09:30:00","BZN|FR","Without Sequence","16.37","",""
"03/09/2025 09:30:00 - 03/09/2025 09:45:00","BZN|FR","Without Sequence","16.37","",""
"03/09/2025 09:45:00 - 03/09/2025 10:00:00","BZN|FR","Without Sequence","16.37","",""
"03/09/2025 10:00:00 - 03/09/2025 10:15:00","BZN|FR","Without Sequence","0.00","",""
"03/09/2025 10:15:00 - 03/09/2025 10:30:00","BZN|FR","Without Sequence","0.00","",""
"03/09/2025 10:30:00 - 03/09/2025 10:45:00","BZN|FR","Without Sequence","0.00","",""
"03/09/2025 10:45:00 - 03/09/2025 11:00:00","BZN|FR","Without Sequence","0.00","",""
"03/09/2025 11:00:00 - 03/09/2025 11:15:00","BZN|FR","Without Sequence","-0.01","",""
"03/09/2025 11:15:00 - 03/09/2025 11:30:00","BZN|FR","Without Sequence","-0.01","",""
"03/09/2025 11:30:00 - 03/09/2025 11:45:00","BZN|FR","Without Sequence","-0.01","",""
"03/09/2025 11:45:00 - 03/09/2025 12:00:00","BZN|FR","Without Sequence","-0.01","",""
"03/09/2025 12:00:00 - 03/09/2025 12:15:00","BZN|FR","Without Sequence","-0.01","",""
"03/09/2025 12:15:00 - 03/09/2025 12:30:00","BZN|FR","Without Sequence","-0.01","",""
"03/09/2025 12:30:00 - 03/09/2025 12:45:00","BZN|FR","Without Sequence","-0.01","",""
"03/09/2025 12:45:00 - 03/09/2025 13:00:00","BZN|FR","Without Sequence","-0.01","",""
"03/09/2025 13:00:00 - 03/09/2025 13:15:00","BZN|FR","Without Sequence","-0.02","",""
"03/09/2025 13:15:00 - 03/09/2025 13:30:00","BZN|FR","Without Sequence","-0.02","",""
"03/09/2025 13:30:00 - 03/09/2025 13:45:00","BZN|FR","Without Sequence","-0.02","",""
"03/09/2025 13:45:00 - 03/09/2025 14:00:00","BZN|FR","Without Sequence","-0.02","",""
"03/09/2025 14:00:00 - 03/09/2025 14:15:00","BZN|FR","Without Sequence","-0.02","",""
"03/09/2025 14:15:00 - 03/09/2025 14:30:00","BZN|FR","Without Sequence","-0.02","",""
"03/09/2025 14:30:00 - 03/09/2025 14:45:00","BZN|FR","Without Sequence","-0.02","",""
"03/09/2025 14:45:00 - 03/09/2025 15:00:00","BZN|FR","Without Sequence","-0.02","",""
"03/09/2025 15:00:00 - 03/09/2025 15:15:00","BZN|FR","Without Sequence","-0.01","",""
"03/09/2025 15:15:00 - 03/09/2025 15:30:00","BZN|FR","Without Sequence","-0.01","",""
"03/09/2025 15:30:00 - 03/09/2025 15:45:00","BZN|FR","Without Sequence","-0.01","",""
"03/09/2025 15:45:00 - 03/09/2025 16:00:00","BZN|FR","Without Sequence","-0.01","",""
"03/09/2025 16:00:00 - 03/09/2025 16:15:00","BZN|FR","Without Sequence","-0.01","",""
"03/09/2025 16:15:00 - 03/09/2025 16:30:00","BZN|FR","Without Sequence","-0.01","",""
"03/09/2025 16:30:00 - 03/09/2025 16:45:00","BZN|FR","Without Sequence","-0.01","",""
"03/09/2025 16:45:00 - 03/09/2025 17:00:00","BZN|FR","Without Sequence","-0.01","",""
"03/09/2025 17:00:00 - 03/09/2025 17:15:00","BZN|FR","Without Sequence","0.00","",""
"03/09/2025 17:15:00 - 03/09/2025 17:30:00","BZN|FR","Without Sequence","0.00","",""
"03/09/2025 17:30:00 - 03/09/2025 17:45:00","BZN|FR","Without Sequence","0.00","",""
"03/09/2025 17:45:00 - 03/09/2025 18:00:00","BZN|FR","Without Sequence","0.00","",""
"03/09/2025 18:00:00 - 03/09/2025 18:15:00","BZN|FR","Without Sequence","12.85","",""
"03/09/2025 18:15:00 - 03/09/2025 18:30:00","BZN|FR","Without Sequence","12.85","",""
"03/09/2025 18:30:00 - 03/09/2025 18:45:00","BZN|FR","Without Sequence","12.85","",""
"03/09/2025 18:45:00 - 03/09/2025 19:00:00","BZN|FR","Without Sequence","12.85","",""
"03/09/2025 19:00:00 - 03/09/2025 19:15:00","BZN|FR","Without Sequence","56.79","",""
"03/09/2025 19:15:00 - 03/09/2025 19:30:00","BZN|FR","Without Sequence","56.79","",""
"03/09/2025 19:30:00 - 03/09/2025 19:45:00","BZN|FR","Without Sequence","56.79","",""
"03/09/2025 19:45:00 - 03/09/2025 20:00:00","BZN|FR","Without Sequence","56.79","",""
"03/09/2025 20:00:00 - 03/09/2025 20:15:00","BZN|FR","Without Sequence","58.21","",""
"03/09/2025 20:15:00 - 03/09/2025 20:30:00","BZN|FR","Without Sequence","58.21","",""
"03/09/2025 20:30:00 - 03/09/2025 20:45:00","BZN|FR","Without Sequence","58.21","",""
"03/09/2025 20:45:00 - 03/09/2025 21:00:00","BZN|FR","Without Sequence","58.21","",""
"03/09/2025 21:00:00 - 03/09/2025 21:15:00","BZN|FR","Without Sequence","53.41","",""
"03/09/2025 21:15:00 - 03/09/2025 21:30:00","BZN|FR","Without Sequence","53.41","",""
"03/09/2025 21:30:00 - 03/09/2025 21:45:00","BZN|FR","Without Sequence","53.41","",""
"03/09/2025 21:45:00 - 03/09/2025 22:00:00","BZN|FR","Without Sequence","53.41","",""
"03/09/2025 22:00:00 - 03/09/2025 22:15:00","BZN|FR","Without Sequence","70.23","",""
"03/09/2025 22:15:00 - 03/09/2025 22:30:00","BZN|FR","Without Sequence","70.23","",""
"03/09/2025 22:30:00 - 03/09/2025 22:45:00","BZN|FR","Without Sequence","70.23","",""
"03/09/2025 22:45:00 - 03/09/2025 23:00:00","BZN|FR","Without Sequence","70.23","",""
"03/09/2025 23:00:00 - 03/09/2025 23:15:00","BZN|FR","Without Sequence","56.33","",""
"03/09/2025 23:15:00 - 03/09/2025 23:30:00","BZN|FR","Without Sequence","56.33","",""
"03/09/2025 23:30:00 - 03/09/2025 23:45:00","BZN|FR","Without Sequence","56.33","",""
"03/09/2025 23:45:00 - 04/09/2025 00:00:00","BZN|FR","Without Sequence","56.33","",""
"04/09/2025 00:00:00 - 04/09/2025 00:15:00","BZN|FR","Without Sequence","19.84","",""
"04/09/2025 00:15:00 - 04/09/2025 00:30:00","BZN|FR","Without Sequence","19.84","",""
"04/09/2025 00:30:00 - 04/09/2025 00:45:00","BZN|FR","Without Sequence","19.84","",""
"04/09/2025 00:45:00 - 04/09/2025 01:00:00","BZN|FR","Without Sequence","19.84","",""
"04/09/2025 01:00:00 - 04/09/2025 01:15:00","BZN|FR","Without Sequence","14.81","",""
"04/09/2025 01:15:00 - 04/09/2025 01:30:00","BZN|FR","Without Sequence","14.81","",""
"04/09/2025 01:30:00 - 04/09/2025 01:45:00","BZN|FR","Without Sequence","14.81","",""
"04/09/2025 01:45:00 - 04/09/2025 02:00:00","BZN|FR","Without Sequence","14.81","",""
"04/09/2025 02:00:00 - 04/09/2025 02:15:00","BZN|FR","Without Sequence","14.30","",""
"04/09/2025 02:15:00 - 04/09/2025 02:30:00","BZN|FR","Without Sequence","14.30","",""
"04/09/2025 02:30:00 - 04/09/2025 02:45:00","BZN|FR","Without Sequence","14.30","",""
"04/09/2025 02:45:00 - 04/09/2025 03:00:00","BZN|FR","Without Sequence","14.30","",""
"04/09/2025 03:00:00 - 04/09/2025 03:15:00","BZN|FR","Without Sequence","5.96","",""
"04/09/2025 03:15:00 - 04/09/2025 03:30:00","BZN|FR","Without Sequence","5.96","",""
"04/09/2025 03:30:00 - 04/09/2025 03:45:00","BZN|FR","Without Sequence","5.96","",""
"04/09/2025 03:45:00 - 04/09/2025 04:00:00","BZN|FR","Without Sequence","5.96","",""
"04/09/2025 04:00:00 - 04/09/2025 04:15:00","BZN|FR","Without Sequence","5.99","",""
"04/09/2025 04:15:00 - 04/09/2025 04:30:00","BZN|FR","Without Sequence","5.99","",""
"04/09/2025 04:30:00 - 04/09/2025 04:45:00","BZN|FR","Without Sequence","5.99","",""
"04/09/2025 04:45:00 - 04/09/2025 05:00:00","BZN|FR","Without Sequence","5.99","",""
"04/09/2025 05:00:00 - 04/09/2025 05:15:00","BZN|FR","Without Sequence","11.49","",""
"04/09/2025 05:15:00 - 04/09/2025 05:30:00","BZN|FR","Without Sequence","11.49","",""
"04/09/2025 05:30:00 - 04/09/2025 05:45:00","BZN|FR","Without Sequence","11.49","",""
"04/09/2025 05:45:00 - 04/09/2025 06:00:00","BZN|FR","Without Sequence","11.49","",""
"04/09/2025 06:00:00 - 04/09/2025 06:15:00","BZN|FR","Without Sequence","42.15","",""
"04/09/2025 06:15:00 - 04/09/2025 06:30:00","BZN|FR","Without Sequence","42.15","",""
"04/09/2025 06:30:00 - 04/09/2025 06:45:00","BZN|FR","Without Sequence","42.15","",""
"04/09/2025 06:45:00 - 04/09/2025 07:00:00","BZN|FR","Without Sequence","42.15","",""
"04/09/2025 07:00:00 - 04/09/2025 07:15:00","BZN|FR","Without Sequence","52.04","",""
"04/09/2025 07:15:00 - 04/09/2025 07:30:00","BZN|FR","Without Sequence","52.04","",""
"04/09/2025 07:30:00 - 04/09/2025 07:45:00","BZN|FR","Without Sequence","52.04","",""
"04/09/2025 07:45:00 - 04/09/2025 08:00:00","BZN|FR","Without Sequence","52.04","",""
"04/09/2025 08:00:00 - 04/09/2025 08:15:00","BZN|FR","Without Sequence","55.89","",""
"04/09/2025 08:15:00 - 04/09/2025 08:30:00","BZN|FR","Without Sequence","55.89","",""
"04/09/2025 08:30:00 - 04/09/2025 08:45:00","BZN|FR","Without Sequence","55.89","",""
"04/09/2025 08:45:00 - 04/09/2025 09:00:00","BZN|FR","Without Sequence","55.89","",""
"04/09/2025 09:00:00 - 04/09/2025 09:15:00","BZN|FR","Without Sequence","49.60","",""
"04/09/2025 09:15:00 - 04/09/2025 09:30:00","BZN|FR","Without Sequence","49.60","",""
"04/09/2025 09:30:00 - 04/09/2025 09:45:00","BZN|FR","Without Sequence","49.60","",""
"04/09/2025 09:45:00 - 04/09/2025 10:00:00","BZN|FR","Without Sequence","49.60","",""
"04/09/2025 10:00:00 - 04/09/2025 10:15:00","BZN|FR","Without Sequence","18.07","",""
"04/09/2025 10:15:00 - 04/09/2025 10:30:00","BZN|FR","Without Sequence","18.07","",""
"04/09/2025 10:30:00 - 04/09/2025 10:45:00","BZN|FR","Without Sequence","18.07","",""
"04/09/2025 10:45:00 - 04/09/2025 11:00:00","BZN|FR","Without Sequence","18.07","",""
"04/09/2025 11:00:00 - 04/09/2025 11:15:00","BZN|FR","Without Sequence","5.79","",""
"04/09/2025 11:15:00 - 04/09/2025 11:30:00","BZN|FR","Without Sequence","5.79","",""
"04/09/2025 11:30:00 - 04/09/2025 11:45:00","BZN|FR","Without Sequence","5.79","",""
"04/09/2025 11:45:00 - 04/09/2025 12:00:00","BZN|FR","Without Sequence","5.79","",""
"04/09/2025 12:00:00 - 04/09/2025 12:15:00","BZN|FR","Without Sequence","3.20","",""
"04/09/2025 12:15:00 - 04/09/2025 12:30:00","BZN|FR","Without Sequence","3.20","",""
"04/09/2025 12:30:00 - 04/09/2025 12:45:00","BZN|FR","Without Sequence","3.20","",""
"04/09/2025 12:45:00 - 04/09/2025 13:00:00","BZN|FR","Without Sequence","3.20","",""
"04/09/2025 13:00:00 - 04/09/2025 13:15:00","BZN|FR","Without Sequence","1.72","",""
"04/09/2025 13:15:00 - 04/09/2025 13:30:00","BZN|FR","Without Sequence","1.72","",""
"04/09/2025 13:30:00 - 04/09/2025 13:45:00","BZN|FR","Without Sequence","1.72","",""
"04/09/2025 13:45:00 - 04/09/2025 14:00:00","BZN|FR","Without Sequence","1.72","",""
"04/09/2025 14:00:00 - 04/09/2025 14:15:00","BZN|FR","Without Sequence","1.60","",""
"04/09/2025 14:15:00 - 04/09/2025 14:30:00","BZN|FR","Without Sequence","1.60","",""
"04/09/2025 14:30:00 - 04/09/2025 14:45:00","BZN|FR","Without Sequence","1.60","",""
"04/09/2025 14:45:00 - 04/09/2025 15:00:00","BZN|FR","Without Sequence","1.60","",""
"04/09/2025 15:00:00 - 04/09/2025 15:15:00","BZN|FR","Without Sequence","1.55","",""
"04/09/2025 15:15:00 - 04/09/2025 15:30:00","BZN|FR","Without Sequence","1.55","",""
"04/09/2025 15:30:00 - 04/09/2025 15:45:00","BZN|FR","Without Sequence","1.55","",""
"04/09/2025 15:45:00 - 04/09/2025 16:00:00","BZN|FR","Without Sequence","1.55","",""
"04/09/2025 16:00:00 - 04/09/2025 16:15:00","BZN|FR","Without Sequence","3.70","",""
"04/09/2025 16:15:00 - 04/09/2025 16:30:00","BZN|FR","Without Sequence","3.70","",""
"04/09/2025 16:30:00 - 04/09/2025 16:45:00","BZN|FR","Without Sequence","3.70","",""
"04/09/2025 16:45:00 - 04/09/2025 17:00:00","BZN|FR","Without Sequence","3.70","",""
"04/09/2025 17:00:00 - 04/09/2025 17:15:00","BZN|FR","Without Sequence","7.01","",""
"04/09/2025 17:15:00 - 04/09/2025 17:30:00","BZN|FR","Without Sequence","7.01","",""
"04/09/2025 17:30:00 - 04/09/2025 17:45:00","BZN|FR","Without Sequence","7.01","",""
"04/09/2025 17:45:00 - 04/09/2025 18:00:00","BZN|FR","Without Sequence","7.01","",""
"04/09/2025 18:00:00 - 04/09/2025 18:15:00","BZN|FR","Without Sequence","28.19","",""
"04/09/2025 18:15:00 - 04/09/2025 18:30:00","BZN|FR","Without Sequence","28.19","",""
"04/09/2025 18:30:00 - 04/09/2025 18:45:00","BZN|FR","Without Sequence","28.19","",""
"04/09/2025 18:45:00 - 04/09/2025 19:00:00","BZN|FR","Without Sequence","28.19","",""
"04/09/2025 19:00:00 - 04/09/2025 19:15:00","BZN|FR","Without Sequence","62.19","",""
"04/09/2025 19:15:00 - 04/09/2025 19:30:00","BZN|FR","Without Sequence","62.19","",""
"04/09/2025 19:30:00 - 04/09/2025 19:45:00","BZN|FR","Without Sequence","62.19","",""
"04/09/2025 19:45:00 - 04/09/2025 20:00:00","BZN|FR","Without Sequence","62.19","",""
"04/09/2025 20:00:00 - 04/09/2025 20:15:00","BZN|FR","Without Sequence","102.50","",""
"04/09/2025 20:15:00 - 04/09/2025 20:30:00","BZN|FR","Without Sequence","102.50","",""
"04/09/2025 20:30:00 - 04/09/2025 20:45:00","BZN|FR","Without Sequence","102.50","",""
"04/09/2025 20:45:00 - 04/09/2025 21:00:00","BZN|FR","Without Sequence","102.50","",""
"04/09/2025 21:00:00 - 04/09/2025 21:15:00","BZN|FR","Without Sequence","80.74","",""
"04/09/2025 21:15:00 - 04/09/2025 21:30:00","BZN|FR","Without Sequence","80.74","",""
"04/09/2025 21:30:00 - 04/09/2025 21:45:00","BZN|FR","Without Sequence","80.74","",""
"04/09/2025 21:45:00 - 04/09/2025 22:00:00","BZN|FR","Without Sequence","80.74","",""
"04/09/2025 22:00:00 - 04/09/2025 22:15:00","BZN|FR","Without Sequence","84.80","",""
"04/09/2025 22:15:00 - 04/09/2025 22:30:00","BZN|FR","Without Sequence","84.80","",""
"04/09/2025 22:30:00 - 04/09/2025 22:45:00","BZN|FR","Without Sequence","84.80","",""
"04/09/2025 22:45:00 - 04/09/2025 23:00:00","BZN|FR","Without Sequence","84.80","",""
"04/09/2025 23:00:00 - 04/09/2025 23:15:00","BZN|FR","Without Sequence","62.18","",""
"04/09/2025 23:15:00 - 04/09/2025 23:30:00","BZN|FR","Without Sequence","62.18","",""
"04/09/2025 23:30:00 - 04/09/2025 23:45:00","BZN|FR","Without Sequence","62.18","",""
"04/09/2025 23:45:00 - 05/09/2025 00:00:00","BZN|FR","Without Sequence","62.18","",""
"05/09/2025 00:00:00 - 05/09/2025 00:15:00","BZN|FR","Without Sequence","70.86","",""
"05/09/2025 00:15:00 - 05/09/2025 00:30:00","BZN|FR","Without Sequence","70.86","",""
"05/09/2025 00:30:00 - 05/09/2025 00:45:00","BZN|FR","Without Sequence","70.86","",""
"05/09/2025 00:45:00 - 05/09/2025 01:00:00","BZN|FR","Without Sequence","70.86","",""
"05/09/2025 01:00:00 - 05/09/2025 01:15:00","BZN|FR","Without Sequence","58.98","",""
"05/09/2025 01:15:00 - 05/09/2025 01:30:00","BZN|FR","Without Sequence","58.98","",""
"05/09/2025 01:30:00 - 05/09/2025 01:45:00","BZN|FR","Without Sequence","58.98","",""
"05/09/2025 01:45:00 - 05/09/2025 02:00:00","BZN|FR","Without Sequence","58.98","",""
"05/09/2025 02:00:00 - 05/09/2025 02:15:00","BZN|FR","Without Sequence","61.49","",""
"05/09/2025 02:15:00 - 05/09/2025 02:30:00","BZN|FR","Without Sequence","61.49","",""
"05/09/2025 02:30:00 - 05/09/2025 02:45:00","BZN|FR","Without Sequence","61.49","",""
"05/09/2025 02:45:00 - 05/09/2025 03:00:00","BZN|FR","Without Sequence","61.49","",""
"05/09/2025 03:00:00 - 05/09/2025 03:15:00","BZN|FR","Without Sequence","50.12","",""
"05/09/2025 03:15:00 - 05/09/2025 03:30:00","BZN|FR","Without Sequence","50.12","",""
"05/09/2025 03:30:00 - 05/09/2025 03:45:00","BZN|FR","Without Sequence","50.12","",""
"05/09/2025 03:45:00 - 05/09/2025 04:00:00","BZN|FR","Without Sequence","50.12","",""
"05/09/2025 04:00:00 - 05/09/2025 04:15:00","BZN|FR","Without Sequence","52.65","",""
"05/09/2025 04:15:00 - 05/09/2025 04:30:00","BZN|FR","Without Sequence","52.65","",""
"05/09/2025 04:30:00 - 05/09/2025 04:45:00","BZN|FR","Without Sequence","52.65","",""
"05/09/2025 04:45:00 - 05/09/2025 05:00:00","BZN|FR","Without Sequence","52.65","",""
"05/09/2025 05:00:00 - 05/09/2025 05:15:00","BZN|FR","Without Sequence","52.53","",""
"05/09/2025 05:15:00 - 05/09/2025 05:30:00","BZN|FR","Without Sequence","52.53","",""
"05/09/2025 05:30:00 - 05/09/2025 05:45:00","BZN|FR","Without Sequence","52.53","",""
"05/09/2025 05:45:00 - 05/09/2025 06:00:00","BZN|FR","Without Sequence","52.53","",""
"05/09/2025 06:00:00 - 05/09/2025 06:15:00","BZN|FR","Without Sequence","76.79","",""
"05/09/2025 06:15:00 - 05/09/2025 06:30:00","BZN|FR","Without Sequence","76.79","",""
"05/09/2025 06:30:00 - 05/09/2025 06:45:00","BZN|FR","Without Sequence","76.79","",""
"05/09/2025 06:45:00 - 05/09/2025 07:00:00","BZN|FR","Without Sequence","76.79","",""
"05/09/2025 07:00:00 - 05/09/2025 07:15:00","BZN|FR","Without Sequence","89.99","",""
"05/09/2025 07:15:00 - 05/09/2025 07:30:00","BZN|FR","Without Sequence","89.99","",""
"05/09/2025 07:30:00 - 05/09/2025 07:45:00","BZN|FR","Without Sequence","89.99","",""
"05/09/2025 07:45:00 - 05/09/2025 08:00:00","BZN|FR","Without Sequence","89.99","",""
"05/09/2025 08:00:00 - 05/09/2025 08:15:00","BZN|FR","Without Sequence","88.22","",""
"05/09/2025 08:15:00 - 05/09/2025 08:30:00","BZN|FR","Without Sequence","88.22","",""
"05/09/2025 08:30:00 - 05/09/2025 08:45:00","BZN|FR","Without Sequence","88.22","",""
"05/09/2025 08:45:00 - 05/09/2025 09:00:00","BZN|FR","Without Sequence","88.22","",""
"05/09/2025 09:00:00 - 05/09/2025 09:15:00","BZN|FR","Without Sequence","79.10","",""
"05/09/2025 09:15:00 - 05/09/2025 09:30:00","BZN|FR","Without Sequence","79.10","",""
"05/09/2025 09:30:00 - 05/09/2025 09:45:00","BZN|FR","Without Sequence","79.10","",""
"05/09/2025 09:45:00 - 05/09/2025 10:00:00","BZN|FR","Without Sequence","79.10","",""
"05/09/2025 10:00:00 - 05/09/2025 10:15:00","BZN|FR","Without Sequence","35.00","",""
"05/09/2025 10:15:00 - 05/09/2025 10:30:00","BZN|FR","Without Sequence","35.00","",""
"05/09/2025 10:30:00 - 05/09/2025 10:45:00","BZN|FR","Without Sequence","35.00","",""
"05/09/2025 10:45:00 - 05/09/2025 11:00:00","BZN|FR","Without Sequence","35.00","",""
"05/09/2025 11:00:00 - 05/09/2025 11:15:00","BZN|FR","Without Sequence","10.00","",""
"05/09/2025 11:15:00 - 05/09/2025 11:30:00","BZN|FR","Without Sequence","10.00","",""
"05/09/2025 11:30:00 - 05/09/2025 11:45:00","BZN|FR","Without Sequence","10.00","",""
"05/09/2025 11:45:00 - 05/09/2025 12:00:00","BZN|FR","Without Sequence","10.00","",""
"05/09/2025 12:00:00 - 05/09/2025 12:15:00","BZN|FR","Without Sequence","15.00","",""
"05/09/2025 12:15:00 - 05/09/2025 12:30:00","BZN|FR","Without Sequence","15.00","",""
"05/09/2025 12:30:00 - 05/09/2025 12:45:00","BZN|FR","Without Sequence","15.00","",""
"05/09/2025 12:45:00 - 05/09/2025 13:00:00","BZN|FR","Without Sequence","15.00","",""
"05/09/2025 13:00:00 - 05/09/2025 13:15:00","BZN|FR","Without Sequence","18.43","",""
"05/09/2025 13:15:00 - 05/09/2025 13:30:00","BZN|FR","Without Sequence","18.43","",""
"05/09/2025 13:30:00 - 05/09/2025 13:45:00","BZN|FR","Without Sequence","18.43","",""
"05/09/2025 13:45:00 - 05/09/2025 14:00:00","BZN|FR","Without Sequence","18.43","",""
"05/09/2025 14:00:00 - 05/09/2025 14:15:00","BZN|FR","Without Sequence","6.62","",""
"05/09/2025 14:15:00 - 05/09/2025 14:30:00","BZN|FR","Without Sequence","6.62","",""
"05/09/2025 14:30:00 - 05/09/2025 14:45:00","BZN|FR","Without Sequence","6.62","",""
"05/09/2025 14:45:00 - 05/09/2025 15:00:00","BZN|FR","Without Sequence","6.62","",""
"05/09/2025 15:00:00 - 05/09/2025 15:15:00","BZN|FR","Without Sequence","17.07","",""
"05/09/2025 15:15:00 - 05/09/2025 15:30:00","BZN|FR","Without Sequence","17.07","",""
"05/09/2025 15:30:00 - 05/09/2025 15:45:00","BZN|FR","Without Sequence","17.07","",""
"05/09/2025 15:45:00 - 05/09/2025 16:00:00","BZN|FR","Without Sequence","17.07","",""
"05/09/2025 16:00:00 - 05/09/2025 16:15:00","BZN|FR","Without Sequence","18.63","",""
"05/09/2025 16:15:00 - 05/09/2025 16:30:00","BZN|FR","Without Sequence","18.63","",""
"05/09/2025 16:30:00 - 05/09/2025 16:45:00","BZN|FR","Without Sequence","18.63","",""
"05/09/2025 16:45:00 - 05/09/2025 17:00:00","BZN|FR","Without Sequence","18.63","",""
"05/09/2025 17:00:00 - 05/09/2025 17:15:00","BZN|FR","Without Sequence","30.40","",""
"05/09/2025 17:15:00 - 05/09/2025 17:30:00","BZN|FR","Without Sequence","30.40","",""
"05/09/2025 17:30:00 - 05/09/2025 17:45:00","BZN|FR","Without Sequence","30.40","",""
"05/09/2025 17:45:00 - 05/09/2025 18:00:00","BZN|FR","Without Sequence","30.40","",""
"05/09/2025 18:00:00 - 05/09/2025 18:15:00","BZN|FR","Without Sequence","45.23","",""
"05/09/2025 18:15:00 - 05/09/2025 18:30:00","BZN|FR","Without Sequence","45.23","",""
"05/09/2025 18:30:00 - 05/09/2025 18:45:00","BZN|FR","Without Sequence","45.23","",""
"05/09/2025 18:45:00 - 05/09/2025 19:00:00","BZN|FR","Without Sequence","45.23","",""
"05/09/2025 19:00:00 - 05/09/2025 19:15:00","BZN|FR","Without Sequence","89.25","",""
"05/09/2025 19:15:00 - 05/09/2025 19:30:00","BZN|FR","Without Sequence","89.25","",""
"05/09/2025 19:30:00 - 05/09/2025 19:45:00","BZN|FR","Without Sequence","89.25","",""
"05/09/2025 19:45:00 - 05/09/2025 20:00:00","BZN|FR","Without Sequence","89.25","",""
"05/09/2025 20:00:00 - 05/09/2025 20:15:00","BZN|FR","Without Sequence","103.97","",""
"05/09/2025 20:15:00 - 05/09/2025 20:30:00","BZN|FR","Without Sequence","103.97","",""
"05/09/2025 20:30:00 - 05/09/2025 20:45:00","BZN|FR","Without Sequence","103.97","",""
"05/09/2025 20:45:00 - 05/09/2025 21:00:00","BZN|FR","Without Sequence","103.97","",""
"05/09/2025 21:00:00 - 05/09/2025 21:15:00","BZN|FR","Without Sequence","107.10","",""
"05/09/2025 21:15:00 - 05/09/2025 21:30:00","BZN|FR","Without Sequence","107.10","",""
"05/09/2025 21:30:00 - 05/09/2025 21:45:00","BZN|FR","Without Sequence","107.10","",""
"05/09/2025 21:45:00 - 05/09/2025 22:00:00","BZN|FR","Without Sequence","107.10","",""
"05/09/2025 22:00:00 - 05/09/2025 22:15:00","BZN|FR","Without Sequence","95.00","",""
"05/09/2025 22:15:00 - 05/09/2025 22:30:00","BZN|FR","Without Sequence","95.00","",""
"05/09/2025 22:30:00 - 05/09/2025 22:45:00","BZN|FR","Without Sequence","95.00","",""
"05/09/2025 22:45:00 - 05/09/2025 23:00:00","BZN|FR","Without Sequence","95.00","",""
"05/09/2025 23:00:00 - 05/09/2025 23:15:00","BZN|FR","Without Sequence","88.38","",""
"05/09/2025 23:15:00 - 05/09/2025 23:30:00","BZN|FR","Without Sequence","88.38","",""
"05/09/2025 23:30:00 - 05/09/2025 23:45:00","BZN|FR","Without Sequence","88.38","",""
"05/09/2025 23:45:00 - 06/09/2025 00:00:00","BZN|FR","Without Sequence","88.38","",""
"06/09/2025 00:00:00 - 06/09/2025 00:15:00","BZN|FR","Without Sequence","74.64","",""
"06/09/2025 00:15:00 - 06/09/2025 00:30:00","BZN|FR","Without Sequence","74.64","",""
"06/09/2025 00:30:00 - 06/09/2025 00:45:00","BZN|FR","Without Sequence","74.64","",""
"06/09/2025 00:45:00 - 06/09/2025 01:00:00","BZN|FR","Without Sequence","74.64","",""
"06/09/2025 01:00:00 - 06/09/2025 01:15:00","BZN|FR","Without Sequence","57.80","",""
"06/09/2025 01:15:00 - 06/09/2025 01:30:00","BZN|FR","Without Sequence","57.80","",""
"06/09/2025 01:30:00 - 06/09/2025 01:45:00","BZN|FR","Without Sequence","57.80","",""
"06/09/2025 01:45:00 - 06/09/2025 02:00:00","BZN|FR","Without Sequence","57.80","",""
"06/09/2025 02:00:00 - 06/09/2025 02:15:00","BZN|FR","Without Sequence","41.35","",""
"06/09/2025 02:15:00 - 06/09/2025 02:30:00","BZN|FR","Without Sequence","41.35","",""
"06/09/2025 02:30:00 - 06/09/2025 02:45:00","BZN|FR","Without Sequence","41.35","",""
"06/09/2025 02:45:00 - 06/09/2025 03:00:00","BZN|FR","Without Sequence","41.35","",""
"06/09/2025 03:00:00 - 06/09/2025 03:15:00","BZN|FR","Without Sequence","20.66","",""
"06/09/2025 03:15:00 - 06/09/2025 03:30:00","BZN|FR","Without Sequence","20.66","",""
"06/09/2025 03:30:00 - 06/09/2025 03:45:00","BZN|FR","Without Sequence","20.66","",""
"06/09/2025 03:45:00 - 06/09/2025 04:00:00","BZN|FR","Without Sequence","20.66","",""
"06/09/2025 04:00:00 - 06/09/2025 04:15:00","BZN|FR","Without Sequence","20.00","",""
"06/09/2025 04:15:00 - 06/09/2025 04:30:00","BZN|FR","Without Sequence","20.00","",""
"06/09/2025 04:30:00 - 06/09/2025 04:45:00","BZN|FR","Without Sequence","20.00","",""
"06/09/2025 04:45:00 - 06/09/2025 05:00:00","BZN|FR","Without Sequence","20.00","",""
"06/09/2025 05:00:00 - 06/09/2025 05:15:00","BZN|FR","Without Sequence","25.38","",""
"06/09/2025 05:15:00 - 06/09/2025 05:30:00","BZN|FR","Without Sequence","25.38","",""
"06/09/2025 05:30:00 - 06/09/2025 05:45:00","BZN|FR","Without Sequence","25.38","",""
"06/09/2025 05:45:00 - 06/09/2025 06:00:00","BZN|FR","Without Sequence","25.38","",""
"06/09/2025 06:00:00 - 06/09/2025 06:15:00","BZN|FR","Without Sequence","25.49","",""
"06/09/2025 06:15:00 - 06/09/2025 06:30:00","BZN|FR","Without Sequence","25.49","",""
"06/09/2025 06:30:00 - 06/09/2025 06:45:00","BZN|FR","Without Sequence","25.49","",""
"06/09/2025 06:45:00 - 06/09/2025 07:00:00","BZN|FR","Without Sequence","25.49","",""
"06/09/2025 07:00:00 - 06/09/2025 07:15:00","BZN|FR","Without Sequence","25.86","",""
"06/09/2025 07:15:00 - 06/09/2025 07:30:00","BZN|FR","Without Sequence","25.86","",""
"06/09/2025 07:30:00 - 06/09/2025 07:45:00","BZN|FR","Without Sequence","25.86","",""
"06/09/2025 07:45:00 - 06/09/2025 08:00:00","BZN|FR","Without Sequence","25.86","",""
"06/09/2025 08:00:00 - 06/09/2025 08:15:00","BZN|FR","Without Sequence","29.28","",""
"06/09/2025 08:15:00 - 06/09/2025 08:30:00","BZN|FR","Without Sequence","29.28","",""
"06/09/2025 08:30:00 - 06/09/2025 08:45:00","BZN|FR","Without Sequence","29.28","",""
"06/09/2025 08:45:00 - 06/09/2025 09:00:00","BZN|FR","Without Sequence","29.28","",""
"06/09/2025 09:00:00 - 06/09/2025 09:15:00","BZN|FR","Without Sequence","15.23","",""
"06/09/2025 09:15:00 - 06/09/2025 09:30:00","BZN|FR","Without Sequence","15.23","",""
"06/09/2025 09:30:00 - 06/09/2025 09:45:00","BZN|FR","Without Sequence","15.23","",""
"06/09/2025 09:45:00 - 06/09/2025 10:00:00","BZN|FR","Without Sequence","15.23","",""
"06/09/2025 10:00:00 - 06/09/2025 10:15:00","BZN|FR","Without Sequence","1.72","",""
"06/09/2025 10:15:00 - 06/09/2025 10:30:00","BZN|FR","Without Sequence","1.72","",""
"06/09/2025 10:30:00 - 06/09/2025 10:45:00","BZN|FR","Without Sequence","1.72","",""
"06/09/2025 10:45:00 - 06/09/2025 11:00:00","BZN|FR","Without Sequence","1.72","",""
"06/09/2025 11:00:00 - 06/09/2025 11:15:00","BZN|FR","Without Sequence","0.00","",""
"06/09/2025 11:15:00 - 06/09/2025 11:30:00","BZN|FR","Without Sequence","0.00","",""
"06/09/2025 11:30:00 - 06/09/2025 11:45:00","BZN|FR","Without Sequence","0.00","",""
"06/09/2025 11:45:00 - 06/09/2025 12:00:00","BZN|FR","Without Sequence","0.00","",""
"06/09/2025 12:00:00 - 06/09/2025 12:15:00","BZN|FR","Without Sequence","-0.02","",""
"06/09/2025 12:15:00 - 06/09/2025 12:30:00","BZN|FR","Without Sequence","-0.02","",""
"06/09/2025 12:30:00 - 06/09/2025 12:45:00","BZN|FR","Without Sequence","-0.02","",""
"06/09/2025 12:45:00 - 06/09/2025 13:00:00","BZN|FR","Without Sequence","-0.02","",""
"06/09/2025 13:00:00 - 06/09/2025 13:15:00","BZN|FR","Without Sequence","-0.86","",""
"06/09/2025 13:15:00 - 06/09/2025 13:30:00","BZN|FR","Without Sequence","-0.86","",""
"06/09/2025 13:30:00 - 06/09/2025 13:45:00","BZN|FR","Without Sequence","-0.86","",""
"06/09/2025 13:45:00 - 06/09/2025 14:00:00","BZN|FR","Without Sequence","-0.86","",""
"06/09/2025 14:00:00 - 06/09/2025 14:15:00","BZN|FR","Without Sequence","-0.99","",""
"06/09/2025 14:15:00 - 06/09/2025 14:30:00","BZN|FR","Without Sequence","-0.99","",""
"06/09/2025 14:30:00 - 06/09/2025 14:45:00","BZN|FR","Without Sequence","-0.99","",""
"06/09/2025 14:45:00 - 06/09/2025 15:00:00","BZN|FR","Without Sequence","-0.99","",""
"06/09/2025 15:00:00 - 06/09/2025 15:15:00","BZN|FR","Without Sequence","-0.01","",""
"06/09/2025 15:15:00 - 06/09/2025 15:30:00","BZN|FR","Without Sequence","-0.01","",""
"06/09/2025 15:30:00 - 06/09/2025 15:45:00","BZN|FR","Without Sequence","-0.01","",""
"06/09/2025 15:45:00 - 06/09/2025 16:00:00","BZN|FR","Without Sequence","-0.01","",""
"06/09/2025 16:00:00 - 06/09/2025 16:15:00","BZN|FR","Without Sequence","-0.01","",""
"06/09/2025 16:15:00 - 06/09/2025 16:30:00","BZN|FR","Without Sequence","-0.01","",""
"06/09/2025 16:30:00 - 06/09/2025 16:45:00","BZN|FR","Without Sequence","-0.01","",""
"06/09/2025 16:45:00 - 06/09/2025 17:00:00","BZN|FR","Without Sequence","-0.01","",""
"06/09/2025 17:00:00 - 06/09/2025 17:15:00","BZN|FR","Without Sequence","0.00","",""
"06/09/2025 17:15:00 - 06/09/2025 17:30:00","BZN|FR","Without Sequence","0.00","",""
"06/09/2025 17:30:00 - 06/09/2025 17:45:00","BZN|FR","Without Sequence","0.00","",""
"06/09/2025 17:45:00 - 06/09/2025 18:00:00","BZN|FR","Without Sequence","0.00","",""
"06/09/2025 18:00:00 - 06/09/2025 18:15:00","BZN|FR","Without Sequence","17.42","",""
"06/09/2025 18:15:00 - 06/09/2025 18:30:00","BZN|FR","Without Sequence","17.42","",""
"06/09/2025 18:30:00 - 06/09/2025 18:45:00","BZN|FR","Without Sequence","17.42","",""
"06/09/2025 18:45:00 - 06/09/2025 19:00:00","BZN|FR","Without Sequence","17.42","",""
"06/09/2025 19:00:00 - 06/09/2025 19:15:00","BZN|FR","Without Sequence","24.37","",""
"06/09/2025 19:15:00 - 06/09/2025 19:30:00","BZN|FR","Without Sequence","24.37","",""
"06/09/2025 19:30:00 - 06/09/2025 19:45:00","BZN|FR","Without Sequence","24.37","",""
"06/09/2025 19:45:00 - 06/09/2025 20:00:00","BZN|FR","Without Sequence","24.37","",""
"06/09/2025 20:00:00 - 06/09/2025 20:15:00","BZN|FR","Without Sequence","42.00","",""
"06/09/2025 20:15:00 - 06/09/2025 20:30:00","BZN|FR","Without Sequence","42.00","",""
"06/09/2025 20:30:00 - 06/09/2025 20:45:00","BZN|FR","Without Sequence","42.00","",""
"06/09/2025 20:45:00 - 06/09/2025 21:00:00","BZN|FR","Without Sequence","42.00","",""
"06/09/2025 21:00:00 - 06/09/2025 21:15:00","BZN|FR","Without Sequence","19.01","",""
"06/09/2025 21:15:00 - 06/09/2025 21:30:00","BZN|FR","Without Sequence","19.01","",""
"06/09/2025 21:30:00 - 06/09/2025 21:45:00","BZN|FR","Without Sequence","19.01","",""
"06/09/2025 21:45:00 - 06/09/2025 22:00:00","BZN|FR","Without Sequence","19.01","",""
"06/09/2025 22:00:00 - 06/09/2025 22:15:00","BZN|FR","Without Sequence","36.26","",""
"06/09/2025 22:15:00 - 06/09/2025 22:30:00","BZN|FR","Without Sequence","36.26","",""
"06/09/2025 22:30:00 - 06/09/2025 22:45:00","BZN|FR","Without Sequence","36.26","",""
"06/09/2025 22:45:00 - 06/09/2025 23:00:00","BZN|FR","Without Sequence","36.26","",""
"06/09/2025 23:00:00 - 06/09/2025 23:15:00","BZN|FR","Without Sequence","27.99","",""
"06/09/2025 23:15:00 - 06/09/2025 23:30:00","BZN|FR","Without Sequence","27.99","",""
"06/09/2025 23:30:00 - 06/09/2025 23:45:00","BZN|FR","Without Sequence","27.99","",""
"06/09/2025 23:45:00 - 07/09/2025 00:00:00","BZN|FR","Without Sequence","27.99","",""
"07/09/2025 00:00:00 - 07/09/2025 00:15:00","BZN|FR","Without Sequence","0.00","",""
"07/09/2025 00:15:00 - 07/09/2025 00:30:00","BZN|FR","Without Sequence","0.00","",""
"07/09/2025 00:30:00 - 07/09/2025 00:45:00","BZN|FR","Without Sequence","0.00","",""
"07/09/2025 00:45:00 - 07/09/2025 01:00:00","BZN|FR","Without Sequence","0.00","",""
"07/09/2025 01:00:00 - 07/09/2025 01:15:00","BZN|FR","Without Sequence","-0.01","",""
"07/09/2025 01:15:00 - 07/09/2025 01:30:00","BZN|FR","Without Sequence","-0.01","",""
"07/09/2025 01:30:00 - 07/09/2025 01:45:00","BZN|FR","Without Sequence","-0.01","",""
"07/09/2025 01:45:00 - 07/09/2025 02:00:00","BZN|FR","Without Sequence","-0.01","",""
"07/09/2025 02:00:00 - 07/09/2025 02:15:00","BZN|FR","Without Sequence","-0.01","",""
"07/09/2025 02:15:00 - 07/09/2025 02:30:00","BZN|FR","Without Sequence","-0.01","",""
"07/09/2025 02:30:00 - 07/09/2025 02:45:00","BZN|FR","Without Sequence","-0.01","",""
"07/09/2025 02:45:00 - 07/09/2025 03:00:00","BZN|FR","Without Sequence","-0.01","",""
"07/09/2025 03:00:00 - 07/09/2025 03:15:00","BZN|FR","Without Sequence","-0.01","",""
"07/09/2025 03:15:00 - 07/09/2025 03:30:00","BZN|FR","Without Sequence","-0.01","",""
"07/09/2025 03:30:00 - 07/09/2025 03:45:00","BZN|FR","Without Sequence","-0.01","",""
"07/09/2025 03:45:00 - 07/09/2025 04:00:00","BZN|FR","Without Sequence","-0.01","",""
"07/09/2025 04:00:00 - 07/09/2025 04:15:00","BZN|FR","Without Sequence","-0.01","",""
"07/09/2025 04:15:00 - 07/09/2025 04:30:00","BZN|FR","Without Sequence","-0.01","",""
"07/09/2025 04:30:00 - 07/09/2025 04:45:00","BZN|FR","Without Sequence","-0.01","",""
"07/09/2025 04:45:00 - 07/09/2025 05:00:00","BZN|FR","Without Sequence","-0.01","",""
"07/09/2025 05:00:00 - 07/09/2025 05:15:00","BZN|FR","Without Sequence","-0.01","",""
"07/09/2025 05:15:00 - 07/09/2025 05:30:00","BZN|FR","Without Sequence","-0.01","",""
"07/09/2025 05:30:00 - 07/09/2025 05:45:00","BZN|FR","Without Sequence","-0.01","",""
"07/09/2025 05:45:00 - 07/09/2025 06:00:00","BZN|FR","Without Sequence","-0.01","",""
"07/09/2025 06:00:00 - 07/09/2025 06:15:00","BZN|FR","Without Sequence","0.00","",""
"07/09/2025 06:15:00 - 07/09/2025 06:30:00","BZN|FR","Without Sequence","0.00","",""
"07/09/2025 06:30:00 - 07/09/2025 06:45:00","BZN|FR","Without Sequence","0.00","",""
"07/09/2025 06:45:00 - 07/09/2025 07:00:00","BZN|FR","Without Sequence","0.00","",""
"07/09/2025 07:00:00 - 07/09/2025 07:15:00","BZN|FR","Without Sequence","5.50","",""
"07/09/2025 07:15:00 - 07/09/2025 07:30:00","BZN|FR","Without Sequence","5.50","",""
"07/09/2025 07:30:00 - 07/09/2025 07:45:00","BZN|FR","Without Sequence","5.50","",""
"07/09/2025 07:45:00 - 07/09/2025 08:00:00","BZN|FR","Without Sequence","5.50","",""
"07/09/2025 08:00:00 - 07/09/2025 08:15:00","BZN|FR","Without Sequence","0.00","",""
"07/09/2025 08:15:00 - 07/09/2025 08:30:00","BZN|FR","Without Sequence","0.00","",""
"07/09/2025 08:30:00 - 07/09/2025 08:45:00","BZN|FR","Without Sequence","0.00","",""
"07/09/2025 08:45:00 - 07/09/2025 09:00:00","BZN|FR","Without Sequence","0.00","",""
"07/09/2025 09:00:00 - 07/09/2025 09:15:00","BZN|FR","Without Sequence","-0.09","",""
"07/09/2025 09:15:00 - 07/09/2025 09:30:00","BZN|FR","Without Sequence","-0.09","",""
"07/09/2025 09:30:00 - 07/09/2025 09:45:00","BZN|FR","Without Sequence","-0.09","",""
"07/09/2025 09:45:00 - 07/09/2025 10:00:00","BZN|FR","Without Sequence","-0.09","",""
"07/09/2025 10:00:00 - 07/09/2025 10:15:00","BZN|FR","Without Sequence","-4.00","",""
"07/09/2025 10:15:00 - 07/09/2025 10:30:00","BZN|FR","Without Sequence","-4.00","",""
"07/09/2025 10:30:00 - 07/09/2025 10:45:00","BZN|FR","Without Sequence","-4.00","",""
"07/09/2025 10:45:00 - 07/09/2025 11:00:00","BZN|FR","Without Sequence","-4.00","",""
"07/09/2025 11:00:00 - 07/09/2025 11:15:00","BZN|FR","Without Sequence","-20.09","",""
"07/09/2025 11:15:00 - 07/09/2025 11:30:00","BZN|FR","Without Sequence","-20.09","",""
"07/09/2025 11:30:00 - 07/09/2025 11:45:00","BZN|FR","Without Sequence","-20.09","",""
"07/09/2025 11:45:00 - 07/09/2025 12:00:00","BZN|FR","Without Sequence","-20.09","",""
"07/09/2025 12:00:00 - 07/09/2025 12:15:00","BZN|FR","Without Sequence","-40.02","",""
"07/09/2025 12:15:00 - 07/09/2025 12:30:00","BZN|FR","Without Sequence","-40.02","",""
"07/09/2025 12:30:00 - 07/09/2025 12:45:00","BZN|FR","Without Sequence","-40.02","",""
"07/09/2025 12:45:00 - 07/09/2025 13:00:00","BZN|FR","Without Sequence","-40.02","",""
"07/09/2025 13:00:00 - 07/09/2025 13:15:00","BZN|FR","Without Sequence","-53.40","",""
"07/09/2025 13:15:00 - 07/09/2025 13:30:00","BZN|FR","Without Sequence","-53.40","",""
"07/09/2025 13:30:00 - 07/09/2025 13:45:00","BZN|FR","Without Sequence","-53.40","",""
"07/09/2025 13:45:00 - 07/09/2025 14:00:00","BZN|FR","Without Sequence","-53.40","",""
"07/09/2025 14:00:00 - 07/09/2025 14:15:00","BZN|FR","Without Sequence","-39.45","",""
"07/09/2025 14:15:00 - 07/09/2025 14:30:00","BZN|FR","Without Sequence","-39.45","",""
"07/09/2025 14:30:00 - 07/09/2025 14:45:00","BZN|FR","Without Sequence","-39.45","",""
"07/09/2025 14:45:00 - 07/09/2025 15:00:00","BZN|FR","Without Sequence","-39.45","",""
"07/09/2025 15:00:00 - 07/09/2025 15:15:00","BZN|FR","Without Sequence","-19.84","",""
"07/09/2025 15:15:00 - 07/09/2025 15:30:00","BZN|FR","Without Sequence","-19.84","",""
"07/09/2025 15:30:00 - 07/09/2025 15:45:00","BZN|FR","Without Sequence","-19.84","",""
"07/09/2025 15:45:00 - 07/09/2025 16:00:00","BZN|FR","Without Sequence","-19.84","",""
"07/09/2025 16:00:00 - 07/09/2025 16:15:00","BZN|FR","Without Sequence","-2.40","",""
"07/09/2025 16:15:00 - 07/09/2025 16:30:00","BZN|FR","Without Sequence","-2.40","",""
"07/09/2025 16:30:00 - 07/09/2025 16:45:00","BZN|FR","Without Sequence","-2.40","",""
"07/09/2025 16:45:00 - 07/09/2025 17:00:00","BZN|FR","Without Sequence","-2.40","",""
"07/09/2025 17:00:00 - 07/09/2025 17:15:00","BZN|FR","Without Sequence","6.08","",""
"07/09/2025 17:15:00 - 07/09/2025 17:30:00","BZN|FR","Without Sequence","6.08","",""
"07/09/2025 17:30:00 - 07/09/2025 17:45:00","BZN|FR","Without Sequence","6.08","",""
"07/09/2025 17:45:00 - 07/09/2025 18:00:00","BZN|FR","Without Sequence","6.08","",""
"07/09/2025 18:00:00 - 07/09/2025 18:15:00","BZN|FR","Without Sequence","47.50","",""
"07/09/2025 18:15:00 - 07/09/2025 18:30:00","BZN|FR","Without Sequence","47.50","",""
"07/09/2025 18:30:00 - 07/09/2025 18:45:00","BZN|FR","Without Sequence","47.50","",""
"07/09/2025 18:45:00 - 07/09/2025 19:00:00","BZN|FR","Without Sequence","47.50","",""
"07/09/2025 19:00:00 - 07/09/2025 19:15:00","BZN|FR","Without Sequence","79.02","",""
"07/09/2025 19:15:00 - 07/09/2025 19:30:00","BZN|FR","Without Sequence","79.02","",""
"07/09/2025 19:30:00 - 07/09/2025 19:45:00","BZN|FR","Without Sequence","79.02","",""
"07/09/2025 19:45:00 - 07/09/2025 20:00:00","BZN|FR","Without Sequence","79.02","",""
"07/09/2025 20:00:00 - 07/09/2025 20:15:00","BZN|FR","Without Sequence","95.09","",""
"07/09/2025 20:15:00 - 07/09/2025 20:30:00","BZN|FR","Without Sequence","95.09","",""
"07/09/2025 20:30:00 - 07/09/2025 20:45:00","BZN|FR","Without Sequence","95.09","",""
"07/09/2025 20:45:00 - 07/09/2025 21:00:00","BZN|FR","Without Sequence","95.09","",""
"07/09/2025 21:00:00 - 07/09/2025 21:15:00","BZN|FR","Without Sequence","89.06","",""
"07/09/2025 21:15:00 - 07/09/2025 21:30:00","BZN|FR","Without Sequence","89.06","",""
"07/09/2025 21:30:00 - 07/09/2025 21:45:00","BZN|FR","Without Sequence","89.06","",""
"07/09/2025 21:45:00 - 07/09/2025 22:00:00","BZN|FR","Without Sequence","89.06","",""
"07/09/2025 22:00:00 - 07/09/2025 22:15:00","BZN|FR","Without Sequence","87.68","",""
"07/09/2025 22:15:00 - 07/09/2025 22:30:00","BZN|FR","Without Sequence","87.68","",""
"07/09/2025 22:30:00 - 07/09/2025 22:45:00","BZN|FR","Without Sequence","87.68","",""
"07/09/2025 22:45:00 - 07/09/2025 23:00:00","BZN|FR","Without Sequence","87.68","",""
"07/09/2025 23:00:00 - 07/09/2025 23:15:00","BZN|FR","Without Sequence","87.08","",""
"07/09/2025 23:15:00 - 07/09/2025 23:30:00","BZN|FR","Without Sequence","87.08","",""
"07/09/2025 23:30:00 - 07/09/2025 23:45:00","BZN|FR","Without Sequence","87.08","",""
"07/09/2025 23:45:00 - 08/09/2025 00:00:00","BZN|FR","Without Sequence","87.08","",""
"08/09/2025 00:00:00 - 08/09/2025 00:15:00","BZN|FR","Without Sequence","66.76","",""
"08/09/2025 00:15:00 - 08/09/2025 00:30:00","BZN|FR","Without Sequence","66.76","",""
"08/09/2025 00:30:00 - 08/09/2025 00:45:00","BZN|FR","Without Sequence","66.76","",""
"08/09/2025 00:45:00 - 08/09/2025 01:00:00","BZN|FR","Without Sequence","66.76","",""
"08/09/2025 01:00:00 - 08/09/2025 01:15:00","BZN|FR","Without Sequence","63.50","",""
"08/09/2025 01:15:00 - 08/09/2025 01:30:00","BZN|FR","Without Sequence","63.50","",""
"08/09/2025 01:30:00 - 08/09/2025 01:45:00","BZN|FR","Without Sequence","63.50","",""
"08/09/2025 01:45:00 - 08/09/2025 02:00:00","BZN|FR","Without Sequence","63.50","",""
"08/09/2025 02:00:00 - 08/09/2025 02:15:00","BZN|FR","Without Sequence","63.39","",""
"08/09/2025 02:15:00 - 08/09/2025 02:30:00","BZN|FR","Without Sequence","63.39","",""
"08/09/2025 02:30:00 - 08/09/2025 02:45:00","BZN|FR","Without Sequence","63.39","",""
"08/09/2025 02:45:00 - 08/09/2025 03:00:00","BZN|FR","Without Sequence","63.39","",""
"08/09/2025 03:00:00 - 08/09/2025 03:15:00","BZN|FR","Without Sequence","37.78","",""
"08/09/2025 03:15:00 - 08/09/2025 03:30:00","BZN|FR","Without Sequence","37.78","",""
"08/09/2025 03:30:00 - 08/09/2025 03:45:00","BZN|FR","Without Sequence","37.78","",""
"08/09/2025 03:45:00 - 08/09/2025 04:00:00","BZN|FR","Without Sequence","37.78","",""
"08/09/2025 04:00:00 - 08/09/2025 04:15:00","BZN|FR","Without Sequence","31.86","",""
"08/09/2025 04:15:00 - 08/09/2025 04:30:00","BZN|FR","Without Sequence","31.86","",""
"08/09/2025 04:30:00 - 08/09/2025 04:45:00","BZN|FR","Without Sequence","31.86","",""
"08/09/2025 04:45:00 - 08/09/2025 05:00:00","BZN|FR","Without Sequence","31.86","",""
"08/09/2025 05:00:00 - 08/09/2025 05:15:00","BZN|FR","Without Sequence","55.70","",""
"08/09/2025 05:15:00 - 08/09/2025 05:30:00","BZN|FR","Without Sequence","55.70","",""
"08/09/2025 05:30:00 - 08/09/2025 05:45:00","BZN|FR","Without Sequence","55.70","",""
"08/09/2025 05:45:00 - 08/09/2025 06:00:00","BZN|FR","Without Sequence","55.70","",""
"08/09/2025 06:00:00 - 08/09/2025 06:15:00","BZN|FR","Without Sequence","77.98","",""
"08/09/2025 06:15:00 - 08/09/2025 06:30:00","BZN|FR","Without Sequence","77.98","",""
"08/09/2025 06:30:00 - 08/09/2025 06:45:00","BZN|FR","Without Sequence","77.98","",""
"08/09/2025 06:45:00 - 08/09/2025 07:00:00","BZN|FR","Without Sequence","77.98","",""
"08/09/2025 07:00:00 - 08/09/2025 07:15:00","BZN|FR","Without Sequence","69.61","",""
"08/09/2025 07:15:00 - 08/09/2025 07:30:00","BZN|FR","Without Sequence","69.61","",""
"08/09/2025 07:30:00 - 08/09/2025 07:45:00","BZN|FR","Without Sequence","69.61","",""
"08/09/2025 07:45:00 - 08/09/2025 08:00:00","BZN|FR","Without Sequence","69.61","",""
"08/09/2025 08:00:00 - 08/09/2025 08:15:00","BZN|FR","Without Sequence","108.36","",""
"08/09/2025 08:15:00 - 08/09/2025 08:30:00","BZN|FR","Without Sequence","108.36","",""
"08/09/2025 08:30:00 - 08/09/2025 08:45:00","BZN|FR","Without Sequence","108.36","",""
"08/09/2025 08:45:00 - 08/09/2025 09:00:00","BZN|FR","Without Sequence","108.36","",""
"08/09/2025 09:00:00 - 08/09/2025 09:15:00","BZN|FR","Without Sequence","98.21","",""
"08/09/2025 09:15:00 - 08/09/2025 09:30:00","BZN|FR","Without Sequence","98.21","",""
"08/09/2025 09:30:00 - 08/09/2025 09:45:00","BZN|FR","Without Sequence","98.21","",""
"08/09/2025 09:45:00 - 08/09/2025 10:00:00","BZN|FR","Without Sequence","98.21","",""
"08/09/2025 10:00:00 - 08/09/2025 10:15:00","BZN|FR","Without Sequence","85.83","",""
"08/09/2025 10:15:00 - 08/09/2025 10:30:00","BZN|FR","Without Sequence","85.83","",""
"08/09/2025 10:30:00 - 08/09/2025 10:45:00","BZN|FR","Without Sequence","85.83","",""
"08/09/2025 10:45:00 - 08/09/2025 11:00:00","BZN|FR","Without Sequence","85.83","",""
"08/09/2025 11:00:00 - 08/09/2025 11:15:00","BZN|FR","Without Sequence","63.00","",""
"08/09/2025 11:15:00 - 08/09/2025 11:30:00","BZN|FR","Without Sequence","63.00","",""
"08/09/2025 11:30:00 - 08/09/2025 11:45:00","BZN|FR","Without Sequence","63.00","",""
"08/09/2025 11:45:00 - 08/09/2025 12:00:00","BZN|FR","Without Sequence","63.00","",""
"08/09/2025 12:00:00 - 08/09/2025 12:15:00","BZN|FR","Without Sequence","52.01","",""
"08/09/2025 12:15:00 - 08/09/2025 12:30:00","BZN|FR","Without Sequence","52.01","",""
"08/09/2025 12:30:00 - 08/09/2025 12:45:00","BZN|FR","Without Sequence","52.01","",""
"08/09/2025 12:45:00 - 08/09/2025 13:00:00","BZN|FR","Without Sequence","52.01","",""
"08/09/2025 13:00:00 - 08/09/2025 13:15:00","BZN|FR","Without Sequence","38.56","",""
"08/09/2025 13:15:00 - 08/09/2025 13:30:00","BZN|FR","Without Sequence","38.56","",""
"08/09/2025 13:30:00 - 08/09/2025 13:45:00","BZN|FR","Without Sequence","38.56","",""
"08/09/2025 13:45:00 - 08/09/2025 14:00:00","BZN|FR","Without Sequence","38.56","",""
"08/09/2025 14:00:00 - 08/09/2025 14:15:00","BZN|FR","Without Sequence","37.21","",""
"08/09/2025 14:15:00 - 08/09/2025 14:30:00","BZN|FR","Without Sequence","37.21","",""
"08/09/2025 14:30:00 - 08/09/2025 14:45:00","BZN|FR","Without Sequence","37.21","",""
"08/09/2025 14:45:00 - 08/09/2025 15:00:00","BZN|FR","Without Sequence","37.21","",""
"08/09/2025 15:00:00 - 08/09/2025 15:15:00","BZN|FR","Without Sequence","27.34","",""
"08/09/2025 15:15:00 - 08/09/2025 15:30:00","BZN|FR","Without Sequence","27.34","",""
"08/09/2025 15:30:00 - 08/09/2025 15:45:00","BZN|FR","Without Sequence","27.34","",""
"08/09/2025 15:45:00 - 08/09/2025 16:00:00","BZN|FR","Without Sequence","27.34","",""
"08/09/2025 16:00:00 - 08/09/2025 16:15:00","BZN|FR","Without Sequence","38.72","",""
"08/09/2025 16:15:00 - 08/09/2025 16:30:00","BZN|FR","Without Sequence","38.72","",""
"08/09/2025 16:30:00 - 08/09/2025 16:45:00","BZN|FR","Without Sequence","38.72","",""
"08/09/2025 16:45:00 - 08/09/2025 17:00:00","BZN|FR","Without Sequence","38.72","",""
"08/09/2025 17:00:00 - 08/09/2025 17:15:00","BZN|FR","Without Sequence","48.64","",""
"08/09/2025 17:15:00 - 08/09/2025 17:30:00","BZN|FR","Without Sequence","48.64","",""
"08/09/2025 17:30:00 - 08/09/2025 17:45:00","BZN|FR","Without Sequence","48.64","",""
"08/09/2025 17:45:00 - 08/09/2025 18:00:00","BZN|FR","Without Sequence","48.64","",""
"08/09/2025 18:00:00 - 08/09/2025 18:15:00","BZN|FR","Without Sequence","73.08","",""
"08/09/2025 18:15:00 - 08/09/2025 18:30:00","BZN|FR","Without Sequence","73.08","",""
"08/09/2025 18:30:00 - 08/09/2025 18:45:00","BZN|FR","Without Sequence","73.08","",""
"08/09/2025 18:45:00 - 08/09/2025 19:00:00","BZN|FR","Without Sequence","73.08","",""
"08/09/2025 19:00:00 - 08/09/2025 19:15:00","BZN|FR","Without Sequence","91.15","",""
"08/09/2025 19:15:00 - 08/09/2025 19:30:00","BZN|FR","Without Sequence","91.15","",""
"08/09/2025 19:30:00 - 08/09/2025 19:45:00","BZN|FR","Without Sequence","91.15","",""
"08/09/2025 19:45:00 - 08/09/2025 20:00:00","BZN|FR","Without Sequence","91.15","",""
"08/09/2025 20:00:00 - 08/09/2025 20:15:00","BZN|FR","Without Sequence","98.21","",""
"08/09/2025 20:15:00 - 08/09/2025 20:30:00","BZN|FR","Without Sequence","98.21","",""
"08/09/2025 20:30:00 - 08/09/2025 20:45:00","BZN|FR","Without Sequence","98.21","",""
"08/09/2025 20:45:00 - 08/09/2025 21:00:00","BZN|FR","Without Sequence","98.21","",""
"08/09/2025 21:00:00 - 08/09/2025 21:15:00","BZN|FR","Without Sequence","95.26","",""
"08/09/2025 21:15:00 - 08/09/2025 21:30:00","BZN|FR","Without Sequence","95.26","",""
"08/09/2025 21:30:00 - 08/09/2025 21:45:00","BZN|FR","Without Sequence","95.26","",""
"08/09/2025 21:45:00 - 08/09/2025 22:00:00","BZN|FR","Without Sequence","95.26","",""
"08/09/2025 22:00:00 - 08/09/2025 22:15:00","BZN|FR","Without Sequence","89.35","",""
"08/09/2025 22:15:00 - 08/09/2025 22:30:00","BZN|FR","Without Sequence","89.35","",""
"08/09/2025 22:30:00 - 08/09/2025 22:45:00","BZN|FR","Without Sequence","89.35","",""
"08/09/2025 22:45:00 - 08/09/2025 23:00:00","BZN|FR","Without Sequence","89.35","",""
"08/09/2025 23:00:00 - 08/09/2025 23:15:00","BZN|FR","Without Sequence","73.08","",""
"08/09/2025 23:15:00 - 08/09/2025 23:30:00","BZN|FR","Without Sequence","73.08","",""
"08/09/2025 23:30:00 - 08/09/2025 23:45:00","BZN|FR","Without Sequence","73.08","",""
"08/09/2025 23:45:00 - 09/09/2025 00:00:00","BZN|FR","Without Sequence","73.08","",""
"09/09/2025 00:00:00 - 09/09/2025 00:15:00","BZN|FR","Without Sequence","37.23","",""
"09/09/2025 00:15:00 - 09/09/2025 00:30:00","BZN|FR","Without Sequence","37.23","",""
"09/09/2025 00:30:00 - 09/09/2025 00:45:00","BZN|FR","Without Sequence","37.23","",""
"09/09/2025 00:45:00 - 09/09/2025 01:00:00","BZN|FR","Without Sequence","37.23","",""
"09/09/2025 01:00:00 - 09/09/2025 01:15:00","BZN|FR","Without Sequence","37.82","",""
"09/09/2025 01:15:00 - 09/09/2025 01:30:00","BZN|FR","Without Sequence","37.82","",""
"09/09/2025 01:30:00 - 09/09/2025 01:45:00","BZN|FR","Without Sequence","37.82","",""
"09/09/2025 01:45:00 - 09/09/2025 02:00:00","BZN|FR","Without Sequence","37.82","",""
"09/09/2025 02:00:00 - 09/09/2025 02:15:00","BZN|FR","Without Sequence","38.16","",""
"09/09/2025 02:15:00 - 09/09/2025 02:30:00","BZN|FR","Without Sequence","38.16","",""
"09/09/2025 02:30:00 - 09/09/2025 02:45:00","BZN|FR","Without Sequence","38.16","",""
"09/09/2025 02:45:00 - 09/09/2025 03:00:00","BZN|FR","Without Sequence","38.16","",""
"09/09/2025 03:00:00 - 09/09/2025 03:15:00","BZN|FR","Without Sequence","30.98","",""
"09/09/2025 03:15:00 - 09/09/2025 03:30:00","BZN|FR","Without Sequence","30.98","",""
"09/09/2025 03:30:00 - 09/09/2025 03:45:00","BZN|FR","Without Sequence","30.98","",""
"09/09/2025 03:45:00 - 09/09/2025 04:00:00","BZN|FR","Without Sequence","30.98","",""
"09/09/2025 04:00:00 - 09/09/2025 04:15:00","BZN|FR","Without Sequence","19.02","",""
"09/09/2025 04:15:00 - 09/09/2025 04:30:00","BZN|FR","Without Sequence","19.02","",""
"09/09/2025 04:30:00 - 09/09/2025 04:45:00","BZN|FR","Without Sequence","19.02","",""
"09/09/2025 04:45:00 - 09/09/2025 05:00:00","BZN|FR","Without Sequence","19.02","",""
"09/09/2025 05:00:00 - 09/09/2025 05:15:00","BZN|FR","Without Sequence","28.18","",""
"09/09/2025 05:15:00 - 09/09/2025 05:30:00","BZN|FR","Without Sequence","28.18","",""
"09/09/2025 05:30:00 - 09/09/2025 05:45:00","BZN|FR","Without Sequence","28.18","",""
"09/09/2025 05:45:00 - 09/09/2025 06:00:00","BZN|FR","Without Sequence","28.18","",""
"09/09/2025 06:00:00 - 09/09/2025 06:15:00","BZN|FR","Without Sequence","47.48","",""
"09/09/2025 06:15:00 - 09/09/2025 06:30:00","BZN|FR","Without Sequence","47.48","",""
"09/09/2025 06:30:00 - 09/09/2025 06:45:00","BZN|FR","Without Sequence","47.48","",""
"09/09/2025 06:45:00 - 09/09/2025 07:00:00","BZN|FR","Without Sequence","47.48","",""
"09/09/2025 07:00:00 - 09/09/2025 07:15:00","BZN|FR","Without Sequence","93.78","",""
"09/09/2025 07:15:00 - 09/09/2025 07:30:00","BZN|FR","Without Sequence","93.78","",""
"09/09/2025 07:30:00 - 09/09/2025 07:45:00","BZN|FR","Without Sequence","93.78","",""
"09/09/2025 07:45:00 - 09/09/2025 08:00:00","BZN|FR","Without Sequence","93.78","",""
"09/09/2025 08:00:00 - 09/09/2025 08:15:00","BZN|FR","Without Sequence","96.44","",""
"09/09/2025 08:15:00 - 09/09/2025 08:30:00","BZN|FR","Without Sequence","96.44","",""
"09/09/2025 08:30:00 - 09/09/2025 08:45:00","BZN|FR","Without Sequence","96.44","",""
"09/09/2025 08:45:00 - 09/09/2025 09:00:00","BZN|FR","Without Sequence","96.44","",""
"09/09/2025 09:00:00 - 09/09/2025 09:15:00","BZN|FR","Without Sequence","80.71","",""
"09/09/2025 09:15:00 - 09/09/2025 09:30:00","BZN|FR","Without Sequence","80.71","",""
"09/09/2025 09:30:00 - 09/09/2025 09:45:00","BZN|FR","Without Sequence","80.71","",""
"09/09/2025 09:45:00 - 09/09/2025 10:00:00","BZN|FR","Without Sequence","80.71","",""
"09/09/2025 10:00:00 - 09/09/2025 10:15:00","BZN|FR","Without Sequence","54.93","",""
"09/09/2025 10:15:00 - 09/09/2025 10:30:00","BZN|FR","Without Sequence","54.93","",""
"09/09/2025 10:30:00 - 09/09/2025 10:45:00","BZN|FR","Without Sequence","54.93","",""
"09/09/2025 10:45:00 - 09/09/2025 11:00:00","BZN|FR","Without Sequence","54.93","",""
"09/09/2025 11:00:00 - 09/09/2025 11:15:00","BZN|FR","Without Sequence","30.22","",""
"09/09/2025 11:15:00 - 09/09/2025 11:30:00","BZN|FR","Without Sequence","30.22","",""
"09/09/2025 11:30:00 - 09/09/2025 11:45:00","BZN|FR","Without Sequence","30.22","",""
"09/09/2025 11:45:00 - 09/09/2025 12:00:00","BZN|FR","Without Sequence","30.22","",""
"09/09/2025 12:00:00 - 09/09/2025 12:15:00","BZN|FR","Without Sequence","26.00","",""
"09/09/2025 12:15:00 - 09/09/2025 12:30:00","BZN|FR","Without Sequence","26.00","",""
"09/09/2025 12:30:00 - 09/09/2025 12:45:00","BZN|FR","Without Sequence","26.00","",""
"09/09/2025 12:45:00 - 09/09/2025 13:00:00","BZN|FR","Without Sequence","26.00","",""
"09/09/2025 13:00:00 - 09/09/2025 13:15:00","BZN|FR","Without Sequence","19.25","",""
"09/09/2025 13:15:00 - 09/09/2025 13:30:00","BZN|FR","Without Sequence","19.25","",""
"09/09/2025 13:30:00 - 09/09/2025 13:45:00","BZN|FR","Without Sequence","19.25","",""
"09/09/2025 13:45:00 - 09/09/2025 14:00:00","BZN|FR","Without Sequence","19.25","",""
"09/09/2025 14:00:00 - 09/09/2025 14:15:00","BZN|FR","Without Sequence","17.19","",""
"09/09/2025 14:15:00 - 09/09/2025 14:30:00","BZN|FR","Without Sequence","17.19","",""
"09/09/2025 14:30:00 - 09/09/2025 14:45:00","BZN|FR","Without Sequence","17.19","",""
"09/09/2025 14:45:00 - 09/09/2025 15:00:00","BZN|FR","Without Sequence","17.19","",""
"09/09/2025 15:00:00 - 09/09/2025 15:15:00","BZN|FR","Without Sequence","8.91","",""
"09/09/2025 15:15:00 - 09/09/2025 15:30:00","BZN|FR","Without Sequence","8.91","",""
"09/09/2025 15:30:00 - 09/09/2025 15:45:00","BZN|FR","Without Sequence","8.91","",""
"09/09/2025 15:45:00 - 09/09/2025 16:00:00","BZN|FR","Without Sequence","8.91","",""
"09/09/2025 16:00:00 - 09/09/2025 16:15:00","BZN|FR","Without Sequence","16.57","",""
"09/09/2025 16:15:00 - 09/09/2025 16:30:00","BZN|FR","Without Sequence","16.57","",""
"09/09/2025 16:30:00 - 09/09/2025 16:45:00","BZN|FR","Without Sequence","16.57","",""
"09/09/2025 16:45:00 - 09/09/2025 17:00:00","BZN|FR","Without Sequence","16.57","",""
"09/09/2025 17:00:00 - 09/09/2025 17:15:00","BZN|FR","Without Sequence","32.26","",""
"09/09/2025 17:15:00 - 09/09/2025 17:30:00","BZN|FR","Without Sequence","32.26","",""
"09/09/2025 17:30:00 - 09/09/2025 17:45:00","BZN|FR","Without Sequence","32.26","",""
"09/09/2025 17:45:00 - 09/09/2025 18:00:00","BZN|FR","Without Sequence","32.26","",""
"09/09/2025 18:00:00 - 09/09/2025 18:15:00","BZN|FR","Without Sequence","56.00","",""
"09/09/2025 18:15:00 - 09/09/2025 18:30:00","BZN|FR","Without Sequence","56.00","",""
"09/09/2025 18:30:00 - 09/09/2025 18:45:00","BZN|FR","Without Sequence","56.00","",""
"09/09/2025 18:45:00 - 09/09/2025 19:00:00","BZN|FR","Without Sequence","56.00","",""
"09/09/2025 19:00:00 - 09/09/2025 19:15:00","BZN|FR","Without Sequence","90.00","",""
"09/09/2025 19:15:00 - 09/09/2025 19:30:00","BZN|FR","Without Sequence","90.00","",""
"09/09/2025 19:30:00 - 09/09/2025 19:45:00","BZN|FR","Without Sequence","90.00","",""
"09/09/2025 19:45:00 - 09/09/2025 20:00:00","BZN|FR","Without Sequence","90.00","",""
"09/09/2025 20:00:00 - 09/09/2025 20:15:00","BZN|FR","Without Sequence","111.37","",""
"09/09/2025 20:15:00 - 09/09/2025 20:30:00","BZN|FR","Without Sequence","111.37","",""
"09/09/2025 20:30:00 - 09/09/2025 20:45:00","BZN|FR","Without Sequence","111.37","",""
"09/09/2025 20:45:00 - 09/09/2025 21:00:00","BZN|FR","Without Sequence","111.37","",""
"09/09/2025 21:00:00 - 09/09/2025 21:15:00","BZN|FR","Without Sequence","91.60","",""
"09/09/2025 21:15:00 - 09/09/2025 21:30:00","BZN|FR","Without Sequence","91.60","",""
"09/09/2025 21:30:00 - 09/09/2025 21:45:00","BZN|FR","Without Sequence","91.60","",""
"09/09/2025 21:45:00 - 09/09/2025 22:00:00","BZN|FR","Without Sequence","91.60","",""
"09/09/2025 22:00:00 - 09/09/2025 22:15:00","BZN|FR","Without Sequence","95.49","",""
"09/09/2025 22:15:00 - 09/09/2025 22:30:00","BZN|FR","Without Sequence","95.49","",""
"09/09/2025 22:30:00 - 09/09/2025 22:45:00","BZN|FR","Without Sequence","95.49","",""
"09/09/2025 22:45:00 - 09/09/2025 23:00:00","BZN|FR","Without Sequence","95.49","",""
"09/09/2025 23:00:00 - 09/09/2025 23:15:00","BZN|FR","Without Sequence","78.37","",""
"09/09/2025 23:15:00 - 09/09/2025 23:30:00","BZN|FR","Without Sequence","78.37","",""
"09/09/2025 23:30:00 - 09/09/2025 23:45:00","BZN|FR","Without Sequence","78.37","",""
"09/09/2025 23:45:00 - 10/09/2025 00:00:00","BZN|FR","Without Sequence","78.37","",""
"10/09/2025 00:00:00 - 10/09/2025 00:15:00","BZN|FR","Without Sequence","8.55","",""
"10/09/2025 00:15:00 - 10/09/2025 00:30:00","BZN|FR","Without Sequence","8.55","",""
"10/09/2025 00:30:00 - 10/09/2025 00:45:00","BZN|FR","Without Sequence","8.55","",""
"10/09/2025 00:45:00 - 10/09/2025 01:00:00","BZN|FR","Without Sequence","8.55","",""
"10/09/2025 01:00:00 - 10/09/2025 01:15:00","BZN|FR","Without Sequence","4.99","",""
"10/09/2025 01:15:00 - 10/09/2025 01:30:00","BZN|FR","Without Sequence","4.99","",""
"10/09/2025 01:30:00 - 10/09/2025 01:45:00","BZN|FR","Without Sequence","4.99","",""
"10/09/2025 01:45:00 - 10/09/2025 02:00:00","BZN|FR","Without Sequence","4.99","",""
"10/09/2025 02:00:00 - 10/09/2025 02:15:00","BZN|FR","Without Sequence","16.02","",""
"10/09/2025 02:15:00 - 10/09/2025 02:30:00","BZN|FR","Without Sequence","16.02","",""
"10/09/2025 02:30:00 - 10/09/2025 02:45:00","BZN|FR","Without Sequence","16.02","",""
"10/09/2025 02:45:00 - 10/09/2025 03:00:00","BZN|FR","Without Sequence","16.02","",""
"10/09/2025 03:00:00 - 10/09/2025 03:15:00","BZN|FR","Without Sequence","10.68","",""
"10/09/2025 03:15:00 - 10/09/2025 03:30:00","BZN|FR","Without Sequence","10.68","",""
"10/09/2025 03:30:00 - 10/09/2025 03:45:00","BZN|FR","Without Sequence","10.68","",""
"10/09/2025 03:45:00 - 10/09/2025 04:00:00","BZN|FR","Without Sequence","10.68","",""
"10/09/2025 04:00:00 - 10/09/2025 04:15:00","BZN|FR","Without Sequence","6.81","",""
"10/09/2025 04:15:00 - 10/09/2025 04:30:00","BZN|FR","Without Sequence","6.81","",""
"10/09/2025 04:30:00 - 10/09/2025 04:45:00","BZN|FR","Without Sequence","6.81","",""
"10/09/2025 04:45:00 - 10/09/2025 05:00:00","BZN|FR","Without Sequence","6.81","",""
"10/09/2025 05:00:00 - 10/09/2025 05:15:00","BZN|FR","Without Sequence","3.68","",""
"10/09/2025 05:15:00 - 10/09/2025 05:30:00","BZN|FR","Without Sequence","3.68","",""
"10/09/2025 05:30:00 - 10/09/2025 05:45:00","BZN|FR","Without Sequence","3.68","",""
"10/09/2025 05:45:00 - 10/09/2025 06:00:00","BZN|FR","Without Sequence","3.68","",""
"10/09/2025 06:00:00 - 10/09/2025 06:15:00","BZN|FR","Without Sequence","30.01","",""
"10/09/2025 06:15:00 - 10/09/2025 06:30:00","BZN|FR","Without Sequence","30.01","",""
"10/09/2025 06:30:00 - 10/09/2025 06:45:00","BZN|FR","Without Sequence","30.01","",""
"10/09/2025 06:45:00 - 10/09/2025 07:00:00","BZN|FR","Without Sequence","30.01","",""
"10/09/2025 07:00:00 - 10/09/2025 07:15:00","BZN|FR","Without Sequence","15.00","",""
"10/09/2025 07:15:00 - 10/09/2025 07:30:00","BZN|FR","Without Sequence","15.00","",""
"10/09/2025 07:30:00 - 10/09/2025 07:45:00","BZN|FR","Without Sequence","15.00","",""
"10/09/2025 07:45:00 - 10/09/2025 08:00:00","BZN|FR","Without Sequence","15.00","",""
"10/09/2025 08:00:00 - 10/09/2025 08:15:00","BZN|FR","Without Sequence","20.62","",""
"10/09/2025 08:15:00 - 10/09/2025 08:30:00","BZN|FR","Without Sequence","20.62","",""
"10/09/2025 08:30:00 - 10/09/2025 08:45:00","BZN|FR","Without Sequence","20.62","",""
"10/09/2025 08:45:00 - 10/09/2025 09:00:00","BZN|FR","Without Sequence","20.62","",""
"10/09/2025 09:00:00 - 10/09/2025 09:15:00","BZN|FR","Without Sequence","42.16","",""
"10/09/2025 09:15:00 - 10/09/2025 09:30:00","BZN|FR","Without Sequence","42.16","",""
"10/09/2025 09:30:00 - 10/09/2025 09:45:00","BZN|FR","Without Sequence","42.16","",""
"10/09/2025 09:45:00 - 10/09/2025 10:00:00","BZN|FR","Without Sequence","42.16","",""
"10/09/2025 10:00:00 - 10/09/2025 10:15:00","BZN|FR","Without Sequence","8.00","",""
"10/09/2025 10:15:00 - 10/09/2025 10:30:00","BZN|FR","Without Sequence","8.00","",""
"10/09/2025 10:30:00 - 10/09/2025 10:45:00","BZN|FR","Without Sequence","8.00","",""
"10/09/2025 10:45:00 - 10/09/2025 11:00:00","BZN|FR","Without Sequence","8.00","",""
"10/09/2025 11:00:00 - 10/09/2025 11:15:00","BZN|FR","Without Sequence","0.00","",""
"10/09/2025 11:15:00 - 10/09/2025 11:30:00","BZN|FR","Without Sequence","0.00","",""
"10/09/2025 11:30:00 - 10/09/2025 11:45:00","BZN|FR","Without Sequence","0.00","",""
"10/09/2025 11:45:00 - 10/09/2025 12:00:00","BZN|FR","Without Sequence","0.00","",""
"10/09/2025 12:00:00 - 10/09/2025 12:15:00","BZN|FR","Without Sequence","0.00","",""
"10/09/2025 12:15:00 - 10/09/2025 12:30:00","BZN|FR","Without Sequence","0.00","",""
"10/09/2025 12:30:00 - 10/09/2025 12:45:00","BZN|FR","Without Sequence","0.00","",""
"10/09/2025 12:45:00 - 10/09/2025 13:00:00","BZN|FR","Without Sequence","0.00","",""
"10/09/2025 13:00:00 - 10/09/2025 13:15:00","BZN|FR","Without Sequence","-0.01","",""
"10/09/2025 13:15:00 - 10/09/2025 13:30:00","BZN|FR","Without Sequence","-0.01","",""
"10/09/2025 13:30:00 - 10/09/2025 13:45:00","BZN|FR","Without Sequence","-0.01","",""
"10/09/2025 13:45:00 - 10/09/2025 14:00:00","BZN|FR","Without Sequence","-0.01","",""
"10/09/2025 14:00:00 - 10/09/2025 14:15:00","BZN|FR","Without Sequence","-0.01","",""
"10/09/2025 14:15:00 - 10/09/2025 14:30:00","BZN|FR","Without Sequence","-0.01","",""
"10/09/2025 14:30:00 - 10/09/2025 14:45:00","BZN|FR","Without Sequence","-0.01","",""
"10/09/2025 14:45:00 - 10/09/2025 15:00:00","BZN|FR","Without Sequence","-0.01","",""
"10/09/2025 15:00:00 - 10/09/2025 15:15:00","BZN|FR","Without Sequence","-0.01","",""
"10/09/2025 15:15:00 - 10/09/2025 15:30:00","BZN|FR","Without Sequence","-0.01","",""
"10/09/2025 15:30:00 - 10/09/2025 15:45:00","BZN|FR","Without Sequence","-0.01","",""
"10/09/2025 15:45:00 - 10/09/2025 16:00:00","BZN|FR","Without Sequence","-0.01","",""
"10/09/2025 16:00:00 - 10/09/2025 16:15:00","BZN|FR","Without Sequence","-0.01","",""
"10/09/2025 16:15:00 - 10/09/2025 16:30:00","BZN|FR","Without Sequence","-0.01","",""
"10/09/2025 16:30:00 - 10/09/2025 16:45:00","BZN|FR","Without Sequence","-0.01","",""
"10/09/2025 16:45:00 - 10/09/2025 17:00:00","BZN|FR","Without Sequence","-0.01","",""
"10/09/2025 17:00:00 - 10/09/2025 17:15:00","BZN|FR","Without Sequence","4.90","",""
"10/09/2025 17:15:00 - 10/09/2025 17:30:00","BZN|FR","Without Sequence","4.90","",""
"10/09/2025 17:30:00 - 10/09/2025 17:45:00","BZN|FR","Without Sequence","4.90","",""
"10/09/2025 17:45:00 - 10/09/2025 18:00:00","BZN|FR","Without Sequence","4.90","",""
"10/09/2025 18:00:00 - 10/09/2025 18:15:00","BZN|FR","Without Sequence","23.09","",""
"10/09/2025 18:15:00 - 10/09/2025 18:30:00","BZN|FR","Without Sequence","23.09","",""
"10/09/2025 18:30:00 - 10/09/2025 18:45:00","BZN|FR","Without Sequence","23.09","",""
"10/09/2025 18:45:00 - 10/09/2025 19:00:00","BZN|FR","Without Sequence","23.09","",""
"10/09/2025 19:00:00 - 10/09/2025 19:15:00","BZN|FR","Without Sequence","51.17","",""
"10/09/2025 19:15:00 - 10/09/2025 19:30:00","BZN|FR","Without Sequence","51.17","",""
"10/09/2025 19:30:00 - 10/09/2025 19:45:00","BZN|FR","Without Sequence","51.17","",""
"10/09/2025 19:45:00 - 10/09/2025 20:00:00","BZN|FR","Without Sequence","51.17","",""
"10/09/2025 20:00:00 - 10/09/2025 20:15:00","BZN|FR","Without Sequence","41.79","",""
"10/09/2025 20:15:00 - 10/09/2025 20:30:00","BZN|FR","Without Sequence","41.79","",""
"10/09/2025 20:30:00 - 10/09/2025 20:45:00","BZN|FR","Without Sequence","41.79","",""
"10/09/2025 20:45:00 - 10/09/2025 21:00:00","BZN|FR","Without Sequence","41.79","",""
"10/09/2025 21:00:00 - 10/09/2025 21:15:00","BZN|FR","Without Sequence","16.38","",""
"10/09/2025 21:15:00 - 10/09/2025 21:30:00","BZN|FR","Without Sequence","16.38","",""
"10/09/2025 21:30:00 - 10/09/2025 21:45:00","BZN|FR","Without Sequence","16.38","",""
"10/09/2025 21:45:00 - 10/09/2025 22:00:00","BZN|FR","Without Sequence","16.38","",""
"10/09/2025 22:00:00 - 10/09/2025 22:15:00","BZN|FR","Without Sequence","14.00","",""
"10/09/2025 22:15:00 - 10/09/2025 22:30:00","BZN|FR","Without Sequence","14.00","",""
"10/09/2025 22:30:00 - 10/09/2025 22:45:00","BZN|FR","Without Sequence","14.00","",""
"10/09/2025 22:45:00 - 10/09/2025 23:00:00","BZN|FR","Without Sequence","14.00","",""
"10/09/2025 23:00:00 - 10/09/2025 23:15:00","BZN|FR","Without Sequence","14.75","",""
"10/09/2025 23:15:00 - 10/09/2025 23:30:00","BZN|FR","Without Sequence","14.75","",""
"10/09/2025 23:30:00 - 10/09/2025 23:45:00","BZN|FR","Without Sequence","14.75","",""
"10/09/2025 23:45:00 - 11/09/2025 00:00:00","BZN|FR","Without Sequence","14.75","",""
"11/09/2025 00:00:00 - 11/09/2025 00:15:00","BZN|FR","Without Sequence","14.00","",""
"11/09/2025 00:15:00 - 11/09/2025 00:30:00","BZN|FR","Without Sequence","14.00","",""
"11/09/2025 00:30:00 - 11/09/2025 00:45:00","BZN|FR","Without Sequence","14.00","",""
"11/09/2025 00:45:00 - 11/09/2025 01:00:00","BZN|FR","Without Sequence","14.00","",""
"11/09/2025 01:00:00 - 11/09/2025 01:15:00","BZN|FR","Without Sequence","11.70","",""
"11/09/2025 01:15:00 - 11/09/2025 01:30:00","BZN|FR","Without Sequence","11.70","",""
"11/09/2025 01:30:00 - 11/09/2025 01:45:00","BZN|FR","Without Sequence","11.70","",""
"11/09/2025 01:45:00 - 11/09/2025 02:00:00","BZN|FR","Without Sequence","11.70","",""
"11/09/2025 02:00:00 - 11/09/2025 02:15:00","BZN|FR","Without Sequence","10.53","",""
"11/09/2025 02:15:00 - 11/09/2025 02:30:00","BZN|FR","Without Sequence","10.53","",""
"11/09/2025 02:30:00 - 11/09/2025 02:45:00","BZN|FR","Without Sequence","10.53","",""
"11/09/2025 02:45:00 - 11/09/2025 03:00:00","BZN|FR","Without Sequence","10.53","",""
"11/09/2025 03:00:00 - 11/09/2025 03:15:00","BZN|FR","Without Sequence","0.00","",""
"11/09/2025 03:15:00 - 11/09/2025 03:30:00","BZN|FR","Without Sequence","0.00","",""
"11/09/2025 03:30:00 - 11/09/2025 03:45:00","BZN|FR","Without Sequence","0.00","",""
"11/09/2025 03:45:00 - 11/09/2025 04:00:00","BZN|FR","Without Sequence","0.00","",""
"11/09/2025 04:00:00 - 11/09/2025 04:15:00","BZN|FR","Without Sequence","0.00","",""
"11/09/2025 04:15:00 - 11/09/2025 04:30:00","BZN|FR","Without Sequence","0.00","",""
"11/09/2025 04:30:00 - 11/09/2025 04:45:00","BZN|FR","Without Sequence","0.00","",""
"11/09/2025 04:45:00 - 11/09/2025 05:00:00","BZN|FR","Without Sequence","0.00","",""
"11/09/2025 05:00:00 - 11/09/2025 05:15:00","BZN|FR","Without Sequence","8.84","",""
"11/09/2025 05:15:00 - 11/09/2025 05:30:00","BZN|FR","Without Sequence","8.84","",""
"11/09/2025 05:30:00 - 11/09/2025 05:45:00","BZN|FR","Without Sequence","8.84","",""
"11/09/2025 05:45:00 - 11/09/2025 06:00:00","BZN|FR","Without Sequence","8.84","",""
"11/09/2025 06:00:00 - 11/09/2025 06:15:00","BZN|FR","Without Sequence","9.64","",""
"11/09/2025 06:15:00 - 11/09/2025 06:30:00","BZN|FR","Without Sequence","9.64","",""
"11/09/2025 06:30:00 - 11/09/2025 06:45:00","BZN|FR","Without Sequence","9.64","",""
"11/09/2025 06:45:00 - 11/09/2025 07:00:00","BZN|FR","Without Sequence","9.64","",""
"11/09/2025 07:00:00 - 11/09/2025 07:15:00","BZN|FR","Without Sequence","28.59","",""
"11/09/2025 07:15:00 - 11/09/2025 07:30:00","BZN|FR","Without Sequence","28.59","",""
"11/09/2025 07:30:00 - 11/09/2025 07:45:00","BZN|FR","Without Sequence","28.59","",""
"11/09/2025 07:45:00 - 11/09/2025 08:00:00","BZN|FR","Without Sequence","28.59","",""
"11/09/2025 08:00:00 - 11/09/2025 08:15:00","BZN|FR","Without Sequence","37.08","",""
"11/09/2025 08:15:00 - 11/09/2025 08:30:00","BZN|FR","Without Sequence","37.08","",""
"11/09/2025 08:30:00 - 11/09/2025 08:45:00","BZN|FR","Without Sequence","37.08","",""
"11/09/2025 08:45:00 - 11/09/2025 09:00:00","BZN|FR","Without Sequence","37.08","",""
"11/09/2025 09:00:00 - 11/09/2025 09:15:00","BZN|FR","Without Sequence","17.13","",""
"11/09/2025 09:15:00 - 11/09/2025 09:30:00","BZN|FR","Without Sequence","17.13","",""
"11/09/2025 09:30:00 - 11/09/2025 09:45:00","BZN|FR","Without Sequence","17.13","",""
"11/09/2025 09:45:00 - 11/09/2025 10:00:00","BZN|FR","Without Sequence","17.13","",""
"11/09/2025 10:00:00 - 11/09/2025 10:15:00","BZN|FR","Without Sequence","0.03","",""
"11/09/2025 10:15:00 - 11/09/2025 10:30:00","BZN|FR","Without Sequence","0.03","",""
"11/09/2025 10:30:00 - 11/09/2025 10:45:00","BZN|FR","Without Sequence","0.03","",""
"11/09/2025 10:45:00 - 11/09/2025 11:00:00","BZN|FR","Without Sequence","0.03","",""
"11/09/2025 11:00:00 - 11/09/2025 11:15:00","BZN|FR","Without Sequence","-0.01","",""
"11/09/2025 11:15:00 - 11/09/2025 11:30:00","BZN|FR","Without Sequence","-0.01","",""
"11/09/2025 11:30:00 - 11/09/2025 11:45:00","BZN|FR","Without Sequence","-0.01","",""
"11/09/2025 11:45:00 - 11/09/2025 12:00:00","BZN|FR","Without Sequence","-0.01","",""
"11/09/2025 12:00:00 - 11/09/2025 12:15:00","BZN|FR","Without Sequence","-0.01","",""
"11/09/2025 12:15:00 - 11/09/2025 12:30:00","BZN|FR","Without Sequence","-0.01","",""
"11/09/2025 12:30:00 - 11/09/2025 12:45:00","BZN|FR","Without Sequence","-0.01","",""
"11/09/2025 12:45:00 - 11/09/2025 13:00:00","BZN|FR","Without Sequence","-0.01","",""
"11/09/2025 13:00:00 - 11/09/2025 13:15:00","BZN|FR","Without Sequence","-0.01","",""
"11/09/2025 13:15:00 - 11/09/2025 13:30:00","BZN|FR","Without Sequence","-0.01","",""
"11/09/2025 13:30:00 - 11/09/2025 13:45:00","BZN|FR","Without Sequence","-0.01","",""
"11/09/2025 13:45:00 - 11/09/2025 14:00:00","BZN|FR","Without Sequence","-0.01","",""
"11/09/2025 14:00:00 - 11/09/2025 14:15:00","BZN|FR","Without Sequence","-0.01","",""
"11/09/2025 14:15:00 - 11/09/2025 14:30:00","BZN|FR","Without Sequence","-0.01","",""
"11/09/2025 14:30:00 - 11/09/2025 14:45:00","BZN|FR","Without Sequence","-0.01","",""
"11/09/2025 14:45:00 - 11/09/2025 15:00:00","BZN|FR","Without Sequence","-0.01","",""
"11/09/2025 15:00:00 - 11/09/2025 15:15:00","BZN|FR","Without Sequence","-0.01","",""
"11/09/2025 15:15:00 - 11/09/2025 15:30:00","BZN|FR","Without Sequence","-0.01","",""
"11/09/2025 15:30:00 - 11/09/2025 15:45:00","BZN|FR","Without Sequence","-0.01","",""
"11/09/2025 15:45:00 - 11/09/2025 16:00:00","BZN|FR","Without Sequence","-0.01","",""
"11/09/2025 16:00:00 - 11/09/2025 16:15:00","BZN|FR","Without Sequence","-0.01","",""
"11/09/2025 16:15:00 - 11/09/2025 16:30:00","BZN|FR","Without Sequence","-0.01","",""
"11/09/2025 16:30:00 - 11/09/2025 16:45:00","BZN|FR","Without Sequence","-0.01","",""
"11/09/2025 16:45:00 - 11/09/2025 17:00:00","BZN|FR","Without Sequence","-0.01","",""
"11/09/2025 17:00:00 - 11/09/2025 17:15:00","BZN|FR","Without Sequence","0.00","",""
"11/09/2025 17:15:00 - 11/09/2025 17:30:00","BZN|FR","Without Sequence","0.00","",""
"11/09/2025 17:30:00 - 11/09/2025 17:45:00","BZN|FR","Without Sequence","0.00","",""
"11/09/2025 17:45:00 - 11/09/2025 18:00:00","BZN|FR","Without Sequence","0.00","",""
"11/09/2025 18:00:00 - 11/09/2025 18:15:00","BZN|FR","Without Sequence","7.05","",""
"11/09/2025 18:15:00 - 11/09/2025 18:30:00","BZN|FR","Without Sequence","7.05","",""
"11/09/2025 18:30:00 - 11/09/2025 18:45:00","BZN|FR","Without Sequence","7.05","",""
"11/09/2025 18:45:00 - 11/09/2025 19:00:00","BZN|FR","Without Sequence","7.05","",""
"11/09/2025 19:00:00 - 11/09/2025 19:15:00","BZN|FR","Without Sequence","32.46","",""
"11/09/2025 19:15:00 - 11/09/2025 19:30:00","BZN|FR","Without Sequence","32.46","",""
"11/09/2025 19:30:00 - 11/09/2025 19:45:00","BZN|FR","Without Sequence","32.46","",""
"11/09/2025 19:45:00 - 11/09/2025 20:00:00","BZN|FR","Without Sequence","32.46","",""
"11/09/2025 20:00:00 - 11/09/2025 20:15:00","BZN|FR","Without Sequence","25.85","",""
"11/09/2025 20:15:00 - 11/09/2025 20:30:00","BZN|FR","Without Sequence","25.85","",""
"11/09/2025 20:30:00 - 11/09/2025 20:45:00","BZN|FR","Without Sequence","25.85","",""
"11/09/2025 20:45:00 - 11/09/2025 21:00:00","BZN|FR","Without Sequence","25.85","",""
"11/09/2025 21:00:00 - 11/09/2025 21:15:00","BZN|FR","Without Sequence","11.81","",""
"11/09/2025 21:15:00 - 11/09/2025 21:30:00","BZN|FR","Without Sequence","11.81","",""
"11/09/2025 21:30:00 - 11/09/2025 21:45:00","BZN|FR","Without Sequence","11.81","",""
"11/09/2025 21:45:00 - 11/09/2025 22:00:00","BZN|FR","Without Sequence","11.81","",""
"11/09/2025 22:00:00 - 11/09/2025 22:15:00","BZN|FR","Without Sequence","15.97","",""
"11/09/2025 22:15:00 - 11/09/2025 22:30:00","BZN|FR","Without Sequence","15.97","",""
"11/09/2025 22:30:00 - 11/09/2025 22:45:00","BZN|FR","Without Sequence","15.97","",""
"11/09/2025 22:45:00 - 11/09/2025 23:00:00","BZN|FR","Without Sequence","15.97","",""
"11/09/2025 23:00:00 - 11/09/2025 23:15:00","BZN|FR","Without Sequence","11.87","",""
"11/09/2025 23:15:00 - 11/09/2025 23:30:00","BZN|FR","Without Sequence","11.87","",""
"11/09/2025 23:30:00 - 11/09/2025 23:45:00","BZN|FR","Without Sequence","11.87","",""
"11/09/2025 23:45:00 - 12/09/2025 00:00:00","BZN|FR","Without Sequence","11.87","",""
"12/09/2025 00:00:00 - 12/09/2025 00:15:00","BZN|FR","Without Sequence","0.00","",""
"12/09/2025 00:15:00 - 12/09/2025 00:30:00","BZN|FR","Without Sequence","0.00","",""
"12/09/2025 00:30:00 - 12/09/2025 00:45:00","BZN|FR","Without Sequence","0.00","",""
"12/09/2025 00:45:00 - 12/09/2025 01:00:00","BZN|FR","Without Sequence","0.00","",""
"12/09/2025 01:00:00 - 12/09/2025 01:15:00","BZN|FR","Without Sequence","0.01","",""
"12/09/2025 01:15:00 - 12/09/2025 01:30:00","BZN|FR","Without Sequence","0.01","",""
"12/09/2025 01:30:00 - 12/09/2025 01:45:00","BZN|FR","Without Sequence","0.01","",""
"12/09/2025 01:45:00 - 12/09/2025 02:00:00","BZN|FR","Without Sequence","0.01","",""
"12/09/2025 02:00:00 - 12/09/2025 02:15:00","BZN|FR","Without Sequence","0.44","",""
"12/09/2025 02:15:00 - 12/09/2025 02:30:00","BZN|FR","Without Sequence","0.44","",""
"12/09/2025 02:30:00 - 12/09/2025 02:45:00","BZN|FR","Without Sequence","0.44","",""
"12/09/2025 02:45:00 - 12/09/2025 03:00:00","BZN|FR","Without Sequence","0.44","",""
"12/09/2025 03:00:00 - 12/09/2025 03:15:00","BZN|FR","Without Sequence","0.01","",""
"12/09/2025 03:15:00 - 12/09/2025 03:30:00","BZN|FR","Without Sequence","0.01","",""
"12/09/2025 03:30:00 - 12/09/2025 03:45:00","BZN|FR","Without Sequence","0.01","",""
"12/09/2025 03:45:00 - 12/09/2025 04:00:00","BZN|FR","Without Sequence","0.01","",""
"12/09/2025 04:00:00 - 12/09/2025 04:15:00","BZN|FR","Without Sequence","0.01","",""
"12/09/2025 04:15:00 - 12/09/2025 04:30:00","BZN|FR","Without Sequence","0.01","",""
"12/09/2025 04:30:00 - 12/09/2025 04:45:00","BZN|FR","Without Sequence","0.01","",""
"12/09/2025 04:45:00 - 12/09/2025 05:00:00","BZN|FR","Without Sequence","0.01","",""
"12/09/2025 05:00:00 - 12/09/2025 05:15:00","BZN|FR","Without Sequence","3.00","",""
"12/09/2025 05:15:00 - 12/09/2025 05:30:00","BZN|FR","Without Sequence","3.00","",""
"12/09/2025 05:30:00 - 12/09/2025 05:45:00","BZN|FR","Without Sequence","3.00","",""
"12/09/2025 05:45:00 - 12/09/2025 06:00:00","BZN|FR","Without Sequence","3.00","",""
"12/09/2025 06:00:00 - 12/09/2025 06:15:00","BZN|FR","Without Sequence","11.58","",""
"12/09/2025 06:15:00 - 12/09/2025 06:30:00","BZN|FR","Without Sequence","11.58","",""
"12/09/2025 06:30:00 - 12/09/2025 06:45:00","BZN|FR","Without Sequence","11.58","",""
"12/09/2025 06:45:00 - 12/09/2025 07:00:00","BZN|FR","Without Sequence","11.58","",""
"12/09/2025 07:00:00 - 12/09/2025 07:15:00","BZN|FR","Without Sequence","21.04","",""
"12/09/2025 07:15:00 - 12/09/2025 07:30:00","BZN|FR","Without Sequence","21.04","",""
"12/09/2025 07:30:00 - 12/09/2025 07:45:00","BZN|FR","Without Sequence","21.04","",""
"12/09/2025 07:45:00 - 12/09/2025 08:00:00","BZN|FR","Without Sequence","21.04","",""
"12/09/2025 08:00:00 - 12/09/2025 08:15:00","BZN|FR","Without Sequence","41.82","",""
"12/09/2025 08:15:00 - 12/09/2025 08:30:00","BZN|FR","Without Sequence","41.82","",""
"12/09/2025 08:30:00 - 12/09/2025 08:45:00","BZN|FR","Without Sequence","41.82","",""
"12/09/2025 08:45:00 - 12/09/2025 09:00:00","BZN|FR","Without Sequence","41.82","",""
"12/09/2025 09:00:00 - 12/09/2025 09:15:00","BZN|FR","Without Sequence","26.68","",""
"12/09/2025 09:15:00 - 12/09/2025 09:30:00","BZN|FR","Without Sequence","26.68","",""
"12/09/2025 09:30:00 - 12/09/2025 09:45:00","BZN|FR","Without Sequence","26.68","",""
"12/09/2025 09:45:00 - 12/09/2025 10:00:00","BZN|FR","Without Sequence","26.68","",""
"12/09/2025 10:00:00 - 12/09/2025 10:15:00","BZN|FR","Without Sequence","1.85","",""
"12/09/2025 10:15:00 - 12/09/2025 10:30:00","BZN|FR","Without Sequence","1.85","",""
"12/09/2025 10:30:00 - 12/09/2025 10:45:00","BZN|FR","Without Sequence","1.85","",""
"12/09/2025 10:45:00 - 12/09/2025 11:00:00","BZN|FR","Without Sequence","1.85","",""
"12/09/2025 11:00:00 - 12/09/2025 11:15:00","BZN|FR","Without Sequence","0.00","",""
"12/09/2025 11:15:00 - 12/09/2025 11:30:00","BZN|FR","Without Sequence","0.00","",""
"12/09/2025 11:30:00 - 12/09/2025 11:45:00","BZN|FR","Without Sequence","0.00","",""
"12/09/2025 11:45:00 - 12/09/2025 12:00:00","BZN|FR","Without Sequence","0.00","",""
"12/09/2025 12:00:00 - 12/09/2025 12:15:00","BZN|FR","Without Sequence","1.77","",""
"12/09/2025 12:15:00 - 12/09/2025 12:30:00","BZN|FR","Without Sequence","1.77","",""
"12/09/2025 12:30:00 - 12/09/2025 12:45:00","BZN|FR","Without Sequence","1.77","",""
"12/09/2025 12:45:00 - 12/09/2025 13:00:00","BZN|FR","Without Sequence","1.77","",""
"12/09/2025 13:00:00 - 12/09/2025 13:15:00","BZN|FR","Without Sequence","0.00","",""
"12/09/2025 13:15:00 - 12/09/2025 13:30:00","BZN|FR","Without Sequence","0.00","",""
"12/09/2025 13:30:00 - 12/09/2025 13:45:00","BZN|FR","Without Sequence","0.00","",""
"12/09/2025 13:45:00 - 12/09/2025 14:00:00","BZN|FR","Without Sequence","0.00","",""
"12/09/2025 14:00:00 - 12/09/2025 14:15:00","BZN|FR","Without Sequence","0.00","",""
"12/09/2025 14:15:00 - 12/09/2025 14:30:00","BZN|FR","Without Sequence","0.00","",""
"12/09/2025 14:30:00 - 12/09/2025 14:45:00","BZN|FR","Without Sequence","0.00","",""
"12/09/2025 14:45:00 - 12/09/2025 15:00:00","BZN|FR","Without Sequence","0.00","",""
"12/09/2025 15:00:00 - 12/09/2025 15:15:00","BZN|FR","Without Sequence","0.00","",""
"12/09/2025 15:15:00 - 12/09/2025 15:30:00","BZN|FR","Without Sequence","0.00","",""
"12/09/2025 15:30:00 - 12/09/2025 15:45:00","BZN|FR","Without Sequence","0.00","",""
"12/09/2025 15:45:00 - 12/09/2025 16:00:00","BZN|FR","Without Sequence","0.00","",""
"12/09/2025 16:00:00 - 12/09/2025 16:15:00","BZN|FR","Without Sequence","3.52","",""
"12/09/2025 16:15:00 - 12/09/2025 16:30:00","BZN|FR","Without Sequence","3.52","",""
"12/09/2025 16:30:00 - 12/09/2025 16:45:00","BZN|FR","Without Sequence","3.52","",""
"12/09/2025 16:45:00 - 12/09/2025 17:00:00","BZN|FR","Without Sequence","3.52","",""
"12/09/2025 17:00:00 - 12/09/2025 17:15:00","BZN|FR","Without Sequence","19.68","",""
"12/09/2025 17:15:00 - 12/09/2025 17:30:00","BZN|FR","Without Sequence","19.68","",""
"12/09/2025 17:30:00 - 12/09/2025 17:45:00","BZN|FR","Without Sequence","19.68","",""
"12/09/2025 17:45:00 - 12/09/2025 18:00:00","BZN|FR","Without Sequence","19.68","",""
"12/09/2025 18:00:00 - 12/09/2025 18:15:00","BZN|FR","Without Sequence","39.92","",""
"12/09/2025 18:15:00 - 12/09/2025 18:30:00","BZN|FR","Without Sequence","39.92","",""
"12/09/2025 18:30:00 - 12/09/2025 18:45:00","BZN|FR","Without Sequence","39.92","",""
"12/09/2025 18:45:00 - 12/09/2025 19:00:00","BZN|FR","Without Sequence","39.92","",""
"12/09/2025 19:00:00 - 12/09/2025 19:15:00","BZN|FR","Without Sequence","61.68","",""
"12/09/2025 19:15:00 - 12/09/2025 19:30:00","BZN|FR","Without Sequence","61.68","",""
"12/09/2025 19:30:00 - 12/09/2025 19:45:00","BZN|FR","Without Sequence","61.68","",""
"12/09/2025 19:45:00 - 12/09/2025 20:00:00","BZN|FR","Without Sequence","61.68","",""
"12/09/2025 20:00:00 - 12/09/2025 20:15:00","BZN|FR","Without Sequence","66.34","",""
"12/09/2025 20:15:00 - 12/09/2025 20:30:00","BZN|FR","Without Sequence","66.34","",""
"12/09/2025 20:30:00 - 12/09/2025 20:45:00","BZN|FR","Without Sequence","66.34","",""
"12/09/2025 20:45:00 - 12/09/2025 21:00:00","BZN|FR","Without Sequence","66.34","",""
"12/09/2025 21:00:00 - 12/09/2025 21:15:00","BZN|FR","Without Sequence","46.00","",""
"12/09/2025 21:15:00 - 12/09/2025 21:30:00","BZN|FR","Without Sequence","46.00","",""
"12/09/2025 21:30:00 - 12/09/2025 21:45:00","BZN|FR","Without Sequence","46.00","",""
"12/09/2025 21:45:00 - 12/09/2025 22:00:00","BZN|FR","Without Sequence","46.00","",""
"12/09/2025 22:00:00 - 12/09/2025 22:15:00","BZN|FR","Without Sequence","49.97","",""
"12/09/2025 22:15:00 - 12/09/2025 22:30:00","BZN|FR","Without Sequence","49.97","",""
"12/09/2025 22:30:00 - 12/09/2025 22:45:00","BZN|FR","Without Sequence","49.97","",""
"12/09/2025 22:45:00 - 12/09/2025 23:00:00","BZN|FR","Without Sequence","49.97","",""
"12/09/2025 23:00:00 - 12/09/2025 23:15:00","BZN|FR","Without Sequence","41.20","",""
"12/09/2025 23:15:00 - 12/09/2025 23:30:00","BZN|FR","Without Sequence","41.20","",""
"12/09/2025 23:30:00 - 12/09/2025 23:45:00","BZN|FR","Without Sequence","41.20","",""
"12/09/2025 23:45:00 - 13/09/2025 00:00:00","BZN|FR","Without Sequence","41.20","",""
"13/09/2025 00:00:00 - 13/09/2025 00:15:00","BZN|FR","Without Sequence","9.45","",""
"13/09/2025 00:15:00 - 13/09/2025 00:30:00","BZN|FR","Without Sequence","9.45","",""
"13/09/2025 00:30:00 - 13/09/2025 00:45:00","BZN|FR","Without Sequence","9.45","",""
"13/09/2025 00:45:00 - 13/09/2025 01:00:00","BZN|FR","Without Sequence","9.45","",""
"13/09/2025 01:00:00 - 13/09/2025 01:15:00","BZN|FR","Without Sequence","9.17","",""
"13/09/2025 01:15:00 - 13/09/2025 01:30:00","BZN|FR","Without Sequence","9.17","",""
"13/09/2025 01:30:00 - 13/09/2025 01:45:00","BZN|FR","Without Sequence","9.17","",""
"13/09/2025 01:45:00 - 13/09/2025 02:00:00","BZN|FR","Without Sequence","9.17","",""
"13/09/2025 02:00:00 - 13/09/2025 02:15:00","BZN|FR","Without Sequence","10.35","",""
"13/09/2025 02:15:00 - 13/09/2025 02:30:00","BZN|FR","Without Sequence","10.35","",""
"13/09/2025 02:30:00 - 13/09/2025 02:45:00","BZN|FR","Without Sequence","10.35","",""
"13/09/2025 02:45:00 - 13/09/2025 03:00:00","BZN|FR","Without Sequence","10.35","",""
"13/09/2025 03:00:00 - 13/09/2025 03:15:00","BZN|FR","Without Sequence","7.39","",""
"13/09/2025 03:15:00 - 13/09/2025 03:30:00","BZN|FR","Without Sequence","7.39","",""
"13/09/2025 03:30:00 - 13/09/2025 03:45:00","BZN|FR","Without Sequence","7.39","",""
"13/09/2025 03:45:00 - 13/09/2025 04:00:00","BZN|FR","Without Sequence","7.39","",""
"13/09/2025 04:00:00 - 13/09/2025 04:15:00","BZN|FR","Without Sequence","7.00","",""
"13/09/2025 04:15:00 - 13/09/2025 04:30:00","BZN|FR","Without Sequence","7.00","",""
"13/09/2025 04:30:00 - 13/09/2025 04:45:00","BZN|FR","Without Sequence","7.00","",""
"13/09/2025 04:45:00 - 13/09/2025 05:00:00","BZN|FR","Without Sequence","7.00","",""
"13/09/2025 05:00:00 - 13/09/2025 05:15:00","BZN|FR","Without Sequence","7.75","",""
"13/09/2025 05:15:00 - 13/09/2025 05:30:00","BZN|FR","Without Sequence","7.75","",""
"13/09/2025 05:30:00 - 13/09/2025 05:45:00","BZN|FR","Without Sequence","7.75","",""
"13/09/2025 05:45:00 - 13/09/2025 06:00:00","BZN|FR","Without Sequence","7.75","",""
"13/09/2025 06:00:00 - 13/09/2025 06:15:00","BZN|FR","Without Sequence","10.55","",""
"13/09/2025 06:15:00 - 13/09/2025 06:30:00","BZN|FR","Without Sequence","10.55","",""
"13/09/2025 06:30:00 - 13/09/2025 06:45:00","BZN|FR","Without Sequence","10.55","",""
"13/09/2025 06:45:00 - 13/09/2025 07:00:00","BZN|FR","Without Sequence","10.55","",""
"13/09/2025 07:00:00 - 13/09/2025 07:15:00","BZN|FR","Without Sequence","9.63","",""
"13/09/2025 07:15:00 - 13/09/2025 07:30:00","BZN|FR","Without Sequence","9.63","",""
"13/09/2025 07:30:00 - 13/09/2025 07:45:00","BZN|FR","Without Sequence","9.63","",""
"13/09/2025 07:45:00 - 13/09/2025 08:00:00","BZN|FR","Without Sequence","9.63","",""
"13/09/2025 08:00:00 - 13/09/2025 08:15:00","BZN|FR","Without Sequence","13.63","",""
"13/09/2025 08:15:00 - 13/09/2025 08:30:00","BZN|FR","Without Sequence","13.63","",""
"13/09/2025 08:30:00 - 13/09/2025 08:45:00","BZN|FR","Without Sequence","13.63","",""
"13/09/2025 08:45:00 - 13/09/2025 09:00:00","BZN|FR","Without Sequence","13.63","",""
"13/09/2025 09:00:00 - 13/09/2025 09:15:00","BZN|FR","Without Sequence","12.42","",""
"13/09/2025 09:15:00 - 13/09/2025 09:30:00","BZN|FR","Without Sequence","12.42","",""
"13/09/2025 09:30:00 - 13/09/2025 09:45:00","BZN|FR","Without Sequence","12.42","",""
"13/09/2025 09:45:00 - 13/09/2025 10:00:00","BZN|FR","Without Sequence","12.42","",""
"13/09/2025 10:00:00 - 13/09/2025 10:15:00","BZN|FR","Without Sequence","9.62","",""
"13/09/2025 10:15:00 - 13/09/2025 10:30:00","BZN|FR","Without Sequence","9.62","",""
"13/09/2025 10:30:00 - 13/09/2025 10:45:00","BZN|FR","Without Sequence","9.62","",""
"13/09/2025 10:45:00 - 13/09/2025 11:00:00","BZN|FR","Without Sequence","9.62","",""
"13/09/2025 11:00:00 - 13/09/2025 11:15:00","BZN|FR","Without Sequence","2.37","",""
"13/09/2025 11:15:00 - 13/09/2025 11:30:00","BZN|FR","Without Sequence","2.37","",""
"13/09/2025 11:30:00 - 13/09/2025 11:45:00","BZN|FR","Without Sequence","2.37","",""
"13/09/2025 11:45:00 - 13/09/2025 12:00:00","BZN|FR","Without Sequence","2.37","",""
"13/09/2025 12:00:00 - 13/09/2025 12:15:00","BZN|FR","Without Sequence","0.00","",""
"13/09/2025 12:15:00 - 13/09/2025 12:30:00","BZN|FR","Without Sequence","0.00","",""
"13/09/2025 12:30:00 - 13/09/2025 12:45:00","BZN|FR","Without Sequence","0.00","",""
"13/09/2025 12:45:00 - 13/09/2025 13:00:00","BZN|FR","Without Sequence","0.00","",""
"13/09/2025 13:00:00 - 13/09/2025 13:15:00","BZN|FR","Without Sequence","-0.01","",""
"13/09/2025 13:15:00 - 13/09/2025 13:30:00","BZN|FR","Without Sequence","-0.01","",""
"13/09/2025 13:30:00 - 13/09/2025 13:45:00","BZN|FR","Without Sequence","-0.01","",""
"13/09/2025 13:45:00 - 13/09/2025 14:00:00","BZN|FR","Without Sequence","-0.01","",""
"13/09/2025 14:00:00 - 13/09/2025 14:15:00","BZN|FR","Without Sequence","-0.01","",""
"13/09/2025 14:15:00 - 13/09/2025 14:30:00","BZN|FR","Without Sequence","-0.01","",""
"13/09/2025 14:30:00 - 13/09/2025 14:45:00","BZN|FR","Without Sequence","-0.01","",""
"13/09/2025 14:45:00 - 13/09/2025 15:00:00","BZN|FR","Without Sequence","-0.01","",""
"13/09/2025 15:00:00 - 13/09/2025 15:15:00","BZN|FR","Without Sequence","0.00","",""
"13/09/2025 15:15:00 - 13/09/2025 15:30:00","BZN|FR","Without Sequence","0.00","",""
"13/09/2025 15:30:00 - 13/09/2025 15:45:00","BZN|FR","Without Sequence","0.00","",""
"13/09/2025 15:45:00 - 13/09/2025 16:00:00","BZN|FR","Without Sequence","0.00","",""
"13/09/2025 16:00:00 - 13/09/2025 16:15:00","BZN|FR","Without Sequence","0.00","",""
"13/09/2025 16:15:00 - 13/09/2025 16:30:00","BZN|FR","Without Sequence","0.00","",""
"13/09/2025 16:30:00 - 13/09/2025 16:45:00","BZN|FR","Without Sequence","0.00","",""
"13/09/2025 16:45:00 - 13/09/2025 17:00:00","BZN|FR","Without Sequence","0.00","",""
"13/09/2025 17:00:00 - 13/09/2025 17:15:00","BZN|FR","Without Sequence","0.65","",""
"13/09/2025 17:15:00 - 13/09/2025 17:30:00","BZN|FR","Without Sequence","0.65","",""
"13/09/2025 17:30:00 - 13/09/2025 17:45:00","BZN|FR","Without Sequence","0.65","",""
"13/09/2025 17:45:00 - 13/09/2025 18:00:00","BZN|FR","Without Sequence","0.65","",""
"13/09/2025 18:00:00 - 13/09/2025 18:15:00","BZN|FR","Without Sequence","14.00","",""
"13/09/2025 18:15:00 - 13/09/2025 18:30:00","BZN|FR","Without Sequence","14.00","",""
"13/09/2025 18:30:00 - 13/09/2025 18:45:00","BZN|FR","Without Sequence","14.00","",""
"13/09/2025 18:45:00 - 13/09/2025 19:00:00","BZN|FR","Without Sequence","14.00","",""
"13/09/2025 19:00:00 - 13/09/2025 19:15:00","BZN|FR","Without Sequence","17.68","",""
"13/09/2025 19:15:00 - 13/09/2025 19:30:00","BZN|FR","Without Sequence","17.68","",""
"13/09/2025 19:30:00 - 13/09/2025 19:45:00","BZN|FR","Without Sequence","17.68","",""
"13/09/2025 19:45:00 - 13/09/2025 20:00:00","BZN|FR","Without Sequence","17.68","",""
"13/09/2025 20:00:00 - 13/09/2025 20:15:00","BZN|FR","Without Sequence","25.27","",""
"13/09/2025 20:15:00 - 13/09/2025 20:30:00","BZN|FR","Without Sequence","25.27","",""
"13/09/2025 20:30:00 - 13/09/2025 20:45:00","BZN|FR","Without Sequence","25.27","",""
"13/09/2025 20:45:00 - 13/09/2025 21:00:00","BZN|FR","Without Sequence","25.27","",""
"13/09/2025 21:00:00 - 13/09/2025 21:15:00","BZN|FR","Without Sequence","10.51","",""
"13/09/2025 21:15:00 - 13/09/2025 21:30:00","BZN|FR","Without Sequence","10.51","",""
"13/09/2025 21:30:00 - 13/09/2025 21:45:00","BZN|FR","Without Sequence","10.51","",""
"13/09/2025 21:45:00 - 13/09/2025 22:00:00","BZN|FR","Without Sequence","10.51","",""
"13/09/2025 22:00:00 - 13/09/2025 22:15:00","BZN|FR","Without Sequence","29.45","",""
"13/09/2025 22:15:00 - 13/09/2025 22:30:00","BZN|FR","Without Sequence","29.45","",""
"13/09/2025 22:30:00 - 13/09/2025 22:45:00","BZN|FR","Without Sequence","29.45","",""
"13/09/2025 22:45:00 - 13/09/2025 23:00:00","BZN|FR","Without Sequence","29.45","",""
"13/09/2025 23:00:00 - 13/09/2025 23:15:00","BZN|FR","Without Sequence","25.73","",""
"13/09/2025 23:15:00 - 13/09/2025 23:30:00","BZN|FR","Without Sequence","25.73","",""
"13/09/2025 23:30:00 - 13/09/2025 23:45:00","BZN|FR","Without Sequence","25.73","",""
"13/09/2025 23:45:00 - 14/09/2025 00:00:00","BZN|FR","Without Sequence","25.73","",""
"14/09/2025 00:00:00 - 14/09/2025 00:15:00","BZN|FR","Without Sequence","45.73","",""
"14/09/2025 00:15:00 - 14/09/2025 00:30:00","BZN|FR","Without Sequence","45.73","",""
"14/09/2025 00:30:00 - 14/09/2025 00:45:00","BZN|FR","Without Sequence","45.73","",""
"14/09/2025 00:45:00 - 14/09/2025 01:00:00","BZN|FR","Without Sequence","45.73","",""
"14/09/2025 01:00:00 - 14/09/2025 01:15:00","BZN|FR","Without Sequence","22.17","",""
"14/09/2025 01:15:00 - 14/09/2025 01:30:00","BZN|FR","Without Sequence","22.17","",""
"14/09/2025 01:30:00 - 14/09/2025 01:45:00","BZN|FR","Without Sequence","22.17","",""
"14/09/2025 01:45:00 - 14/09/2025 02:00:00","BZN|FR","Without Sequence","22.17","",""
"14/09/2025 02:00:00 - 14/09/2025 02:15:00","BZN|FR","Without Sequence","17.96","",""
"14/09/2025 02:15:00 - 14/09/2025 02:30:00","BZN|FR","Without Sequence","17.96","",""
"14/09/2025 02:30:00 - 14/09/2025 02:45:00","BZN|FR","Without Sequence","17.96","",""
"14/09/2025 02:45:00 - 14/09/2025 03:00:00","BZN|FR","Without Sequence","17.96","",""
"14/09/2025 03:00:00 - 14/09/2025 03:15:00","BZN|FR","Without Sequence","19.06","",""
"14/09/2025 03:15:00 - 14/09/2025 03:30:00","BZN|FR","Without Sequence","19.06","",""
"14/09/2025 03:30:00 - 14/09/2025 03:45:00","BZN|FR","Without Sequence","19.06","",""
"14/09/2025 03:45:00 - 14/09/2025 04:00:00","BZN|FR","Without Sequence","19.06","",""
"14/09/2025 04:00:00 - 14/09/2025 04:15:00","BZN|FR","Without Sequence","14.42","",""
"14/09/2025 04:15:00 - 14/09/2025 04:30:00","BZN|FR","Without Sequence","14.42","",""
"14/09/2025 04:30:00 - 14/09/2025 04:45:00","BZN|FR","Without Sequence","14.42","",""
"14/09/2025 04:45:00 - 14/09/2025 05:00:00","BZN|FR","Without Sequence","14.42","",""
"14/09/2025 05:00:00 - 14/09/2025 05:15:00","BZN|FR","Without Sequence","16.74","",""
"14/09/2025 05:15:00 - 14/09/2025 05:30:00","BZN|FR","Without Sequence","16.74","",""
"14/09/2025 05:30:00 - 14/09/2025 05:45:00","BZN|FR","Without Sequence","16.74","",""
"14/09/2025 05:45:00 - 14/09/2025 06:00:00","BZN|FR","Without Sequence","16.74","",""
"14/09/2025 06:00:00 - 14/09/2025 06:15:00","BZN|FR","Without Sequence","19.38","",""
"14/09/2025 06:15:00 - 14/09/2025 06:30:00","BZN|FR","Without Sequence","19.38","",""
"14/09/2025 06:30:00 - 14/09/2025 06:45:00","BZN|FR","Without Sequence","19.38","",""
"14/09/2025 06:45:00 - 14/09/2025 07:00:00","BZN|FR","Without Sequence","19.38","",""
"14/09/2025 07:00:00 - 14/09/2025 07:15:00","BZN|FR","Without Sequence","19.74","",""
"14/09/2025 07:15:00 - 14/09/2025 07:30:00","BZN|FR","Without Sequence","19.74","",""
"14/09/2025 07:30:00 - 14/09/2025 07:45:00","BZN|FR","Without Sequence","19.74","",""
"14/09/2025 07:45:00 - 14/09/2025 08:00:00","BZN|FR","Without Sequence","19.74","",""
"14/09/2025 08:00:00 - 14/09/2025 08:15:00","BZN|FR","Without Sequence","18.90","",""
"14/09/2025 08:15:00 - 14/09/2025 08:30:00","BZN|FR","Without Sequence","18.90","",""
"14/09/2025 08:30:00 - 14/09/2025 08:45:00","BZN|FR","Without Sequence","18.90","",""
"14/09/2025 08:45:00 - 14/09/2025 09:00:00","BZN|FR","Without Sequence","18.90","",""
"14/09/2025 09:00:00 - 14/09/2025 09:15:00","BZN|FR","Without Sequence","23.58","",""
"14/09/2025 09:15:00 - 14/09/2025 09:30:00","BZN|FR","Without Sequence","23.58","",""
"14/09/2025 09:30:00 - 14/09/2025 09:45:00","BZN|FR","Without Sequence","23.58","",""
"14/09/2025 09:45:00 - 14/09/2025 10:00:00","BZN|FR","Without Sequence","23.58","",""
"14/09/2025 10:00:00 - 14/09/2025 10:15:00","BZN|FR","Without Sequence","15.43","",""
"14/09/2025 10:15:00 - 14/09/2025 10:30:00","BZN|FR","Without Sequence","15.43","",""
"14/09/2025 10:30:00 - 14/09/2025 10:45:00","BZN|FR","Without Sequence","15.43","",""
"14/09/2025 10:45:00 - 14/09/2025 11:00:00","BZN|FR","Without Sequence","15.43","",""
"14/09/2025 11:00:00 - 14/09/2025 11:15:00","BZN|FR","Without Sequence","17.33","",""
"14/09/2025 11:15:00 - 14/09/2025 11:30:00","BZN|FR","Without Sequence","17.33","",""
"14/09/2025 11:30:00 - 14/09/2025 11:45:00","BZN|FR","Without Sequence","17.33","",""
"14/09/2025 11:45:00 - 14/09/2025 12:00:00","BZN|FR","Without Sequence","17.33","",""
"14/09/2025 12:00:00 - 14/09/2025 12:15:00","BZN|FR","Without Sequence","6.50","",""
"14/09/2025 12:15:00 - 14/09/2025 12:30:00","BZN|FR","Without Sequence","6.50","",""
"14/09/2025 12:30:00 - 14/09/2025 12:45:00","BZN|FR","Without Sequence","6.50","",""
"14/09/2025 12:45:00 - 14/09/2025 13:00:00","BZN|FR","Without Sequence","6.50","",""
"14/09/2025 13:00:00 - 14/09/2025 13:15:00","BZN|FR","Without Sequence","0.00","",""
"14/09/2025 13:15:00 - 14/09/2025 13:30:00","BZN|FR","Without Sequence","0.00","",""
"14/09/2025 13:30:00 - 14/09/2025 13:45:00","BZN|FR","Without Sequence","0.00","",""
"14/09/2025 13:45:00 - 14/09/2025 14:00:00","BZN|FR","Without Sequence","0.00","",""
"14/09/2025 14:00:00 - 14/09/2025 14:15:00","BZN|FR","Without Sequence","-0.01","",""
"14/09/2025 14:15:00 - 14/09/2025 14:30:00","BZN|FR","Without Sequence","-0.01","",""
"14/09/2025 14:30:00 - 14/09/2025 14:45:00","BZN|FR","Without Sequence","-0.01","",""
"14/09/2025 14:45:00 - 14/09/2025 15:00:00","BZN|FR","Without Sequence","-0.01","",""
"14/09/2025 15:00:00 - 14/09/2025 15:15:00","BZN|FR","Without Sequence","0.00","",""
"14/09/2025 15:15:00 - 14/09/2025 15:30:00","BZN|FR","Without Sequence","0.00","",""
"14/09/2025 15:30:00 - 14/09/2025 15:45:00","BZN|FR","Without Sequence","0.00","",""
"14/09/2025 15:45:00 - 14/09/2025 16:00:00","BZN|FR","Without Sequence","0.00","",""
"14/09/2025 16:00:00 - 14/09/2025 16:15:00","BZN|FR","Without Sequence","5.59","",""
"14/09/2025 16:15:00 - 14/09/2025 16:30:00","BZN|FR","Without Sequence","5.59","",""
"14/09/2025 16:30:00 - 14/09/2025 16:45:00","BZN|FR","Without Sequence","5.59","",""
"14/09/2025 16:45:00 - 14/09/2025 17:00:00","BZN|FR","Without Sequence","5.59","",""
"14/09/2025 17:00:00 - 14/09/2025 17:15:00","BZN|FR","Without Sequence","4.56","",""
"14/09/2025 17:15:00 - 14/09/2025 17:30:00","BZN|FR","Without Sequence","4.56","",""
"14/09/2025 17:30:00 - 14/09/2025 17:45:00","BZN|FR","Without Sequence","4.56","",""
"14/09/2025 17:45:00 - 14/09/2025 18:00:00","BZN|FR","Without Sequence","4.56","",""
"14/09/2025 18:00:00 - 14/09/2025 18:15:00","BZN|FR","Without Sequence","15.65","",""
"14/09/2025 18:15:00 - 14/09/2025 18:30:00","BZN|FR","Without Sequence","15.65","",""
"14/09/2025 18:30:00 - 14/09/2025 18:45:00","BZN|FR","Without Sequence","15.65","",""
"14/09/2025 18:45:00 - 14/09/2025 19:00:00","BZN|FR","Without Sequence","15.65","",""
"14/09/2025 19:00:00 - 14/09/2025 19:15:00","BZN|FR","Without Sequence","18.40","",""
"14/09/2025 19:15:00 - 14/09/2025 19:30:00","BZN|FR","Without Sequence","18.40","",""
"14/09/2025 19:30:00 - 14/09/2025 19:45:00","BZN|FR","Without Sequence","18.40","",""
"14/09/2025 19:45:00 - 14/09/2025 20:00:00","BZN|FR","Without Sequence","18.40","",""
"14/09/2025 20:00:00 - 14/09/2025 20:15:00","BZN|FR","Without Sequence","16.79","",""
"14/09/2025 20:15:00 - 14/09/2025 20:30:00","BZN|FR","Without Sequence","16.79","",""
"14/09/2025 20:30:00 - 14/09/2025 20:45:00","BZN|FR","Without Sequence","16.79","",""
"14/09/2025 20:45:00 - 14/09/2025 21:00:00","BZN|FR","Without Sequence","16.79","",""
"14/09/2025 21:00:00 - 14/09/2025 21:15:00","BZN|FR","Without Sequence","13.53","",""
"14/09/2025 21:15:00 - 14/09/2025 21:30:00","BZN|FR","Without Sequence","13.53","",""
"14/09/2025 21:30:00 - 14/09/2025 21:45:00","BZN|FR","Without Sequence","13.53","",""
"14/09/2025 21:45:00 - 14/09/2025 22:00:00","BZN|FR","Without Sequence","13.53","",""
"14/09/2025 22:00:00 - 14/09/2025 22:15:00","BZN|FR","Without Sequence","17.36","",""
"14/09/2025 22:15:00 - 14/09/2025 22:30:00","BZN|FR","Without Sequence","17.36","",""
"14/09/2025 22:30:00 - 14/09/2025 22:45:00","BZN|FR","Without Sequence","17.36","",""
"14/09/2025 22:45:00 - 14/09/2025 23:00:00","BZN|FR","Without Sequence","17.36","",""
"14/09/2025 23:00:00 - 14/09/2025 23:15:00","BZN|FR","Without Sequence","12.92","",""
"14/09/2025 23:15:00 - 14/09/2025 23:30:00","BZN|FR","Without Sequence","12.92","",""
"14/09/2025 23:30:00 - 14/09/2025 23:45:00","BZN|FR","Without Sequence","12.92","",""
"14/09/2025 23:45:00 - 15/09/2025 00:00:00","BZN|FR","Without Sequence","12.92","",""
"15/09/2025 00:00:00 - 15/09/2025 00:15:00","BZN|FR","Without Sequence","0.00","",""
"15/09/2025 00:15:00 - 15/09/2025 00:30:00","BZN|FR","Without Sequence","0.00","",""
"15/09/2025 00:30:00 - 15/09/2025 00:45:00","BZN|FR","Without Sequence","0.00","",""
"15/09/2025 00:45:00 - 15/09/2025 01:00:00","BZN|FR","Without Sequence","0.00","",""
"15/09/2025 01:00:00 - 15/09/2025 01:15:00","BZN|FR","Without Sequence","-0.01","",""
"15/09/2025 01:15:00 - 15/09/2025 01:30:00","BZN|FR","Without Sequence","-0.01","",""
"15/09/2025 01:30:00 - 15/09/2025 01:45:00","BZN|FR","Without Sequence","-0.01","",""
"15/09/2025 01:45:00 - 15/09/2025 02:00:00","BZN|FR","Without Sequence","-0.01","",""
"15/09/2025 02:00:00 - 15/09/2025 02:15:00","BZN|FR","Without Sequence","-0.01","",""
"15/09/2025 02:15:00 - 15/09/2025 02:30:00","BZN|FR","Without Sequence","-0.01","",""
"15/09/2025 02:30:00 - 15/09/2025 02:45:00","BZN|FR","Without Sequence","-0.01","",""
"15/09/2025 02:45:00 - 15/09/2025 03:00:00","BZN|FR","Without Sequence","-0.01","",""
"15/09/2025 03:00:00 - 15/09/2025 03:15:00","BZN|FR","Without Sequence","-0.01","",""
"15/09/2025 03:15:00 - 15/09/2025 03:30:00","BZN|FR","Without Sequence","-0.01","",""
"15/09/2025 03:30:00 - 15/09/2025 03:45:00","BZN|FR","Without Sequence","-0.01","",""
"15/09/2025 03:45:00 - 15/09/2025 04:00:00","BZN|FR","Without Sequence","-0.01","",""
"15/09/2025 04:00:00 - 15/09/2025 04:15:00","BZN|FR","Without Sequence","-0.01","",""
"15/09/2025 04:15:00 - 15/09/2025 04:30:00","BZN|FR","Without Sequence","-0.01","",""
"15/09/2025 04:30:00 - 15/09/2025 04:45:00","BZN|FR","Without Sequence","-0.01","",""
"15/09/2025 04:45:00 - 15/09/2025 05:00:00","BZN|FR","Without Sequence","-0.01","",""
"15/09/2025 05:00:00 - 15/09/2025 05:15:00","BZN|FR","Without Sequence","-0.01","",""
"15/09/2025 05:15:00 - 15/09/2025 05:30:00","BZN|FR","Without Sequence","-0.01","",""
"15/09/2025 05:30:00 - 15/09/2025 05:45:00","BZN|FR","Without Sequence","-0.01","",""
"15/09/2025 05:45:00 - 15/09/2025 06:00:00","BZN|FR","Without Sequence","-0.01","",""
"15/09/2025 06:00:00 - 15/09/2025 06:15:00","BZN|FR","Without Sequence","0.00","",""
"15/09/2025 06:15:00 - 15/09/2025 06:30:00","BZN|FR","Without Sequence","0.00","",""
"15/09/2025 06:30:00 - 15/09/2025 06:45:00","BZN|FR","Without Sequence","0.00","",""
"15/09/2025 06:45:00 - 15/09/2025 07:00:00","BZN|FR","Without Sequence","0.00","",""
"15/09/2025 07:00:00 - 15/09/2025 07:15:00","BZN|FR","Without Sequence","2.18","",""
"15/09/2025 07:15:00 - 15/09/2025 07:30:00","BZN|FR","Without Sequence","2.18","",""
"15/09/2025 07:30:00 - 15/09/2025 07:45:00","BZN|FR","Without Sequence","2.18","",""
"15/09/2025 07:45:00 - 15/09/2025 08:00:00","BZN|FR","Without Sequence","2.18","",""
"15/09/2025 08:00:00 - 15/09/2025 08:15:00","BZN|FR","Without Sequence","19.69","",""
"15/09/2025 08:15:00 - 15/09/2025 08:30:00","BZN|FR","Without Sequence","19.69","",""
"15/09/2025 08:30:00 - 15/09/2025 08:45:00","BZN|FR","Without Sequence","19.69","",""
"15/09/2025 08:45:00 - 15/09/2025 09:00:00","BZN|FR","Without Sequence","19.69","",""
"15/09/2025 09:00:00 - 15/09/2025 09:15:00","BZN|FR","Without Sequence","0.90","",""
"15/09/2025 09:15:00 - 15/09/2025 09:30:00","BZN|FR","Without Sequence","0.90","",""
"15/09/2025 09:30:00 - 15/09/2025 09:45:00","BZN|FR","Without Sequence","0.90","",""
"15/09/2025 09:45:00 - 15/09/2025 10:00:00","BZN|FR","Without Sequence","0.90","",""
"15/09/2025 10:00:00 - 15/09/2025 10:15:00","BZN|FR","Without Sequence","0.00","",""
"15/09/2025 10:15:00 - 15/09/2025 10:30:00","BZN|FR","Without Sequence","0.00","",""
"15/09/2025 10:30:00 - 15/09/2025 10:45:00","BZN|FR","Without Sequence","0.00","",""
"15/09/2025 10:45:00 - 15/09/2025 11:00:00","BZN|FR","Without Sequence","0.00","",""
"15/09/2025 11:00:00 - 15/09/2025 11:15:00","BZN|FR","Without Sequence","-0.01","",""
"15/09/2025 11:15:00 - 15/09/2025 11:30:00","BZN|FR","Without Sequence","-0.01","",""
"15/09/2025 11:30:00 - 15/09/2025 11:45:00","BZN|FR","Without Sequence","-0.01","",""
"15/09/2025 11:45:00 - 15/09/2025 12:00:00","BZN|FR","Without Sequence","-0.01","",""
"15/09/2025 12:00:00 - 15/09/2025 12:15:00","BZN|FR","Without Sequence","-0.04","",""
"15/09/2025 12:15:00 - 15/09/2025 12:30:00","BZN|FR","Without Sequence","-0.04","",""
"15/09/2025 12:30:00 - 15/09/2025 12:45:00","BZN|FR","Without Sequence","-0.04","",""
"15/09/2025 12:45:00 - 15/09/2025 13:00:00","BZN|FR","Without Sequence","-0.04","",""
"15/09/2025 13:00:00 - 15/09/2025 13:15:00","BZN|FR","Without Sequence","-0.02","",""
"15/09/2025 13:15:00 - 15/09/2025 13:30:00","BZN|FR","Without Sequence","-0.02","",""
"15/09/2025 13:30:00 - 15/09/2025 13:45:00","BZN|FR","Without Sequence","-0.02","",""
"15/09/2025 13:45:00 - 15/09/2025 14:00:00","BZN|FR","Without Sequence","-0.02","",""
"15/09/2025 14:00:00 - 15/09/2025 14:15:00","BZN|FR","Without Sequence","-0.06","",""
"15/09/2025 14:15:00 - 15/09/2025 14:30:00","BZN|FR","Without Sequence","-0.06","",""
"15/09/2025 14:30:00 - 15/09/2025 14:45:00","BZN|FR","Without Sequence","-0.06","",""
"15/09/2025 14:45:00 - 15/09/2025 15:00:00","BZN|FR","Without Sequence","-0.06","",""
"15/09/2025 15:00:00 - 15/09/2025 15:15:00","BZN|FR","Without Sequence","-0.01","",""
"15/09/2025 15:15:00 - 15/09/2025 15:30:00","BZN|FR","Without Sequence","-0.01","",""
"15/09/2025 15:30:00 - 15/09/2025 15:45:00","BZN|FR","Without Sequence","-0.01","",""
"15/09/2025 15:45:00 - 15/09/2025 16:00:00","BZN|FR","Without Sequence","-0.01","",""
"15/09/2025 16:00:00 - 15/09/2025 16:15:00","BZN|FR","Without Sequence","0.00","",""
"15/09/2025 16:15:00 - 15/09/2025 16:30:00","BZN|FR","Without Sequence","0.00","",""
"15/09/2025 16:30:00 - 15/09/2025 16:45:00","BZN|FR","Without Sequence","0.00","",""
"15/09/2025 16:45:00 - 15/09/2025 17:00:00","BZN|FR","Without Sequence","0.00","",""
"15/09/2025 17:00:00 - 15/09/2025 17:15:00","BZN|FR","Without Sequence","0.43","",""
"15/09/2025 17:15:00 - 15/09/2025 17:30:00","BZN|FR","Without Sequence","0.43","",""
"15/09/2025 17:30:00 - 15/09/2025 17:45:00","BZN|FR","Without Sequence","0.43","",""
"15/09/2025 17:45:00 - 15/09/2025 18:00:00","BZN|FR","Without Sequence","0.43","",""
"15/09/2025 18:00:00 - 15/09/2025 18:15:00","BZN|FR","Without Sequence","6.03","",""
"15/09/2025 18:15:00 - 15/09/2025 18:30:00","BZN|FR","Without Sequence","6.03","",""
"15/09/2025 18:30:00 - 15/09/2025 18:45:00","BZN|FR","Without Sequence","6.03","",""
"15/09/2025 18:45:00 - 15/09/2025 19:00:00","BZN|FR","Without Sequence","6.03","",""
"15/09/2025 19:00:00 - 15/09/2025 19:15:00","BZN|FR","Without Sequence","28.19","",""
"15/09/2025 19:15:00 - 15/09/2025 19:30:00","BZN|FR","Without Sequence","28.19","",""
"15/09/2025 19:30:00 - 15/09/2025 19:45:00","BZN|FR","Without Sequence","28.19","",""
"15/09/2025 19:45:00 - 15/09/2025 20:00:00","BZN|FR","Without Sequence","28.19","",""
"15/09/2025 20:00:00 - 15/09/2025 20:15:00","BZN|FR","Without Sequence","9.37","",""
"15/09/2025 20:15:00 - 15/09/2025 20:30:00","BZN|FR","Without Sequence","9.37","",""
"15/09/2025 20:30:00 - 15/09/2025 20:45:00","BZN|FR","Without Sequence","9.37","",""
"15/09/2025 20:45:00 - 15/09/2025 21:00:00","BZN|FR","Without Sequence","9.37","",""
"15/09/2025 21:00:00 - 15/09/2025 21:15:00","BZN|FR","Without Sequence","5.16","",""
"15/09/2025 21:15:00 - 15/09/2025 21:30:00","BZN|FR","Without Sequence","5.16","",""
"15/09/2025 21:30:00 - 15/09/2025 21:45:00","BZN|FR","Without Sequence","5.16","",""
"15/09/2025 21:45:00 - 15/09/2025 22:00:00","BZN|FR","Without Sequence","5.16","",""
"15/09/2025 22:00:00 - 15/09/2025 22:15:00","BZN|FR","Without Sequence","5.17","",""
"15/09/2025 22:15:00 - 15/09/2025 22:30:00","BZN|FR","Without Sequence","5.17","",""
"15/09/2025 22:30:00 - 15/09/2025 22:45:00","BZN|FR","Without Sequence","5.17","",""
"15/09/2025 22:45:00 - 15/09/2025 23:00:00","BZN|FR","Without Sequence","5.17","",""
"15/09/2025 23:00:00 - 15/09/2025 23:15:00","BZN|FR","Without Sequence","4.29","",""
"15/09/2025 23:15:00 - 15/09/2025 23:30:00","BZN|FR","Without Sequence","4.29","",""
"15/09/2025 23:30:00 - 15/09/2025 23:45:00","BZN|FR","Without Sequence","4.29","",""
"15/09/2025 23:45:00 - 16/09/2025 00:00:00","BZN|FR","Without Sequence","4.29","",""
"16/09/2025 00:00:00 - 16/09/2025 00:15:00","BZN|FR","Without Sequence","5.00","",""
"16/09/2025 00:15:00 - 16/09/2025 00:30:00","BZN|FR","Without Sequence","5.00","",""
"16/09/2025 00:30:00 - 16/09/2025 00:45:00","BZN|FR","Without Sequence","5.00","",""
"16/09/2025 00:45:00 - 16/09/2025 01:00:00","BZN|FR","Without Sequence","5.00","",""
"16/09/2025 01:00:00 - 16/09/2025 01:15:00","BZN|FR","Without Sequence","3.39","",""
"16/09/2025 01:15:00 - 16/09/2025 01:30:00","BZN|FR","Without Sequence","3.39","",""
"16/09/2025 01:30:00 - 16/09/2025 01:45:00","BZN|FR","Without Sequence","3.39","",""
"16/09/2025 01:45:00 - 16/09/2025 02:00:00","BZN|FR","Without Sequence","3.39","",""
"16/09/2025 02:00:00 - 16/09/2025 02:15:00","BZN|FR","Without Sequence","3.23","",""
"16/09/2025 02:15:00 - 16/09/2025 02:30:00","BZN|FR","Without Sequence","3.23","",""
"16/09/2025 02:30:00 - 16/09/2025 02:45:00","BZN|FR","Without Sequence","3.23","",""
"16/09/2025 02:45:00 - 16/09/2025 03:00:00","BZN|FR","Without Sequence","3.23","",""
"16/09/2025 03:00:00 - 16/09/2025 03:15:00","BZN|FR","Without Sequence","1.28","",""
"16/09/2025 03:15:00 - 16/09/2025 03:30:00","BZN|FR","Without Sequence","1.28","",""
"16/09/2025 03:30:00 - 16/09/2025 03:45:00","BZN|FR","Without Sequence","1.28","",""
"16/09/2025 03:45:00 - 16/09/2025 04:00:00","BZN|FR","Without Sequence","1.28","",""
"16/09/2025 04:00:00 - 16/09/2025 04:15:00","BZN|FR","Without Sequence","0.00","",""
"16/09/2025 04:15:00 - 16/09/2025 04:30:00","BZN|FR","Without Sequence","0.00","",""
"16/09/2025 04:30:00 - 16/09/2025 04:45:00","BZN|FR","Without Sequence","0.00","",""
"16/09/2025 04:45:00 - 16/09/2025 05:00:00","BZN|FR","Without Sequence","0.00","",""
"16/09/2025 05:00:00 - 16/09/2025 05:15:00","BZN|FR","Without Sequence","4.25","",""
"16/09/2025 05:15:00 - 16/09/2025 05:30:00","BZN|FR","Without Sequence","4.25","",""
"16/09/2025 05:30:00 - 16/09/2025 05:45:00","BZN|FR","Without Sequence","4.25","",""
"16/09/2025 05:45:00 - 16/09/2025 06:00:00","BZN|FR","Without Sequence","4.25","",""
"16/09/2025 06:00:00 - 16/09/2025 06:15:00","BZN|FR","Without Sequence","6.27","",""
"16/09/2025 06:15:00 - 16/09/2025 06:30:00","BZN|FR","Without Sequence","6.27","",""
"16/09/2025 06:30:00 - 16/09/2025 06:45:00","BZN|FR","Without Sequence","6.27","",""
"16/09/2025 06:45:00 - 16/09/2025 07:00:00","BZN|FR","Without Sequence","6.27","",""
"16/09/2025 07:00:00 - 16/09/2025 07:15:00","BZN|FR","Without Sequence","16.21","",""
"16/09/2025 07:15:00 - 16/09/2025 07:30:00","BZN|FR","Without Sequence","16.21","",""
"16/09/2025 07:30:00 - 16/09/2025 07:45:00","BZN|FR","Without Sequence","16.21","",""
"16/09/2025 07:45:00 - 16/09/2025 08:00:00","BZN|FR","Without Sequence","16.21","",""
"16/09/2025 08:00:00 - 16/09/2025 08:15:00","BZN|FR","Without Sequence","21.58","",""
"16/09/2025 08:15:00 - 16/09/2025 08:30:00","BZN|FR","Without Sequence","21.58","",""
"16/09/2025 08:30:00 - 16/09/2025 08:45:00","BZN|FR","Without Sequence","21.58","",""
"16/09/2025 08:45:00 - 16/09/2025 09:00:00","BZN|FR","Without Sequence","21.58","",""
"16/09/2025 09:00:00 - 16/09/2025 09:15:00","BZN|FR","Without Sequence","11.39","",""
"16/09/2025 09:15:00 - 16/09/2025 09:30:00","BZN|FR","Without Sequence","11.39","",""
"16/09/2025 09:30:00 - 16/09/2025 09:45:00","BZN|FR","Without Sequence","11.39","",""
"16/09/2025 09:45:00 - 16/09/2025 10:00:00","BZN|FR","Without Sequence","11.39","",""
"16/09/2025 10:00:00 - 16/09/2025 10:15:00","BZN|FR","Without Sequence","0.00","",""
"16/09/2025 10:15:00 - 16/09/2025 10:30:00","BZN|FR","Without Sequence","0.00","",""
"16/09/2025 10:30:00 - 16/09/2025 10:45:00","BZN|FR","Without Sequence","0.00","",""
"16/09/2025 10:45:00 - 16/09/2025 11:00:00","BZN|FR","Without Sequence","0.00","",""
"16/09/2025 11:00:00 - 16/09/2025 11:15:00","BZN|FR","Without Sequence","0.00","",""
"16/09/2025 11:15:00 - 16/09/2025 11:30:00","BZN|FR","Without Sequence","0.00","",""
"16/09/2025 11:30:00 - 16/09/2025 11:45:00","BZN|FR","Without Sequence","0.00","",""
"16/09/2025 11:45:00 - 16/09/2025 12:00:00","BZN|FR","Without Sequence","0.00","",""
"16/09/2025 12:00:00 - 16/09/2025 12:15:00","BZN|FR","Without Sequence","0.00","",""
"16/09/2025 12:15:00 - 16/09/2025 12:30:00","BZN|FR","Without Sequence","0.00","",""
"16/09/2025 12:30:00 - 16/09/2025 12:45:00","BZN|FR","Without Sequence","0.00","",""
"16/09/2025 12:45:00 - 16/09/2025 13:00:00","BZN|FR","Without Sequence","0.00","",""
"16/09/2025 13:00:00 - 16/09/2025 13:15:00","BZN|FR","Without Sequence","-0.01","",""
"16/09/2025 13:15:00 - 16/09/2025 13:30:00","BZN|FR","Without Sequence","-0.01","",""
"16/09/2025 13:30:00 - 16/09/2025 13:45:00","BZN|FR","Without Sequence","-0.01","",""
"16/09/2025 13:45:00 - 16/09/2025 14:00:00","BZN|FR","Without Sequence","-0.01","",""
"16/09/2025 14:00:00 - 16/09/2025 14:15:00","BZN|FR","Without Sequence","-0.01","",""
"16/09/2025 14:15:00 - 16/09/2025 14:30:00","BZN|FR","Without Sequence","-0.01","",""
"16/09/2025 14:30:00 - 16/09/2025 14:45:00","BZN|FR","Without Sequence","-0.01","",""
"16/09/2025 14:45:00 - 16/09/2025 15:00:00","BZN|FR","Without Sequence","-0.01","",""
"16/09/2025 15:00:00 - 16/09/2025 15:15:00","BZN|FR","Without Sequence","0.00","",""
"16/09/2025 15:15:00 - 16/09/2025 15:30:00","BZN|FR","Without Sequence","0.00","",""
"16/09/2025 15:30:00 - 16/09/2025 15:45:00","BZN|FR","Without Sequence","0.00","",""
"16/09/2025 15:45:00 - 16/09/2025 16:00:00","BZN|FR","Without Sequence","0.00","",""
"16/09/2025 16:00:00 - 16/09/2025 16:15:00","BZN|FR","Without Sequence","0.00","",""
"16/09/2025 16:15:00 - 16/09/2025 16:30:00","BZN|FR","Without Sequence","0.00","",""
"16/09/2025 16:30:00 - 16/09/2025 16:45:00","BZN|FR","Without Sequence","0.00","",""
"16/09/2025 16:45:00 - 16/09/2025 17:00:00","BZN|FR","Without Sequence","0.00","",""
"16/09/2025 17:00:00 - 16/09/2025 17:15:00","BZN|FR","Without Sequence","16.87","",""
"16/09/2025 17:15:00 - 16/09/2025 17:30:00","BZN|FR","Without Sequence","16.87","",""
"16/09/2025 17:30:00 - 16/09/2025 17:45:00","BZN|FR","Without Sequence","16.87","",""
"16/09/2025 17:45:00 - 16/09/2025 18:00:00","BZN|FR","Without Sequence","16.87","",""
"16/09/2025 18:00:00 - 16/09/2025 18:15:00","BZN|FR","Without Sequence","69.29","",""
"16/09/2025 18:15:00 - 16/09/2025 18:30:00","BZN|FR","Without Sequence","69.29","",""
"16/09/2025 18:30:00 - 16/09/2025 18:45:00","BZN|FR","Without Sequence","69.29","",""
"16/09/2025 18:45:00 - 16/09/2025 19:00:00","BZN|FR","Without Sequence","69.29","",""
"16/09/2025 19:00:00 - 16/09/2025 19:15:00","BZN|FR","Without Sequence","109.03","",""
"16/09/2025 19:15:00 - 16/09/2025 19:30:00","BZN|FR","Without Sequence","109.03","",""
"16/09/2025 19:30:00 - 16/09/2025 19:45:00","BZN|FR","Without Sequence","109.03","",""
"16/09/2025 19:45:00 - 16/09/2025 20:00:00","BZN|FR","Without Sequence","109.03","",""
"16/09/2025 20:00:00 - 16/09/2025 20:15:00","BZN|FR","Without Sequence","117.00","",""
"16/09/2025 20:15:00 - 16/09/2025 20:30:00","BZN|FR","Without Sequence","117.00","",""
"16/09/2025 20:30:00 - 16/09/2025 20:45:00","BZN|FR","Without Sequence","117.00","",""
"16/09/2025 20:45:00 - 16/09/2025 21:00:00","BZN|FR","Without Sequence","117.00","",""
"16/09/2025 21:00:00 - 16/09/2025 21:15:00","BZN|FR","Without Sequence","96.81","",""
"16/09/2025 21:15:00 - 16/09/2025 21:30:00","BZN|FR","Without Sequence","96.81","",""
"16/09/2025 21:30:00 - 16/09/2025 21:45:00","BZN|FR","Without Sequence","96.81","",""
"16/09/2025 21:45:00 - 16/09/2025 22:00:00","BZN|FR","Without Sequence","96.81","",""
"16/09/2025 22:00:00 - 16/09/2025 22:15:00","BZN|FR","Without Sequence","86.49","",""
"16/09/2025 22:15:00 - 16/09/2025 22:30:00","BZN|FR","Without Sequence","86.49","",""
"16/09/2025 22:30:00 - 16/09/2025 22:45:00","BZN|FR","Without Sequence","86.49","",""
"16/09/2025 22:45:00 - 16/09/2025 23:00:00","BZN|FR","Without Sequence","86.49","",""
"16/09/2025 23:00:00 - 16/09/2025 23:15:00","BZN|FR","Without Sequence","73.84","",""
"16/09/2025 23:15:00 - 16/09/2025 23:30:00","BZN|FR","Without Sequence","73.84","",""
"16/09/2025 23:30:00 - 16/09/2025 23:45:00","BZN|FR","Without Sequence","73.84","",""
"16/09/2025 23:45:00 - 17/09/2025 00:00:00","BZN|FR","Without Sequence","73.84","",""
"17/09/2025 00:00:00 - 17/09/2025 00:15:00","BZN|FR","Without Sequence","71.57","",""
"17/09/2025 00:15:00 - 17/09/2025 00:30:00","BZN|FR","Without Sequence","71.57","",""
"17/09/2025 00:30:00 - 17/09/2025 00:45:00","BZN|FR","Without Sequence","71.57","",""
"17/09/2025 00:45:00 - 17/09/2025 01:00:00","BZN|FR","Without Sequence","71.57","",""
"17/09/2025 01:00:00 - 17/09/2025 01:15:00","BZN|FR","Without Sequence","63.37","",""
"17/09/2025 01:15:00 - 17/09/2025 01:30:00","BZN|FR","Without Sequence","63.37","",""
"17/09/2025 01:30:00 - 17/09/2025 01:45:00","BZN|FR","Without Sequence","63.37","",""
"17/09/2025 01:45:00 - 17/09/2025 02:00:00","BZN|FR","Without Sequence","63.37","",""
"17/09/2025 02:00:00 - 17/09/2025 02:15:00","BZN|FR","Without Sequence","50.98","",""
"17/09/2025 02:15:00 - 17/09/2025 02:30:00","BZN|FR","Without Sequence","50.98","",""
"17/09/2025 02:30:00 - 17/09/2025 02:45:00","BZN|FR","Without Sequence","50.98","",""
"17/09/2025 02:45:00 - 17/09/2025 03:00:00","BZN|FR","Without Sequence","50.98","",""
"17/09/2025 03:00:00 - 17/09/2025 03:15:00","BZN|FR","Without Sequence","40.32","",""
"17/09/2025 03:15:00 - 17/09/2025 03:30:00","BZN|FR","Without Sequence","40.32","",""
"17/09/2025 03:30:00 - 17/09/2025 03:45:00","BZN|FR","Without Sequence","40.32","",""
"17/09/2025 03:45:00 - 17/09/2025 04:00:00","BZN|FR","Without Sequence","40.32","",""
"17/09/2025 04:00:00 - 17/09/2025 04:15:00","BZN|FR","Without Sequence","32.00","",""
"17/09/2025 04:15:00 - 17/09/2025 04:30:00","BZN|FR","Without Sequence","32.00","",""
"17/09/2025 04:30:00 - 17/09/2025 04:45:00","BZN|FR","Without Sequence","32.00","",""
"17/09/2025 04:45:00 - 17/09/2025 05:00:00","BZN|FR","Without Sequence","32.00","",""
"17/09/2025 05:00:00 - 17/09/2025 05:15:00","BZN|FR","Without Sequence","35.16","",""
"17/09/2025 05:15:00 - 17/09/2025 05:30:00","BZN|FR","Without Sequence","35.16","",""
"17/09/2025 05:30:00 - 17/09/2025 05:45:00","BZN|FR","Without Sequence","35.16","",""
"17/09/2025 05:45:00 - 17/09/2025 06:00:00","BZN|FR","Without Sequence","35.16","",""
"17/09/2025 06:00:00 - 17/09/2025 06:15:00","BZN|FR","Without Sequence","67.78","",""
"17/09/2025 06:15:00 - 17/09/2025 06:30:00","BZN|FR","Without Sequence","67.78","",""
"17/09/2025 06:30:00 - 17/09/2025 06:45:00","BZN|FR","Without Sequence","67.78","",""
"17/09/2025 06:45:00 - 17/09/2025 07:00:00","BZN|FR","Without Sequence","67.78","",""
"17/09/2025 07:00:00 - 17/09/2025 07:15:00","BZN|FR","Without Sequence","111.07","",""
"17/09/2025 07:15:00 - 17/09/2025 07:30:00","BZN|FR","Without Sequence","111.07","",""
"17/09/2025 07:30:00 - 17/09/2025 07:45:00","BZN|FR","Without Sequence","111.07","",""
"17/09/2025 07:45:00 - 17/09/2025 08:00:00","BZN|FR","Without Sequence","111.07","",""
"17/09/2025 08:00:00 - 17/09/2025 08:15:00","BZN|FR","Without Sequence","112.08","",""
"17/09/2025 08:15:00 - 17/09/2025 08:30:00","BZN|FR","Without Sequence","112.08","",""
"17/09/2025 08:30:00 - 17/09/2025 08:45:00","BZN|FR","Without Sequence","112.08","",""
"17/09/2025 08:45:00 - 17/09/2025 09:00:00","BZN|FR","Without Sequence","112.08","",""
"17/09/2025 09:00:00 - 17/09/2025 09:15:00","BZN|FR","Without Sequence","85.85","",""
"17/09/2025 09:15:00 - 17/09/2025 09:30:00","BZN|FR","Without Sequence","85.85","",""
"17/09/2025 09:30:00 - 17/09/2025 09:45:00","BZN|FR","Without Sequence","85.85","",""
"17/09/2025 09:45:00 - 17/09/2025 10:00:00","BZN|FR","Without Sequence","85.85","",""
"17/09/2025 10:00:00 - 17/09/2025 10:15:00","BZN|FR","Without Sequence","57.90","",""
"17/09/2025 10:15:00 - 17/09/2025 10:30:00","BZN|FR","Without Sequence","57.90","",""
"17/09/2025 10:30:00 - 17/09/2025 10:45:00","BZN|FR","Without Sequence","57.90","",""
"17/09/2025 10:45:00 - 17/09/2025 11:00:00","BZN|FR","Without Sequence","57.90","",""
"17/09/2025 11:00:00 - 17/09/2025 11:15:00","BZN|FR","Without Sequence","37.60","",""
"17/09/2025 11:15:00 - 17/09/2025 11:30:00","BZN|FR","Without Sequence","37.60","",""
"17/09/2025 11:30:00 - 17/09/2025 11:45:00","BZN|FR","Without Sequence","37.60","",""
"17/09/2025 11:45:00 - 17/09/2025 12:00:00","BZN|FR","Without Sequence","37.60","",""
"17/09/2025 12:00:00 - 17/09/2025 12:15:00","BZN|FR","Without Sequence","18.05","",""
"17/09/2025 12:15:00 - 17/09/2025 12:30:00","BZN|FR","Without Sequence","18.05","",""
"17/09/2025 12:30:00 - 17/09/2025 12:45:00","BZN|FR","Without Sequence","18.05","",""
"17/09/2025 12:45:00 - 17/09/2025 13:00:00","BZN|FR","Without Sequence","18.05","",""
"17/09/2025 13:00:00 - 17/09/2025 13:15:00","BZN|FR","Without Sequence","7.88","",""
"17/09/2025 13:15:00 - 17/09/2025 13:30:00","BZN|FR","Without Sequence","7.88","",""
"17/09/2025 13:30:00 - 17/09/2025 13:45:00","BZN|FR","Without Sequence","7.88","",""
"17/09/2025 13:45:00 - 17/09/2025 14:00:00","BZN|FR","Without Sequence","7.88","",""
"17/09/2025 14:00:00 - 17/09/2025 14:15:00","BZN|FR","Without Sequence","0.09","",""
"17/09/2025 14:15:00 - 17/09/2025 14:30:00","BZN|FR","Without Sequence","0.09","",""
"17/09/2025 14:30:00 - 17/09/2025 14:45:00","BZN|FR","Without Sequence","0.09","",""
"17/09/2025 14:45:00 - 17/09/2025 15:00:00","BZN|FR","Without Sequence","0.09","",""
"17/09/2025 15:00:00 - 17/09/2025 15:15:00","BZN|FR","Without Sequence","6.11","",""
"17/09/2025 15:15:00 - 17/09/2025 15:30:00","BZN|FR","Without Sequence","6.11","",""
"17/09/2025 15:30:00 - 17/09/2025 15:45:00","BZN|FR","Without Sequence","6.11","",""
"17/09/2025 15:45:00 - 17/09/2025 16:00:00","BZN|FR","Without Sequence","6.11","",""
"17/09/2025 16:00:00 - 17/09/2025 16:15:00","BZN|FR","Without Sequence","12.63","",""
"17/09/2025 16:15:00 - 17/09/2025 16:30:00","BZN|FR","Without Sequence","12.63","",""
"17/09/2025 16:30:00 - 17/09/2025 16:45:00","BZN|FR","Without Sequence","12.63","",""
"17/09/2025 16:45:00 - 17/09/2025 17:00:00","BZN|FR","Without Sequence","12.63","",""
"17/09/2025 17:00:00 - 17/09/2025 17:15:00","BZN|FR","Without Sequence","50.00","",""
"17/09/2025 17:15:00 - 17/09/2025 17:30:00","BZN|FR","Without Sequence","50.00","",""
"17/09/2025 17:30:00 - 17/09/2025 17:45:00","BZN|FR","Without Sequence","50.00","",""
"17/09/2025 17:45:00 - 17/09/2025 18:00:00","BZN|FR","Without Sequence","50.00","",""
"17/09/2025 18:00:00 - 17/09/2025 18:15:00","BZN|FR","Without Sequence","83.12","",""
"17/09/2025 18:15:00 - 17/09/2025 18:30:00","BZN|FR","Without Sequence","83.12","",""
"17/09/2025 18:30:00 - 17/09/2025 18:45:00","BZN|FR","Without Sequence","83.12","",""
"17/09/2025 18:45:00 - 17/09/2025 19:00:00","BZN|FR","Without Sequence","83.12","",""
"17/09/2025 19:00:00 - 17/09/2025 19:15:00","BZN|FR","Without Sequence","111.76","",""
"17/09/2025 19:15:00 - 17/09/2025 19:30:00","BZN|FR","Without Sequence","111.76","",""
"17/09/2025 19:30:00 - 17/09/2025 19:45:00","BZN|FR","Without Sequence","111.76","",""
"17/09/2025 19:45:00 - 17/09/2025 20:00:00","BZN|FR","Without Sequence","111.76","",""
"17/09/2025 20:00:00 - 17/09/2025 20:15:00","BZN|FR","Without Sequence","123.55","",""
"17/09/2025 20:15:00 - 17/09/2025 20:30:00","BZN|FR","Without Sequence","123.55","",""
"17/09/2025 20:30:00 - 17/09/2025 20:45:00","BZN|FR","Without Sequence","123.55","",""
"17/09/2025 20:45:00 - 17/09/2025 21:00:00","BZN|FR","Without Sequence","123.55","",""
"17/09/2025 21:00:00 - 17/09/2025 21:15:00","BZN|FR","Without Sequence","95.20","",""
"17/09/2025 21:15:00 - 17/09/2025 21:30:00","BZN|FR","Without Sequence","95.20","",""
"17/09/2025 21:30:00 - 17/09/2025 21:45:00","BZN|FR","Without Sequence","95.20","",""
"17/09/2025 21:45:00 - 17/09/2025 22:00:00","BZN|FR","Without Sequence","95.20","",""
"17/09/2025 22:00:00 - 17/09/2025 22:15:00","BZN|FR","Without Sequence","87.36","",""
"17/09/2025 22:15:00 - 17/09/2025 22:30:00","BZN|FR","Without Sequence","87.36","",""
"17/09/2025 22:30:00 - 17/09/2025 22:45:00","BZN|FR","Without Sequence","87.36","",""
"17/09/2025 22:45:00 - 17/09/2025 23:00:00","BZN|FR","Without Sequence","87.36","",""
"17/09/2025 23:00:00 - 17/09/2025 23:15:00","BZN|FR","Without Sequence","63.02","",""
"17/09/2025 23:15:00 - 17/09/2025 23:30:00","BZN|FR","Without Sequence","63.02","",""
"17/09/2025 23:30:00 - 17/09/2025 23:45:00","BZN|FR","Without Sequence","63.02","",""
"17/09/2025 23:45:00 - 18/09/2025 00:00:00","BZN|FR","Without Sequence","63.02","",""
"18/09/2025 00:00:00 - 18/09/2025 00:15:00","BZN|FR","Without Sequence","27.60","",""
"18/09/2025 00:15:00 - 18/09/2025 00:30:00","BZN|FR","Without Sequence","27.60","",""
"18/09/2025 00:30:00 - 18/09/2025 00:45:00","BZN|FR","Without Sequence","27.60","",""
"18/09/2025 00:45:00 - 18/09/2025 01:00:00","BZN|FR","Without Sequence","27.60","",""
"18/09/2025 01:00:00 - 18/09/2025 01:15:00","BZN|FR","Without Sequence","27.02","",""
"18/09/2025 01:15:00 - 18/09/2025 01:30:00","BZN|FR","Without Sequence","27.02","",""
"18/09/2025 01:30:00 - 18/09/2025 01:45:00","BZN|FR","Without Sequence","27.02","",""
"18/09/2025 01:45:00 - 18/09/2025 02:00:00","BZN|FR","Without Sequence","27.02","",""
"18/09/2025 02:00:00 - 18/09/2025 02:15:00","BZN|FR","Without Sequence","27.40","",""
"18/09/2025 02:15:00 - 18/09/2025 02:30:00","BZN|FR","Without Sequence","27.40","",""
"18/09/2025 02:30:00 - 18/09/2025 02:45:00","BZN|FR","Without Sequence","27.40","",""
"18/09/2025 02:45:00 - 18/09/2025 03:00:00","BZN|FR","Without Sequence","27.40","",""
"18/09/2025 03:00:00 - 18/09/2025 03:15:00","BZN|FR","Without Sequence","15.61","",""
"18/09/2025 03:15:00 - 18/09/2025 03:30:00","BZN|FR","Without Sequence","15.61","",""
"18/09/2025 03:30:00 - 18/09/2025 03:45:00","BZN|FR","Without Sequence","15.61","",""
"18/09/2025 03:45:00 - 18/09/2025 04:00:00","BZN|FR","Without Sequence","15.61","",""
"18/09/2025 04:00:00 - 18/09/2025 04:15:00","BZN|FR","Without Sequence","17.23","",""
"18/09/2025 04:15:00 - 18/09/2025 04:30:00","BZN|FR","Without Sequence","17.23","",""
"18/09/2025 04:30:00 - 18/09/2025 04:45:00","BZN|FR","Without Sequence","17.23","",""
"18/09/2025 04:45:00 - 18/09/2025 05:00:00","BZN|FR","Without Sequence","17.23","",""
"18/09/2025 05:00:00 - 18/09/2025 05:15:00","BZN|FR","Without Sequence","25.65","",""
"18/09/2025 05:15:00 - 18/09/2025 05:30:00","BZN|FR","Without Sequence","25.65","",""
"18/09/2025 05:30:00 - 18/09/2025 05:45:00","BZN|FR","Without Sequence","25.65","",""
"18/09/2025 05:45:00 - 18/09/2025 06:00:00","BZN|FR","Without Sequence","25.65","",""
"18/09/2025 06:00:00 - 18/09/2025 06:15:00","BZN|FR","Without Sequence","40.70","",""
"18/09/2025 06:15:00 - 18/09/2025 06:30:00","BZN|FR","Without Sequence","40.70","",""
"18/09/2025 06:30:00 - 18/09/2025 06:45:00","BZN|FR","Without Sequence","40.70","",""
"18/09/2025 06:45:00 - 18/09/2025 07:00:00","BZN|FR","Without Sequence","40.70","",""
"18/09/2025 07:00:00 - 18/09/2025 07:15:00","BZN|FR","Without Sequence","100.05","",""
"18/09/2025 07:15:00 - 18/09/2025 07:30:00","BZN|FR","Without Sequence","100.05","",""
"18/09/2025 07:30:00 - 18/09/2025 07:45:00","BZN|FR","Without Sequence","100.05","",""
"18/09/2025 07:45:00 - 18/09/2025 08:00:00","BZN|FR","Without Sequence","100.05","",""
"18/09/2025 08:00:00 - 18/09/2025 08:15:00","BZN|FR","Without Sequence","102.63","",""
"18/09/2025 08:15:00 - 18/09/2025 08:30:00","BZN|FR","Without Sequence","102.63","",""
"18/09/2025 08:30:00 - 18/09/2025 08:45:00","BZN|FR","Without Sequence","102.63","",""
"18/09/2025 08:45:00 - 18/09/2025 09:00:00","BZN|FR","Without Sequence","102.63","",""
"18/09/2025 09:00:00 - 18/09/2025 09:15:00","BZN|FR","Without Sequence","79.09","",""
"18/09/2025 09:15:00 - 18/09/2025 09:30:00","BZN|FR","Without Sequence","79.09","",""
"18/09/2025 09:30:00 - 18/09/2025 09:45:00","BZN|FR","Without Sequence","79.09","",""
"18/09/2025 09:45:00 - 18/09/2025 10:00:00","BZN|FR","Without Sequence","79.09","",""
"18/09/2025 10:00:00 - 18/09/2025 10:15:00","BZN|FR","Without Sequence","56.40","",""
"18/09/2025 10:15:00 - 18/09/2025 10:30:00","BZN|FR","Without Sequence","56.40","",""
"18/09/2025 10:30:00 - 18/09/2025 10:45:00","BZN|FR","Without Sequence","56.40","",""
"18/09/2025 10:45:00 - 18/09/2025 11:00:00","BZN|FR","Without Sequence","56.40","",""
"18/09/2025 11:00:00 - 18/09/2025 11:15:00","BZN|FR","Without Sequence","5.87","",""
"18/09/2025 11:15:00 - 18/09/2025 11:30:00","BZN|FR","Without Sequence","5.87","",""
"18/09/2025 11:30:00 - 18/09/2025 11:45:00","BZN|FR","Without Sequence","5.87","",""
"18/09/2025 11:45:00 - 18/09/2025 12:00:00","BZN|FR","Without Sequence","5.87","",""
"18/09/2025 12:00:00 - 18/09/2025 12:15:00","BZN|FR","Without Sequence","0.20","",""
"18/09/2025 12:15:00 - 18/09/2025 12:30:00","BZN|FR","Without Sequence","0.20","",""
"18/09/2025 12:30:00 - 18/09/2025 12:45:00","BZN|FR","Without Sequence","0.20","",""
"18/09/2025 12:45:00 - 18/09/2025 13:00:00","BZN|FR","Without Sequence","0.20","",""
"18/09/2025 13:00:00 - 18/09/2025 13:15:00","BZN|FR","Without Sequence","0.00","",""
"18/09/2025 13:15:00 - 18/09/2025 13:30:00","BZN|FR","Without Sequence","0.00","",""
"18/09/2025 13:30:00 - 18/09/2025 13:45:00","BZN|FR","Without Sequence","0.00","",""
"18/09/2025 13:45:00 - 18/09/2025 14:00:00","BZN|FR","Without Sequence","0.00","",""
"18/09/2025 14:00:00 - 18/09/2025 14:15:00","BZN|FR","Without Sequence","0.00","",""
"18/09/2025 14:15:00 - 18/09/2025 14:30:00","BZN|FR","Without Sequence","0.00","",""
"18/09/2025 14:30:00 - 18/09/2025 14:45:00","BZN|FR","Without Sequence","0.00","",""
"18/09/2025 14:45:00 - 18/09/2025 15:00:00","BZN|FR","Without Sequence","0.00","",""
"18/09/2025 15:00:00 - 18/09/2025 15:15:00","BZN|FR","Without Sequence","0.52","",""
"18/09/2025 15:15:00 - 18/09/2025 15:30:00","BZN|FR","Without Sequence","0.52","",""
"18/09/2025 15:30:00 - 18/09/2025 15:45:00","BZN|FR","Without Sequence","0.52","",""
"18/09/2025 15:45:00 - 18/09/2025 16:00:00","BZN|FR","Without Sequence","0.52","",""
"18/09/2025 16:00:00 - 18/09/2025 16:15:00","BZN|FR","Without Sequence","15.31","",""
"18/09/2025 16:15:00 - 18/09/2025 16:30:00","BZN|FR","Without Sequence","15.31","",""
"18/09/2025 16:30:00 - 18/09/2025 16:45:00","BZN|FR","Without Sequence","15.31","",""
"18/09/2025 16:45:00 - 18/09/2025 17:00:00","BZN|FR","Without Sequence","15.31","",""
"18/09/2025 17:00:00 - 18/09/2025 17:15:00","BZN|FR","Without Sequence","45.80","",""
"18/09/2025 17:15:00 - 18/09/2025 17:30:00","BZN|FR","Without Sequence","45.80","",""
"18/09/2025 17:30:00 - 18/09/2025 17:45:00","BZN|FR","Without Sequence","45.80","",""
"18/09/2025 17:45:00 - 18/09/2025 18:00:00","BZN|FR","Without Sequence","45.80","",""
"18/09/2025 18:00:00 - 18/09/2025 18:15:00","BZN|FR","Without Sequence","96.86","",""
"18/09/2025 18:15:00 - 18/09/2025 18:30:00","BZN|FR","Without Sequence","96.86","",""
"18/09/2025 18:30:00 - 18/09/2025 18:45:00","BZN|FR","Without Sequence","96.86","",""
"18/09/2025 18:45:00 - 18/09/2025 19:00:00","BZN|FR","Without Sequence","96.86","",""
"18/09/2025 19:00:00 - 18/09/2025 19:15:00","BZN|FR","Without Sequence","124.70","",""
"18/09/2025 19:15:00 - 18/09/2025 19:30:00","BZN|FR","Without Sequence","124.70","",""
"18/09/2025 19:30:00 - 18/09/2025 19:45:00","BZN|FR","Without Sequence","124.70","",""
"18/09/2025 19:45:00 - 18/09/2025 20:00:00","BZN|FR","Without Sequence","124.70","",""
"18/09/2025 20:00:00 - 18/09/2025 20:15:00","BZN|FR","Without Sequence","127.50","",""
"18/09/2025 20:15:00 - 18/09/2025 20:30:00","BZN|FR","Without Sequence","127.50","",""
"18/09/2025 20:30:00 - 18/09/2025 20:45:00","BZN|FR","Without Sequence","127.50","",""
"18/09/2025 20:45:00 - 18/09/2025 21:00:00","BZN|FR","Without Sequence","127.50","",""
"18/09/2025 21:00:00 - 18/09/2025 21:15:00","BZN|FR","Without Sequence","110.00","",""
"18/09/2025 21:15:00 - 18/09/2025 21:30:00","BZN|FR","Without Sequence","110.00","",""
"18/09/2025 21:30:00 - 18/09/2025 21:45:00","BZN|FR","Without Sequence","110.00","",""
"18/09/2025 21:45:00 - 18/09/2025 22:00:00","BZN|FR","Without Sequence","110.00","",""
"18/09/2025 22:00:00 - 18/09/2025 22:15:00","BZN|FR","Without Sequence","99.09","",""
"18/09/2025 22:15:00 - 18/09/2025 22:30:00","BZN|FR","Without Sequence","99.09","",""
"18/09/2025 22:30:00 - 18/09/2025 22:45:00","BZN|FR","Without Sequence","99.09","",""
"18/09/2025 22:45:00 - 18/09/2025 23:00:00","BZN|FR","Without Sequence","99.09","",""
"18/09/2025 23:00:00 - 18/09/2025 23:15:00","BZN|FR","Without Sequence","88.20","",""
"18/09/2025 23:15:00 - 18/09/2025 23:30:00","BZN|FR","Without Sequence","88.20","",""
"18/09/2025 23:30:00 - 18/09/2025 23:45:00","BZN|FR","Without Sequence","88.20","",""
"18/09/2025 23:45:00 - 19/09/2025 00:00:00","BZN|FR","Without Sequence","88.20","",""
"19/09/2025 00:00:00 - 19/09/2025 00:15:00","BZN|FR","Without Sequence","74.09","",""
"19/09/2025 00:15:00 - 19/09/2025 00:30:00","BZN|FR","Without Sequence","74.09","",""
"19/09/2025 00:30:00 - 19/09/2025 00:45:00","BZN|FR","Without Sequence","74.09","",""
"19/09/2025 00:45:00 - 19/09/2025 01:00:00","BZN|FR","Without Sequence","74.09","",""
"19/09/2025 01:00:00 - 19/09/2025 01:15:00","BZN|FR","Without Sequence","65.00","",""
"19/09/2025 01:15:00 - 19/09/2025 01:30:00","BZN|FR","Without Sequence","65.00","",""
"19/09/2025 01:30:00 - 19/09/2025 01:45:00","BZN|FR","Without Sequence","65.00","",""
"19/09/2025 01:45:00 - 19/09/2025 02:00:00","BZN|FR","Without Sequence","65.00","",""
"19/09/2025 02:00:00 - 19/09/2025 02:15:00","BZN|FR","Without Sequence","53.80","",""
"19/09/2025 02:15:00 - 19/09/2025 02:30:00","BZN|FR","Without Sequence","53.80","",""
"19/09/2025 02:30:00 - 19/09/2025 02:45:00","BZN|FR","Without Sequence","53.80","",""
"19/09/2025 02:45:00 - 19/09/2025 03:00:00","BZN|FR","Without Sequence","53.80","",""
"19/09/2025 03:00:00 - 19/09/2025 03:15:00","BZN|FR","Without Sequence","46.93","",""
"19/09/2025 03:15:00 - 19/09/2025 03:30:00","BZN|FR","Without Sequence","46.93","",""
"19/09/2025 03:30:00 - 19/09/2025 03:45:00","BZN|FR","Without Sequence","46.93","",""
"19/09/2025 03:45:00 - 19/09/2025 04:00:00","BZN|FR","Without Sequence","46.93","",""
"19/09/2025 04:00:00 - 19/09/2025 04:15:00","BZN|FR","Without Sequence","44.34","",""
"19/09/2025 04:15:00 - 19/09/2025 04:30:00","BZN|FR","Without Sequence","44.34","",""
"19/09/2025 04:30:00 - 19/09/2025 04:45:00","BZN|FR","Without Sequence","44.34","",""
"19/09/2025 04:45:00 - 19/09/2025 05:00:00","BZN|FR","Without Sequence","44.34","",""
"19/09/2025 05:00:00 - 19/09/2025 05:15:00","BZN|FR","Without Sequence","42.13","",""
"19/09/2025 05:15:00 - 19/09/2025 05:30:00","BZN|FR","Without Sequence","42.13","",""
"19/09/2025 05:30:00 - 19/09/2025 05:45:00","BZN|FR","Without Sequence","42.13","",""
"19/09/2025 05:45:00 - 19/09/2025 06:00:00","BZN|FR","Without Sequence","42.13","",""
"19/09/2025 06:00:00 - 19/09/2025 06:15:00","BZN|FR","Without Sequence","35.66","",""
"19/09/2025 06:15:00 - 19/09/2025 06:30:00","BZN|FR","Without Sequence","35.66","",""
"19/09/2025 06:30:00 - 19/09/2025 06:45:00","BZN|FR","Without Sequence","35.66","",""
"19/09/2025 06:45:00 - 19/09/2025 07:00:00","BZN|FR","Without Sequence","35.66","",""
"19/09/2025 07:00:00 - 19/09/2025 07:15:00","BZN|FR","Without Sequence","81.19","",""
"19/09/2025 07:15:00 - 19/09/2025 07:30:00","BZN|FR","Without Sequence","81.19","",""
"19/09/2025 07:30:00 - 19/09/2025 07:45:00","BZN|FR","Without Sequence","81.19","",""
"19/09/2025 07:45:00 - 19/09/2025 08:00:00","BZN|FR","Without Sequence","81.19","",""
"19/09/2025 08:00:00 - 19/09/2025 08:15:00","BZN|FR","Without Sequence","92.77","",""
"19/09/2025 08:15:00 - 19/09/2025 08:30:00","BZN|FR","Without Sequence","92.77","",""
"19/09/2025 08:30:00 - 19/09/2025 08:45:00","BZN|FR","Without Sequence","92.77","",""
"19/09/2025 08:45:00 - 19/09/2025 09:00:00","BZN|FR","Without Sequence","92.77","",""
"19/09/2025 09:00:00 - 19/09/2025 09:15:00","BZN|FR","Without Sequence","49.14","",""
"19/09/2025 09:15:00 - 19/09/2025 09:30:00","BZN|FR","Without Sequence","49.14","",""
"19/09/2025 09:30:00 - 19/09/2025 09:45:00","BZN|FR","Without Sequence","49.14","",""
"19/09/2025 09:45:00 - 19/09/2025 10:00:00","BZN|FR","Without Sequence","49.14","",""
"19/09/2025 10:00:00 - 19/09/2025 10:15:00","BZN|FR","Without Sequence","35.74","",""
"19/09/2025 10:15:00 - 19/09/2025 10:30:00","BZN|FR","Without Sequence","35.74","",""
"19/09/2025 10:30:00 - 19/09/2025 10:45:00","BZN|FR","Without Sequence","35.74","",""
"19/09/2025 10:45:00 - 19/09/2025 11:00:00","BZN|FR","Without Sequence","35.74","",""
"19/09/2025 11:00:00 - 19/09/2025 11:15:00","BZN|FR","Without Sequence","13.00","",""
"19/09/2025 11:15:00 - 19/09/2025 11:30:00","BZN|FR","Without Sequence","13.00","",""
"19/09/2025 11:30:00 - 19/09/2025 11:45:00","BZN|FR","Without Sequence","13.00","",""
"19/09/2025 11:45:00 - 19/09/2025 12:00:00","BZN|FR","Without Sequence","13.00","",""
"19/09/2025 12:00:00 - 19/09/2025 12:15:00","BZN|FR","Without Sequence","0.99","",""
"19/09/2025 12:15:00 - 19/09/2025 12:30:00","BZN|FR","Without Sequence","0.99","",""
"19/09/2025 12:30:00 - 19/09/2025 12:45:00","BZN|FR","Without Sequence","0.99","",""
"19/09/2025 12:45:00 - 19/09/2025 13:00:00","BZN|FR","Without Sequence","0.99","",""
"19/09/2025 13:00:00 - 19/09/2025 13:15:00","BZN|FR","Without Sequence","0.00","",""
"19/09/2025 13:15:00 - 19/09/2025 13:30:00","BZN|FR","Without Sequence","0.00","",""
"19/09/2025 13:30:00 - 19/09/2025 13:45:00","BZN|FR","Without Sequence","0.00","",""
"19/09/2025 13:45:00 - 19/09/2025 14:00:00","BZN|FR","Without Sequence","0.00","",""
"19/09/2025 14:00:00 - 19/09/2025 14:15:00","BZN|FR","Without Sequence","0.00","",""
"19/09/2025 14:15:00 - 19/09/2025 14:30:00","BZN|FR","Without Sequence","0.00","",""
"19/09/2025 14:30:00 - 19/09/2025 14:45:00","BZN|FR","Without Sequence","0.00","",""
"19/09/2025 14:45:00 - 19/09/2025 15:00:00","BZN|FR","Without Sequence","0.00","",""
"19/09/2025 15:00:00 - 19/09/2025 15:15:00","BZN|FR","Without Sequence","11.97","",""
"19/09/2025 15:15:00 - 19/09/2025 15:30:00","BZN|FR","Without Sequence","11.97","",""
"19/09/2025 15:30:00 - 19/09/2025 15:45:00","BZN|FR","Without Sequence","11.97","",""
"19/09/2025 15:45:00 - 19/09/2025 16:00:00","BZN|FR","Without Sequence","11.97","",""
"19/09/2025 16:00:00 - 19/09/2025 16:15:00","BZN|FR","Without Sequence","33.04","",""
"19/09/2025 16:15:00 - 19/09/2025 16:30:00","BZN|FR","Without Sequence","33.04","",""
"19/09/2025 16:30:00 - 19/09/2025 16:45:00","BZN|FR","Without Sequence","33.04","",""
"19/09/2025 16:45:00 - 19/09/2025 17:00:00","BZN|FR","Without Sequence","33.04","",""
"19/09/2025 17:00:00 - 19/09/2025 17:15:00","BZN|FR","Without Sequence","65.87","",""
"19/09/2025 17:15:00 - 19/09/2025 17:30:00","BZN|FR","Without Sequence","65.87","",""
"19/09/2025 17:30:00 - 19/09/2025 17:45:00","BZN|FR","Without Sequence","65.87","",""
"19/09/2025 17:45:00 - 19/09/2025 18:00:00","BZN|FR","Without Sequence","65.87","",""
"19/09/2025 18:00:00 - 19/09/2025 18:15:00","BZN|FR","Without Sequence","76.00","",""
"19/09/2025 18:15:00 - 19/09/2025 18:30:00","BZN|FR","Without Sequence","76.00","",""
"19/09/2025 18:30:00 - 19/09/2025 18:45:00","BZN|FR","Without Sequence","76.00","",""
"19/09/2025 18:45:00 - 19/09/2025 19:00:00","BZN|FR","Without Sequence","76.00","",""
"19/09/2025 19:00:00 - 19/09/2025 19:15:00","BZN|FR","Without Sequence","108.14","",""
"19/09/2025 19:15:00 - 19/09/2025 19:30:00","BZN|FR","Without Sequence","108.14","",""
"19/09/2025 19:30:00 - 19/09/2025 19:45:00","BZN|FR","Without Sequence","108.14","",""
"19/09/2025 19:45:00 - 19/09/2025 20:00:00","BZN|FR","Without Sequence","108.14","",""
"19/09/2025 20:00:00 - 19/09/2025 20:15:00","BZN|FR","Without Sequence","105.01","",""
"19/09/2025 20:15:00 - 19/09/2025 20:30:00","BZN|FR","Without Sequence","105.01","",""
"19/09/2025 20:30:00 - 19/09/2025 20:45:00","BZN|FR","Without Sequence","105.01","",""
"19/09/2025 20:45:00 - 19/09/2025 21:00:00","BZN|FR","Without Sequence","105.01","",""
"19/09/2025 21:00:00 - 19/09/2025 21:15:00","BZN|FR","Without Sequence","85.60","",""
"19/09/2025 21:15:00 - 19/09/2025 21:30:00","BZN|FR","Without Sequence","85.60","",""
"19/09/2025 21:30:00 - 19/09/2025 21:45:00","BZN|FR","Without Sequence","85.60","",""
"19/09/2025 21:45:00 - 19/09/2025 22:00:00","BZN|FR","Without Sequence","85.60","",""
"19/09/2025 22:00:00 - 19/09/2025 22:15:00","BZN|FR","Without Sequence","86.21","",""
"19/09/2025 22:15:00 - 19/09/2025 22:30:00","BZN|FR","Without Sequence","86.21","",""
"19/09/2025 22:30:00 - 19/09/2025 22:45:00","BZN|FR","Without Sequence","86.21","",""
"19/09/2025 22:45:00 - 19/09/2025 23:00:00","BZN|FR","Without Sequence","86.21","",""
"19/09/2025 23:00:00 - 19/09/2025 23:15:00","BZN|FR","Without Sequence","79.14","",""
"19/09/2025 23:15:00 - 19/09/2025 23:30:00","BZN|FR","Without Sequence","79.14","",""
"19/09/2025 23:30:00 - 19/09/2025 23:45:00","BZN|FR","Without Sequence","79.14","",""
"19/09/2025 23:45:00 - 20/09/2025 00:00:00","BZN|FR","Without Sequence","79.14","",""
"20/09/2025 00:00:00 - 20/09/2025 00:15:00","BZN|FR","Without Sequence","0.00","",""
"20/09/2025 00:15:00 - 20/09/2025 00:30:00","BZN|FR","Without Sequence","0.00","",""
"20/09/2025 00:30:00 - 20/09/2025 00:45:00","BZN|FR","Without Sequence","0.00","",""
"20/09/2025 00:45:00 - 20/09/2025 01:00:00","BZN|FR","Without Sequence","0.00","",""
"20/09/2025 01:00:00 - 20/09/2025 01:15:00","BZN|FR","Without Sequence","14.71","",""
"20/09/2025 01:15:00 - 20/09/2025 01:30:00","BZN|FR","Without Sequence","14.71","",""
"20/09/2025 01:30:00 - 20/09/2025 01:45:00","BZN|FR","Without Sequence","14.71","",""
"20/09/2025 01:45:00 - 20/09/2025 02:00:00","BZN|FR","Without Sequence","14.71","",""
"20/09/2025 02:00:00 - 20/09/2025 02:15:00","BZN|FR","Without Sequence","20.02","",""
"20/09/2025 02:15:00 - 20/09/2025 02:30:00","BZN|FR","Without Sequence","20.02","",""
"20/09/2025 02:30:00 - 20/09/2025 02:45:00","BZN|FR","Without Sequence","20.02","",""
"20/09/2025 02:45:00 - 20/09/2025 03:00:00","BZN|FR","Without Sequence","20.02","",""
"20/09/2025 03:00:00 - 20/09/2025 03:15:00","BZN|FR","Without Sequence","19.31","",""
"20/09/2025 03:15:00 - 20/09/2025 03:30:00","BZN|FR","Without Sequence","19.31","",""
"20/09/2025 03:30:00 - 20/09/2025 03:45:00","BZN|FR","Without Sequence","19.31","",""
"20/09/2025 03:45:00 - 20/09/2025 04:00:00","BZN|FR","Without Sequence","19.31","",""
"20/09/2025 04:00:00 - 20/09/2025 04:15:00","BZN|FR","Without Sequence","20.41","",""
"20/09/2025 04:15:00 - 20/09/2025 04:30:00","BZN|FR","Without Sequence","20.41","",""
"20/09/2025 04:30:00 - 20/09/2025 04:45:00","BZN|FR","Without Sequence","20.41","",""
"20/09/2025 04:45:00 - 20/09/2025 05:00:00","BZN|FR","Without Sequence","20.41","",""
"20/09/2025 05:00:00 - 20/09/2025 05:15:00","BZN|FR","Without Sequence","19.31","",""
"20/09/2025 05:15:00 - 20/09/2025 05:30:00","BZN|FR","Without Sequence","19.31","",""
"20/09/2025 05:30:00 - 20/09/2025 05:45:00","BZN|FR","Without Sequence","19.31","",""
"20/09/2025 05:45:00 - 20/09/2025 06:00:00","BZN|FR","Without Sequence","19.31","",""
"20/09/2025 06:00:00 - 20/09/2025 06:15:00","BZN|FR","Without Sequence","25.64","",""
"20/09/2025 06:15:00 - 20/09/2025 06:30:00","BZN|FR","Without Sequence","25.64","",""
"20/09/2025 06:30:00 - 20/09/2025 06:45:00","BZN|FR","Without Sequence","25.64","",""
"20/09/2025 06:45:00 - 20/09/2025 07:00:00","BZN|FR","Without Sequence","25.64","",""
"20/09/2025 07:00:00 - 20/09/2025 07:15:00","BZN|FR","Without Sequence","20.80","",""
"20/09/2025 07:15:00 - 20/09/2025 07:30:00","BZN|FR","Without Sequence","20.80","",""
"20/09/2025 07:30:00 - 20/09/2025 07:45:00","BZN|FR","Without Sequence","20.80","",""
"20/09/2025 07:45:00 - 20/09/2025 08:00:00","BZN|FR","Without Sequence","20.80","",""
"20/09/2025 08:00:00 - 20/09/2025 08:15:00","BZN|FR","Without Sequence","18.47","",""
"20/09/2025 08:15:00 - 20/09/2025 08:30:00","BZN|FR","Without Sequence","18.47","",""
"20/09/2025 08:30:00 - 20/09/2025 08:45:00","BZN|FR","Without Sequence","18.47","",""
"20/09/2025 08:45:00 - 20/09/2025 09:00:00","BZN|FR","Without Sequence","18.47","",""
"20/09/2025 09:00:00 - 20/09/2025 09:15:00","BZN|FR","Without Sequence","24.87","",""
"20/09/2025 09:15:00 - 20/09/2025 09:30:00","BZN|FR","Without Sequence","24.87","",""
"20/09/2025 09:30:00 - 20/09/2025 09:45:00","BZN|FR","Without Sequence","24.87","",""
"20/09/2025 09:45:00 - 20/09/2025 10:00:00","BZN|FR","Without Sequence","24.87","",""
"20/09/2025 10:00:00 - 20/09/2025 10:15:00","BZN|FR","Without Sequence","3.39","",""
"20/09/2025 10:15:00 - 20/09/2025 10:30:00","BZN|FR","Without Sequence","3.39","",""
"20/09/2025 10:30:00 - 20/09/2025 10:45:00","BZN|FR","Without Sequence","3.39","",""
"20/09/2025 10:45:00 - 20/09/2025 11:00:00","BZN|FR","Without Sequence","3.39","",""
"20/09/2025 11:00:00 - 20/09/2025 11:15:00","BZN|FR","Without Sequence","3.94","",""
"20/09/2025 11:15:00 - 20/09/2025 11:30:00","BZN|FR","Without Sequence","3.94","",""
"20/09/2025 11:30:00 - 20/09/2025 11:45:00","BZN|FR","Without Sequence","3.94","",""
"20/09/2025 11:45:00 - 20/09/2025 12:00:00","BZN|FR","Without Sequence","3.94","",""
"20/09/2025 12:00:00 - 20/09/2025 12:15:00","BZN|FR","Without Sequence","1.72","",""
"20/09/2025 12:15:00 - 20/09/2025 12:30:00","BZN|FR","Without Sequence","1.72","",""
"20/09/2025 12:30:00 - 20/09/2025 12:45:00","BZN|FR","Without Sequence","1.72","",""
"20/09/2025 12:45:00 - 20/09/2025 13:00:00","BZN|FR","Without Sequence","1.72","",""
"20/09/2025 13:00:00 - 20/09/2025 13:15:00","BZN|FR","Without Sequence","0.00","",""
"20/09/2025 13:15:00 - 20/09/2025 13:30:00","BZN|FR","Without Sequence","0.00","",""
"20/09/2025 13:30:00 - 20/09/2025 13:45:00","BZN|FR","Without Sequence","0.00","",""
"20/09/2025 13:45:00 - 20/09/2025 14:00:00","BZN|FR","Without Sequence","0.00","",""
"20/09/2025 14:00:00 - 20/09/2025 14:15:00","BZN|FR","Without Sequence","0.00","",""
"20/09/2025 14:15:00 - 20/09/2025 14:30:00","BZN|FR","Without Sequence","0.00","",""
"20/09/2025 14:30:00 - 20/09/2025 14:45:00","BZN|FR","Without Sequence","0.00","",""
"20/09/2025 14:45:00 - 20/09/2025 15:00:00","BZN|FR","Without Sequence","0.00","",""
"20/09/2025 15:00:00 - 20/09/2025 15:15:00","BZN|FR","Without Sequence","0.65","",""
"20/09/2025 15:15:00 - 20/09/2025 15:30:00","BZN|FR","Without Sequence","0.65","",""
"20/09/2025 15:30:00 - 20/09/2025 15:45:00","BZN|FR","Without Sequence","0.65","",""
"20/09/2025 15:45:00 - 20/09/2025 16:00:00","BZN|FR","Without Sequence","0.65","",""
"20/09/2025 16:00:00 - 20/09/2025 16:15:00","BZN|FR","Without Sequence","4.31","",""
"20/09/2025 16:15:00 - 20/09/2025 16:30:00","BZN|FR","Without Sequence","4.31","",""
"20/09/2025 16:30:00 - 20/09/2025 16:45:00","BZN|FR","Without Sequence","4.31","",""
"20/09/2025 16:45:00 - 20/09/2025 17:00:00","BZN|FR","Without Sequence","4.31","",""
"20/09/2025 17:00:00 - 20/09/2025 17:15:00","BZN|FR","Without Sequence","15.43","",""
"20/09/2025 17:15:00 - 20/09/2025 17:30:00","BZN|FR","Without Sequence","15.43","",""
"20/09/2025 17:30:00 - 20/09/2025 17:45:00","BZN|FR","Without Sequence","15.43","",""
"20/09/2025 17:45:00 - 20/09/2025 18:00:00","BZN|FR","Without Sequence","15.43","",""
"20/09/2025 18:00:00 - 20/09/2025 18:15:00","BZN|FR","Without Sequence","32.52","",""
"20/09/2025 18:15:00 - 20/09/2025 18:30:00","BZN|FR","Without Sequence","32.52","",""
"20/09/2025 18:30:00 - 20/09/2025 18:45:00","BZN|FR","Without Sequence","32.52","",""
"20/09/2025 18:45:00 - 20/09/2025 19:00:00","BZN|FR","Without Sequence","32.52","",""
"20/09/2025 19:00:00 - 20/09/2025 19:15:00","BZN|FR","Without Sequence","44.62","",""
"20/09/2025 19:15:00 - 20/09/2025 19:30:00","BZN|FR","Without Sequence","44.62","",""
"20/09/2025 19:30:00 - 20/09/2025 19:45:00","BZN|FR","Without Sequence","44.62","",""
"20/09/2025 19:45:00 - 20/09/2025 20:00:00","BZN|FR","Without Sequence","44.62","",""
"20/09/2025 20:00:00 - 20/09/2025 20:15:00","BZN|FR","Without Sequence","68.65","",""
"20/09/2025 20:15:00 - 20/09/2025 20:30:00","BZN|FR","Without Sequence","68.65","",""
"20/09/2025 20:30:00 - 20/09/2025 20:45:00","BZN|FR","Without Sequence","68.65","",""
"20/09/2025 20:45:00 - 20/09/2025 21:00:00","BZN|FR","Without Sequence","68.65","",""
"20/09/2025 21:00:00 - 20/09/2025 21:15:00","BZN|FR","Without Sequence","58.21","",""
"20/09/2025 21:15:00 - 20/09/2025 21:30:00","BZN|FR","Without Sequence","58.21","",""
"20/09/2025 21:30:00 - 20/09/2025 21:45:00","BZN|FR","Without Sequence","58.21","",""
"20/09/2025 21:45:00 - 20/09/2025 22:00:00","BZN|FR","Without Sequence","58.21","",""
"20/09/2025 22:00:00 - 20/09/2025 22:15:00","BZN|FR","Without Sequence","45.32","",""
"20/09/2025 22:15:00 - 20/09/2025 22:30:00","BZN|FR","Without Sequence","45.32","",""
"20/09/2025 22:30:00 - 20/09/2025 22:45:00","BZN|FR","Without Sequence","45.32","",""
"20/09/2025 22:45:00 - 20/09/2025 23:00:00","BZN|FR","Without Sequence","45.32","",""
"20/09/2025 23:00:00 - 20/09/2025 23:15:00","BZN|FR","Without Sequence","17.62","",""
"20/09/2025 23:15:00 - 20/09/2025 23:30:00","BZN|FR","Without Sequence","17.62","",""
"20/09/2025 23:30:00 - 20/09/2025 23:45:00","BZN|FR","Without Sequence","17.62","",""
"20/09/2025 23:45:00 - 21/09/2025 00:00:00","BZN|FR","Without Sequence","17.62","",""
"21/09/2025 00:00:00 - 21/09/2025 00:15:00","BZN|FR","Without Sequence","9.45","",""
"21/09/2025 00:15:00 - 21/09/2025 00:30:00","BZN|FR","Without Sequence","9.45","",""
"21/09/2025 00:30:00 - 21/09/2025 00:45:00","BZN|FR","Without Sequence","9.45","",""
"21/09/2025 00:45:00 - 21/09/2025 01:00:00","BZN|FR","Without Sequence","9.45","",""
"21/09/2025 01:00:00 - 21/09/2025 01:15:00","BZN|FR","Without Sequence","4.43","",""
"21/09/2025 01:15:00 - 21/09/2025 01:30:00","BZN|FR","Without Sequence","4.43","",""
"21/09/2025 01:30:00 - 21/09/2025 01:45:00","BZN|FR","Without Sequence","4.43","",""
"21/09/2025 01:45:00 - 21/09/2025 02:00:00","BZN|FR","Without Sequence","4.43","",""
"21/09/2025 02:00:00 - 21/09/2025 02:15:00","BZN|FR","Without Sequence","3.69","",""
"21/09/2025 02:15:00 - 21/09/2025 02:30:00","BZN|FR","Without Sequence","3.69","",""
"21/09/2025 02:30:00 - 21/09/2025 02:45:00","BZN|FR","Without Sequence","3.69","",""
"21/09/2025 02:45:00 - 21/09/2025 03:00:00","BZN|FR","Without Sequence","3.69","",""
"21/09/2025 03:00:00 - 21/09/2025 03:15:00","BZN|FR","Without Sequence","1.95","",""
"21/09/2025 03:15:00 - 21/09/2025 03:30:00","BZN|FR","Without Sequence","1.95","",""
"21/09/2025 03:30:00 - 21/09/2025 03:45:00","BZN|FR","Without Sequence","1.95","",""
"21/09/2025 03:45:00 - 21/09/2025 04:00:00","BZN|FR","Without Sequence","1.95","",""
"21/09/2025 04:00:00 - 21/09/2025 04:15:00","BZN|FR","Without Sequence","2.30","",""
"21/09/2025 04:15:00 - 21/09/2025 04:30:00","BZN|FR","Without Sequence","2.30","",""
"21/09/2025 04:30:00 - 21/09/2025 04:45:00","BZN|FR","Without Sequence","2.30","",""
"21/09/2025 04:45:00 - 21/09/2025 05:00:00","BZN|FR","Without Sequence","2.30","",""
"21/09/2025 05:00:00 - 21/09/2025 05:15:00","BZN|FR","Without Sequence","4.03","",""
"21/09/2025 05:15:00 - 21/09/2025 05:30:00","BZN|FR","Without Sequence","4.03","",""
"21/09/2025 05:30:00 - 21/09/2025 05:45:00","BZN|FR","Without Sequence","4.03","",""
"21/09/2025 05:45:00 - 21/09/2025 06:00:00","BZN|FR","Without Sequence","4.03","",""
"21/09/2025 06:00:00 - 21/09/2025 06:15:00","BZN|FR","Without Sequence","4.41","",""
"21/09/2025 06:15:00 - 21/09/2025 06:30:00","BZN|FR","Without Sequence","4.41","",""
"21/09/2025 06:30:00 - 21/09/2025 06:45:00","BZN|FR","Without Sequence","4.41","",""
"21/09/2025 06:45:00 - 21/09/2025 07:00:00","BZN|FR","Without Sequence","4.41","",""
"21/09/2025 07:00:00 - 21/09/2025 07:15:00","BZN|FR","Without Sequence","5.23","",""
"21/09/2025 07:15:00 - 21/09/2025 07:30:00","BZN|FR","Without Sequence","5.23","",""
"21/09/2025 07:30:00 - 21/09/2025 07:45:00","BZN|FR","Without Sequence","5.23","",""
"21/09/2025 07:45:00 - 21/09/2025 08:00:00","BZN|FR","Without Sequence","5.23","",""
"21/09/2025 08:00:00 - 21/09/2025 08:15:00","BZN|FR","Without Sequence","4.86","",""
"21/09/2025 08:15:00 - 21/09/2025 08:30:00","BZN|FR","Without Sequence","4.86","",""
"21/09/2025 08:30:00 - 21/09/2025 08:45:00","BZN|FR","Without Sequence","4.86","",""
"21/09/2025 08:45:00 - 21/09/2025 09:00:00","BZN|FR","Without Sequence","4.86","",""
"21/09/2025 09:00:00 - 21/09/2025 09:15:00","BZN|FR","Without Sequence","4.82","",""
"21/09/2025 09:15:00 - 21/09/2025 09:30:00","BZN|FR","Without Sequence","4.82","",""
"21/09/2025 09:30:00 - 21/09/2025 09:45:00","BZN|FR","Without Sequence","4.82","",""
"21/09/2025 09:45:00 - 21/09/2025 10:00:00","BZN|FR","Without Sequence","4.82","",""
"21/09/2025 10:00:00 - 21/09/2025 10:15:00","BZN|FR","Without Sequence","10.00","",""
"21/09/2025 10:15:00 - 21/09/2025 10:30:00","BZN|FR","Without Sequence","10.00","",""
"21/09/2025 10:30:00 - 21/09/2025 10:45:00","BZN|FR","Without Sequence","10.00","",""
"21/09/2025 10:45:00 - 21/09/2025 11:00:00","BZN|FR","Without Sequence","10.00","",""
"21/09/2025 11:00:00 - 21/09/2025 11:15:00","BZN|FR","Without Sequence","4.48","",""
"21/09/2025 11:15:00 - 21/09/2025 11:30:00","BZN|FR","Without Sequence","4.48","",""
"21/09/2025 11:30:00 - 21/09/2025 11:45:00","BZN|FR","Without Sequence","4.48","",""
"21/09/2025 11:45:00 - 21/09/2025 12:00:00","BZN|FR","Without Sequence","4.48","",""
"21/09/2025 12:00:00 - 21/09/2025 12:15:00","BZN|FR","Without Sequence","8.37","",""
"21/09/2025 12:15:00 - 21/09/2025 12:30:00","BZN|FR","Without Sequence","8.37","",""
"21/09/2025 12:30:00 - 21/09/2025 12:45:00","BZN|FR","Without Sequence","8.37","",""
"21/09/2025 12:45:00 - 21/09/2025 13:00:00","BZN|FR","Without Sequence","8.37","",""
"21/09/2025 13:00:00 - 21/09/2025 13:15:00","BZN|FR","Without Sequence","9.98","",""
"21/09/2025 13:15:00 - 21/09/2025 13:30:00","BZN|FR","Without Sequence","9.98","",""
"21/09/2025 13:30:00 - 21/09/2025 13:45:00","BZN|FR","Without Sequence","9.98","",""
"21/09/2025 13:45:00 - 21/09/2025 14:00:00","BZN|FR","Without Sequence","9.98","",""
"21/09/2025 14:00:00 - 21/09/2025 14:15:00","BZN|FR","Without Sequence","2.00","",""
"21/09/2025 14:15:00 - 21/09/2025 14:30:00","BZN|FR","Without Sequence","2.00","",""
"21/09/2025 14:30:00 - 21/09/2025 14:45:00","BZN|FR","Without Sequence","2.00","",""
"21/09/2025 14:45:00 - 21/09/2025 15:00:00","BZN|FR","Without Sequence","2.00","",""
"21/09/2025 15:00:00 - 21/09/2025 15:15:00","BZN|FR","Without Sequence","0.89","",""
"21/09/2025 15:15:00 - 21/09/2025 15:30:00","BZN|FR","Without Sequence","0.89","",""
"21/09/2025 15:30:00 - 21/09/2025 15:45:00","BZN|FR","Without Sequence","0.89","",""
"21/09/2025 15:45:00 - 21/09/2025 16:00:00","BZN|FR","Without Sequence","0.89","",""
"21/09/2025 16:00:00 - 21/09/2025 16:15:00","BZN|FR","Without Sequence","9.47","",""
"21/09/2025 16:15:00 - 21/09/2025 16:30:00","BZN|FR","Without Sequence","9.47","",""
"21/09/2025 16:30:00 - 21/09/2025 16:45:00","BZN|FR","Without Sequence","9.47","",""
"21/09/2025 16:45:00 - 21/09/2025 17:00:00","BZN|FR","Without Sequence","9.47","",""
"21/09/2025 17:00:00 - 21/09/2025 17:15:00","BZN|FR","Without Sequence","5.99","",""
"21/09/2025 17:15:00 - 21/09/2025 17:30:00","BZN|FR","Without Sequence","5.99","",""
"21/09/2025 17:30:00 - 21/09/2025 17:45:00","BZN|FR","Without Sequence","5.99","",""
"21/09/2025 17:45:00 - 21/09/2025 18:00:00","BZN|FR","Without Sequence","5.99","",""
"21/09/2025 18:00:00 - 21/09/2025 18:15:00","BZN|FR","Without Sequence","15.00","",""
"21/09/2025 18:15:00 - 21/09/2025 18:30:00","BZN|FR","Without Sequence","15.00","",""
"21/09/2025 18:30:00 - 21/09/2025 18:45:00","BZN|FR","Without Sequence","15.00","",""
"21/09/2025 18:45:00 - 21/09/2025 19:00:00","BZN|FR","Without Sequence","15.00","",""
"21/09/2025 19:00:00 - 21/09/2025 19:15:00","BZN|FR","Without Sequence","46.04","",""
"21/09/2025 19:15:00 - 21/09/2025 19:30:00","BZN|FR","Without Sequence","46.04","",""
"21/09/2025 19:30:00 - 21/09/2025 19:45:00","BZN|FR","Without Sequence","46.04","",""
"21/09/2025 19:45:00 - 21/09/2025 20:00:00","BZN|FR","Without Sequence","46.04","",""
"21/09/2025 20:00:00 - 21/09/2025 20:15:00","BZN|FR","Without Sequence","69.96","",""
"21/09/2025 20:15:00 - 21/09/2025 20:30:00","BZN|FR","Without Sequence","69.96","",""
"21/09/2025 20:30:00 - 21/09/2025 20:45:00","BZN|FR","Without Sequence","69.96","",""
"21/09/2025 20:45:00 - 21/09/2025 21:00:00","BZN|FR","Without Sequence","69.96","",""
"21/09/2025 21:00:00 - 21/09/2025 21:15:00","BZN|FR","Without Sequence","61.40","",""
"21/09/2025 21:15:00 - 21/09/2025 21:30:00","BZN|FR","Without Sequence","61.40","",""
"21/09/2025 21:30:00 - 21/09/2025 21:45:00","BZN|FR","Without Sequence","61.40","",""
"21/09/2025 21:45:00 - 21/09/2025 22:00:00","BZN|FR","Without Sequence","61.40","",""
"21/09/2025 22:00:00 - 21/09/2025 22:15:00","BZN|FR","Without Sequence","54.80","",""
"21/09/2025 22:15:00 - 21/09/2025 22:30:00","BZN|FR","Without Sequence","54.80","",""
"21/09/2025 22:30:00 - 21/09/2025 22:45:00","BZN|FR","Without Sequence","54.80","",""
"21/09/2025 22:45:00 - 21/09/2025 23:00:00","BZN|FR","Without Sequence","54.80","",""
"21/09/2025 23:00:00 - 21/09/2025 23:15:00","BZN|FR","Without Sequence","38.09","",""
"21/09/2025 23:15:00 - 21/09/2025 23:30:00","BZN|FR","Without Sequence","38.09","",""
"21/09/2025 23:30:00 - 21/09/2025 23:45:00","BZN|FR","Without Sequence","38.09","",""
"21/09/2025 23:45:00 - 22/09/2025 00:00:00","BZN|FR","Without Sequence","38.09","",""
"22/09/2025 00:00:00 - 22/09/2025 00:15:00","BZN|FR","Without Sequence","15.57","",""
"22/09/2025 00:15:00 - 22/09/2025 00:30:00","BZN|FR","Without Sequence","15.57","",""
"22/09/2025 00:30:00 - 22/09/2025 00:45:00","BZN|FR","Without Sequence","15.57","",""
"22/09/2025 00:45:00 - 22/09/2025 01:00:00","BZN|FR","Without Sequence","15.57","",""
"22/09/2025 01:00:00 - 22/09/2025 01:15:00","BZN|FR","Without Sequence","14.08","",""
"22/09/2025 01:15:00 - 22/09/2025 01:30:00","BZN|FR","Without Sequence","14.08","",""
"22/09/2025 01:30:00 - 22/09/2025 01:45:00","BZN|FR","Without Sequence","14.08","",""
"22/09/2025 01:45:00 - 22/09/2025 02:00:00","BZN|FR","Without Sequence","14.08","",""
"22/09/2025 02:00:00 - 22/09/2025 02:15:00","BZN|FR","Without Sequence","21.44","",""
"22/09/2025 02:15:00 - 22/09/2025 02:30:00","BZN|FR","Without Sequence","21.44","",""
"22/09/2025 02:30:00 - 22/09/2025 02:45:00","BZN|FR","Without Sequence","21.44","",""
"22/09/2025 02:45:00 - 22/09/2025 03:00:00","BZN|FR","Without Sequence","21.44","",""
"22/09/2025 03:00:00 - 22/09/2025 03:15:00","BZN|FR","Without Sequence","11.33","",""
"22/09/2025 03:15:00 - 22/09/2025 03:30:00","BZN|FR","Without Sequence","11.33","",""
"22/09/2025 03:30:00 - 22/09/2025 03:45:00","BZN|FR","Without Sequence","11.33","",""
"22/09/2025 03:45:00 - 22/09/2025 04:00:00","BZN|FR","Without Sequence","11.33","",""
"22/09/2025 04:00:00 - 22/09/2025 04:15:00","BZN|FR","Without Sequence","4.14","",""
"22/09/2025 04:15:00 - 22/09/2025 04:30:00","BZN|FR","Without Sequence","4.14","",""
"22/09/2025 04:30:00 - 22/09/2025 04:45:00","BZN|FR","Without Sequence","4.14","",""
"22/09/2025 04:45:00 - 22/09/2025 05:00:00","BZN|FR","Without Sequence","4.14","",""
"22/09/2025 05:00:00 - 22/09/2025 05:15:00","BZN|FR","Without Sequence","1.50","",""
"22/09/2025 05:15:00 - 22/09/2025 05:30:00","BZN|FR","Without Sequence","1.50","",""
"22/09/2025 05:30:00 - 22/09/2025 05:45:00","BZN|FR","Without Sequence","1.50","",""
"22/09/2025 05:45:00 - 22/09/2025 06:00:00","BZN|FR","Without Sequence","1.50","",""
"22/09/2025 06:00:00 - 22/09/2025 06:15:00","BZN|FR","Without Sequence","10.66","",""
"22/09/2025 06:15:00 - 22/09/2025 06:30:00","BZN|FR","Without Sequence","10.66","",""
"22/09/2025 06:30:00 - 22/09/2025 06:45:00","BZN|FR","Without Sequence","10.66","",""
"22/09/2025 06:45:00 - 22/09/2025 07:00:00","BZN|FR","Without Sequence","10.66","",""
"22/09/2025 07:00:00 - 22/09/2025 07:15:00","BZN|FR","Without Sequence","41.90","",""
"22/09/2025 07:15:00 - 22/09/2025 07:30:00","BZN|FR","Without Sequence","41.90","",""
"22/09/2025 07:30:00 - 22/09/2025 07:45:00","BZN|FR","Without Sequence","41.90","",""
"22/09/2025 07:45:00 - 22/09/2025 08:00:00","BZN|FR","Without Sequence","41.90","",""
"22/09/2025 08:00:00 - 22/09/2025 08:15:00","BZN|FR","Without Sequence","62.03","",""
"22/09/2025 08:15:00 - 22/09/2025 08:30:00","BZN|FR","Without Sequence","62.03","",""
"22/09/2025 08:30:00 - 22/09/2025 08:45:00","BZN|FR","Without Sequence","62.03","",""
"22/09/2025 08:45:00 - 22/09/2025 09:00:00","BZN|FR","Without Sequence","62.03","",""
"22/09/2025 09:00:00 - 22/09/2025 09:15:00","BZN|FR","Without Sequence","29.35","",""
"22/09/2025 09:15:00 - 22/09/2025 09:30:00","BZN|FR","Without Sequence","29.35","",""
"22/09/2025 09:30:00 - 22/09/2025 09:45:00","BZN|FR","Without Sequence","29.35","",""
"22/09/2025 09:45:00 - 22/09/2025 10:00:00","BZN|FR","Without Sequence","29.35","",""
"22/09/2025 10:00:00 - 22/09/2025 10:15:00","BZN|FR","Without Sequence","2.00","",""
"22/09/2025 10:15:00 - 22/09/2025 10:30:00","BZN|FR","Without Sequence","2.00","",""
"22/09/2025 10:30:00 - 22/09/2025 10:45:00","BZN|FR","Without Sequence","2.00","",""
"22/09/2025 10:45:00 - 22/09/2025 11:00:00","BZN|FR","Without Sequence","2.00","",""
"22/09/2025 11:00:00 - 22/09/2025 11:15:00","BZN|FR","Without Sequence","0.00","",""
"22/09/2025 11:15:00 - 22/09/2025 11:30:00","BZN|FR","Without Sequence","0.00","",""
"22/09/2025 11:30:00 - 22/09/2025 11:45:00","BZN|FR","Without Sequence","0.00","",""
"22/09/2025 11:45:00 - 22/09/2025 12:00:00","BZN|FR","Without Sequence","0.00","",""
"22/09/2025 12:00:00 - 22/09/2025 12:15:00","BZN|FR","Without Sequence","0.00","",""
"22/09/2025 12:15:00 - 22/09/2025 12:30:00","BZN|FR","Without Sequence","0.00","",""
"22/09/2025 12:30:00 - 22/09/2025 12:45:00","BZN|FR","Without Sequence","0.00","",""
"22/09/2025 12:45:00 - 22/09/2025 13:00:00","BZN|FR","Without Sequence","0.00","",""
"22/09/2025 13:00:00 - 22/09/2025 13:15:00","BZN|FR","Without Sequence","-0.01","",""
"22/09/2025 13:15:00 - 22/09/2025 13:30:00","BZN|FR","Without Sequence","-0.01","",""
"22/09/2025 13:30:00 - 22/09/2025 13:45:00","BZN|FR","Without Sequence","-0.01","",""
"22/09/2025 13:45:00 - 22/09/2025 14:00:00","BZN|FR","Without Sequence","-0.01","",""
"22/09/2025 14:00:00 - 22/09/2025 14:15:00","BZN|FR","Without Sequence","-0.01","",""
"22/09/2025 14:15:00 - 22/09/2025 14:30:00","BZN|FR","Without Sequence","-0.01","",""
"22/09/2025 14:30:00 - 22/09/2025 14:45:00","BZN|FR","Without Sequence","-0.01","",""
"22/09/2025 14:45:00 - 22/09/2025 15:00:00","BZN|FR","Without Sequence","-0.01","",""
"22/09/2025 15:00:00 - 22/09/2025 15:15:00","BZN|FR","Without Sequence","-0.01","",""
"22/09/2025 15:15:00 - 22/09/2025 15:30:00","BZN|FR","Without Sequence","-0.01","",""
"22/09/2025 15:30:00 - 22/09/2025 15:45:00","BZN|FR","Without Sequence","-0.01","",""
"22/09/2025 15:45:00 - 22/09/2025 16:00:00","BZN|FR","Without Sequence","-0.01","",""
"22/09/2025 16:00:00 - 22/09/2025 16:15:00","BZN|FR","Without Sequence","-0.01","",""
"22/09/2025 16:15:00 - 22/09/2025 16:30:00","BZN|FR","Without Sequence","-0.01","",""
"22/09/2025 16:30:00 - 22/09/2025 16:45:00","BZN|FR","Without Sequence","-0.01","",""
"22/09/2025 16:45:00 - 22/09/2025 17:00:00","BZN|FR","Without Sequence","-0.01","",""
"22/09/2025 17:00:00 - 22/09/2025 17:15:00","BZN|FR","Without Sequence","-0.01","",""
"22/09/2025 17:15:00 - 22/09/2025 17:30:00","BZN|FR","Without Sequence","-0.01","",""
"22/09/2025 17:30:00 - 22/09/2025 17:45:00","BZN|FR","Without Sequence","-0.01","",""
"22/09/2025 17:45:00 - 22/09/2025 18:00:00","BZN|FR","Without Sequence","-0.01","",""
"22/09/2025 18:00:00 - 22/09/2025 18:15:00","BZN|FR","Without Sequence","1.54","",""
"22/09/2025 18:15:00 - 22/09/2025 18:30:00","BZN|FR","Without Sequence","1.54","",""
"22/09/2025 18:30:00 - 22/09/2025 18:45:00","BZN|FR","Without Sequence","1.54","",""
"22/09/2025 18:45:00 - 22/09/2025 19:00:00","BZN|FR","Without Sequence","1.54","",""
"22/09/2025 19:00:00 - 22/09/2025 19:15:00","BZN|FR","Without Sequence","39.66","",""
"22/09/2025 19:15:00 - 22/09/2025 19:30:00","BZN|FR","Without Sequence","39.66","",""
"22/09/2025 19:30:00 - 22/09/2025 19:45:00","BZN|FR","Without Sequence","39.66","",""
"22/09/2025 19:45:00 - 22/09/2025 20:00:00","BZN|FR","Without Sequence","39.66","",""
"22/09/2025 20:00:00 - 22/09/2025 20:15:00","BZN|FR","Without Sequence","17.28","",""
"22/09/2025 20:15:00 - 22/09/2025 20:30:00","BZN|FR","Without Sequence","17.28","",""
"22/09/2025 20:30:00 - 22/09/2025 20:45:00","BZN|FR","Without Sequence","17.28","",""
"22/09/2025 20:45:00 - 22/09/2025 21:00:00","BZN|FR","Without Sequence","17.28","",""
"22/09/2025 21:00:00 - 22/09/2025 21:15:00","BZN|FR","Without Sequence","9.22","",""
"22/09/2025 21:15:00 - 22/09/2025 21:30:00","BZN|FR","Without Sequence","9.22","",""
"22/09/2025 21:30:00 - 22/09/2025 21:45:00","BZN|FR","Without Sequence","9.22","",""
"22/09/2025 21:45:00 - 22/09/2025 22:00:00","BZN|FR","Without Sequence","9.22","",""
"22/09/2025 22:00:00 - 22/09/2025 22:15:00","BZN|FR","Without Sequence","6.70","",""
"22/09/2025 22:15:00 - 22/09/2025 22:30:00","BZN|FR","Without Sequence","6.70","",""
"22/09/2025 22:30:00 - 22/09/2025 22:45:00","BZN|FR","Without Sequence","6.70","",""
"22/09/2025 22:45:00 - 22/09/2025 23:00:00","BZN|FR","Without Sequence","6.70","",""
"22/09/2025 23:00:00 - 22/09/2025 23:15:00","BZN|FR","Without Sequence","26.47","",""
"22/09/2025 23:15:00 - 22/09/2025 23:30:00","BZN|FR","Without Sequence","26.47","",""
"22/09/2025 23:30:00 - 22/09/2025 23:45:00","BZN|FR","Without Sequence","26.47","",""
"22/09/2025 23:45:00 - 23/09/2025 00:00:00","BZN|FR","Without Sequence","26.47","",""
"23/09/2025 00:00:00 - 23/09/2025 00:15:00","BZN|FR","Without Sequence","9.93","",""
"23/09/2025 00:15:00 - 23/09/2025 00:30:00","BZN|FR","Without Sequence","9.93","",""
"23/09/2025 00:30:00 - 23/09/2025 00:45:00","BZN|FR","Without Sequence","9.93","",""
"23/09/2025 00:45:00 - 23/09/2025 01:00:00","BZN|FR","Without Sequence","9.93","",""
"23/09/2025 01:00:00 - 23/09/2025 01:15:00","BZN|FR","Without Sequence","7.27","",""
"23/09/2025 01:15:00 - 23/09/2025 01:30:00","BZN|FR","Without Sequence","7.27","",""
"23/09/2025 01:30:00 - 23/09/2025 01:45:00","BZN|FR","Without Sequence","7.27","",""
"23/09/2025 01:45:00 - 23/09/2025 02:00:00","BZN|FR","Without Sequence","7.27","",""
"23/09/2025 02:00:00 - 23/09/2025 02:15:00","BZN|FR","Without Sequence","1.50","",""
"23/09/2025 02:15:00 - 23/09/2025 02:30:00","BZN|FR","Without Sequence","1.50","",""
"23/09/2025 02:30:00 - 23/09/2025 02:45:00","BZN|FR","Without Sequence","1.50","",""
"23/09/2025 02:45:00 - 23/09/2025 03:00:00","BZN|FR","Without Sequence","1.50","",""
"23/09/2025 03:00:00 - 23/09/2025 03:15:00","BZN|FR","Without Sequence","-0.01","",""
"23/09/2025 03:15:00 - 23/09/2025 03:30:00","BZN|FR","Without Sequence","-0.01","",""
"23/09/2025 03:30:00 - 23/09/2025 03:45:00","BZN|FR","Without Sequence","-0.01","",""
"23/09/2025 03:45:00 - 23/09/2025 04:00:00","BZN|FR","Without Sequence","-0.01","",""
"23/09/2025 04:00:00 - 23/09/2025 04:15:00","BZN|FR","Without Sequence","-0.01","",""
"23/09/2025 04:15:00 - 23/09/2025 04:30:00","BZN|FR","Without Sequence","-0.01","",""
"23/09/2025 04:30:00 - 23/09/2025 04:45:00","BZN|FR","Without Sequence","-0.01","",""
"23/09/2025 04:45:00 - 23/09/2025 05:00:00","BZN|FR","Without Sequence","-0.01","",""
"23/09/2025 05:00:00 - 23/09/2025 05:15:00","BZN|FR","Without Sequence","-0.01","",""
"23/09/2025 05:15:00 - 23/09/2025 05:30:00","BZN|FR","Without Sequence","-0.01","",""
"23/09/2025 05:30:00 - 23/09/2025 05:45:00","BZN|FR","Without Sequence","-0.01","",""
"23/09/2025 05:45:00 - 23/09/2025 06:00:00","BZN|FR","Without Sequence","-0.01","",""
"23/09/2025 06:00:00 - 23/09/2025 06:15:00","BZN|FR","Without Sequence","17.26","",""
"23/09/2025 06:15:00 - 23/09/2025 06:30:00","BZN|FR","Without Sequence","17.26","",""
"23/09/2025 06:30:00 - 23/09/2025 06:45:00","BZN|FR","Without Sequence","17.26","",""
"23/09/2025 06:45:00 - 23/09/2025 07:00:00","BZN|FR","Without Sequence","17.26","",""
"23/09/2025 07:00:00 - 23/09/2025 07:15:00","BZN|FR","Without Sequence","25.26","",""
"23/09/2025 07:15:00 - 23/09/2025 07:30:00","BZN|FR","Without Sequence","25.26","",""
"23/09/2025 07:30:00 - 23/09/2025 07:45:00","BZN|FR","Without Sequence","25.26","",""
"23/09/2025 07:45:00 - 23/09/2025 08:00:00","BZN|FR","Without Sequence","25.26","",""
"23/09/2025 08:00:00 - 23/09/2025 08:15:00","BZN|FR","Without Sequence","40.70","",""
"23/09/2025 08:15:00 - 23/09/2025 08:30:00","BZN|FR","Without Sequence","40.70","",""
"23/09/2025 08:30:00 - 23/09/2025 08:45:00","BZN|FR","Without Sequence","40.70","",""
"23/09/2025 08:45:00 - 23/09/2025 09:00:00","BZN|FR","Without Sequence","40.70","",""
"23/09/2025 09:00:00 - 23/09/2025 09:15:00","BZN|FR","Without Sequence","28.03","",""
"23/09/2025 09:15:00 - 23/09/2025 09:30:00","BZN|FR","Without Sequence","28.03","",""
"23/09/2025 09:30:00 - 23/09/2025 09:45:00","BZN|FR","Without Sequence","28.03","",""
"23/09/2025 09:45:00 - 23/09/2025 10:00:00","BZN|FR","Without Sequence","28.03","",""
"23/09/2025 10:00:00 - 23/09/2025 10:15:00","BZN|FR","Without Sequence","3.82","",""
"23/09/2025 10:15:00 - 23/09/2025 10:30:00","BZN|FR","Without Sequence","3.82","",""
"23/09/2025 10:30:00 - 23/09/2025 10:45:00","BZN|FR","Without Sequence","3.82","",""
"23/09/2025 10:45:00 - 23/09/2025 11:00:00","BZN|FR","Without Sequence","3.82","",""
"23/09/2025 11:00:00 - 23/09/2025 11:15:00","BZN|FR","Without Sequence","4.86","",""
"23/09/2025 11:15:00 - 23/09/2025 11:30:00","BZN|FR","Without Sequence","4.86","",""
"23/09/2025 11:30:00 - 23/09/2025 11:45:00","BZN|FR","Without Sequence","4.86","",""
"23/09/2025 11:45:00 - 23/09/2025 12:00:00","BZN|FR","Without Sequence","4.86","",""
"23/09/2025 12:00:00 - 23/09/2025 12:15:00","BZN|FR","Without Sequence","12.42","",""
"23/09/2025 12:15:00 - 23/09/2025 12:30:00","BZN|FR","Without Sequence","12.42","",""
"23/09/2025 12:30:00 - 23/09/2025 12:45:00","BZN|FR","Without Sequence","12.42","",""
"23/09/2025 12:45:00 - 23/09/2025 13:00:00","BZN|FR","Without Sequence","12.42","",""
"23/09/2025 13:00:00 - 23/09/2025 13:15:00","BZN|FR","Without Sequence","0.00","",""
"23/09/2025 13:15:00 - 23/09/2025 13:30:00","BZN|FR","Without Sequence","0.00","",""
"23/09/2025 13:30:00 - 23/09/2025 13:45:00","BZN|FR","Without Sequence","0.00","",""
"23/09/2025 13:45:00 - 23/09/2025 14:00:00","BZN|FR","Without Sequence","0.00","",""
"23/09/2025 14:00:00 - 23/09/2025 14:15:00","BZN|FR","Without Sequence","0.00","",""
"23/09/2025 14:15:00 - 23/09/2025 14:30:00","BZN|FR","Without Sequence","0.00","",""
"23/09/2025 14:30:00 - 23/09/2025 14:45:00","BZN|FR","Without Sequence","0.00","",""
"23/09/2025 14:45:00 - 23/09/2025 15:00:00","BZN|FR","Without Sequence","0.00","",""
"23/09/2025 15:00:00 - 23/09/2025 15:15:00","BZN|FR","Without Sequence","0.00","",""
"23/09/2025 15:15:00 - 23/09/2025 15:30:00","BZN|FR","Without Sequence","0.00","",""
"23/09/2025 15:30:00 - 23/09/2025 15:45:00","BZN|FR","Without Sequence","0.00","",""
"23/09/2025 15:45:00 - 23/09/2025 16:00:00","BZN|FR","Without Sequence","0.00","",""
"23/09/2025 16:00:00 - 23/09/2025 16:15:00","BZN|FR","Without Sequence","0.00","",""
"23/09/2025 16:15:00 - 23/09/2025 16:30:00","BZN|FR","Without Sequence","0.00","",""
"23/09/2025 16:30:00 - 23/09/2025 16:45:00","BZN|FR","Without Sequence","0.00","",""
"23/09/2025 16:45:00 - 23/09/2025 17:00:00","BZN|FR","Without Sequence","0.00","",""
"23/09/2025 17:00:00 - 23/09/2025 17:15:00","BZN|FR","Without Sequence","2.20","",""
"23/09/2025 17:15:00 - 23/09/2025 17:30:00","BZN|FR","Without Sequence","2.20","",""
"23/09/2025 17:30:00 - 23/09/2025 17:45:00","BZN|FR","Without Sequence","2.20","",""
"23/09/2025 17:45:00 - 23/09/2025 18:00:00","BZN|FR","Without Sequence","2.20","",""
"23/09/2025 18:00:00 - 23/09/2025 18:15:00","BZN|FR","Without Sequence","26.47","",""
"23/09/2025 18:15:00 - 23/09/2025 18:30:00","BZN|FR","Without Sequence","26.47","",""
"23/09/2025 18:30:00 - 23/09/2025 18:45:00","BZN|FR","Without Sequence","26.47","",""
"23/09/2025 18:45:00 - 23/09/2025 19:00:00","BZN|FR","Without Sequence","26.47","",""
"23/09/2025 19:00:00 - 23/09/2025 19:15:00","BZN|FR","Without Sequence","58.00","",""
"23/09/2025 19:15:00 - 23/09/2025 19:30:00","BZN|FR","Without Sequence","58.00","",""
"23/09/2025 19:30:00 - 23/09/2025 19:45:00","BZN|FR","Without Sequence","58.00","",""
"23/09/2025 19:45:00 - 23/09/2025 20:00:00","BZN|FR","Without Sequence","58.00","",""
"23/09/2025 20:00:00 - 23/09/2025 20:15:00","BZN|FR","Without Sequence","40.63","",""
"23/09/2025 20:15:00 - 23/09/2025 20:30:00","BZN|FR","Without Sequence","40.63","",""
"23/09/2025 20:30:00 - 23/09/2025 20:45:00","BZN|FR","Without Sequence","40.63","",""
"23/09/2025 20:45:00 - 23/09/2025 21:00:00","BZN|FR","Without Sequence","40.63","",""
"23/09/2025 21:00:00 - 23/09/2025 21:15:00","BZN|FR","Without Sequence","18.63","",""
"23/09/2025 21:15:00 - 23/09/2025 21:30:00","BZN|FR","Without Sequence","18.63","",""
"23/09/2025 21:30:00 - 23/09/2025 21:45:00","BZN|FR","Without Sequence","18.63","",""
"23/09/2025 21:45:00 - 23/09/2025 22:00:00","BZN|FR","Without Sequence","18.63","",""
"23/09/2025 22:00:00 - 23/09/2025 22:15:00","BZN|FR","Without Sequence","21.96","",""
"23/09/2025 22:15:00 - 23/09/2025 22:30:00","BZN|FR","Without Sequence","21.96","",""
"23/09/2025 22:30:00 - 23/09/2025 22:45:00","BZN|FR","Without Sequence","21.96","",""
"23/09/2025 22:45:00 - 23/09/2025 23:00:00","BZN|FR","Without Sequence","21.96","",""
"23/09/2025 23:00:00 - 23/09/2025 23:15:00","BZN|FR","Without Sequence","21.02","",""
"23/09/2025 23:15:00 - 23/09/2025 23:30:00","BZN|FR","Without Sequence","21.02","",""
"23/09/2025 23:30:00 - 23/09/2025 23:45:00","BZN|FR","Without Sequence","21.02","",""
"23/09/2025 23:45:00 - 24/09/2025 00:00:00","BZN|FR","Without Sequence","21.02","",""
"24/09/2025 00:00:00 - 24/09/2025 00:15:00","BZN|FR","Without Sequence","0.00","",""
"24/09/2025 00:15:00 - 24/09/2025 00:30:00","BZN|FR","Without Sequence","0.00","",""
"24/09/2025 00:30:00 - 24/09/2025 00:45:00","BZN|FR","Without Sequence","0.00","",""
"24/09/2025 00:45:00 - 24/09/2025 01:00:00","BZN|FR","Without Sequence","0.00","",""
"24/09/2025 01:00:00 - 24/09/2025 01:15:00","BZN|FR","Without Sequence","0.00","",""
"24/09/2025 01:15:00 - 24/09/2025 01:30:00","BZN|FR","Without Sequence","0.00","",""
"24/09/2025 01:30:00 - 24/09/2025 01:45:00","BZN|FR","Without Sequence","0.00","",""
"24/09/2025 01:45:00 - 24/09/2025 02:00:00","BZN|FR","Without Sequence","0.00","",""
"24/09/2025 02:00:00 - 24/09/2025 02:15:00","BZN|FR","Without Sequence","0.00","",""
"24/09/2025 02:15:00 - 24/09/2025 02:30:00","BZN|FR","Without Sequence","0.00","",""
"24/09/2025 02:30:00 - 24/09/2025 02:45:00","BZN|FR","Without Sequence","0.00","",""
"24/09/2025 02:45:00 - 24/09/2025 03:00:00","BZN|FR","Without Sequence","0.00","",""
"24/09/2025 03:00:00 - 24/09/2025 03:15:00","BZN|FR","Without Sequence","0.05","",""
"24/09/2025 03:15:00 - 24/09/2025 03:30:00","BZN|FR","Without Sequence","0.05","",""
"24/09/2025 03:30:00 - 24/09/2025 03:45:00","BZN|FR","Without Sequence","0.05","",""
"24/09/2025 03:45:00 - 24/09/2025 04:00:00","BZN|FR","Without Sequence","0.05","",""
"24/09/2025 04:00:00 - 24/09/2025 04:15:00","BZN|FR","Without Sequence","0.00","",""
"24/09/2025 04:15:00 - 24/09/2025 04:30:00","BZN|FR","Without Sequence","0.00","",""
"24/09/2025 04:30:00 - 24/09/2025 04:45:00","BZN|FR","Without Sequence","0.00","",""
"24/09/2025 04:45:00 - 24/09/2025 05:00:00","BZN|FR","Without Sequence","0.00","",""
"24/09/2025 05:00:00 - 24/09/2025 05:15:00","BZN|FR","Without Sequence","0.08","",""
"24/09/2025 05:15:00 - 24/09/2025 05:30:00","BZN|FR","Without Sequence","0.08","",""
"24/09/2025 05:30:00 - 24/09/2025 05:45:00","BZN|FR","Without Sequence","0.08","",""
"24/09/2025 05:45:00 - 24/09/2025 06:00:00","BZN|FR","Without Sequence","0.08","",""
"24/09/2025 06:00:00 - 24/09/2025 06:15:00","BZN|FR","Without Sequence","0.00","",""
"24/09/2025 06:15:00 - 24/09/2025 06:30:00","BZN|FR","Without Sequence","0.00","",""
"24/09/2025 06:30:00 - 24/09/2025 06:45:00","BZN|FR","Without Sequence","0.00","",""
"24/09/2025 06:45:00 - 24/09/2025 07:00:00","BZN|FR","Without Sequence","0.00","",""
"24/09/2025 07:00:00 - 24/09/2025 07:15:00","BZN|FR","Without Sequence","36.89","",""
"24/09/2025 07:15:00 - 24/09/2025 07:30:00","BZN|FR","Without Sequence","36.89","",""
"24/09/2025 07:30:00 - 24/09/2025 07:45:00","BZN|FR","Without Sequence","36.89","",""
"24/09/2025 07:45:00 - 24/09/2025 08:00:00","BZN|FR","Without Sequence","36.89","",""
"24/09/2025 08:00:00 - 24/09/2025 08:15:00","BZN|FR","Without Sequence","69.01","",""
"24/09/2025 08:15:00 - 24/09/2025 08:30:00","BZN|FR","Without Sequence","69.01","",""
"24/09/2025 08:30:00 - 24/09/2025 08:45:00","BZN|FR","Without Sequence","69.01","",""
"24/09/2025 08:45:00 - 24/09/2025 09:00:00","BZN|FR","Without Sequence","69.01","",""
"24/09/2025 09:00:00 - 24/09/2025 09:15:00","BZN|FR","Without Sequence","57.91","",""
"24/09/2025 09:15:00 - 24/09/2025 09:30:00","BZN|FR","Without Sequence","57.91","",""
"24/09/2025 09:30:00 - 24/09/2025 09:45:00","BZN|FR","Without Sequence","57.91","",""
"24/09/2025 09:45:00 - 24/09/2025 10:00:00","BZN|FR","Without Sequence","57.91","",""
"24/09/2025 10:00:00 - 24/09/2025 10:15:00","BZN|FR","Without Sequence","9.52","",""
"24/09/2025 10:15:00 - 24/09/2025 10:30:00","BZN|FR","Without Sequence","9.52","",""
"24/09/2025 10:30:00 - 24/09/2025 10:45:00","BZN|FR","Without Sequence","9.52","",""
"24/09/2025 10:45:00 - 24/09/2025 11:00:00","BZN|FR","Without Sequence","9.52","",""
"24/09/2025 11:00:00 - 24/09/2025 11:15:00","BZN|FR","Without Sequence","15.77","",""
"24/09/2025 11:15:00 - 24/09/2025 11:30:00","BZN|FR","Without Sequence","15.77","",""
"24/09/2025 11:30:00 - 24/09/2025 11:45:00","BZN|FR","Without Sequence","15.77","",""
"24/09/2025 11:45:00 - 24/09/2025 12:00:00","BZN|FR","Without Sequence","15.77","",""
"24/09/2025 12:00:00 - 24/09/2025 12:15:00","BZN|FR","Without Sequence","27.10","",""
"24/09/2025 12:15:00 - 24/09/2025 12:30:00","BZN|FR","Without Sequence","27.10","",""
"24/09/2025 12:30:00 - 24/09/2025 12:45:00","BZN|FR","Without Sequence","27.10","",""
"24/09/2025 12:45:00 - 24/09/2025 13:00:00","BZN|FR","Without Sequence","27.10","",""
"24/09/2025 13:00:00 - 24/09/2025 13:15:00","BZN|FR","Without Sequence","5.95","",""
"24/09/2025 13:15:00 - 24/09/2025 13:30:00","BZN|FR","Without Sequence","5.95","",""
"24/09/2025 13:30:00 - 24/09/2025 13:45:00","BZN|FR","Without Sequence","5.95","",""
"24/09/2025 13:45:00 - 24/09/2025 14:00:00","BZN|FR","Without Sequence","5.95","",""
"24/09/2025 14:00:00 - 24/09/2025 14:15:00","BZN|FR","Without Sequence","0.65","",""
"24/09/2025 14:15:00 - 24/09/2025 14:30:00","BZN|FR","Without Sequence","0.65","",""
"24/09/2025 14:30:00 - 24/09/2025 14:45:00","BZN|FR","Without Sequence","0.65","",""
"24/09/2025 14:45:00 - 24/09/2025 15:00:00","BZN|FR","Without Sequence","0.65","",""
"24/09/2025 15:00:00 - 24/09/2025 15:15:00","BZN|FR","Without Sequence","0.01","",""
"24/09/2025 15:15:00 - 24/09/2025 15:30:00","BZN|FR","Without Sequence","0.01","",""
"24/09/2025 15:30:00 - 24/09/2025 15:45:00","BZN|FR","Without Sequence","0.01","",""
"24/09/2025 15:45:00 - 24/09/2025 16:00:00","BZN|FR","Without Sequence","0.01","",""
"24/09/2025 16:00:00 - 24/09/2025 16:15:00","BZN|FR","Without Sequence","0.65","",""
"24/09/2025 16:15:00 - 24/09/2025 16:30:00","BZN|FR","Without Sequence","0.65","",""
"24/09/2025 16:30:00 - 24/09/2025 16:45:00","BZN|FR","Without Sequence","0.65","",""
"24/09/2025 16:45:00 - 24/09/2025 17:00:00","BZN|FR","Without Sequence","0.65","",""
"24/09/2025 17:00:00 - 24/09/2025 17:15:00","BZN|FR","Without Sequence","20.10","",""
"24/09/2025 17:15:00 - 24/09/2025 17:30:00","BZN|FR","Without Sequence","20.10","",""
"24/09/2025 17:30:00 - 24/09/2025 17:45:00","BZN|FR","Without Sequence","20.10","",""
"24/09/2025 17:45:00 - 24/09/2025 18:00:00","BZN|FR","Without Sequence","20.10","",""
"24/09/2025 18:00:00 - 24/09/2025 18:15:00","BZN|FR","Without Sequence","72.72","",""
"24/09/2025 18:15:00 - 24/09/2025 18:30:00","BZN|FR","Without Sequence","72.72","",""
"24/09/2025 18:30:00 - 24/09/2025 18:45:00","BZN|FR","Without Sequence","72.72","",""
"24/09/2025 18:45:00 - 24/09/2025 19:00:00","BZN|FR","Without Sequence","72.72","",""
"24/09/2025 19:00:00 - 24/09/2025 19:15:00","BZN|FR","Without Sequence","95.00","",""
"24/09/2025 19:15:00 - 24/09/2025 19:30:00","BZN|FR","Without Sequence","95.00","",""
"24/09/2025 19:30:00 - 24/09/2025 19:45:00","BZN|FR","Without Sequence","95.00","",""
"24/09/2025 19:45:00 - 24/09/2025 20:00:00","BZN|FR","Without Sequence","95.00","",""
"24/09/2025 20:00:00 - 24/09/2025 20:15:00","BZN|FR","Without Sequence","100.61","",""
"24/09/2025 20:15:00 - 24/09/2025 20:30:00","BZN|FR","Without Sequence","100.61","",""
"24/09/2025 20:30:00 - 24/09/2025 20:45:00","BZN|FR","Without Sequence","100.61","",""
"24/09/2025 20:45:00 - 24/09/2025 21:00:00","BZN|FR","Without Sequence","100.61","",""
"24/09/2025 21:00:00 - 24/09/2025 21:15:00","BZN|FR","Without Sequence","89.66","",""
"24/09/2025 21:15:00 - 24/09/2025 21:30:00","BZN|FR","Without Sequence","89.66","",""
"24/09/2025 21:30:00 - 24/09/2025 21:45:00","BZN|FR","Without Sequence","89.66","",""
"24/09/2025 21:45:00 - 24/09/2025 22:00:00","BZN|FR","Without Sequence","89.66","",""
"24/09/2025 22:00:00 - 24/09/2025 22:15:00","BZN|FR","Without Sequence","85.96","",""
"24/09/2025 22:15:00 - 24/09/2025 22:30:00","BZN|FR","Without Sequence","85.96","",""
"24/09/2025 22:30:00 - 24/09/2025 22:45:00","BZN|FR","Without Sequence","85.96","",""
"24/09/2025 22:45:00 - 24/09/2025 23:00:00","BZN|FR","Without Sequence","85.96","",""
"24/09/2025 23:00:00 - 24/09/2025 23:15:00","BZN|FR","Without Sequence","70.47","",""
"24/09/2025 23:15:00 - 24/09/2025 23:30:00","BZN|FR","Without Sequence","70.47","",""
"24/09/2025 23:30:00 - 24/09/2025 23:45:00","BZN|FR","Without Sequence","70.47","",""
"24/09/2025 23:45:00 - 25/09/2025 00:00:00","BZN|FR","Without Sequence","70.47","",""
"25/09/2025 00:00:00 - 25/09/2025 00:15:00","BZN|FR","Without Sequence","62.68","",""
"25/09/2025 00:15:00 - 25/09/2025 00:30:00","BZN|FR","Without Sequence","62.68","",""
"25/09/2025 00:30:00 - 25/09/2025 00:45:00","BZN|FR","Without Sequence","62.68","",""
"25/09/2025 00:45:00 - 25/09/2025 01:00:00","BZN|FR","Without Sequence","62.68","",""
"25/09/2025 01:00:00 - 25/09/2025 01:15:00","BZN|FR","Without Sequence","54.90","",""
"25/09/2025 01:15:00 - 25/09/2025 01:30:00","BZN|FR","Without Sequence","54.90","",""
"25/09/2025 01:30:00 - 25/09/2025 01:45:00","BZN|FR","Without Sequence","54.90","",""
"25/09/2025 01:45:00 - 25/09/2025 02:00:00","BZN|FR","Without Sequence","54.90","",""
"25/09/2025 02:00:00 - 25/09/2025 02:15:00","BZN|FR","Without Sequence","52.87","",""
"25/09/2025 02:15:00 - 25/09/2025 02:30:00","BZN|FR","Without Sequence","52.87","",""
"25/09/2025 02:30:00 - 25/09/2025 02:45:00","BZN|FR","Without Sequence","52.87","",""
"25/09/2025 02:45:00 - 25/09/2025 03:00:00","BZN|FR","Without Sequence","52.87","",""
"25/09/2025 03:00:00 - 25/09/2025 03:15:00","BZN|FR","Without Sequence","40.35","",""
"25/09/2025 03:15:00 - 25/09/2025 03:30:00","BZN|FR","Without Sequence","40.35","",""
"25/09/2025 03:30:00 - 25/09/2025 03:45:00","BZN|FR","Without Sequence","40.35","",""
"25/09/2025 03:45:00 - 25/09/2025 04:00:00","BZN|FR","Without Sequence","40.35","",""
"25/09/2025 04:00:00 - 25/09/2025 04:15:00","BZN|FR","Without Sequence","23.88","",""
"25/09/2025 04:15:00 - 25/09/2025 04:30:00","BZN|FR","Without Sequence","23.88","",""
"25/09/2025 04:30:00 - 25/09/2025 04:45:00","BZN|FR","Without Sequence","23.88","",""
"25/09/2025 04:45:00 - 25/09/2025 05:00:00","BZN|FR","Without Sequence","23.88","",""
"25/09/2025 05:00:00 - 25/09/2025 05:15:00","BZN|FR","Without Sequence","53.52","",""
"25/09/2025 05:15:00 - 25/09/2025 05:30:00","BZN|FR","Without Sequence","53.52","",""
"25/09/2025 05:30:00 - 25/09/2025 05:45:00","BZN|FR","Without Sequence","53.52","",""
"25/09/2025 05:45:00 - 25/09/2025 06:00:00","BZN|FR","Without Sequence","53.52","",""
"25/09/2025 06:00:00 - 25/09/2025 06:15:00","BZN|FR","Without Sequence","78.84","",""
"25/09/2025 06:15:00 - 25/09/2025 06:30:00","BZN|FR","Without Sequence","78.84","",""
"25/09/2025 06:30:00 - 25/09/2025 06:45:00","BZN|FR","Without Sequence","78.84","",""
"25/09/2025 06:45:00 - 25/09/2025 07:00:00","BZN|FR","Without Sequence","78.84","",""
"25/09/2025 07:00:00 - 25/09/2025 07:15:00","BZN|FR","Without Sequence","86.90","",""
"25/09/2025 07:15:00 - 25/09/2025 07:30:00","BZN|FR","Without Sequence","86.90","",""
"25/09/2025 07:30:00 - 25/09/2025 07:45:00","BZN|FR","Without Sequence","86.90","",""
"25/09/2025 07:45:00 - 25/09/2025 08:00:00","BZN|FR","Without Sequence","86.90","",""
"25/09/2025 08:00:00 - 25/09/2025 08:15:00","BZN|FR","Without Sequence","116.89","",""
"25/09/2025 08:15:00 - 25/09/2025 08:30:00","BZN|FR","Without Sequence","116.89","",""
"25/09/2025 08:30:00 - 25/09/2025 08:45:00","BZN|FR","Without Sequence","116.89","",""
"25/09/2025 08:45:00 - 25/09/2025 09:00:00","BZN|FR","Without Sequence","116.89","",""
"25/09/2025 09:00:00 - 25/09/2025 09:15:00","BZN|FR","Without Sequence","88.57","",""
"25/09/2025 09:15:00 - 25/09/2025 09:30:00","BZN|FR","Without Sequence","88.57","",""
"25/09/2025 09:30:00 - 25/09/2025 09:45:00","BZN|FR","Without Sequence","88.57","",""
"25/09/2025 09:45:00 - 25/09/2025 10:00:00","BZN|FR","Without Sequence","88.57","",""
"25/09/2025 10:00:00 - 25/09/2025 10:15:00","BZN|FR","Without Sequence","55.12","",""
"25/09/2025 10:15:00 - 25/09/2025 10:30:00","BZN|FR","Without Sequence","55.12","",""
"25/09/2025 10:30:00 - 25/09/2025 10:45:00","BZN|FR","Without Sequence","55.12","",""
"25/09/2025 10:45:00 - 25/09/2025 11:00:00","BZN|FR","Without Sequence","55.12","",""
"25/09/2025 11:00:00 - 25/09/2025 11:15:00","BZN|FR","Without Sequence","30.20","",""
"25/09/2025 11:15:00 - 25/09/2025 11:30:00","BZN|FR","Without Sequence","30.20","",""
"25/09/2025 11:30:00 - 25/09/2025 11:45:00","BZN|FR","Without Sequence","30.20","",""
"25/09/2025 11:45:00 - 25/09/2025 12:00:00","BZN|FR","Without Sequence","30.20","",""
"25/09/2025 12:00:00 - 25/09/2025 12:15:00","BZN|FR","Without Sequence","38.72","",""
"25/09/2025 12:15:00 - 25/09/2025 12:30:00","BZN|FR","Without Sequence","38.72","",""
"25/09/2025 12:30:00 - 25/09/2025 12:45:00","BZN|FR","Without Sequence","38.72","",""
"25/09/2025 12:45:00 - 25/09/2025 13:00:00","BZN|FR","Without Sequence","38.72","",""
"25/09/2025 13:00:00 - 25/09/2025 13:15:00","BZN|FR","Without Sequence","25.93","",""
"25/09/2025 13:15:00 - 25/09/2025 13:30:00","BZN|FR","Without Sequence","25.93","",""
"25/09/2025 13:30:00 - 25/09/2025 13:45:00","BZN|FR","Without Sequence","25.93","",""
"25/09/2025 13:45:00 - 25/09/2025 14:00:00","BZN|FR","Without Sequence","25.93","",""
"25/09/2025 14:00:00 - 25/09/2025 14:15:00","BZN|FR","Without Sequence","20.10","",""
"25/09/2025 14:15:00 - 25/09/2025 14:30:00","BZN|FR","Without Sequence","20.10","",""
"25/09/2025 14:30:00 - 25/09/2025 14:45:00","BZN|FR","Without Sequence","20.10","",""
"25/09/2025 14:45:00 - 25/09/2025 15:00:00","BZN|FR","Without Sequence","20.10","",""
"25/09/2025 15:00:00 - 25/09/2025 15:15:00","BZN|FR","Without Sequence","22.74","",""
"25/09/2025 15:15:00 - 25/09/2025 15:30:00","BZN|FR","Without Sequence","22.74","",""
"25/09/2025 15:30:00 - 25/09/2025 15:45:00","BZN|FR","Without Sequence","22.74","",""
"25/09/2025 15:45:00 - 25/09/2025 16:00:00","BZN|FR","Without Sequence","22.74","",""
"25/09/2025 16:00:00 - 25/09/2025 16:15:00","BZN|FR","Without Sequence","25.93","",""
"25/09/2025 16:15:00 - 25/09/2025 16:30:00","BZN|FR","Without Sequence","25.93","",""
"25/09/2025 16:30:00 - 25/09/2025 16:45:00","BZN|FR","Without Sequence","25.93","",""
"25/09/2025 16:45:00 - 25/09/2025 17:00:00","BZN|FR","Without Sequence","25.93","",""
"25/09/2025 17:00:00 - 25/09/2025 17:15:00","BZN|FR","Without Sequence","53.13","",""
"25/09/2025 17:15:00 - 25/09/2025 17:30:00","BZN|FR","Without Sequence","53.13","",""
"25/09/2025 17:30:00 - 25/09/2025 17:45:00","BZN|FR","Without Sequence","53.13","",""
"25/09/2025 17:45:00 - 25/09/2025 18:00:00","BZN|FR","Without Sequence","53.13","",""
"25/09/2025 18:00:00 - 25/09/2025 18:15:00","BZN|FR","Without Sequence","76.01","",""
"25/09/2025 18:15:00 - 25/09/2025 18:30:00","BZN|FR","Without Sequence","76.01","",""
"25/09/2025 18:30:00 - 25/09/2025 18:45:00","BZN|FR","Without Sequence","76.01","",""
"25/09/2025 18:45:00 - 25/09/2025 19:00:00","BZN|FR","Without Sequence","76.01","",""
"25/09/2025 19:00:00 - 25/09/2025 19:15:00","BZN|FR","Without Sequence","114.11","",""
"25/09/2025 19:15:00 - 25/09/2025 19:30:00","BZN|FR","Without Sequence","114.11","",""
"25/09/2025 19:30:00 - 25/09/2025 19:45:00","BZN|FR","Without Sequence","114.11","",""
"25/09/2025 19:45:00 - 25/09/2025 20:00:00","BZN|FR","Without Sequence","114.11","",""
"25/09/2025 20:00:00 - 25/09/2025 20:15:00","BZN|FR","Without Sequence","121.79","",""
"25/09/2025 20:15:00 - 25/09/2025 20:30:00","BZN|FR","Without Sequence","121.79","",""
"25/09/2025 20:30:00 - 25/09/2025 20:45:00","BZN|FR","Without Sequence","121.79","",""
"25/09/2025 20:45:00 - 25/09/2025 21:00:00","BZN|FR","Without Sequence","121.79","",""
"25/09/2025 21:00:00 - 25/09/2025 21:15:00","BZN|FR","Without Sequence","96.73","",""
"25/09/2025 21:15:00 - 25/09/2025 21:30:00","BZN|FR","Without Sequence","96.73","",""
"25/09/2025 21:30:00 - 25/09/2025 21:45:00","BZN|FR","Without Sequence","96.73","",""
"25/09/2025 21:45:00 - 25/09/2025 22:00:00","BZN|FR","Without Sequence","96.73","",""
"25/09/2025 22:00:00 - 25/09/2025 22:15:00","BZN|FR","Without Sequence","85.69","",""
"25/09/2025 22:15:00 - 25/09/2025 22:30:00","BZN|FR","Without Sequence","85.69","",""
"25/09/2025 22:30:00 - 25/09/2025 22:45:00","BZN|FR","Without Sequence","85.69","",""
"25/09/2025 22:45:00 - 25/09/2025 23:00:00","BZN|FR","Without Sequence","85.69","",""
"25/09/2025 23:00:00 - 25/09/2025 23:15:00","BZN|FR","Without Sequence","81.09","",""
"25/09/2025 23:15:00 - 25/09/2025 23:30:00","BZN|FR","Without Sequence","81.09","",""
"25/09/2025 23:30:00 - 25/09/2025 23:45:00","BZN|FR","Without Sequence","81.09","",""
"25/09/2025 23:45:00 - 26/09/2025 00:00:00","BZN|FR","Without Sequence","81.09","",""
"26/09/2025 00:00:00 - 26/09/2025 00:15:00","BZN|FR","Without Sequence","78.48","",""
"26/09/2025 00:15:00 - 26/09/2025 00:30:00","BZN|FR","Without Sequence","78.48","",""
"26/09/2025 00:30:00 - 26/09/2025 00:45:00","BZN|FR","Without Sequence","78.48","",""
"26/09/2025 00:45:00 - 26/09/2025 01:00:00","BZN|FR","Without Sequence","78.48","",""
"26/09/2025 01:00:00 - 26/09/2025 01:15:00","BZN|FR","Without Sequence","72.30","",""
"26/09/2025 01:15:00 - 26/09/2025 01:30:00","BZN|FR","Without Sequence","72.30","",""
"26/09/2025 01:30:00 - 26/09/2025 01:45:00","BZN|FR","Without Sequence","72.30","",""
"26/09/2025 01:45:00 - 26/09/2025 02:00:00","BZN|FR","Without Sequence","72.30","",""
"26/09/2025 02:00:00 - 26/09/2025 02:15:00","BZN|FR","Without Sequence","72.87","",""
"26/09/2025 02:15:00 - 26/09/2025 02:30:00","BZN|FR","Without Sequence","72.87","",""
"26/09/2025 02:30:00 - 26/09/2025 02:45:00","BZN|FR","Without Sequence","72.87","",""
"26/09/2025 02:45:00 - 26/09/2025 03:00:00","BZN|FR","Without Sequence","72.87","",""
"26/09/2025 03:00:00 - 26/09/2025 03:15:00","BZN|FR","Without Sequence","69.45","",""
"26/09/2025 03:15:00 - 26/09/2025 03:30:00","BZN|FR","Without Sequence","69.45","",""
"26/09/2025 03:30:00 - 26/09/2025 03:45:00","BZN|FR","Without Sequence","69.45","",""
"26/09/2025 03:45:00 - 26/09/2025 04:00:00","BZN|FR","Without Sequence","69.45","",""
"26/09/2025 04:00:00 - 26/09/2025 04:15:00","BZN|FR","Without Sequence","64.85","",""
"26/09/2025 04:15:00 - 26/09/2025 04:30:00","BZN|FR","Without Sequence","64.85","",""
"26/09/2025 04:30:00 - 26/09/2025 04:45:00","BZN|FR","Without Sequence","64.85","",""
"26/09/2025 04:45:00 - 26/09/2025 05:00:00","BZN|FR","Without Sequence","64.85","",""
"26/09/2025 05:00:00 - 26/09/2025 05:15:00","BZN|FR","Without Sequence","72.13","",""
"26/09/2025 05:15:00 - 26/09/2025 05:30:00","BZN|FR","Without Sequence","72.13","",""
"26/09/2025 05:30:00 - 26/09/2025 05:45:00","BZN|FR","Without Sequence","72.13","",""
"26/09/2025 05:45:00 - 26/09/2025 06:00:00","BZN|FR","Without Sequence","72.13","",""
"26/09/2025 06:00:00 - 26/09/2025 06:15:00","BZN|FR","Without Sequence","91.76","",""
"26/09/2025 06:15:00 - 26/09/2025 06:30:00","BZN|FR","Without Sequence","91.76","",""
"26/09/2025 06:30:00 - 26/09/2025 06:45:00","BZN|FR","Without Sequence","91.76","",""
"26/09/2025 06:45:00 - 26/09/2025 07:00:00","BZN|FR","Without Sequence","91.76","",""
"26/09/2025 07:00:00 - 26/09/2025 07:15:00","BZN|FR","Without Sequence","110.40","",""
"26/09/2025 07:15:00 - 26/09/2025 07:30:00","BZN|FR","Without Sequence","110.40","",""
"26/09/2025 07:30:00 - 26/09/2025 07:45:00","BZN|FR","Without Sequence","110.40","",""
"26/09/2025 07:45:00 - 26/09/2025 08:00:00","BZN|FR","Without Sequence","110.40","",""
"26/09/2025 08:00:00 - 26/09/2025 08:15:00","BZN|FR","Without Sequence","123.28","",""
"26/09/2025 08:15:00 - 26/09/2025 08:30:00","BZN|FR","Without Sequence","123.28","",""
"26/09/2025 08:30:00 - 26/09/2025 08:45:00","BZN|FR","Without Sequence","123.28","",""
"26/09/2025 08:45:00 - 26/09/2025 09:00:00","BZN|FR","Without Sequence","123.28","",""
"26/09/2025 09:00:00 - 26/09/2025 09:15:00","BZN|FR","Without Sequence","108.80","",""
"26/09/2025 09:15:00 - 26/09/2025 09:30:00","BZN|FR","Without Sequence","108.80","",""
"26/09/2025 09:30:00 - 26/09/2025 09:45:00","BZN|FR","Without Sequence","108.80","",""
"26/09/2025 09:45:00 - 26/09/2025 10:00:00","BZN|FR","Without Sequence","108.80","",""
"26/09/2025 10:00:00 - 26/09/2025 10:15:00","BZN|FR","Without Sequence","88.59","",""
"26/09/2025 10:15:00 - 26/09/2025 10:30:00","BZN|FR","Without Sequence","88.59","",""
"26/09/2025 10:30:00 - 26/09/2025 10:45:00","BZN|FR","Without Sequence","88.59","",""
"26/09/2025 10:45:00 - 26/09/2025 11:00:00","BZN|FR","Without Sequence","88.59","",""
"26/09/2025 11:00:00 - 26/09/2025 11:15:00","BZN|FR","Without Sequence","83.86","",""
"26/09/2025 11:15:00 - 26/09/2025 11:30:00","BZN|FR","Without Sequence","83.86","",""
"26/09/2025 11:30:00 - 26/09/2025 11:45:00","BZN|FR","Without Sequence","83.86","",""
"26/09/2025 11:45:00 - 26/09/2025 12:00:00","BZN|FR","Without Sequence","83.86","",""
"26/09/2025 12:00:00 - 26/09/2025 12:15:00","BZN|FR","Without Sequence","79.47","",""
"26/09/2025 12:15:00 - 26/09/2025 12:30:00","BZN|FR","Without Sequence","79.47","",""
"26/09/2025 12:30:00 - 26/09/2025 12:45:00","BZN|FR","Without Sequence","79.47","",""
"26/09/2025 12:45:00 - 26/09/2025 13:00:00","BZN|FR","Without Sequence","79.47","",""
"26/09/2025 13:00:00 - 26/09/2025 13:15:00","BZN|FR","Without Sequence","76.09","",""
"26/09/2025 13:15:00 - 26/09/2025 13:30:00","BZN|FR","Without Sequence","76.09","",""
"26/09/2025 13:30:00 - 26/09/2025 13:45:00","BZN|FR","Without Sequence","76.09","",""
"26/09/2025 13:45:00 - 26/09/2025 14:00:00","BZN|FR","Without Sequence","76.09","",""
"26/09/2025 14:00:00 - 26/09/2025 14:15:00","BZN|FR","Without Sequence","71.90","",""
"26/09/2025 14:15:00 - 26/09/2025 14:30:00","BZN|FR","Without Sequence","71.90","",""
"26/09/2025 14:30:00 - 26/09/2025 14:45:00","BZN|FR","Without Sequence","71.90","",""
"26/09/2025 14:45:00 - 26/09/2025 15:00:00","BZN|FR","Without Sequence","71.90","",""
"26/09/2025 15:00:00 - 26/09/2025 15:15:00","BZN|FR","Without Sequence","48.35","",""
"26/09/2025 15:15:00 - 26/09/2025 15:30:00","BZN|FR","Without Sequence","48.35","",""
"26/09/2025 15:30:00 - 26/09/2025 15:45:00","BZN|FR","Without Sequence","48.35","",""
"26/09/2025 15:45:00 - 26/09/2025 16:00:00","BZN|FR","Without Sequence","48.35","",""
"26/09/2025 16:00:00 - 26/09/2025 16:15:00","BZN|FR","Without Sequence","66.26","",""
"26/09/2025 16:15:00 - 26/09/2025 16:30:00","BZN|FR","Without Sequence","66.26","",""
"26/09/2025 16:30:00 - 26/09/2025 16:45:00","BZN|FR","Without Sequence","66.26","",""
"26/09/2025 16:45:00 - 26/09/2025 17:00:00","BZN|FR","Without Sequence","66.26","",""
"26/09/2025 17:00:00 - 26/09/2025 17:15:00","BZN|FR","Without Sequence","73.36","",""
"26/09/2025 17:15:00 - 26/09/2025 17:30:00","BZN|FR","Without Sequence","73.36","",""
"26/09/2025 17:30:00 - 26/09/2025 17:45:00","BZN|FR","Without Sequence","73.36","",""
"26/09/2025 17:45:00 - 26/09/2025 18:00:00","BZN|FR","Without Sequence","73.36","",""
"26/09/2025 18:00:00 - 26/09/2025 18:15:00","BZN|FR","Without Sequence","94.08","",""
"26/09/2025 18:15:00 - 26/09/2025 18:30:00","BZN|FR","Without Sequence","94.08","",""
"26/09/2025 18:30:00 - 26/09/2025 18:45:00","BZN|FR","Without Sequence","94.08","",""
"26/09/2025 18:45:00 - 26/09/2025 19:00:00","BZN|FR","Without Sequence","94.08","",""
"26/09/2025 19:00:00 - 26/09/2025 19:15:00","BZN|FR","Without Sequence","123.60","",""
"26/09/2025 19:15:00 - 26/09/2025 19:30:00","BZN|FR","Without Sequence","123.60","",""
"26/09/2025 19:30:00 - 26/09/2025 19:45:00","BZN|FR","Without Sequence","123.60","",""
"26/09/2025 19:45:00 - 26/09/2025 20:00:00","BZN|FR","Without Sequence","123.60","",""
"26/09/2025 20:00:00 - 26/09/2025 20:15:00","BZN|FR","Without Sequence","119.61","",""
"26/09/2025 20:15:00 - 26/09/2025 20:30:00","BZN|FR","Without Sequence","119.61","",""
"26/09/2025 20:30:00 - 26/09/2025 20:45:00","BZN|FR","Without Sequence","119.61","",""
"26/09/2025 20:45:00 - 26/09/2025 21:00:00","BZN|FR","Without Sequence","119.61","",""
"26/09/2025 21:00:00 - 26/09/2025 21:15:00","BZN|FR","Without Sequence","106.21","",""
"26/09/2025 21:15:00 - 26/09/2025 21:30:00","BZN|FR","Without Sequence","106.21","",""
"26/09/2025 21:30:00 - 26/09/2025 21:45:00","BZN|FR","Without Sequence","106.21","",""
"26/09/2025 21:45:00 - 26/09/2025 22:00:00","BZN|FR","Without Sequence","106.21","",""
"26/09/2025 22:00:00 - 26/09/2025 22:15:00","BZN|FR","Without Sequence","96.90","",""
"26/09/2025 22:15:00 - 26/09/2025 22:30:00","BZN|FR","Without Sequence","96.90","",""
"26/09/2025 22:30:00 - 26/09/2025 22:45:00","BZN|FR","Without Sequence","96.90","",""
"26/09/2025 22:45:00 - 26/09/2025 23:00:00","BZN|FR","Without Sequence","96.90","",""
"26/09/2025 23:00:00 - 26/09/2025 23:15:00","BZN|FR","Without Sequence","89.90","",""
"26/09/2025 23:15:00 - 26/09/2025 23:30:00","BZN|FR","Without Sequence","89.90","",""
"26/09/2025 23:30:00 - 26/09/2025 23:45:00","BZN|FR","Without Sequence","89.90","",""
"26/09/2025 23:45:00 - 27/09/2025 00:00:00","BZN|FR","Without Sequence","89.90","",""
"27/09/2025 00:00:00 - 27/09/2025 00:15:00","BZN|FR","Without Sequence","83.93","",""
"27/09/2025 00:15:00 - 27/09/2025 00:30:00","BZN|FR","Without Sequence","83.93","",""
"27/09/2025 00:30:00 - 27/09/2025 00:45:00","BZN|FR","Without Sequence","83.93","",""
"27/09/2025 00:45:00 - 27/09/2025 01:00:00","BZN|FR","Without Sequence","83.93","",""
"27/09/2025 01:00:00 - 27/09/2025 01:15:00","BZN|FR","Without Sequence","66.20","",""
"27/09/2025 01:15:00 - 27/09/2025 01:30:00","BZN|FR","Without Sequence","66.20","",""
"27/09/2025 01:30:00 - 27/09/2025 01:45:00","BZN|FR","Without Sequence","66.20","",""
"27/09/2025 01:45:00 - 27/09/2025 02:00:00","BZN|FR","Without Sequence","66.20","",""
"27/09/2025 02:00:00 - 27/09/2025 02:15:00","BZN|FR","Without Sequence","57.91","",""
"27/09/2025 02:15:00 - 27/09/2025 02:30:00","BZN|FR","Without Sequence","57.91","",""
"27/09/2025 02:30:00 - 27/09/2025 02:45:00","BZN|FR","Without Sequence","57.91","",""
"27/09/2025 02:45:00 - 27/09/2025 03:00:00","BZN|FR","Without Sequence","57.91","",""
"27/09/2025 03:00:00 - 27/09/2025 03:15:00","BZN|FR","Without Sequence","54.87","",""
"27/09/2025 03:15:00 - 27/09/2025 03:30:00","BZN|FR","Without Sequence","54.87","",""
"27/09/2025 03:30:00 - 27/09/2025 03:45:00","BZN|FR","Without Sequence","54.87","",""
"27/09/2025 03:45:00 - 27/09/2025 04:00:00","BZN|FR","Without Sequence","54.87","",""
"27/09/2025 04:00:00 - 27/09/2025 04:15:00","BZN|FR","Without Sequence","44.76","",""
"27/09/2025 04:15:00 - 27/09/2025 04:30:00","BZN|FR","Without Sequence","44.76","",""
"27/09/2025 04:30:00 - 27/09/2025 04:45:00","BZN|FR","Without Sequence","44.76","",""
"27/09/2025 04:45:00 - 27/09/2025 05:00:00","BZN|FR","Without Sequence","44.76","",""
"27/09/2025 05:00:00 - 27/09/2025 05:15:00","BZN|FR","Without Sequence","47.51","",""
"27/09/2025 05:15:00 - 27/09/2025 05:30:00","BZN|FR","Without Sequence","47.51","",""
"27/09/2025 05:30:00 - 27/09/2025 05:45:00","BZN|FR","Without Sequence","47.51","",""
"27/09/2025 05:45:00 - 27/09/2025 06:00:00","BZN|FR","Without Sequence","47.51","",""
"27/09/2025 06:00:00 - 27/09/2025 06:15:00","BZN|FR","Without Sequence","69.24","",""
"27/09/2025 06:15:00 - 27/09/2025 06:30:00","BZN|FR","Without Sequence","69.24","",""
"27/09/2025 06:30:00 - 27/09/2025 06:45:00","BZN|FR","Without Sequence","69.24","",""
"27/09/2025 06:45:00 - 27/09/2025 07:00:00","BZN|FR","Without Sequence","69.24","",""
"27/09/2025 07:00:00 - 27/09/2025 07:15:00","BZN|FR","Without Sequence","66.47","",""
"27/09/2025 07:15:00 - 27/09/2025 07:30:00","BZN|FR","Without Sequence","66.47","",""
"27/09/2025 07:30:00 - 27/09/2025 07:45:00","BZN|FR","Without Sequence","66.47","",""
"27/09/2025 07:45:00 - 27/09/2025 08:00:00","BZN|FR","Without Sequence","66.47","",""
"27/09/2025 08:00:00 - 27/09/2025 08:15:00","BZN|FR","Without Sequence","82.17","",""
"27/09/2025 08:15:00 - 27/09/2025 08:30:00","BZN|FR","Without Sequence","82.17","",""
"27/09/2025 08:30:00 - 27/09/2025 08:45:00","BZN|FR","Without Sequence","82.17","",""
"27/09/2025 08:45:00 - 27/09/2025 09:00:00","BZN|FR","Without Sequence","82.17","",""
"27/09/2025 09:00:00 - 27/09/2025 09:15:00","BZN|FR","Without Sequence","82.66","",""
"27/09/2025 09:15:00 - 27/09/2025 09:30:00","BZN|FR","Without Sequence","82.66","",""
"27/09/2025 09:30:00 - 27/09/2025 09:45:00","BZN|FR","Without Sequence","82.66","",""
"27/09/2025 09:45:00 - 27/09/2025 10:00:00","BZN|FR","Without Sequence","82.66","",""
"27/09/2025 10:00:00 - 27/09/2025 10:15:00","BZN|FR","Without Sequence","38.80","",""
"27/09/2025 10:15:00 - 27/09/2025 10:30:00","BZN|FR","Without Sequence","38.80","",""
"27/09/2025 10:30:00 - 27/09/2025 10:45:00","BZN|FR","Without Sequence","38.80","",""
"27/09/2025 10:45:00 - 27/09/2025 11:00:00","BZN|FR","Without Sequence","38.80","",""
"27/09/2025 11:00:00 - 27/09/2025 11:15:00","BZN|FR","Without Sequence","20.25","",""
"27/09/2025 11:15:00 - 27/09/2025 11:30:00","BZN|FR","Without Sequence","20.25","",""
"27/09/2025 11:30:00 - 27/09/2025 11:45:00","BZN|FR","Without Sequence","20.25","",""
"27/09/2025 11:45:00 - 27/09/2025 12:00:00","BZN|FR","Without Sequence","20.25","",""
"27/09/2025 12:00:00 - 27/09/2025 12:15:00","BZN|FR","Without Sequence","16.79","",""
"27/09/2025 12:15:00 - 27/09/2025 12:30:00","BZN|FR","Without Sequence","16.79","",""
"27/09/2025 12:30:00 - 27/09/2025 12:45:00","BZN|FR","Without Sequence","16.79","",""
"27/09/2025 12:45:00 - 27/09/2025 13:00:00","BZN|FR","Without Sequence","16.79","",""
"27/09/2025 13:00:00 - 27/09/2025 13:15:00","BZN|FR","Without Sequence","12.91","",""
"27/09/2025 13:15:00 - 27/09/2025 13:30:00","BZN|FR","Without Sequence","12.91","",""
"27/09/2025 13:30:00 - 27/09/2025 13:45:00","BZN|FR","Without Sequence","12.91","",""
"27/09/2025 13:45:00 - 27/09/2025 14:00:00","BZN|FR","Without Sequence","12.91","",""
"27/09/2025 14:00:00 - 27/09/2025 14:15:00","BZN|FR","Without Sequence","10.42","",""
"27/09/2025 14:15:00 - 27/09/2025 14:30:00","BZN|FR","Without Sequence","10.42","",""
"27/09/2025 14:30:00 - 27/09/2025 14:45:00","BZN|FR","Without Sequence","10.42","",""
"27/09/2025 14:45:00 - 27/09/2025 15:00:00","BZN|FR","Without Sequence","10.42","",""
"27/09/2025 15:00:00 - 27/09/2025 15:15:00","BZN|FR","Without Sequence","11.66","",""
"27/09/2025 15:15:00 - 27/09/2025 15:30:00","BZN|FR","Without Sequence","11.66","",""
"27/09/2025 15:30:00 - 27/09/2025 15:45:00","BZN|FR","Without Sequence","11.66","",""
"27/09/2025 15:45:00 - 27/09/2025 16:00:00","BZN|FR","Without Sequence","11.66","",""
"27/09/2025 16:00:00 - 27/09/2025 16:15:00","BZN|FR","Without Sequence","12.27","",""
"27/09/2025 16:15:00 - 27/09/2025 16:30:00","BZN|FR","Without Sequence","12.27","",""
"27/09/2025 16:30:00 - 27/09/2025 16:45:00","BZN|FR","Without Sequence","12.27","",""
"27/09/2025 16:45:00 - 27/09/2025 17:00:00","BZN|FR","Without Sequence","12.27","",""
"27/09/2025 17:00:00 - 27/09/2025 17:15:00","BZN|FR","Without Sequence","29.20","",""
"27/09/2025 17:15:00 - 27/09/2025 17:30:00","BZN|FR","Without Sequence","29.20","",""
"27/09/2025 17:30:00 - 27/09/2025 17:45:00","BZN|FR","Without Sequence","29.20","",""
"27/09/2025 17:45:00 - 27/09/2025 18:00:00","BZN|FR","Without Sequence","29.20","",""
"27/09/2025 18:00:00 - 27/09/2025 18:15:00","BZN|FR","Without Sequence","67.00","",""
"27/09/2025 18:15:00 - 27/09/2025 18:30:00","BZN|FR","Without Sequence","67.00","",""
"27/09/2025 18:30:00 - 27/09/2025 18:45:00","BZN|FR","Without Sequence","67.00","",""
"27/09/2025 18:45:00 - 27/09/2025 19:00:00","BZN|FR","Without Sequence","67.00","",""
"27/09/2025 19:00:00 - 27/09/2025 19:15:00","BZN|FR","Without Sequence","92.56","",""
"27/09/2025 19:15:00 - 27/09/2025 19:30:00","BZN|FR","Without Sequence","92.56","",""
"27/09/2025 19:30:00 - 27/09/2025 19:45:00","BZN|FR","Without Sequence","92.56","",""
"27/09/2025 19:45:00 - 27/09/2025 20:00:00","BZN|FR","Without Sequence","92.56","",""
"27/09/2025 20:00:00 - 27/09/2025 20:15:00","BZN|FR","Without Sequence","98.41","",""
"27/09/2025 20:15:00 - 27/09/2025 20:30:00","BZN|FR","Without Sequence","98.41","",""
"27/09/2025 20:30:00 - 27/09/2025 20:45:00","BZN|FR","Without Sequence","98.41","",""
"27/09/2025 20:45:00 - 27/09/2025 21:00:00","BZN|FR","Without Sequence","98.41","",""
"27/09/2025 21:00:00 - 27/09/2025 21:15:00","BZN|FR","Without Sequence","72.10","",""
"27/09/2025 21:15:00 - 27/09/2025 21:30:00","BZN|FR","Without Sequence","72.10","",""
"27/09/2025 21:30:00 - 27/09/2025 21:45:00","BZN|FR","Without Sequence","72.10","",""
"27/09/2025 21:45:00 - 27/09/2025 22:00:00","BZN|FR","Without Sequence","72.10","",""
"27/09/2025 22:00:00 - 27/09/2025 22:15:00","BZN|FR","Without Sequence","79.69","",""
"27/09/2025 22:15:00 - 27/09/2025 22:30:00","BZN|FR","Without Sequence","79.69","",""
"27/09/2025 22:30:00 - 27/09/2025 22:45:00","BZN|FR","Without Sequence","79.69","",""
"27/09/2025 22:45:00 - 27/09/2025 23:00:00","BZN|FR","Without Sequence","79.69","",""
"27/09/2025 23:00:00 - 27/09/2025 23:15:00","BZN|FR","Without Sequence","82.05","",""
"27/09/2025 23:15:00 - 27/09/2025 23:30:00","BZN|FR","Without Sequence","82.05","",""
"27/09/2025 23:30:00 - 27/09/2025 23:45:00","BZN|FR","Without Sequence","82.05","",""
"27/09/2025 23:45:00 - 28/09/2025 00:00:00","BZN|FR","Without Sequence","82.05","",""
"28/09/2025 00:00:00 - 28/09/2025 00:15:00","BZN|FR","Without Sequence","63.51","",""
"28/09/2025 00:15:00 - 28/09/2025 00:30:00","BZN|FR","Without Sequence","63.51","",""
"28/09/2025 00:30:00 - 28/09/2025 00:45:00","BZN|FR","Without Sequence","63.51","",""
"28/09/2025 00:45:00 - 28/09/2025 01:00:00","BZN|FR","Without Sequence","63.51","",""
"28/09/2025 01:00:00 - 28/09/2025 01:15:00","BZN|FR","Without Sequence","60.86","",""
"28/09/2025 01:15:00 - 28/09/2025 01:30:00","BZN|FR","Without Sequence","60.86","",""
"28/09/2025 01:30:00 - 28/09/2025 01:45:00","BZN|FR","Without Sequence","60.86","",""
"28/09/2025 01:45:00 - 28/09/2025 02:00:00","BZN|FR","Without Sequence","60.86","",""
"28/09/2025 02:00:00 - 28/09/2025 02:15:00","BZN|FR","Without Sequence","59.83","",""
"28/09/2025 02:15:00 - 28/09/2025 02:30:00","BZN|FR","Without Sequence","59.83","",""
"28/09/2025 02:30:00 - 28/09/2025 02:45:00","BZN|FR","Without Sequence","59.83","",""
"28/09/2025 02:45:00 - 28/09/2025 03:00:00","BZN|FR","Without Sequence","59.83","",""
"28/09/2025 03:00:00 - 28/09/2025 03:15:00","BZN|FR","Without Sequence","44.37","",""
"28/09/2025 03:15:00 - 28/09/2025 03:30:00","BZN|FR","Without Sequence","44.37","",""
"28/09/2025 03:30:00 - 28/09/2025 03:45:00","BZN|FR","Without Sequence","44.37","",""
"28/09/2025 03:45:00 - 28/09/2025 04:00:00","BZN|FR","Without Sequence","44.37","",""
"28/09/2025 04:00:00 - 28/09/2025 04:15:00","BZN|FR","Without Sequence","35.29","",""
"28/09/2025 04:15:00 - 28/09/2025 04:30:00","BZN|FR","Without Sequence","35.29","",""
"28/09/2025 04:30:00 - 28/09/2025 04:45:00","BZN|FR","Without Sequence","35.29","",""
"28/09/2025 04:45:00 - 28/09/2025 05:00:00","BZN|FR","Without Sequence","35.29","",""
"28/09/2025 05:00:00 - 28/09/2025 05:15:00","BZN|FR","Without Sequence","52.99","",""
"28/09/2025 05:15:00 - 28/09/2025 05:30:00","BZN|FR","Without Sequence","52.99","",""
"28/09/2025 05:30:00 - 28/09/2025 05:45:00","BZN|FR","Without Sequence","52.99","",""
"28/09/2025 05:45:00 - 28/09/2025 06:00:00","BZN|FR","Without Sequence","52.99","",""
"28/09/2025 06:00:00 - 28/09/2025 06:15:00","BZN|FR","Without Sequence","48.54","",""
"28/09/2025 06:15:00 - 28/09/2025 06:30:00","BZN|FR","Without Sequence","48.54","",""
"28/09/2025 06:30:00 - 28/09/2025 06:45:00","BZN|FR","Without Sequence","48.54","",""
"28/09/2025 06:45:00 - 28/09/2025 07:00:00","BZN|FR","Without Sequence","48.54","",""
"28/09/2025 07:00:00 - 28/09/2025 07:15:00","BZN|FR","Without Sequence","58.87","",""
"28/09/2025 07:15:00 - 28/09/2025 07:30:00","BZN|FR","Without Sequence","58.87","",""
"28/09/2025 07:30:00 - 28/09/2025 07:45:00","BZN|FR","Without Sequence","58.87","",""
"28/09/2025 07:45:00 - 28/09/2025 08:00:00","BZN|FR","Without Sequence","58.87","",""
"28/09/2025 08:00:00 - 28/09/2025 08:15:00","BZN|FR","Without Sequence","58.87","",""
"28/09/2025 08:15:00 - 28/09/2025 08:30:00","BZN|FR","Without Sequence","58.87","",""
"28/09/2025 08:30:00 - 28/09/2025 08:45:00","BZN|FR","Without Sequence","58.87","",""
"28/09/2025 08:45:00 - 28/09/2025 09:00:00","BZN|FR","Without Sequence","58.87","",""
"28/09/2025 09:00:00 - 28/09/2025 09:15:00","BZN|FR","Without Sequence","57.91","",""
"28/09/2025 09:15:00 - 28/09/2025 09:30:00","BZN|FR","Without Sequence","57.91","",""
"28/09/2025 09:30:00 - 28/09/2025 09:45:00","BZN|FR","Without Sequence","57.91","",""
"28/09/2025 09:45:00 - 28/09/2025 10:00:00","BZN|FR","Without Sequence","57.91","",""
"28/09/2025 10:00:00 - 28/09/2025 10:15:00","BZN|FR","Without Sequence","35.00","",""
"28/09/2025 10:15:00 - 28/09/2025 10:30:00","BZN|FR","Without Sequence","35.00","",""
"28/09/2025 10:30:00 - 28/09/2025 10:45:00","BZN|FR","Without Sequence","35.00","",""
"28/09/2025 10:45:00 - 28/09/2025 11:00:00","BZN|FR","Without Sequence","35.00","",""
"28/09/2025 11:00:00 - 28/09/2025 11:15:00","BZN|FR","Without Sequence","29.16","",""
"28/09/2025 11:15:00 - 28/09/2025 11:30:00","BZN|FR","Without Sequence","29.16","",""
"28/09/2025 11:30:00 - 28/09/2025 11:45:00","BZN|FR","Without Sequence","29.16","",""
"28/09/2025 11:45:00 - 28/09/2025 12:00:00","BZN|FR","Without Sequence","29.16","",""
"28/09/2025 12:00:00 - 28/09/2025 12:15:00","BZN|FR","Without Sequence","17.11","",""
"28/09/2025 12:15:00 - 28/09/2025 12:30:00","BZN|FR","Without Sequence","17.11","",""
"28/09/2025 12:30:00 - 28/09/2025 12:45:00","BZN|FR","Without Sequence","17.11","",""
"28/09/2025 12:45:00 - 28/09/2025 13:00:00","BZN|FR","Without Sequence","17.11","",""
"28/09/2025 13:00:00 - 28/09/2025 13:15:00","BZN|FR","Without Sequence","8.53","",""
"28/09/2025 13:15:00 - 28/09/2025 13:30:00","BZN|FR","Without Sequence","8.53","",""
"28/09/2025 13:30:00 - 28/09/2025 13:45:00","BZN|FR","Without Sequence","8.53","",""
"28/09/2025 13:45:00 - 28/09/2025 14:00:00","BZN|FR","Without Sequence","8.53","",""
"28/09/2025 14:00:00 - 28/09/2025 14:15:00","BZN|FR","Without Sequence","13.00","",""
"28/09/2025 14:15:00 - 28/09/2025 14:30:00","BZN|FR","Without Sequence","13.00","",""
"28/09/2025 14:30:00 - 28/09/2025 14:45:00","BZN|FR","Without Sequence","13.00","",""
"28/09/2025 14:45:00 - 28/09/2025 15:00:00","BZN|FR","Without Sequence","13.00","",""
"28/09/2025 15:00:00 - 28/09/2025 15:15:00","BZN|FR","Without Sequence","16.79","",""
"28/09/2025 15:15:00 - 28/09/2025 15:30:00","BZN|FR","Without Sequence","16.79","",""
"28/09/2025 15:30:00 - 28/09/2025 15:45:00","BZN|FR","Without Sequence","16.79","",""
"28/09/2025 15:45:00 - 28/09/2025 16:00:00","BZN|FR","Without Sequence","16.79","",""
"28/09/2025 16:00:00 - 28/09/2025 16:15:00","BZN|FR","Without Sequence","22.97","",""
"28/09/2025 16:15:00 - 28/09/2025 16:30:00","BZN|FR","Without Sequence","22.97","",""
"28/09/2025 16:30:00 - 28/09/2025 16:45:00","BZN|FR","Without Sequence","22.97","",""
"28/09/2025 16:45:00 - 28/09/2025 17:00:00","BZN|FR","Without Sequence","22.97","",""
"28/09/2025 17:00:00 - 28/09/2025 17:15:00","BZN|FR","Without Sequence","37.34","",""
"28/09/2025 17:15:00 - 28/09/2025 17:30:00","BZN|FR","Without Sequence","37.34","",""
"28/09/2025 17:30:00 - 28/09/2025 17:45:00","BZN|FR","Without Sequence","37.34","",""
"28/09/2025 17:45:00 - 28/09/2025 18:00:00","BZN|FR","Without Sequence","37.34","",""
"28/09/2025 18:00:00 - 28/09/2025 18:15:00","BZN|FR","Without Sequence","61.11","",""
"28/09/2025 18:15:00 - 28/09/2025 18:30:00","BZN|FR","Without Sequence","61.11","",""
"28/09/2025 18:30:00 - 28/09/2025 18:45:00","BZN|FR","Without Sequence","61.11","",""
"28/09/2025 18:45:00 - 28/09/2025 19:00:00","BZN|FR","Without Sequence","61.11","",""
"28/09/2025 19:00:00 - 28/09/2025 19:15:00","BZN|FR","Without Sequence","70.98","",""
"28/09/2025 19:15:00 - 28/09/2025 19:30:00","BZN|FR","Without Sequence","70.98","",""
"28/09/2025 19:30:00 - 28/09/2025 19:45:00","BZN|FR","Without Sequence","70.98","",""
"28/09/2025 19:45:00 - 28/09/2025 20:00:00","BZN|FR","Without Sequence","70.98","",""
"28/09/2025 20:00:00 - 28/09/2025 20:15:00","BZN|FR","Without Sequence","74.14","",""
"28/09/2025 20:15:00 - 28/09/2025 20:30:00","BZN|FR","Without Sequence","74.14","",""
"28/09/2025 20:30:00 - 28/09/2025 20:45:00","BZN|FR","Without Sequence","74.14","",""
"28/09/2025 20:45:00 - 28/09/2025 21:00:00","BZN|FR","Without Sequence","74.14","",""
"28/09/2025 21:00:00 - 28/09/2025 21:15:00","BZN|FR","Without Sequence","61.00","",""
"28/09/2025 21:15:00 - 28/09/2025 21:30:00","BZN|FR","Without Sequence","61.00","",""
"28/09/2025 21:30:00 - 28/09/2025 21:45:00","BZN|FR","Without Sequence","61.00","",""
"28/09/2025 21:45:00 - 28/09/2025 22:00:00","BZN|FR","Without Sequence","61.00","",""
"28/09/2025 22:00:00 - 28/09/2025 22:15:00","BZN|FR","Without Sequence","69.62","",""
"28/09/2025 22:15:00 - 28/09/2025 22:30:00","BZN|FR","Without Sequence","69.62","",""
"28/09/2025 22:30:00 - 28/09/2025 22:45:00","BZN|FR","Without Sequence","69.62","",""
"28/09/2025 22:45:00 - 28/09/2025 23:00:00","BZN|FR","Without Sequence","69.62","",""
"28/09/2025 23:00:00 - 28/09/2025 23:15:00","BZN|FR","Without Sequence","60.16","",""
"28/09/2025 23:15:00 - 28/09/2025 23:30:00","BZN|FR","Without Sequence","60.16","",""
"28/09/2025 23:30:00 - 28/09/2025 23:45:00","BZN|FR","Without Sequence","60.16","",""
"28/09/2025 23:45:00 - 29/09/2025 00:00:00","BZN|FR","Without Sequence","60.16","",""
"29/09/2025 00:00:00 - 29/09/2025 00:15:00","BZN|FR","Without Sequence","51.60","",""
"29/09/2025 00:15:00 - 29/09/2025 00:30:00","BZN|FR","Without Sequence","51.60","",""
"29/09/2025 00:30:00 - 29/09/2025 00:45:00","BZN|FR","Without Sequence","51.60","",""
"29/09/2025 00:45:00 - 29/09/2025 01:00:00","BZN|FR","Without Sequence","51.60","",""
"29/09/2025 01:00:00 - 29/09/2025 01:15:00","BZN|FR","Without Sequence","47.70","",""
"29/09/2025 01:15:00 - 29/09/2025 01:30:00","BZN|FR","Without Sequence","47.70","",""
"29/09/2025 01:30:00 - 29/09/2025 01:45:00","BZN|FR","Without Sequence","47.70","",""
"29/09/2025 01:45:00 - 29/09/2025 02:00:00","BZN|FR","Without Sequence","47.70","",""
"29/09/2025 02:00:00 - 29/09/2025 02:15:00","BZN|FR","Without Sequence","45.00","",""
"29/09/2025 02:15:00 - 29/09/2025 02:30:00","BZN|FR","Without Sequence","45.00","",""
"29/09/2025 02:30:00 - 29/09/2025 02:45:00","BZN|FR","Without Sequence","45.00","",""
"29/09/2025 02:45:00 - 29/09/2025 03:00:00","BZN|FR","Without Sequence","45.00","",""
"29/09/2025 03:00:00 - 29/09/2025 03:15:00","BZN|FR","Without Sequence","32.00","",""
"29/09/2025 03:15:00 - 29/09/2025 03:30:00","BZN|FR","Without Sequence","32.00","",""
"29/09/2025 03:30:00 - 29/09/2025 03:45:00","BZN|FR","Without Sequence","32.00","",""
"29/09/2025 03:45:00 - 29/09/2025 04:00:00","BZN|FR","Without Sequence","32.00","",""
"29/09/2025 04:00:00 - 29/09/2025 04:15:00","BZN|FR","Without Sequence","30.00","",""
"29/09/2025 04:15:00 - 29/09/2025 04:30:00","BZN|FR","Without Sequence","30.00","",""
"29/09/2025 04:30:00 - 29/09/2025 04:45:00","BZN|FR","Without Sequence","30.00","",""
"29/09/2025 04:45:00 - 29/09/2025 05:00:00","BZN|FR","Without Sequence","30.00","",""
"29/09/2025 05:00:00 - 29/09/2025 05:15:00","BZN|FR","Without Sequence","32.50","",""
"29/09/2025 05:15:00 - 29/09/2025 05:30:00","BZN|FR","Without Sequence","32.50","",""
"29/09/2025 05:30:00 - 29/09/2025 05:45:00","BZN|FR","Without Sequence","32.50","",""
"29/09/2025 05:45:00 - 29/09/2025 06:00:00","BZN|FR","Without Sequence","32.50","",""
"29/09/2025 06:00:00 - 29/09/2025 06:15:00","BZN|FR","Without Sequence","50.00","",""
"29/09/2025 06:15:00 - 29/09/2025 06:30:00","BZN|FR","Without Sequence","50.00","",""
"29/09/2025 06:30:00 - 29/09/2025 06:45:00","BZN|FR","Without Sequence","50.00","",""
"29/09/2025 06:45:00 - 29/09/2025 07:00:00","BZN|FR","Without Sequence","50.00","",""
"29/09/2025 07:00:00 - 29/09/2025 07:15:00","BZN|FR","Without Sequence","74.40","",""
"29/09/2025 07:15:00 - 29/09/2025 07:30:00","BZN|FR","Without Sequence","74.40","",""
"29/09/2025 07:30:00 - 29/09/2025 07:45:00","BZN|FR","Without Sequence","74.40","",""
"29/09/2025 07:45:00 - 29/09/2025 08:00:00","BZN|FR","Without Sequence","74.40","",""
"29/09/2025 08:00:00 - 29/09/2025 08:15:00","BZN|FR","Without Sequence","81.80","",""
"29/09/2025 08:15:00 - 29/09/2025 08:30:00","BZN|FR","Without Sequence","81.80","",""
"29/09/2025 08:30:00 - 29/09/2025 08:45:00","BZN|FR","Without Sequence","81.80","",""
"29/09/2025 08:45:00 - 29/09/2025 09:00:00","BZN|FR","Without Sequence","81.80","",""
"29/09/2025 09:00:00 - 29/09/2025 09:15:00","BZN|FR","Without Sequence","73.08","",""
"29/09/2025 09:15:00 - 29/09/2025 09:30:00","BZN|FR","Without Sequence","73.08","",""
"29/09/2025 09:30:00 - 29/09/2025 09:45:00","BZN|FR","Without Sequence","73.08","",""
"29/09/2025 09:45:00 - 29/09/2025 10:00:00","BZN|FR","Without Sequence","73.08","",""
"29/09/2025 10:00:00 - 29/09/2025 10:15:00","BZN|FR","Without Sequence","59.33","",""
"29/09/2025 10:15:00 - 29/09/2025 10:30:00","BZN|FR","Without Sequence","59.33","",""
"29/09/2025 10:30:00 - 29/09/2025 10:45:00","BZN|FR","Without Sequence","59.33","",""
"29/09/2025 10:45:00 - 29/09/2025 11:00:00","BZN|FR","Without Sequence","59.33","",""
"29/09/2025 11:00:00 - 29/09/2025 11:15:00","BZN|FR","Without Sequence","40.14","",""
"29/09/2025 11:15:00 - 29/09/2025 11:30:00","BZN|FR","Without Sequence","40.14","",""
"29/09/2025 11:30:00 - 29/09/2025 11:45:00","BZN|FR","Without Sequence","40.14","",""
"29/09/2025 11:45:00 - 29/09/2025 12:00:00","BZN|FR","Without Sequence","40.14","",""
"29/09/2025 12:00:00 - 29/09/2025 12:15:00","BZN|FR","Without Sequence","35.00","",""
"29/09/2025 12:15:00 - 29/09/2025 12:30:00","BZN|FR","Without Sequence","35.00","",""
"29/09/2025 12:30:00 - 29/09/2025 12:45:00","BZN|FR","Without Sequence","35.00","",""
"29/09/2025 12:45:00 - 29/09/2025 13:00:00","BZN|FR","Without Sequence","35.00","",""
"29/09/2025 13:00:00 - 29/09/2025 13:15:00","BZN|FR","Without Sequence","28.30","",""
"29/09/2025 13:15:00 - 29/09/2025 13:30:00","BZN|FR","Without Sequence","28.30","",""
"29/09/2025 13:30:00 - 29/09/2025 13:45:00","BZN|FR","Without Sequence","28.30","",""
"29/09/2025 13:45:00 - 29/09/2025 14:00:00","BZN|FR","Without Sequence","28.30","",""
"29/09/2025 14:00:00 - 29/09/2025 14:15:00","BZN|FR","Without Sequence","21.99","",""
"29/09/2025 14:15:00 - 29/09/2025 14:30:00","BZN|FR","Without Sequence","21.99","",""
"29/09/2025 14:30:00 - 29/09/2025 14:45:00","BZN|FR","Without Sequence","21.99","",""
"29/09/2025 14:45:00 - 29/09/2025 15:00:00","BZN|FR","Without Sequence","21.99","",""
"29/09/2025 15:00:00 - 29/09/2025 15:15:00","BZN|FR","Without Sequence","27.94","",""
"29/09/2025 15:15:00 - 29/09/2025 15:30:00","BZN|FR","Without Sequence","27.94","",""
"29/09/2025 15:30:00 - 29/09/2025 15:45:00","BZN|FR","Without Sequence","27.94","",""
"29/09/2025 15:45:00 - 29/09/2025 16:00:00","BZN|FR","Without Sequence","27.94","",""
"29/09/2025 16:00:00 - 29/09/2025 16:15:00","BZN|FR","Without Sequence","35.00","",""
"29/09/2025 16:15:00 - 29/09/2025 16:30:00","BZN|FR","Without Sequence","35.00","",""
"29/09/2025 16:30:00 - 29/09/2025 16:45:00","BZN|FR","Without Sequence","35.00","",""
"29/09/2025 16:45:00 - 29/09/2025 17:00:00","BZN|FR","Without Sequence","35.00","",""
"29/09/2025 17:00:00 - 29/09/2025 17:15:00","BZN|FR","Without Sequence","52.00","",""
"29/09/2025 17:15:00 - 29/09/2025 17:30:00","BZN|FR","Without Sequence","52.00","",""
"29/09/2025 17:30:00 - 29/09/2025 17:45:00","BZN|FR","Without Sequence","52.00","",""
"29/09/2025 17:45:00 - 29/09/2025 18:00:00","BZN|FR","Without Sequence","52.00","",""
"29/09/2025 18:00:00 - 29/09/2025 18:15:00","BZN|FR","Without Sequence","85.00","",""
"29/09/2025 18:15:00 - 29/09/2025 18:30:00","BZN|FR","Without Sequence","85.00","",""
"29/09/2025 18:30:00 - 29/09/2025 18:45:00","BZN|FR","Without Sequence","85.00","",""
"29/09/2025 18:45:00 - 29/09/2025 19:00:00","BZN|FR","Without Sequence","85.00","",""
"29/09/2025 19:00:00 - 29/09/2025 19:15:00","BZN|FR","Without Sequence","101.13","",""
"29/09/2025 19:15:00 - 29/09/2025 19:30:00","BZN|FR","Without Sequence","101.13","",""
"29/09/2025 19:30:00 - 29/09/2025 19:45:00","BZN|FR","Without Sequence","101.13","",""
"29/09/2025 19:45:00 - 29/09/2025 20:00:00","BZN|FR","Without Sequence","101.13","",""
"29/09/2025 20:00:00 - 29/09/2025 20:15:00","BZN|FR","Without Sequence","133.26","",""
"29/09/2025 20:15:00 - 29/09/2025 20:30:00","BZN|FR","Without Sequence","133.26","",""
"29/09/2025 20:30:00 - 29/09/2025 20:45:00","BZN|FR","Without Sequence","133.26","",""
"29/09/2025 20:45:00 - 29/09/2025 21:00:00","BZN|FR","Without Sequence","133.26","",""
"29/09/2025 21:00:00 - 29/09/2025 21:15:00","BZN|FR","Without Sequence","89.51","",""
"29/09/2025 21:15:00 - 29/09/2025 21:30:00","BZN|FR","Without Sequence","89.51","",""
"29/09/2025 21:30:00 - 29/09/2025 21:45:00","BZN|FR","Without Sequence","89.51","",""
"29/09/2025 21:45:00 - 29/09/2025 22:00:00","BZN|FR","Without Sequence","89.51","",""
"29/09/2025 22:00:00 - 29/09/2025 22:15:00","BZN|FR","Without Sequence","84.88","",""
"29/09/2025 22:15:00 - 29/09/2025 22:30:00","BZN|FR","Without Sequence","84.88","",""
"29/09/2025 22:30:00 - 29/09/2025 22:45:00","BZN|FR","Without Sequence","84.88","",""
"29/09/2025 22:45:00 - 29/09/2025 23:00:00","BZN|FR","Without Sequence","84.88","",""
"29/09/2025 23:00:00 - 29/09/2025 23:15:00","BZN|FR","Without Sequence","88.60","",""
"29/09/2025 23:15:00 - 29/09/2025 23:30:00","BZN|FR","Without Sequence","88.60","",""
"29/09/2025 23:30:00 - 29/09/2025 23:45:00","BZN|FR","Without Sequence","88.60","",""
"29/09/2025 23:45:00 - 30/09/2025 00:00:00","BZN|FR","Without Sequence","88.60","",""
"30/09/2025 00:00:00 - 30/09/2025 00:15:00","BZN|FR","Without Sequence","69.90","",""
"30/09/2025 00:15:00 - 30/09/2025 00:30:00","BZN|FR","Without Sequence","69.90","",""
"30/09/2025 00:30:00 - 30/09/2025 00:45:00","BZN|FR","Without Sequence","69.90","",""
"30/09/2025 00:45:00 - 30/09/2025 01:00:00","BZN|FR","Without Sequence","69.90","",""
"30/09/2025 01:00:00 - 30/09/2025 01:15:00","BZN|FR","Without Sequence","64.70","",""
"30/09/2025 01:15:00 - 30/09/2025 01:30:00","BZN|FR","Without Sequence","64.70","",""
"30/09/2025 01:30:00 - 30/09/2025 01:45:00","BZN|FR","Without Sequence","64.70","",""
"30/09/2025 01:45:00 - 30/09/2025 02:00:00","BZN|FR","Without Sequence","64.70","",""
"30/09/2025 02:00:00 - 30/09/2025 02:15:00","BZN|FR","Without Sequence","65.90","",""
"30/09/2025 02:15:00 - 30/09/2025 02:30:00","BZN|FR","Without Sequence","65.90","",""
"30/09/2025 02:30:00 - 30/09/2025 02:45:00","BZN|FR","Without Sequence","65.90","",""
"30/09/2025 02:45:00 - 30/09/2025 03:00:00","BZN|FR","Without Sequence","65.90","",""
"30/09/2025 03:00:00 - 30/09/2025 03:15:00","BZN|FR","Without Sequence","43.63","",""
"30/09/2025 03:15:00 - 30/09/2025 03:30:00","BZN|FR","Without Sequence","43.63","",""
"30/09/2025 03:30:00 - 30/09/2025 03:45:00","BZN|FR","Without Sequence","43.63","",""
"30/09/2025 03:45:00 - 30/09/2025 04:00:00","BZN|FR","Without Sequence","43.63","",""
"30/09/2025 04:00:00 - 30/09/2025 04:15:00","BZN|FR","Without Sequence","38.00","",""
"30/09/2025 04:15:00 - 30/09/2025 04:30:00","BZN|FR","Without Sequence","38.00","",""
"30/09/2025 04:30:00 - 30/09/2025 04:45:00","BZN|FR","Without Sequence","38.00","",""
"30/09/2025 04:45:00 - 30/09/2025 05:00:00","BZN|FR","Without Sequence","38.00","",""
"30/09/2025 05:00:00 - 30/09/2025 05:15:00","BZN|FR","Without Sequence","30.23","",""
"30/09/2025 05:15:00 - 30/09/2025 05:30:00","BZN|FR","Without Sequence","30.23","",""
"30/09/2025 05:30:00 - 30/09/2025 05:45:00","BZN|FR","Without Sequence","30.23","",""
"30/09/2025 05:45:00 - 30/09/2025 06:00:00","BZN|FR","Without Sequence","30.23","",""
"30/09/2025 06:00:00 - 30/09/2025 06:15:00","BZN|FR","Without Sequence","56.00","",""
"30/09/2025 06:15:00 - 30/09/2025 06:30:00","BZN|FR","Without Sequence","56.00","",""
"30/09/2025 06:30:00 - 30/09/2025 06:45:00","BZN|FR","Without Sequence","56.00","",""
"30/09/2025 06:45:00 - 30/09/2025 07:00:00","BZN|FR","Without Sequence","56.00","",""
"30/09/2025 07:00:00 - 30/09/2025 07:15:00","BZN|FR","Without Sequence","98.18","",""
"30/09/2025 07:15:00 - 30/09/2025 07:30:00","BZN|FR","Without Sequence","98.18","",""
"30/09/2025 07:30:00 - 30/09/2025 07:45:00","BZN|FR","Without Sequence","98.18","",""
"30/09/2025 07:45:00 - 30/09/2025 08:00:00","BZN|FR","Without Sequence","98.18","",""
"30/09/2025 08:00:00 - 30/09/2025 08:15:00","BZN|FR","Without Sequence","120.00","",""
"30/09/2025 08:15:00 - 30/09/2025 08:30:00","BZN|FR","Without Sequence","120.00","",""
"30/09/2025 08:30:00 - 30/09/2025 08:45:00","BZN|FR","Without Sequence","120.00","",""
"30/09/2025 08:45:00 - 30/09/2025 09:00:00","BZN|FR","Without Sequence","120.00","",""
"30/09/2025 09:00:00 - 30/09/2025 09:15:00","BZN|FR","Without Sequence","93.97","",""
"30/09/2025 09:15:00 - 30/09/2025 09:30:00","BZN|FR","Without Sequence","93.97","",""
"30/09/2025 09:30:00 - 30/09/2025 09:45:00","BZN|FR","Without Sequence","93.97","",""
"30/09/2025 09:45:00 - 30/09/2025 10:00:00","BZN|FR","Without Sequence","93.97","",""
"30/09/2025 10:00:00 - 30/09/2025 10:15:00","BZN|FR","Without Sequence","60.10","",""
"30/09/2025 10:15:00 - 30/09/2025 10:30:00","BZN|FR","Without Sequence","60.10","",""
"30/09/2025 10:30:00 - 30/09/2025 10:45:00","BZN|FR","Without Sequence","60.10","",""
"30/09/2025 10:45:00 - 30/09/2025 11:00:00","BZN|FR","Without Sequence","60.10","",""
"30/09/2025 11:00:00 - 30/09/2025 11:15:00","BZN|FR","Without Sequence","31.00","",""
"30/09/2025 11:15:00 - 30/09/2025 11:30:00","BZN|FR","Without Sequence","31.00","",""
"30/09/2025 11:30:00 - 30/09/2025 11:45:00","BZN|FR","Without Sequence","31.00","",""
"30/09/2025 11:45:00 - 30/09/2025 12:00:00","BZN|FR","Without Sequence","31.00","",""
"30/09/2025 12:00:00 - 30/09/2025 12:15:00","BZN|FR","Without Sequence","24.47","",""
"30/09/2025 12:15:00 - 30/09/2025 12:30:00","BZN|FR","Without Sequence","24.47","",""
"30/09/2025 12:30:00 - 30/09/2025 12:45:00","BZN|FR","Without Sequence","24.47","",""
"30/09/2025 12:45:00 - 30/09/2025 13:00:00","BZN|FR","Without Sequence","24.47","",""
"30/09/2025 13:00:00 - 30/09/2025 13:15:00","BZN|FR","Without Sequence","21.90","",""
"30/09/2025 13:15:00 - 30/09/2025 13:30:00","BZN|FR","Without Sequence","21.90","",""
"30/09/2025 13:30:00 - 30/09/2025 13:45:00","BZN|FR","Without Sequence","21.90","",""
"30/09/2025 13:45:00 - 30/09/2025 14:00:00","BZN|FR","Without Sequence","21.90","",""
"30/09/2025 14:00:00 - 30/09/2025 14:15:00","BZN|FR","Without Sequence","7.43","",""
"30/09/2025 14:15:00 - 30/09/2025 14:30:00","BZN|FR","Without Sequence","7.43","",""
"30/09/2025 14:30:00 - 30/09/2025 14:45:00","BZN|FR","Without Sequence","7.43","",""
"30/09/2025 14:45:00 - 30/09/2025 15:00:00","BZN|FR","Without Sequence","7.43","",""
"30/09/2025 15:00:00 - 30/09/2025 15:15:00","BZN|FR","Without Sequence","22.89","",""
"30/09/2025 15:15:00 - 30/09/2025 15:30:00","BZN|FR","Without Sequence","22.89","",""
"30/09/2025 15:30:00 - 30/09/2025 15:45:00","BZN|FR","Without Sequence","22.89","",""
"30/09/2025 15:45:00 - 30/09/2025 16:00:00","BZN|FR","Without Sequence","22.89","",""
"30/09/2025 16:00:00 - 30/09/2025 16:15:00","BZN|FR","Without Sequence","25.26","",""
"30/09/2025 16:15:00 - 30/09/2025 16:30:00","BZN|FR","Without Sequence","25.26","",""
"30/09/2025 16:30:00 - 30/09/2025 16:45:00","BZN|FR","Without Sequence","25.26","",""
"30/09/2025 16:45:00 - 30/09/2025 17:00:00","BZN|FR","Without Sequence","25.26","",""
"30/09/2025 17:00:00 - 30/09/2025 17:15:00","BZN|FR","Without Sequence","36.01","",""
"30/09/2025 17:15:00 - 30/09/2025 17:30:00","BZN|FR","Without Sequence","36.01","",""
"30/09/2025 17:30:00 - 30/09/2025 17:45:00","BZN|FR","Without Sequence","36.01","",""
"30/09/2025 17:45:00 - 30/09/2025 18:00:00","BZN|FR","Without Sequence","36.01","",""
"30/09/2025 18:00:00 - 30/09/2025 18:15:00","BZN|FR","Without Sequence","82.99","",""
"30/09/2025 18:15:00 - 30/09/2025 18:30:00","BZN|FR","Without Sequence","82.99","",""
"30/09/2025 18:30:00 - 30/09/2025 18:45:00","BZN|FR","Without Sequence","82.99","",""
"30/09/2025 18:45:00 - 30/09/2025 19:00:00","BZN|FR","Without Sequence","82.99","",""
"30/09/2025 19:00:00 - 30/09/2025 19:15:00","BZN|FR","Without Sequence","117.00","",""
"30/09/2025 19:15:00 - 30/09/2025 19:30:00","BZN|FR","Without Sequence","117.00","",""
"30/09/2025 19:30:00 - 30/09/2025 19:45:00","BZN|FR","Without Sequence","117.00","",""
"30/09/2025 19:45:00 - 30/09/2025 20:00:00","BZN|FR","Without Sequence","117.00","",""
"30/09/2025 20:00:00 - 30/09/2025 20:15:00","BZN|FR","Without Sequence","106.18","",""
"30/09/2025 20:15:00 - 30/09/2025 20:30:00","BZN|FR","Without Sequence","106.18","",""
"30/09/2025 20:30:00 - 30/09/2025 20:45:00","BZN|FR","Without Sequence","106.18","",""
"30/09/2025 20:45:00 - 30/09/2025 21:00:00","BZN|FR","Without Sequence","106.18","",""
"30/09/2025 21:00:00 - 30/09/2025 21:15:00","BZN|FR","Without Sequence","83.23","",""
"30/09/2025 21:15:00 - 30/09/2025 21:30:00","BZN|FR","Without Sequence","83.23","",""
"30/09/2025 21:30:00 - 30/09/2025 21:45:00","BZN|FR","Without Sequence","83.23","",""
"30/09/2025 21:45:00 - 30/09/2025 22:00:00","BZN|FR","Without Sequence","83.23","",""
"30/09/2025 22:00:00 - 30/09/2025 22:15:00","BZN|FR","Without Sequence","73.00","",""
"30/09/2025 22:15:00 - 30/09/2025 22:30:00","BZN|FR","Without Sequence","73.00","",""
"30/09/2025 22:30:00 - 30/09/2025 22:45:00","BZN|FR","Without Sequence","73.00","",""
"30/09/2025 22:45:00 - 30/09/2025 23:00:00","BZN|FR","Without Sequence","73.00","",""
"30/09/2025 23:00:00 - 30/09/2025 23:15:00","BZN|FR","Without Sequence","75.73","",""
"30/09/2025 23:15:00 - 30/09/2025 23:30:00","BZN|FR","Without Sequence","75.73","",""
"30/09/2025 23:30:00 - 30/09/2025 23:45:00","BZN|FR","Without Sequence","75.73","",""
"30/09/2025 23:45:00 - 01/10/2025 00:00:00","BZN|FR","Without Sequence","75.73","",""
"01/10/2025 00:00:00 - 01/10/2025 00:15:00","BZN|FR","Sequence Sequence 2","102.08","",""
"01/10/2025 00:00:00 - 01/10/2025 00:15:00","BZN|FR","Without Sequence","102.08","",""
"01/10/2025 00:15:00 - 01/10/2025 00:30:00","BZN|FR","Sequence Sequence 2","91.65","",""
"01/10/2025 00:15:00 - 01/10/2025 00:30:00","BZN|FR","Without Sequence","91.65","",""
"01/10/2025 00:30:00 - 01/10/2025 00:45:00","BZN|FR","Sequence Sequence 2","63.14","",""
"01/10/2025 00:30:00 - 01/10/2025 00:45:00","BZN|FR","Without Sequence","63.14","",""
"01/10/2025 00:45:00 - 01/10/2025 01:00:00","BZN|FR","Sequence Sequence 2","61.25","",""
"01/10/2025 00:45:00 - 01/10/2025 01:00:00","BZN|FR","Without Sequence","61.25","",""
"01/10/2025 01:00:00 - 01/10/2025 01:15:00","BZN|FR","Sequence Sequence 2","86.91","",""
"01/10/2025 01:00:00 - 01/10/2025 01:15:00","BZN|FR","Without Sequence","86.91","",""
"01/10/2025 01:15:00 - 01/10/2025 01:30:00","BZN|FR","Sequence Sequence 2","78.45","",""
"01/10/2025 01:15:00 - 01/10/2025 01:30:00","BZN|FR","Without Sequence","78.45","",""
"01/10/2025 01:30:00 - 01/10/2025 01:45:00","BZN|FR","Sequence Sequence 2","75.02","",""
"01/10/2025 01:30:00 - 01/10/2025 01:45:00","BZN|FR","Without Sequence","75.02","",""
"01/10/2025 01:45:00 - 01/10/2025 02:00:00","BZN|FR","Sequence Sequence 2","67.70","",""
"01/10/2025 01:45:00 - 01/10/2025 02:00:00","BZN|FR","Without Sequence","67.70","",""
"01/10/2025 02:00:00 - 01/10/2025 02:15:00","BZN|FR","Sequence Sequence 2","61.57","",""
"01/10/2025 02:00:00 - 01/10/2025 02:15:00","BZN|FR","Without Sequence","61.57","",""
"01/10/2025 02:15:00 - 01/10/2025 02:30:00","BZN|FR","Sequence Sequence 2","61.51","",""
"01/10/2025 02:15:00 - 01/10/2025 02:30:00","BZN|FR","Without Sequence","61.51","",""
"01/10/2025 02:30:00 - 01/10/2025 02:45:00","BZN|FR","Sequence Sequence 2","36.82","",""
"01/10/2025 02:30:00 - 01/10/2025 02:45:00","BZN|FR","Without Sequence","36.82","",""
"01/10/2025 02:45:00 - 01/10/2025 03:00:00","BZN|FR","Sequence Sequence 2","30.39","",""
"01/10/2025 02:45:00 - 01/10/2025 03:00:00","BZN|FR","Without Sequence","30.39","",""
"01/10/2025 03:00:00 - 01/10/2025 03:15:00","BZN|FR","Sequence Sequence 2","33.40","",""
"01/10/2025 03:00:00 - 01/10/2025 03:15:00","BZN|FR","Without Sequence","33.40","",""
"01/10/2025 03:15:00 - 01/10/2025 03:30:00","BZN|FR","Sequence Sequence 2","33.05","",""
"01/10/2025 03:15:00 - 01/10/2025 03:30:00","BZN|FR","Without Sequence","33.05","",""
"01/10/2025 03:30:00 - 01/10/2025 03:45:00","BZN|FR","Sequence Sequence 2","31.58","",""
"01/10/2025 03:30:00 - 01/10/2025 03:45:00","BZN|FR","Without Sequence","31.58","",""
"01/10/2025 03:45:00 - 01/10/2025 04:00:00","BZN|FR","Sequence Sequence 2","19.85","",""
"01/10/2025 03:45:00 - 01/10/2025 04:00:00","BZN|FR","Without Sequence","19.85","",""
"01/10/2025 04:00:00 - 01/10/2025 04:15:00","BZN|FR","Sequence Sequence 2","43.45","",""
"01/10/2025 04:00:00 - 01/10/2025 04:15:00","BZN|FR","Without Sequence","43.45","",""
"01/10/2025 04:15:00 - 01/10/2025 04:30:00","BZN|FR","Sequence Sequence 2","61.90","",""
"01/10/2025 04:15:00 - 01/10/2025 04:30:00","BZN|FR","Without Sequence","61.90","",""
"01/10/2025 04:30:00 - 01/10/2025 04:45:00","BZN|FR","Sequence Sequence 2","69.41","",""
"01/10/2025 04:30:00 - 01/10/2025 04:45:00","BZN|FR","Without Sequence","69.41","",""
"01/10/2025 04:45:00 - 01/10/2025 05:00:00","BZN|FR","Sequence Sequence 2","1.35","",""
"01/10/2025 04:45:00 - 01/10/2025 05:00:00","BZN|FR","Without Sequence","1.35","",""
"01/10/2025 05:00:00 - 01/10/2025 05:15:00","BZN|FR","Sequence Sequence 2","22.25","",""
"01/10/2025 05:00:00 - 01/10/2025 05:15:00","BZN|FR","Without Sequence","22.25","",""
"01/10/2025 05:15:00 - 01/10/2025 05:30:00","BZN|FR","Sequence Sequence 2","24.53","",""
"01/10/2025 05:15:00 - 01/10/2025 05:30:00","BZN|FR","Without Sequence","24.53","",""
"01/10/2025 05:30:00 - 01/10/2025 05:45:00","BZN|FR","Sequence Sequence 2","36.08","",""
"01/10/2025 05:30:00 - 01/10/2025 05:45:00","BZN|FR","Without Sequence","36.08","",""
"01/10/2025 05:45:00 - 01/10/2025 06:00:00","BZN|FR","Sequence Sequence 2","32.35","",""
"01/10/2025 05:45:00 - 01/10/2025 06:00:00","BZN|FR","Without Sequence","32.35","",""
"01/10/2025 06:00:00 - 01/10/2025 06:15:00","BZN|FR","Sequence Sequence 2","37.82","",""
"01/10/2025 06:00:00 - 01/10/2025 06:15:00","BZN|FR","Without Sequence","37.82","",""
"01/10/2025 06:15:00 - 01/10/2025 06:30:00","BZN|FR","Sequence Sequence 2","61.32","",""
"01/10/2025 06:15:00 - 01/10/2025 06:30:00","BZN|FR","Without Sequence","61.32","",""
"01/10/2025 06:30:00 - 01/10/2025 06:45:00","BZN|FR","Sequence Sequence 2","68.11","",""
"01/10/2025 06:30:00 - 01/10/2025 06:45:00","BZN|FR","Without Sequence","68.11","",""
"01/10/2025 06:45:00 - 01/10/2025 07:00:00","BZN|FR","Sequence Sequence 2","78.41","",""
"01/10/2025 06:45:00 - 01/10/2025 07:00:00","BZN|FR","Without Sequence","78.41","",""
"01/10/2025 07:00:00 - 01/10/2025 07:15:00","BZN|FR","Sequence Sequence 2","86.30","",""
"01/10/2025 07:00:00 - 01/10/2025 07:15:00","BZN|FR","Without Sequence","86.30","",""
"01/10/2025 07:15:00 - 01/10/2025 07:30:00","BZN|FR","Sequence Sequence 2","101.84","",""
"01/10/2025 07:15:00 - 01/10/2025 07:30:00","BZN|FR","Without Sequence","101.84","",""
"01/10/2025 07:30:00 - 01/10/2025 07:45:00","BZN|FR","Sequence Sequence 2","107.70","",""
"01/10/2025 07:30:00 - 01/10/2025 07:45:00","BZN|FR","Without Sequence","107.70","",""
"01/10/2025 07:45:00 - 01/10/2025 08:00:00","BZN|FR","Sequence Sequence 2","114.73","",""
"01/10/2025 07:45:00 - 01/10/2025 08:00:00","BZN|FR","Without Sequence","114.73","",""
"01/10/2025 08:00:00 - 01/10/2025 08:15:00","BZN|FR","Sequence Sequence 2","140.78","",""
"01/10/2025 08:00:00 - 01/10/2025 08:15:00","BZN|FR","Without Sequence","140.78","",""
"01/10/2025 08:15:00 - 01/10/2025 08:30:00","BZN|FR","Sequence Sequence 2","130.56","",""
"01/10/2025 08:15:00 - 01/10/2025 08:30:00","BZN|FR","Without Sequence","130.56","",""
"01/10/2025 08:30:00 - 01/10/2025 08:45:00","BZN|FR","Sequence Sequence 2","115.17","",""
"01/10/2025 08:30:00 - 01/10/2025 08:45:00","BZN|FR","Without Sequence","115.17","",""
"01/10/2025 08:45:00 - 01/10/2025 09:00:00","BZN|FR","Sequence Sequence 2","95.25","",""
"01/10/2025 08:45:00 - 01/10/2025 09:00:00","BZN|FR","Without Sequence","95.25","",""
"01/10/2025 09:00:00 - 01/10/2025 09:15:00","BZN|FR","Sequence Sequence 2","125.50","",""
"01/10/2025 09:00:00 - 01/10/2025 09:15:00","BZN|FR","Without Sequence","125.50","",""
"01/10/2025 09:15:00 - 01/10/2025 09:30:00","BZN|FR","Sequence Sequence 2","105.01","",""
"01/10/2025 09:15:00 - 01/10/2025 09:30:00","BZN|FR","Without Sequence","105.01","",""
"01/10/2025 09:30:00 - 01/10/2025 09:45:00","BZN|FR","Sequence Sequence 2","92.24","",""
"01/10/2025 09:30:00 - 01/10/2025 09:45:00","BZN|FR","Without Sequence","92.24","",""
"01/10/2025 09:45:00 - 01/10/2025 10:00:00","BZN|FR","Sequence Sequence 2","60.00","",""
"01/10/2025 09:45:00 - 01/10/2025 10:00:00","BZN|FR","Without Sequence","60.00","",""
"01/10/2025 10:00:00 - 01/10/2025 10:15:00","BZN|FR","Sequence Sequence 2","100.24","",""
"01/10/2025 10:00:00 - 01/10/2025 10:15:00","BZN|FR","Without Sequence","100.24","",""
"01/10/2025 10:15:00 - 01/10/2025 10:30:00","BZN|FR","Sequence Sequence 2","65.00","",""
"01/10/2025 10:15:00 - 01/10/2025 10:30:00","BZN|FR","Without Sequence","65.00","",""
"01/10/2025 10:30:00 - 01/10/2025 10:45:00","BZN|FR","Sequence Sequence 2","58.81","",""
"01/10/2025 10:30:00 - 01/10/2025 10:45:00","BZN|FR","Without Sequence","58.81","",""
"01/10/2025 10:45:00 - 01/10/2025 11:00:00","BZN|FR","Sequence Sequence 2","45.00","",""
"01/10/2025 10:45:00 - 01/10/2025 11:00:00","BZN|FR","Without Sequence","45.00","",""
"01/10/2025 11:00:00 - 01/10/2025 11:15:00","BZN|FR","Sequence Sequence 2","59.07","",""
"01/10/2025 11:00:00 - 01/10/2025 11:15:00","BZN|FR","Without Sequence","59.07","",""
"01/10/2025 11:15:00 - 01/10/2025 11:30:00","BZN|FR","Sequence Sequence 2","44.20","",""
"01/10/2025 11:15:00 - 01/10/2025 11:30:00","BZN|FR","Without Sequence","44.20","",""
"01/10/2025 11:30:00 - 01/10/2025 11:45:00","BZN|FR","Sequence Sequence 2","35.87","",""
"01/10/2025 11:30:00 - 01/10/2025 11:45:00","BZN|FR","Without Sequence","35.87","",""
"01/10/2025 11:45:00 - 01/10/2025 12:00:00","BZN|FR","Sequence Sequence 2","24.97","",""
"01/10/2025 11:45:00 - 01/10/2025 12:00:00","BZN|FR","Without Sequence","24.97","",""
"01/10/2025 12:00:00 - 01/10/2025 12:15:00","BZN|FR","Sequence Sequence 2","26.76","",""
"01/10/2025 12:00:00 - 01/10/2025 12:15:00","BZN|FR","Without Sequence","26.76","",""
"01/10/2025 12:15:00 - 01/10/2025 12:30:00","BZN|FR","Sequence Sequence 2","22.50","",""
"01/10/2025 12:15:00 - 01/10/2025 12:30:00","BZN|FR","Without Sequence","22.50","",""
"01/10/2025 12:30:00 - 01/10/2025 12:45:00","BZN|FR","Sequence Sequence 2","23.92","",""
"01/10/2025 12:30:00 - 01/10/2025 12:45:00","BZN|FR","Without Sequence","23.92","",""
"01/10/2025 12:45:00 - 01/10/2025 13:00:00","BZN|FR","Sequence Sequence 2","22.50","",""
"01/10/2025 12:45:00 - 01/10/2025 13:00:00","BZN|FR","Without Sequence","22.50","",""
"01/10/2025 13:00:00 - 01/10/2025 13:15:00","BZN|FR","Sequence Sequence 2","16.99","",""
"01/10/2025 13:00:00 - 01/10/2025 13:15:00","BZN|FR","Without Sequence","16.99","",""
"01/10/2025 13:15:00 - 01/10/2025 13:30:00","BZN|FR","Sequence Sequence 2","16.68","",""
"01/10/2025 13:15:00 - 01/10/2025 13:30:00","BZN|FR","Without Sequence","16.68","",""
"01/10/2025 13:30:00 - 01/10/2025 13:45:00","BZN|FR","Sequence Sequence 2","15.98","",""
"01/10/2025 13:30:00 - 01/10/2025 13:45:00","BZN|FR","Without Sequence","15.98","",""
"01/10/2025 13:45:00 - 01/10/2025 14:00:00","BZN|FR","Sequence Sequence 2","15.45","",""
"01/10/2025 13:45:00 - 01/10/2025 14:00:00","BZN|FR","Without Sequence","15.45","",""
"01/10/2025 14:00:00 - 01/10/2025 14:15:00","BZN|FR","Sequence Sequence 2","6.67","",""
"01/10/2025 14:00:00 - 01/10/2025 14:15:00","BZN|FR","Without Sequence","6.67","",""
"01/10/2025 14:15:00 - 01/10/2025 14:30:00","BZN|FR","Sequence Sequence 2","15.31","",""
"01/10/2025 14:15:00 - 01/10/2025 14:30:00","BZN|FR","Without Sequence","15.31","",""
"01/10/2025 14:30:00 - 01/10/2025 14:45:00","BZN|FR","Sequence Sequence 2","16.35","",""
"01/10/2025 14:30:00 - 01/10/2025 14:45:00","BZN|FR","Without Sequence","16.35","",""
"01/10/2025 14:45:00 - 01/10/2025 15:00:00","BZN|FR","Sequence Sequence 2","17.76","",""
"01/10/2025 14:45:00 - 01/10/2025 15:00:00","BZN|FR","Without Sequence","17.76","",""
"01/10/2025 15:00:00 - 01/10/2025 15:15:00","BZN|FR","Sequence Sequence 2","16.68","",""
"01/10/2025 15:00:00 - 01/10/2025 15:15:00","BZN|FR","Without Sequence","16.68","",""
"01/10/2025 15:15:00 - 01/10/2025 15:30:00","BZN|FR","Sequence Sequence 2","18.94","",""
"01/10/2025 15:15:00 - 01/10/2025 15:30:00","BZN|FR","Without Sequence","18.94","",""
"01/10/2025 15:30:00 - 01/10/2025 15:45:00","BZN|FR","Sequence Sequence 2","16.79","",""
"01/10/2025 15:30:00 - 01/10/2025 15:45:00","BZN|FR","Without Sequence","16.79","",""
"01/10/2025 15:45:00 - 01/10/2025 16:00:00","BZN|FR","Sequence Sequence 2","24.57","",""
"01/10/2025 15:45:00 - 01/10/2025 16:00:00","BZN|FR","Without Sequence","24.57","",""
"01/10/2025 16:00:00 - 01/10/2025 16:15:00","BZN|FR","Sequence Sequence 2","19.00","",""
"01/10/2025 16:00:00 - 01/10/2025 16:15:00","BZN|FR","Without Sequence","19.00","",""
"01/10/2025 16:15:00 - 01/10/2025 16:30:00","BZN|FR","Sequence Sequence 2","26.56","",""
"01/10/2025 16:15:00 - 01/10/2025 16:30:00","BZN|FR","Without Sequence","26.56","",""
"01/10/2025 16:30:00 - 01/10/2025 16:45:00","BZN|FR","Sequence Sequence 2","43.78","",""
"01/10/2025 16:30:00 - 01/10/2025 16:45:00","BZN|FR","Without Sequence","43.78","",""
"01/10/2025 16:45:00 - 01/10/2025 17:00:00","BZN|FR","Sequence Sequence 2","58.55","",""
"01/10/2025 16:45:00 - 01/10/2025 17:00:00","BZN|FR","Without Sequence","58.55","",""
"01/10/2025 17:00:00 - 01/10/2025 17:15:00","BZN|FR","Sequence Sequence 2","25.10","",""
"01/10/2025 17:00:00 - 01/10/2025 17:15:00","BZN|FR","Without Sequence","25.10","",""
"01/10/2025 17:15:00 - 01/10/2025 17:30:00","BZN|FR","Sequence Sequence 2","50.00","",""
"01/10/2025 17:15:00 - 01/10/2025 17:30:00","BZN|FR","Without Sequence","50.00","",""
"01/10/2025 17:30:00 - 01/10/2025 17:45:00","BZN|FR","Sequence Sequence 2","60.00","",""
"01/10/2025 17:30:00 - 01/10/2025 17:45:00","BZN|FR","Without Sequence","60.00","",""
"01/10/2025 17:45:00 - 01/10/2025 18:00:00","BZN|FR","Sequence Sequence 2","77.67","",""
"01/10/2025 17:45:00 - 01/10/2025 18:00:00","BZN|FR","Without Sequence","77.67","",""
"01/10/2025 18:00:00 - 01/10/2025 18:15:00","BZN|FR","Sequence Sequence 2","59.07","",""
"01/10/2025 18:00:00 - 01/10/2025 18:15:00","BZN|FR","Without Sequence","59.07","",""
"01/10/2025 18:15:00 - 01/10/2025 18:30:00","BZN|FR","Sequence Sequence 2","75.01","",""
"01/10/2025 18:15:00 - 01/10/2025 18:30:00","BZN|FR","Without Sequence","75.01","",""
"01/10/2025 18:30:00 - 01/10/2025 18:45:00","BZN|FR","Sequence Sequence 2","101.52","",""
"01/10/2025 18:30:00 - 01/10/2025 18:45:00","BZN|FR","Without Sequence","101.52","",""
"01/10/2025 18:45:00 - 01/10/2025 19:00:00","BZN|FR","Sequence Sequence 2","110.69","",""
"01/10/2025 18:45:00 - 01/10/2025 19:00:00","BZN|FR","Without Sequence","110.69","",""
"01/10/2025 19:00:00 - 01/10/2025 19:15:00","BZN|FR","Sequence Sequence 2","105.68","",""
"01/10/2025 19:00:00 - 01/10/2025 19:15:00","BZN|FR","Without Sequence","105.68","",""
"01/10/2025 19:15:00 - 01/10/2025 19:30:00","BZN|FR","Sequence Sequence 2","112.21","",""
"01/10/2025 19:15:00 - 01/10/2025 19:30:00","BZN|FR","Without Sequence","112.21","",""
"01/10/2025 19:30:00 - 01/10/2025 19:45:00","BZN|FR","Sequence Sequence 2","148.01","",""
"01/10/2025 19:30:00 - 01/10/2025 19:45:00","BZN|FR","Without Sequence","148.01","",""
"01/10/2025 19:45:00 - 01/10/2025 20:00:00","BZN|FR","Sequence Sequence 2","134.33","",""
"01/10/2025 19:45:00 - 01/10/2025 20:00:00","BZN|FR","Without Sequence","134.33","",""
"01/10/2025 20:00:00 - 01/10/2025 20:15:00","BZN|FR","Sequence Sequence 2","148.01","",""
"01/10/2025 20:00:00 - 01/10/2025 20:15:00","BZN|FR","Without Sequence","148.01","",""
"01/10/2025 20:15:00 - 01/10/2025 20:30:00","BZN|FR","Sequence Sequence 2","130.06","",""
"01/10/2025 20:15:00 - 01/10/2025 20:30:00","BZN|FR","Without Sequence","130.06","",""
"01/10/2025 20:30:00 - 01/10/2025 20:45:00","BZN|FR","Sequence Sequence 2","102.19","",""
"01/10/2025 20:30:00 - 01/10/2025 20:45:00","BZN|FR","Without Sequence","102.19","",""
"01/10/2025 20:45:00 - 01/10/2025 21:00:00","BZN|FR","Sequence Sequence 2","86.79","",""
"01/10/2025 20:45:00 - 01/10/2025 21:00:00","BZN|FR","Without Sequence","86.79","",""
"01/10/2025 21:00:00 - 01/10/2025 21:15:00","BZN|FR","Sequence Sequence 2","102.47","",""
"01/10/2025 21:00:00 - 01/10/2025 21:15:00","BZN|FR","Without Sequence","102.47","",""
"01/10/2025 21:15:00 - 01/10/2025 21:30:00","BZN|FR","Sequence Sequence 2","89.70","",""
"01/10/2025 21:15:00 - 01/10/2025 21:30:00","BZN|FR","Without Sequence","89.70","",""
"01/10/2025 21:30:00 - 01/10/2025 21:45:00","BZN|FR","Sequence Sequence 2","72.01","",""
"01/10/2025 21:30:00 - 01/10/2025 21:45:00","BZN|FR","Without Sequence","72.01","",""
"01/10/2025 21:45:00 - 01/10/2025 22:00:00","BZN|FR","Sequence Sequence 2","45.47","",""
"01/10/2025 21:45:00 - 01/10/2025 22:00:00","BZN|FR","Without Sequence","45.47","",""
"01/10/2025 22:00:00 - 01/10/2025 22:15:00","BZN|FR","Sequence Sequence 2","92.23","",""
"01/10/2025 22:00:00 - 01/10/2025 22:15:00","BZN|FR","Without Sequence","92.23","",""
"01/10/2025 22:15:00 - 01/10/2025 22:30:00","BZN|FR","Sequence Sequence 2","80.26","",""
"01/10/2025 22:15:00 - 01/10/2025 22:30:00","BZN|FR","Without Sequence","80.26","",""
"01/10/2025 22:30:00 - 01/10/2025 22:45:00","BZN|FR","Sequence Sequence 2","95.17","",""
"01/10/2025 22:30:00 - 01/10/2025 22:45:00","BZN|FR","Without Sequence","95.17","",""
"01/10/2025 22:45:00 - 01/10/2025 23:00:00","BZN|FR","Sequence Sequence 2","86.71","",""
"01/10/2025 22:45:00 - 01/10/2025 23:00:00","BZN|FR","Without Sequence","86.71","",""
"01/10/2025 23:00:00 - 01/10/2025 23:15:00","BZN|FR","Sequence Sequence 2","86.87","",""
"01/10/2025 23:00:00 - 01/10/2025 23:15:00","BZN|FR","Without Sequence","86.87","",""
"01/10/2025 23:15:00 - 01/10/2025 23:30:00","BZN|FR","Sequence Sequence 2","70.81","",""
"01/10/2025 23:15:00 - 01/10/2025 23:30:00","BZN|FR","Without Sequence","70.81","",""
"01/10/2025 23:30:00 - 01/10/2025 23:45:00","BZN|FR","Sequence Sequence 2","87.45","",""
"01/10/2025 23:30:00 - 01/10/2025 23:45:00","BZN|FR","Without Sequence","87.45","",""
"01/10/2025 23:45:00 - 02/10/2025 00:00:00","BZN|FR","Sequence Sequence 2","65.01","",""
"01/10/2025 23:45:00 - 02/10/2025 00:00:00","BZN|FR","Without Sequence","65.01","",""
"02/10/2025 00:00:00 - 02/10/2025 00:15:00","BZN|FR","Sequence Sequence 2","96.94","",""
"02/10/2025 00:00:00 - 02/10/2025 00:15:00","BZN|FR","Without Sequence","96.94","",""
"02/10/2025 00:15:00 - 02/10/2025 00:30:00","BZN|FR","Sequence Sequence 2","74.48","",""
"02/10/2025 00:15:00 - 02/10/2025 00:30:00","BZN|FR","Without Sequence","74.48","",""
"02/10/2025 00:30:00 - 02/10/2025 00:45:00","BZN|FR","Sequence Sequence 2","62.59","",""
"02/10/2025 00:30:00 - 02/10/2025 00:45:00","BZN|FR","Without Sequence","62.59","",""
"02/10/2025 00:45:00 - 02/10/2025 01:00:00","BZN|FR","Sequence Sequence 2","43.01","",""
"02/10/2025 00:45:00 - 02/10/2025 01:00:00","BZN|FR","Without Sequence","43.01","",""
"02/10/2025 01:00:00 - 02/10/2025 01:15:00","BZN|FR","Sequence Sequence 2","73.51","",""
"02/10/2025 01:00:00 - 02/10/2025 01:15:00","BZN|FR","Without Sequence","73.51","",""
"02/10/2025 01:15:00 - 02/10/2025 01:30:00","BZN|FR","Sequence Sequence 2","60.45","",""
"02/10/2025 01:15:00 - 02/10/2025 01:30:00","BZN|FR","Without Sequence","60.45","",""
"02/10/2025 01:30:00 - 02/10/2025 01:45:00","BZN|FR","Sequence Sequence 2","64.18","",""
"02/10/2025 01:30:00 - 02/10/2025 01:45:00","BZN|FR","Without Sequence","64.18","",""
"02/10/2025 01:45:00 - 02/10/2025 02:00:00","BZN|FR","Sequence Sequence 2","72.19","",""
"02/10/2025 01:45:00 - 02/10/2025 02:00:00","BZN|FR","Without Sequence","72.19","",""
"02/10/2025 02:00:00 - 02/10/2025 02:15:00","BZN|FR","Sequence Sequence 2","79.84","",""
"02/10/2025 02:00:00 - 02/10/2025 02:15:00","BZN|FR","Without Sequence","79.84","",""
"02/10/2025 02:15:00 - 02/10/2025 02:30:00","BZN|FR","Sequence Sequence 2","56.01","",""
"02/10/2025 02:15:00 - 02/10/2025 02:30:00","BZN|FR","Without Sequence","56.01","",""
"02/10/2025 02:30:00 - 02/10/2025 02:45:00","BZN|FR","Sequence Sequence 2","47.12","",""
"02/10/2025 02:30:00 - 02/10/2025 02:45:00","BZN|FR","Without Sequence","47.12","",""
"02/10/2025 02:45:00 - 02/10/2025 03:00:00","BZN|FR","Sequence Sequence 2","28.74","",""
"02/10/2025 02:45:00 - 02/10/2025 03:00:00","BZN|FR","Without Sequence","28.74","",""
"02/10/2025 03:00:00 - 02/10/2025 03:15:00","BZN|FR","Sequence Sequence 2","39.49","",""
"02/10/2025 03:00:00 - 02/10/2025 03:15:00","BZN|FR","Without Sequence","39.49","",""
"02/10/2025 03:15:00 - 02/10/2025 03:30:00","BZN|FR","Sequence Sequence 2","28.77","",""
"02/10/2025 03:15:00 - 02/10/2025 03:30:00","BZN|FR","Without Sequence","28.77","",""
"02/10/2025 03:30:00 - 02/10/2025 03:45:00","BZN|FR","Sequence Sequence 2","28.77","",""
"02/10/2025 03:30:00 - 02/10/2025 03:45:00","BZN|FR","Without Sequence","28.77","",""
"02/10/2025 03:45:00 - 02/10/2025 04:00:00","BZN|FR","Sequence Sequence 2","14.74","",""
"02/10/2025 03:45:00 - 02/10/2025 04:00:00","BZN|FR","Without Sequence","14.74","",""
"02/10/2025 04:00:00 - 02/10/2025 04:15:00","BZN|FR","Sequence Sequence 2","31.36","",""
"02/10/2025 04:00:00 - 02/10/2025 04:15:00","BZN|FR","Without Sequence","31.36","",""
"02/10/2025 04:15:00 - 02/10/2025 04:30:00","BZN|FR","Sequence Sequence 2","31.02","",""
"02/10/2025 04:15:00 - 02/10/2025 04:30:00","BZN|FR","Without Sequence","31.02","",""
"02/10/2025 04:30:00 - 02/10/2025 04:45:00","BZN|FR","Sequence Sequence 2","46.12","",""
"02/10/2025 04:30:00 - 02/10/2025 04:45:00","BZN|FR","Without Sequence","46.12","",""
"02/10/2025 04:45:00 - 02/10/2025 05:00:00","BZN|FR","Sequence Sequence 2","49.25","",""
"02/10/2025 04:45:00 - 02/10/2025 05:00:00","BZN|FR","Without Sequence","49.25","",""
"02/10/2025 05:00:00 - 02/10/2025 05:15:00","BZN|FR","Sequence Sequence 2","46.99","",""
"02/10/2025 05:00:00 - 02/10/2025 05:15:00","BZN|FR","Without Sequence","46.99","",""
"02/10/2025 05:15:00 - 02/10/2025 05:30:00","BZN|FR","Sequence Sequence 2","62.59","",""
"02/10/2025 05:15:00 - 02/10/2025 05:30:00","BZN|FR","Without Sequence","62.59","",""
"02/10/2025 05:30:00 - 02/10/2025 05:45:00","BZN|FR","Sequence Sequence 2","71.99","",""
"02/10/2025 05:30:00 - 02/10/2025 05:45:00","BZN|FR","Without Sequence","71.99","",""
"02/10/2025 05:45:00 - 02/10/2025 06:00:00","BZN|FR","Sequence Sequence 2","84.98","",""
"02/10/2025 05:45:00 - 02/10/2025 06:00:00","BZN|FR","Without Sequence","84.98","",""
"02/10/2025 06:00:00 - 02/10/2025 06:15:00","BZN|FR","Sequence Sequence 2","51.57","",""
"02/10/2025 06:00:00 - 02/10/2025 06:15:00","BZN|FR","Without Sequence","51.57","",""
"02/10/2025 06:15:00 - 02/10/2025 06:30:00","BZN|FR","Sequence Sequence 2","78.01","",""
"02/10/2025 06:15:00 - 02/10/2025 06:30:00","BZN|FR","Without Sequence","78.01","",""
"02/10/2025 06:30:00 - 02/10/2025 06:45:00","BZN|FR","Sequence Sequence 2","66.93","",""
"02/10/2025 06:30:00 - 02/10/2025 06:45:00","BZN|FR","Without Sequence","66.93","",""
"02/10/2025 06:45:00 - 02/10/2025 07:00:00","BZN|FR","Sequence Sequence 2","90.65","",""
"02/10/2025 06:45:00 - 02/10/2025 07:00:00","BZN|FR","Without Sequence","90.65","",""
"02/10/2025 07:00:00 - 02/10/2025 07:15:00","BZN|FR","Sequence Sequence 2","71.54","",""
"02/10/2025 07:00:00 - 02/10/2025 07:15:00","BZN|FR","Without Sequence","71.54","",""
"02/10/2025 07:15:00 - 02/10/2025 07:30:00","BZN|FR","Sequence Sequence 2","107.75","",""
"02/10/2025 07:15:00 - 02/10/2025 07:30:00","BZN|FR","Without Sequence","107.75","",""
"02/10/2025 07:30:00 - 02/10/2025 07:45:00","BZN|FR","Sequence Sequence 2","109.63","",""
"02/10/2025 07:30:00 - 02/10/2025 07:45:00","BZN|FR","Without Sequence","109.63","",""
"02/10/2025 07:45:00 - 02/10/2025 08:00:00","BZN|FR","Sequence Sequence 2","121.08","",""
"02/10/2025 07:45:00 - 02/10/2025 08:00:00","BZN|FR","Without Sequence","121.08","",""
"02/10/2025 08:00:00 - 02/10/2025 08:15:00","BZN|FR","Sequence Sequence 2","153.01","",""
"02/10/2025 08:00:00 - 02/10/2025 08:15:00","BZN|FR","Without Sequence","153.01","",""
"02/10/2025 08:15:00 - 02/10/2025 08:30:00","BZN|FR","Sequence Sequence 2","140.11","",""
"02/10/2025 08:15:00 - 02/10/2025 08:30:00","BZN|FR","Without Sequence","140.11","",""
"02/10/2025 08:30:00 - 02/10/2025 08:45:00","BZN|FR","Sequence Sequence 2","115.10","",""
"02/10/2025 08:30:00 - 02/10/2025 08:45:00","BZN|FR","Without Sequence","115.10","",""
"02/10/2025 08:45:00 - 02/10/2025 09:00:00","BZN|FR","Sequence Sequence 2","83.66","",""
"02/10/2025 08:45:00 - 02/10/2025 09:00:00","BZN|FR","Without Sequence","83.66","",""
"02/10/2025 09:00:00 - 02/10/2025 09:15:00","BZN|FR","Sequence Sequence 2","119.87","",""
"02/10/2025 09:00:00 - 02/10/2025 09:15:00","BZN|FR","Without Sequence","119.87","",""
"02/10/2025 09:15:00 - 02/10/2025 09:30:00","BZN|FR","Sequence Sequence 2","103.36","",""
"02/10/2025 09:15:00 - 02/10/2025 09:30:00","BZN|FR","Without Sequence","103.36","",""
"02/10/2025 09:30:00 - 02/10/2025 09:45:00","BZN|FR","Sequence Sequence 2","92.29","",""
"02/10/2025 09:30:00 - 02/10/2025 09:45:00","BZN|FR","Without Sequence","92.29","",""
"02/10/2025 09:45:00 - 02/10/2025 10:00:00","BZN|FR","Sequence Sequence 2","58.94","",""
"02/10/2025 09:45:00 - 02/10/2025 10:00:00","BZN|FR","Without Sequence","58.94","",""
"02/10/2025 10:00:00 - 02/10/2025 10:15:00","BZN|FR","Sequence Sequence 2","84.50","",""
"02/10/2025 10:00:00 - 02/10/2025 10:15:00","BZN|FR","Without Sequence","84.50","",""
"02/10/2025 10:15:00 - 02/10/2025 10:30:00","BZN|FR","Sequence Sequence 2","58.50","",""
"02/10/2025 10:15:00 - 02/10/2025 10:30:00","BZN|FR","Without Sequence","58.50","",""
"02/10/2025 10:30:00 - 02/10/2025 10:45:00","BZN|FR","Sequence Sequence 2","55.56","",""
"02/10/2025 10:30:00 - 02/10/2025 10:45:00","BZN|FR","Without Sequence","55.56","",""
"02/10/2025 10:45:00 - 02/10/2025 11:00:00","BZN|FR","Sequence Sequence 2","36.20","",""
"02/10/2025 10:45:00 - 02/10/2025 11:00:00","BZN|FR","Without Sequence","36.20","",""
"02/10/2025 11:00:00 - 02/10/2025 11:15:00","BZN|FR","Sequence Sequence 2","44.10","",""
"02/10/2025 11:00:00 - 02/10/2025 11:15:00","BZN|FR","Without Sequence","44.10","",""
"02/10/2025 11:15:00 - 02/10/2025 11:30:00","BZN|FR","Sequence Sequence 2","37.22","",""
"02/10/2025 11:15:00 - 02/10/2025 11:30:00","BZN|FR","Without Sequence","37.22","",""
"02/10/2025 11:30:00 - 02/10/2025 11:45:00","BZN|FR","Sequence Sequence 2","33.32","",""
"02/10/2025 11:30:00 - 02/10/2025 11:45:00","BZN|FR","Without Sequence","33.32","",""
"02/10/2025 11:45:00 - 02/10/2025 12:00:00","BZN|FR","Sequence Sequence 2","22.50","",""
"02/10/2025 11:45:00 - 02/10/2025 12:00:00","BZN|FR","Without Sequence","22.50","",""
"02/10/2025 12:00:00 - 02/10/2025 12:15:00","BZN|FR","Sequence Sequence 2","28.05","",""
"02/10/2025 12:00:00 - 02/10/2025 12:15:00","BZN|FR","Without Sequence","28.05","",""
"02/10/2025 12:15:00 - 02/10/2025 12:30:00","BZN|FR","Sequence Sequence 2","20.70","",""
"02/10/2025 12:15:00 - 02/10/2025 12:30:00","BZN|FR","Without Sequence","20.70","",""
"02/10/2025 12:30:00 - 02/10/2025 12:45:00","BZN|FR","Sequence Sequence 2","22.50","",""
"02/10/2025 12:30:00 - 02/10/2025 12:45:00","BZN|FR","Without Sequence","22.50","",""
"02/10/2025 12:45:00 - 02/10/2025 13:00:00","BZN|FR","Sequence Sequence 2","17.15","",""
"02/10/2025 12:45:00 - 02/10/2025 13:00:00","BZN|FR","Without Sequence","17.15","",""
"02/10/2025 13:00:00 - 02/10/2025 13:15:00","BZN|FR","Sequence Sequence 2","20.16","",""
"02/10/2025 13:00:00 - 02/10/2025 13:15:00","BZN|FR","Without Sequence","20.16","",""
"02/10/2025 13:15:00 - 02/10/2025 13:30:00","BZN|FR","Sequence Sequence 2","19.00","",""
"02/10/2025 13:15:00 - 02/10/2025 13:30:00","BZN|FR","Without Sequence","19.00","",""
"02/10/2025 13:30:00 - 02/10/2025 13:45:00","BZN|FR","Sequence Sequence 2","16.46","",""
"02/10/2025 13:30:00 - 02/10/2025 13:45:00","BZN|FR","Without Sequence","16.46","",""
"02/10/2025 13:45:00 - 02/10/2025 14:00:00","BZN|FR","Sequence Sequence 2","15.06","",""
"02/10/2025 13:45:00 - 02/10/2025 14:00:00","BZN|FR","Without Sequence","15.06","",""
"02/10/2025 14:00:00 - 02/10/2025 14:15:00","BZN|FR","Sequence Sequence 2","15.59","",""
"02/10/2025 14:00:00 - 02/10/2025 14:15:00","BZN|FR","Without Sequence","15.59","",""
"02/10/2025 14:15:00 - 02/10/2025 14:30:00","BZN|FR","Sequence Sequence 2","16.46","",""
"02/10/2025 14:15:00 - 02/10/2025 14:30:00","BZN|FR","Without Sequence","16.46","",""
"02/10/2025 14:30:00 - 02/10/2025 14:45:00","BZN|FR","Sequence Sequence 2","16.79","",""
"02/10/2025 14:30:00 - 02/10/2025 14:45:00","BZN|FR","Without Sequence","16.79","",""
"02/10/2025 14:45:00 - 02/10/2025 15:00:00","BZN|FR","Sequence Sequence 2","16.79","",""
"02/10/2025 14:45:00 - 02/10/2025 15:00:00","BZN|FR","Without Sequence","16.79","",""
"02/10/2025 15:00:00 - 02/10/2025 15:15:00","BZN|FR","Sequence Sequence 2","15.00","",""
"02/10/2025 15:00:00 - 02/10/2025 15:15:00","BZN|FR","Without Sequence","15.00","",""
"02/10/2025 15:15:00 - 02/10/2025 15:30:00","BZN|FR","Sequence Sequence 2","16.46","",""
"02/10/2025 15:15:00 - 02/10/2025 15:30:00","BZN|FR","Without Sequence","16.46","",""
"02/10/2025 15:30:00 - 02/10/2025 15:45:00","BZN|FR","Sequence Sequence 2","16.00","",""
"02/10/2025 15:30:00 - 02/10/2025 15:45:00","BZN|FR","Without Sequence","16.00","",""
"02/10/2025 15:45:00 - 02/10/2025 16:00:00","BZN|FR","Sequence Sequence 2","18.91","",""
"02/10/2025 15:45:00 - 02/10/2025 16:00:00","BZN|FR","Without Sequence","18.91","",""
"02/10/2025 16:00:00 - 02/10/2025 16:15:00","BZN|FR","Sequence Sequence 2","20.70","",""
"02/10/2025 16:00:00 - 02/10/2025 16:15:00","BZN|FR","Without Sequence","20.70","",""
"02/10/2025 16:15:00 - 02/10/2025 16:30:00","BZN|FR","Sequence Sequence 2","29.90","",""
"02/10/2025 16:15:00 - 02/10/2025 16:30:00","BZN|FR","Without Sequence","29.90","",""
"02/10/2025 16:30:00 - 02/10/2025 16:45:00","BZN|FR","Sequence Sequence 2","30.09","",""
"02/10/2025 16:30:00 - 02/10/2025 16:45:00","BZN|FR","Without Sequence","30.09","",""
"02/10/2025 16:45:00 - 02/10/2025 17:00:00","BZN|FR","Sequence Sequence 2","46.89","",""
"02/10/2025 16:45:00 - 02/10/2025 17:00:00","BZN|FR","Without Sequence","46.89","",""
"02/10/2025 17:00:00 - 02/10/2025 17:15:00","BZN|FR","Sequence Sequence 2","25.10","",""
"02/10/2025 17:00:00 - 02/10/2025 17:15:00","BZN|FR","Without Sequence","25.10","",""
"02/10/2025 17:15:00 - 02/10/2025 17:30:00","BZN|FR","Sequence Sequence 2","40.59","",""
"02/10/2025 17:15:00 - 02/10/2025 17:30:00","BZN|FR","Without Sequence","40.59","",""
"02/10/2025 17:30:00 - 02/10/2025 17:45:00","BZN|FR","Sequence Sequence 2","55.52","",""
"02/10/2025 17:30:00 - 02/10/2025 17:45:00","BZN|FR","Without Sequence","55.52","",""
"02/10/2025 17:45:00 - 02/10/2025 18:00:00","BZN|FR","Sequence Sequence 2","61.33","",""
"02/10/2025 17:45:00 - 02/10/2025 18:00:00","BZN|FR","Without Sequence","61.33","",""
"02/10/2025 18:00:00 - 02/10/2025 18:15:00","BZN|FR","Sequence Sequence 2","47.16","",""
"02/10/2025 18:00:00 - 02/10/2025 18:15:00","BZN|FR","Without Sequence","47.16","",""
"02/10/2025 18:15:00 - 02/10/2025 18:30:00","BZN|FR","Sequence Sequence 2","67.40","",""
"02/10/2025 18:15:00 - 02/10/2025 18:30:00","BZN|FR","Without Sequence","67.40","",""
"02/10/2025 18:30:00 - 02/10/2025 18:45:00","BZN|FR","Sequence Sequence 2","101.68","",""
"02/10/2025 18:30:00 - 02/10/2025 18:45:00","BZN|FR","Without Sequence","101.68","",""
"02/10/2025 18:45:00 - 02/10/2025 19:00:00","BZN|FR","Sequence Sequence 2","104.48","",""
"02/10/2025 18:45:00 - 02/10/2025 19:00:00","BZN|FR","Without Sequence","104.48","",""
"02/10/2025 19:00:00 - 02/10/2025 19:15:00","BZN|FR","Sequence Sequence 2","90.00","",""
"02/10/2025 19:00:00 - 02/10/2025 19:15:00","BZN|FR","Without Sequence","90.00","",""
"02/10/2025 19:15:00 - 02/10/2025 19:30:00","BZN|FR","Sequence Sequence 2","103.36","",""
"02/10/2025 19:15:00 - 02/10/2025 19:30:00","BZN|FR","Without Sequence","103.36","",""
"02/10/2025 19:30:00 - 02/10/2025 19:45:00","BZN|FR","Sequence Sequence 2","110.41","",""
"02/10/2025 19:30:00 - 02/10/2025 19:45:00","BZN|FR","Without Sequence","110.41","",""
"02/10/2025 19:45:00 - 02/10/2025 20:00:00","BZN|FR","Sequence Sequence 2","123.90","",""
"02/10/2025 19:45:00 - 02/10/2025 20:00:00","BZN|FR","Without Sequence","123.90","",""
"02/10/2025 20:00:00 - 02/10/2025 20:15:00","BZN|FR","Sequence Sequence 2","130.71","",""
"02/10/2025 20:00:00 - 02/10/2025 20:15:00","BZN|FR","Without Sequence","130.71","",""
"02/10/2025 20:15:00 - 02/10/2025 20:30:00","BZN|FR","Sequence Sequence 2","95.98","",""
"02/10/2025 20:15:00 - 02/10/2025 20:30:00","BZN|FR","Without Sequence","95.98","",""
"02/10/2025 20:30:00 - 02/10/2025 20:45:00","BZN|FR","Sequence Sequence 2","81.69","",""
"02/10/2025 20:30:00 - 02/10/2025 20:45:00","BZN|FR","Without Sequence","81.69","",""
"02/10/2025 20:45:00 - 02/10/2025 21:00:00","BZN|FR","Sequence Sequence 2","41.86","",""
"02/10/2025 20:45:00 - 02/10/2025 21:00:00","BZN|FR","Without Sequence","41.86","",""
"02/10/2025 21:00:00 - 02/10/2025 21:15:00","BZN|FR","Sequence Sequence 2","99.82","",""
"02/10/2025 21:00:00 - 02/10/2025 21:15:00","BZN|FR","Without Sequence","99.82","",""
"02/10/2025 21:15:00 - 02/10/2025 21:30:00","BZN|FR","Sequence Sequence 2","70.95","",""
"02/10/2025 21:15:00 - 02/10/2025 21:30:00","BZN|FR","Without Sequence","70.95","",""
"02/10/2025 21:30:00 - 02/10/2025 21:45:00","BZN|FR","Sequence Sequence 2","57.95","",""
"02/10/2025 21:30:00 - 02/10/2025 21:45:00","BZN|FR","Without Sequence","57.95","",""
"02/10/2025 21:45:00 - 02/10/2025 22:00:00","BZN|FR","Sequence Sequence 2","15.24","",""
"02/10/2025 21:45:00 - 02/10/2025 22:00:00","BZN|FR","Without Sequence","15.24","",""
"02/10/2025 22:00:00 - 02/10/2025 22:15:00","BZN|FR","Sequence Sequence 2","57.16","",""
"02/10/2025 22:00:00 - 02/10/2025 22:15:00","BZN|FR","Without Sequence","57.16","",""
"02/10/2025 22:15:00 - 02/10/2025 22:30:00","BZN|FR","Sequence Sequence 2","30.33","",""
"02/10/2025 22:15:00 - 02/10/2025 22:30:00","BZN|FR","Without Sequence","30.33","",""
"02/10/2025 22:30:00 - 02/10/2025 22:45:00","BZN|FR","Sequence Sequence 2","68.03","",""
"02/10/2025 22:30:00 - 02/10/2025 22:45:00","BZN|FR","Without Sequence","68.03","",""
"02/10/2025 22:45:00 - 02/10/2025 23:00:00","BZN|FR","Sequence Sequence 2","39.82","",""
"02/10/2025 22:45:00 - 02/10/2025 23:00:00","BZN|FR","Without Sequence","39.82","",""
"02/10/2025 23:00:00 - 02/10/2025 23:15:00","BZN|FR","Sequence Sequence 2","39.31","",""
"02/10/2025 23:00:00 - 02/10/2025 23:15:00","BZN|FR","Without Sequence","39.31","",""
"02/10/2025 23:15:00 - 02/10/2025 23:30:00","BZN|FR","Sequence Sequence 2","29.52","",""
"02/10/2025 23:15:00 - 02/10/2025 23:30:00","BZN|FR","Without Sequence","29.52","",""
"02/10/2025 23:30:00 - 02/10/2025 23:45:00","BZN|FR","Sequence Sequence 2","48.35","",""
"02/10/2025 23:30:00 - 02/10/2025 23:45:00","BZN|FR","Without Sequence","48.35","",""
"02/10/2025 23:45:00 - 03/10/2025 00:00:00","BZN|FR","Sequence Sequence 2","38.58","",""
"02/10/2025 23:45:00 - 03/10/2025 00:00:00","BZN|FR","Without Sequence","38.58","",""
"03/10/2025 00:00:00 - 03/10/2025 00:15:00","BZN|FR","Sequence Sequence 2","58.41","",""
"03/10/2025 00:00:00 - 03/10/2025 00:15:00","BZN|FR","Without Sequence","58.41","",""
"03/10/2025 00:15:00 - 03/10/2025 00:30:00","BZN|FR","Sequence Sequence 2","38.55","",""
"03/10/2025 00:15:00 - 03/10/2025 00:30:00","BZN|FR","Without Sequence","38.55","",""
"03/10/2025 00:30:00 - 03/10/2025 00:45:00","BZN|FR","Sequence Sequence 2","22.32","",""
"03/10/2025 00:30:00 - 03/10/2025 00:45:00","BZN|FR","Without Sequence","22.32","",""
"03/10/2025 00:45:00 - 03/10/2025 01:00:00","BZN|FR","Sequence Sequence 2","11.33","",""
"03/10/2025 00:45:00 - 03/10/2025 01:00:00","BZN|FR","Without Sequence","11.33","",""
"03/10/2025 01:00:00 - 03/10/2025 01:15:00","BZN|FR","Sequence Sequence 2","47.56","",""
"03/10/2025 01:00:00 - 03/10/2025 01:15:00","BZN|FR","Without Sequence","47.56","",""
"03/10/2025 01:15:00 - 03/10/2025 01:30:00","BZN|FR","Sequence Sequence 2","35.17","",""
"03/10/2025 01:15:00 - 03/10/2025 01:30:00","BZN|FR","Without Sequence","35.17","",""
"03/10/2025 01:30:00 - 03/10/2025 01:45:00","BZN|FR","Sequence Sequence 2","28.98","",""
"03/10/2025 01:30:00 - 03/10/2025 01:45:00","BZN|FR","Without Sequence","28.98","",""
"03/10/2025 01:45:00 - 03/10/2025 02:00:00","BZN|FR","Sequence Sequence 2","23.53","",""
"03/10/2025 01:45:00 - 03/10/2025 02:00:00","BZN|FR","Without Sequence","23.53","",""
"03/10/2025 02:00:00 - 03/10/2025 02:15:00","BZN|FR","Sequence Sequence 2","30.60","",""
"03/10/2025 02:00:00 - 03/10/2025 02:15:00","BZN|FR","Without Sequence","30.60","",""
"03/10/2025 02:15:00 - 03/10/2025 02:30:00","BZN|FR","Sequence Sequence 2","50.04","",""
"03/10/2025 02:15:00 - 03/10/2025 02:30:00","BZN|FR","Without Sequence","50.04","",""
"03/10/2025 02:30:00 - 03/10/2025 02:45:00","BZN|FR","Sequence Sequence 2","22.52","",""
"03/10/2025 02:30:00 - 03/10/2025 02:45:00","BZN|FR","Without Sequence","22.52","",""
"03/10/2025 02:45:00 - 03/10/2025 03:00:00","BZN|FR","Sequence Sequence 2","22.11","",""
"03/10/2025 02:45:00 - 03/10/2025 03:00:00","BZN|FR","Without Sequence","22.11","",""
"03/10/2025 03:00:00 - 03/10/2025 03:15:00","BZN|FR","Sequence Sequence 2","26.78","",""
"03/10/2025 03:00:00 - 03/10/2025 03:15:00","BZN|FR","Without Sequence","26.78","",""
"03/10/2025 03:15:00 - 03/10/2025 03:30:00","BZN|FR","Sequence Sequence 2","25.58","",""
"03/10/2025 03:15:00 - 03/10/2025 03:30:00","BZN|FR","Without Sequence","25.58","",""
"03/10/2025 03:30:00 - 03/10/2025 03:45:00","BZN|FR","Sequence Sequence 2","17.45","",""
"03/10/2025 03:30:00 - 03/10/2025 03:45:00","BZN|FR","Without Sequence","17.45","",""
"03/10/2025 03:45:00 - 03/10/2025 04:00:00","BZN|FR","Sequence Sequence 2","21.81","",""
"03/10/2025 03:45:00 - 03/10/2025 04:00:00","BZN|FR","Without Sequence","21.81","",""
"03/10/2025 04:00:00 - 03/10/2025 04:15:00","BZN|FR","Sequence Sequence 2","17.69","",""
"03/10/2025 04:00:00 - 03/10/2025 04:15:00","BZN|FR","Without Sequence","17.69","",""
"03/10/2025 04:15:00 - 03/10/2025 04:30:00","BZN|FR","Sequence Sequence 2","20.71","",""
"03/10/2025 04:15:00 - 03/10/2025 04:30:00","BZN|FR","Without Sequence","20.71","",""
"03/10/2025 04:30:00 - 03/10/2025 04:45:00","BZN|FR","Sequence Sequence 2","17.79","",""
"03/10/2025 04:30:00 - 03/10/2025 04:45:00","BZN|FR","Without Sequence","17.79","",""
"03/10/2025 04:45:00 - 03/10/2025 05:00:00","BZN|FR","Sequence Sequence 2","19.86","",""
"03/10/2025 04:45:00 - 03/10/2025 05:00:00","BZN|FR","Without Sequence","19.86","",""
"03/10/2025 05:00:00 - 03/10/2025 05:15:00","BZN|FR","Sequence Sequence 2","17.73","",""
"03/10/2025 05:00:00 - 03/10/2025 05:15:00","BZN|FR","Without Sequence","17.73","",""
"03/10/2025 05:15:00 - 03/10/2025 05:30:00","BZN|FR","Sequence Sequence 2","31.45","",""
"03/10/2025 05:15:00 - 03/10/2025 05:30:00","BZN|FR","Without Sequence","31.45","",""
"03/10/2025 05:30:00 - 03/10/2025 05:45:00","BZN|FR","Sequence Sequence 2","45.45","",""
"03/10/2025 05:30:00 - 03/10/2025 05:45:00","BZN|FR","Without Sequence","45.45","",""
"03/10/2025 05:45:00 - 03/10/2025 06:00:00","BZN|FR","Sequence Sequence 2","25.09","",""
"03/10/2025 05:45:00 - 03/10/2025 06:00:00","BZN|FR","Without Sequence","25.09","",""
"03/10/2025 06:00:00 - 03/10/2025 06:15:00","BZN|FR","Sequence Sequence 2","23.05","",""
"03/10/2025 06:00:00 - 03/10/2025 06:15:00","BZN|FR","Without Sequence","23.05","",""
"03/10/2025 06:15:00 - 03/10/2025 06:30:00","BZN|FR","Sequence Sequence 2","34.46","",""
"03/10/2025 06:15:00 - 03/10/2025 06:30:00","BZN|FR","Without Sequence","34.46","",""
"03/10/2025 06:30:00 - 03/10/2025 06:45:00","BZN|FR","Sequence Sequence 2","65.62","",""
"03/10/2025 06:30:00 - 03/10/2025 06:45:00","BZN|FR","Without Sequence","65.62","",""
"03/10/2025 06:45:00 - 03/10/2025 07:00:00","BZN|FR","Sequence Sequence 2","77.04","",""
"03/10/2025 06:45:00 - 03/10/2025 07:00:00","BZN|FR","Without Sequence","77.04","",""
"03/10/2025 07:00:00 - 03/10/2025 07:15:00","BZN|FR","Sequence Sequence 2","68.93","",""
"03/10/2025 07:00:00 - 03/10/2025 07:15:00","BZN|FR","Without Sequence","68.93","",""
"03/10/2025 07:15:00 - 03/10/2025 07:30:00","BZN|FR","Sequence Sequence 2","85.73","",""
"03/10/2025 07:15:00 - 03/10/2025 07:30:00","BZN|FR","Without Sequence","85.73","",""
"03/10/2025 07:30:00 - 03/10/2025 07:45:00","BZN|FR","Sequence Sequence 2","94.33","",""
"03/10/2025 07:30:00 - 03/10/2025 07:45:00","BZN|FR","Without Sequence","94.33","",""
"03/10/2025 07:45:00 - 03/10/2025 08:00:00","BZN|FR","Sequence Sequence 2","94.60","",""
"03/10/2025 07:45:00 - 03/10/2025 08:00:00","BZN|FR","Without Sequence","94.60","",""
"03/10/2025 08:00:00 - 03/10/2025 08:15:00","BZN|FR","Sequence Sequence 2","122.98","",""
"03/10/2025 08:00:00 - 03/10/2025 08:15:00","BZN|FR","Without Sequence","122.98","",""
"03/10/2025 08:15:00 - 03/10/2025 08:30:00","BZN|FR","Sequence Sequence 2","112.68","",""
"03/10/2025 08:15:00 - 03/10/2025 08:30:00","BZN|FR","Without Sequence","112.68","",""
"03/10/2025 08:30:00 - 03/10/2025 08:45:00","BZN|FR","Sequence Sequence 2","102.97","",""
"03/10/2025 08:30:00 - 03/10/2025 08:45:00","BZN|FR","Without Sequence","102.97","",""
"03/10/2025 08:45:00 - 03/10/2025 09:00:00","BZN|FR","Sequence Sequence 2","74.48","",""
"03/10/2025 08:45:00 - 03/10/2025 09:00:00","BZN|FR","Without Sequence","74.48","",""
"03/10/2025 09:00:00 - 03/10/2025 09:15:00","BZN|FR","Sequence Sequence 2","115.46","",""
"03/10/2025 09:00:00 - 03/10/2025 09:15:00","BZN|FR","Without Sequence","115.46","",""
"03/10/2025 09:15:00 - 03/10/2025 09:30:00","BZN|FR","Sequence Sequence 2","96.22","",""
"03/10/2025 09:15:00 - 03/10/2025 09:30:00","BZN|FR","Without Sequence","96.22","",""
"03/10/2025 09:30:00 - 03/10/2025 09:45:00","BZN|FR","Sequence Sequence 2","82.24","",""
"03/10/2025 09:30:00 - 03/10/2025 09:45:00","BZN|FR","Without Sequence","82.24","",""
"03/10/2025 09:45:00 - 03/10/2025 10:00:00","BZN|FR","Sequence Sequence 2","54.07","",""
"03/10/2025 09:45:00 - 03/10/2025 10:00:00","BZN|FR","Without Sequence","54.07","",""
"03/10/2025 10:00:00 - 03/10/2025 10:15:00","BZN|FR","Sequence Sequence 2","97.43","",""
"03/10/2025 10:00:00 - 03/10/2025 10:15:00","BZN|FR","Without Sequence","97.43","",""
"03/10/2025 10:15:00 - 03/10/2025 10:30:00","BZN|FR","Sequence Sequence 2","69.07","",""
"03/10/2025 10:15:00 - 03/10/2025 10:30:00","BZN|FR","Without Sequence","69.07","",""
"03/10/2025 10:30:00 - 03/10/2025 10:45:00","BZN|FR","Sequence Sequence 2","60.16","",""
"03/10/2025 10:30:00 - 03/10/2025 10:45:00","BZN|FR","Without Sequence","60.16","",""
"03/10/2025 10:45:00 - 03/10/2025 11:00:00","BZN|FR","Sequence Sequence 2","48.00","",""
"03/10/2025 10:45:00 - 03/10/2025 11:00:00","BZN|FR","Without Sequence","48.00","",""
"03/10/2025 11:00:00 - 03/10/2025 11:15:00","BZN|FR","Sequence Sequence 2","58.94","",""
"03/10/2025 11:00:00 - 03/10/2025 11:15:00","BZN|FR","Without Sequence","58.94","",""
"03/10/2025 11:15:00 - 03/10/2025 11:30:00","BZN|FR","Sequence Sequence 2","45.96","",""
"03/10/2025 11:15:00 - 03/10/2025 11:30:00","BZN|FR","Without Sequence","45.96","",""
"03/10/2025 11:30:00 - 03/10/2025 11:45:00","BZN|FR","Sequence Sequence 2","50.00","",""
"03/10/2025 11:30:00 - 03/10/2025 11:45:00","BZN|FR","Without Sequence","50.00","",""
"03/10/2025 11:45:00 - 03/10/2025 12:00:00","BZN|FR","Sequence Sequence 2","43.88","",""
"03/10/2025 11:45:00 - 03/10/2025 12:00:00","BZN|FR","Without Sequence","43.88","",""
"03/10/2025 12:00:00 - 03/10/2025 12:15:00","BZN|FR","Sequence Sequence 2","47.97","",""
"03/10/2025 12:00:00 - 03/10/2025 12:15:00","BZN|FR","Without Sequence","47.97","",""
"03/10/2025 12:15:00 - 03/10/2025 12:30:00","BZN|FR","Sequence Sequence 2","44.20","",""
"03/10/2025 12:15:00 - 03/10/2025 12:30:00","BZN|FR","Without Sequence","44.20","",""
"03/10/2025 12:30:00 - 03/10/2025 12:45:00","BZN|FR","Sequence Sequence 2","40.00","",""
"03/10/2025 12:30:00 - 03/10/2025 12:45:00","BZN|FR","Without Sequence","40.00","",""
"03/10/2025 12:45:00 - 03/10/2025 13:00:00","BZN|FR","Sequence Sequence 2","35.00","",""
"03/10/2025 12:45:00 - 03/10/2025 13:00:00","BZN|FR","Without Sequence","35.00","",""
"03/10/2025 13:00:00 - 03/10/2025 13:15:00","BZN|FR","Sequence Sequence 2","45.76","",""
"03/10/2025 13:00:00 - 03/10/2025 13:15:00","BZN|FR","Without Sequence","45.76","",""
"03/10/2025 13:15:00 - 03/10/2025 13:30:00","BZN|FR","Sequence Sequence 2","42.00","",""
"03/10/2025 13:15:00 - 03/10/2025 13:30:00","BZN|FR","Without Sequence","42.00","",""
"03/10/2025 13:30:00 - 03/10/2025 13:45:00","BZN|FR","Sequence Sequence 2","36.20","",""
"03/10/2025 13:30:00 - 03/10/2025 13:45:00","BZN|FR","Without Sequence","36.20","",""
"03/10/2025 13:45:00 - 03/10/2025 14:00:00","BZN|FR","Sequence Sequence 2","32.55","",""
"03/10/2025 13:45:00 - 03/10/2025 14:00:00","BZN|FR","Without Sequence","32.55","",""
"03/10/2025 14:00:00 - 03/10/2025 14:15:00","BZN|FR","Sequence Sequence 2","38.08","",""
"03/10/2025 14:00:00 - 03/10/2025 14:15:00","BZN|FR","Without Sequence","38.08","",""
"03/10/2025 14:15:00 - 03/10/2025 14:30:00","BZN|FR","Sequence Sequence 2","37.44","",""
"03/10/2025 14:15:00 - 03/10/2025 14:30:00","BZN|FR","Without Sequence","37.44","",""
"03/10/2025 14:30:00 - 03/10/2025 14:45:00","BZN|FR","Sequence Sequence 2","40.00","",""
"03/10/2025 14:30:00 - 03/10/2025 14:45:00","BZN|FR","Without Sequence","40.00","",""
"03/10/2025 14:45:00 - 03/10/2025 15:00:00","BZN|FR","Sequence Sequence 2","40.95","",""
"03/10/2025 14:45:00 - 03/10/2025 15:00:00","BZN|FR","Without Sequence","40.95","",""
"03/10/2025 15:00:00 - 03/10/2025 15:15:00","BZN|FR","Sequence Sequence 2","32.91","",""
"03/10/2025 15:00:00 - 03/10/2025 15:15:00","BZN|FR","Without Sequence","32.91","",""
"03/10/2025 15:15:00 - 03/10/2025 15:30:00","BZN|FR","Sequence Sequence 2","40.00","",""
"03/10/2025 15:15:00 - 03/10/2025 15:30:00","BZN|FR","Without Sequence","40.00","",""
"03/10/2025 15:30:00 - 03/10/2025 15:45:00","BZN|FR","Sequence Sequence 2","40.00","",""
"03/10/2025 15:30:00 - 03/10/2025 15:45:00","BZN|FR","Without Sequence","40.00","",""
"03/10/2025 15:45:00 - 03/10/2025 16:00:00","BZN|FR","Sequence Sequence 2","40.00","",""
"03/10/2025 15:45:00 - 03/10/2025 16:00:00","BZN|FR","Without Sequence","40.00","",""
"03/10/2025 16:00:00 - 03/10/2025 16:15:00","BZN|FR","Sequence Sequence 2","34.45","",""
"03/10/2025 16:00:00 - 03/10/2025 16:15:00","BZN|FR","Without Sequence","34.45","",""
"03/10/2025 16:15:00 - 03/10/2025 16:30:00","BZN|FR","Sequence Sequence 2","41.20","",""
"03/10/2025 16:15:00 - 03/10/2025 16:30:00","BZN|FR","Without Sequence","41.20","",""
"03/10/2025 16:30:00 - 03/10/2025 16:45:00","BZN|FR","Sequence Sequence 2","45.76","",""
"03/10/2025 16:30:00 - 03/10/2025 16:45:00","BZN|FR","Without Sequence","45.76","",""
"03/10/2025 16:45:00 - 03/10/2025 17:00:00","BZN|FR","Sequence Sequence 2","55.00","",""
"03/10/2025 16:45:00 - 03/10/2025 17:00:00","BZN|FR","Without Sequence","55.00","",""
"03/10/2025 17:00:00 - 03/10/2025 17:15:00","BZN|FR","Sequence Sequence 2","40.01","",""
"03/10/2025 17:00:00 - 03/10/2025 17:15:00","BZN|FR","Without Sequence","40.01","",""
"03/10/2025 17:15:00 - 03/10/2025 17:30:00","BZN|FR","Sequence Sequence 2","55.00","",""
"03/10/2025 17:15:00 - 03/10/2025 17:30:00","BZN|FR","Without Sequence","55.00","",""
"03/10/2025 17:30:00 - 03/10/2025 17:45:00","BZN|FR","Sequence Sequence 2","59.05","",""
"03/10/2025 17:30:00 - 03/10/2025 17:45:00","BZN|FR","Without Sequence","59.05","",""
"03/10/2025 17:45:00 - 03/10/2025 18:00:00","BZN|FR","Sequence Sequence 2","79.49","",""
"03/10/2025 17:45:00 - 03/10/2025 18:00:00","BZN|FR","Without Sequence","79.49","",""
"03/10/2025 18:00:00 - 03/10/2025 18:15:00","BZN|FR","Sequence Sequence 2","31.31","",""
"03/10/2025 18:00:00 - 03/10/2025 18:15:00","BZN|FR","Without Sequence","31.31","",""
"03/10/2025 18:15:00 - 03/10/2025 18:30:00","BZN|FR","Sequence Sequence 2","40.84","",""
"03/10/2025 18:15:00 - 03/10/2025 18:30:00","BZN|FR","Without Sequence","40.84","",""
"03/10/2025 18:30:00 - 03/10/2025 18:45:00","BZN|FR","Sequence Sequence 2","56.92","",""
"03/10/2025 18:30:00 - 03/10/2025 18:45:00","BZN|FR","Without Sequence","56.92","",""
"03/10/2025 18:45:00 - 03/10/2025 19:00:00","BZN|FR","Sequence Sequence 2","73.04","",""
"03/10/2025 18:45:00 - 03/10/2025 19:00:00","BZN|FR","Without Sequence","73.04","",""
"03/10/2025 19:00:00 - 03/10/2025 19:15:00","BZN|FR","Sequence Sequence 2","48.95","",""
"03/10/2025 19:00:00 - 03/10/2025 19:15:00","BZN|FR","Without Sequence","48.95","",""
"03/10/2025 19:15:00 - 03/10/2025 19:30:00","BZN|FR","Sequence Sequence 2","51.20","",""
"03/10/2025 19:15:00 - 03/10/2025 19:30:00","BZN|FR","Without Sequence","51.20","",""
"03/10/2025 19:30:00 - 03/10/2025 19:45:00","BZN|FR","Sequence Sequence 2","72.24","",""
"03/10/2025 19:30:00 - 03/10/2025 19:45:00","BZN|FR","Without Sequence","72.24","",""
"03/10/2025 19:45:00 - 03/10/2025 20:00:00","BZN|FR","Sequence Sequence 2","68.96","",""
"03/10/2025 19:45:00 - 03/10/2025 20:00:00","BZN|FR","Without Sequence","68.96","",""
"03/10/2025 20:00:00 - 03/10/2025 20:15:00","BZN|FR","Sequence Sequence 2","84.75","",""
"03/10/2025 20:00:00 - 03/10/2025 20:15:00","BZN|FR","Without Sequence","84.75","",""
"03/10/2025 20:15:00 - 03/10/2025 20:30:00","BZN|FR","Sequence Sequence 2","45.88","",""
"03/10/2025 20:15:00 - 03/10/2025 20:30:00","BZN|FR","Without Sequence","45.88","",""
"03/10/2025 20:30:00 - 03/10/2025 20:45:00","BZN|FR","Sequence Sequence 2","56.68","",""
"03/10/2025 20:30:00 - 03/10/2025 20:45:00","BZN|FR","Without Sequence","56.68","",""
"03/10/2025 20:45:00 - 03/10/2025 21:00:00","BZN|FR","Sequence Sequence 2","10.89","",""
"03/10/2025 20:45:00 - 03/10/2025 21:00:00","BZN|FR","Without Sequence","10.89","",""
"03/10/2025 21:00:00 - 03/10/2025 21:15:00","BZN|FR","Sequence Sequence 2","67.07","",""
"03/10/2025 21:00:00 - 03/10/2025 21:15:00","BZN|FR","Without Sequence","67.07","",""
"03/10/2025 21:15:00 - 03/10/2025 21:30:00","BZN|FR","Sequence Sequence 2","36.57","",""
"03/10/2025 21:15:00 - 03/10/2025 21:30:00","BZN|FR","Without Sequence","36.57","",""
"03/10/2025 21:30:00 - 03/10/2025 21:45:00","BZN|FR","Sequence Sequence 2","35.92","",""
"03/10/2025 21:30:00 - 03/10/2025 21:45:00","BZN|FR","Without Sequence","35.92","",""
"03/10/2025 21:45:00 - 03/10/2025 22:00:00","BZN|FR","Sequence Sequence 2","10.45","",""
"03/10/2025 21:45:00 - 03/10/2025 22:00:00","BZN|FR","Without Sequence","10.45","",""
"03/10/2025 22:00:00 - 03/10/2025 22:15:00","BZN|FR","Sequence Sequence 2","37.77","",""
"03/10/2025 22:00:00 - 03/10/2025 22:15:00","BZN|FR","Without Sequence","37.77","",""
"03/10/2025 22:15:00 - 03/10/2025 22:30:00","BZN|FR","Sequence Sequence 2","22.86","",""
"03/10/2025 22:15:00 - 03/10/2025 22:30:00","BZN|FR","Without Sequence","22.86","",""
"03/10/2025 22:30:00 - 03/10/2025 22:45:00","BZN|FR","Sequence Sequence 2","25.32","",""
"03/10/2025 22:30:00 - 03/10/2025 22:45:00","BZN|FR","Without Sequence","25.32","",""
"03/10/2025 22:45:00 - 03/10/2025 23:00:00","BZN|FR","Sequence Sequence 2","22.71","",""
"03/10/2025 22:45:00 - 03/10/2025 23:00:00","BZN|FR","Without Sequence","22.71","",""
"03/10/2025 23:00:00 - 03/10/2025 23:15:00","BZN|FR","Sequence Sequence 2","31.76","",""
"03/10/2025 23:00:00 - 03/10/2025 23:15:00","BZN|FR","Without Sequence","31.76","",""
"03/10/2025 23:15:00 - 03/10/2025 23:30:00","BZN|FR","Sequence Sequence 2","17.17","",""
"03/10/2025 23:15:00 - 03/10/2025 23:30:00","BZN|FR","Without Sequence","17.17","",""
"03/10/2025 23:30:00 - 03/10/2025 23:45:00","BZN|FR","Sequence Sequence 2","13.71","",""
"03/10/2025 23:30:00 - 03/10/2025 23:45:00","BZN|FR","Without Sequence","13.71","",""
"03/10/2025 23:45:00 - 04/10/2025 00:00:00","BZN|FR","Sequence Sequence 2","9.31","",""
"03/10/2025 23:45:00 - 04/10/2025 00:00:00","BZN|FR","Without Sequence","9.31","",""
"04/10/2025 00:00:00 - 04/10/2025 00:15:00","BZN|FR","Sequence Sequence 2","13.75","",""
"04/10/2025 00:00:00 - 04/10/2025 00:15:00","BZN|FR","Without Sequence","13.75","",""
"04/10/2025 00:15:00 - 04/10/2025 00:30:00","BZN|FR","Sequence Sequence 2","9.94","",""
"04/10/2025 00:15:00 - 04/10/2025 00:30:00","BZN|FR","Without Sequence","9.94","",""
"04/10/2025 00:30:00 - 04/10/2025 00:45:00","BZN|FR","Sequence Sequence 2","8.52","",""
"04/10/2025 00:30:00 - 04/10/2025 00:45:00","BZN|FR","Without Sequence","8.52","",""
"04/10/2025 00:45:00 - 04/10/2025 01:00:00","BZN|FR","Sequence Sequence 2","7.20","",""
"04/10/2025 00:45:00 - 04/10/2025 01:00:00","BZN|FR","Without Sequence","7.20","",""
"04/10/2025 01:00:00 - 04/10/2025 01:15:00","BZN|FR","Sequence Sequence 2","8.55","",""
"04/10/2025 01:00:00 - 04/10/2025 01:15:00","BZN|FR","Without Sequence","8.55","",""
"04/10/2025 01:15:00 - 04/10/2025 01:30:00","BZN|FR","Sequence Sequence 2","8.11","",""
"04/10/2025 01:15:00 - 04/10/2025 01:30:00","BZN|FR","Without Sequence","8.11","",""
"04/10/2025 01:30:00 - 04/10/2025 01:45:00","BZN|FR","Sequence Sequence 2","2.41","",""
"04/10/2025 01:30:00 - 04/10/2025 01:45:00","BZN|FR","Without Sequence","2.41","",""
"04/10/2025 01:45:00 - 04/10/2025 02:00:00","BZN|FR","Sequence Sequence 2","0.61","",""
"04/10/2025 01:45:00 - 04/10/2025 02:00:00","BZN|FR","Without Sequence","0.61","",""
"04/10/2025 02:00:00 - 04/10/2025 02:15:00","BZN|FR","Sequence Sequence 2","3.83","",""
"04/10/2025 02:00:00 - 04/10/2025 02:15:00","BZN|FR","Without Sequence","3.83","",""
"04/10/2025 02:15:00 - 04/10/2025 02:30:00","BZN|FR","Sequence Sequence 2","2.23","",""
"04/10/2025 02:15:00 - 04/10/2025 02:30:00","BZN|FR","Without Sequence","2.23","",""
"04/10/2025 02:30:00 - 04/10/2025 02:45:00","BZN|FR","Sequence Sequence 2","0.69","",""
"04/10/2025 02:30:00 - 04/10/2025 02:45:00","BZN|FR","Without Sequence","0.69","",""
"04/10/2025 02:45:00 - 04/10/2025 03:00:00","BZN|FR","Sequence Sequence 2","0.62","",""
"04/10/2025 02:45:00 - 04/10/2025 03:00:00","BZN|FR","Without Sequence","0.62","",""
"04/10/2025 03:00:00 - 04/10/2025 03:15:00","BZN|FR","Sequence Sequence 2","0.01","",""
"04/10/2025 03:00:00 - 04/10/2025 03:15:00","BZN|FR","Without Sequence","0.01","",""
"04/10/2025 03:15:00 - 04/10/2025 03:30:00","BZN|FR","Sequence Sequence 2","0.00","",""
"04/10/2025 03:15:00 - 04/10/2025 03:30:00","BZN|FR","Without Sequence","0.00","",""
"04/10/2025 03:30:00 - 04/10/2025 03:45:00","BZN|FR","Sequence Sequence 2","0.00","",""
"04/10/2025 03:30:00 - 04/10/2025 03:45:00","BZN|FR","Without Sequence","0.00","",""
"04/10/2025 03:45:00 - 04/10/2025 04:00:00","BZN|FR","Sequence Sequence 2","-0.01","",""
"04/10/2025 03:45:00 - 04/10/2025 04:00:00","BZN|FR","Without Sequence","-0.01","",""
"04/10/2025 04:00:00 - 04/10/2025 04:15:00","BZN|FR","Sequence Sequence 2","0.00","",""
"04/10/2025 04:00:00 - 04/10/2025 04:15:00","BZN|FR","Without Sequence","0.00","",""
"04/10/2025 04:15:00 - 04/10/2025 04:30:00","BZN|FR","Sequence Sequence 2","0.00","",""
"04/10/2025 04:15:00 - 04/10/2025 04:30:00","BZN|FR","Without Sequence","0.00","",""
"04/10/2025 04:30:00 - 04/10/2025 04:45:00","BZN|FR","Sequence Sequence 2","0.00","",""
"04/10/2025 04:30:00 - 04/10/2025 04:45:00","BZN|FR","Without Sequence","0.00","",""
"04/10/2025 04:45:00 - 04/10/2025 05:00:00","BZN|FR","Sequence Sequence 2","0.00","",""
"04/10/2025 04:45:00 - 04/10/2025 05:00:00","BZN|FR","Without Sequence","0.00","",""
"04/10/2025 05:00:00 - 04/10/2025 05:15:00","BZN|FR","Sequence Sequence 2","0.00","",""
"04/10/2025 05:00:00 - 04/10/2025 05:15:00","BZN|FR","Without Sequence","0.00","",""
"04/10/2025 05:15:00 - 04/10/2025 05:30:00","BZN|FR","Sequence Sequence 2","0.00","",""
"04/10/2025 05:15:00 - 04/10/2025 05:30:00","BZN|FR","Without Sequence","0.00","",""
"04/10/2025 05:30:00 - 04/10/2025 05:45:00","BZN|FR","Sequence Sequence 2","0.00","",""
"04/10/2025 05:30:00 - 04/10/2025 05:45:00","BZN|FR","Without Sequence","0.00","",""
"04/10/2025 05:45:00 - 04/10/2025 06:00:00","BZN|FR","Sequence Sequence 2","0.00","",""
"04/10/2025 05:45:00 - 04/10/2025 06:00:00","BZN|FR","Without Sequence","0.00","",""
"04/10/2025 06:00:00 - 04/10/2025 06:15:00","BZN|FR","Sequence Sequence 2","-0.02","",""
"04/10/2025 06:00:00 - 04/10/2025 06:15:00","BZN|FR","Without Sequence","-0.02","",""
"04/10/2025 06:15:00 - 04/10/2025 06:30:00","BZN|FR","Sequence Sequence 2","-0.01","",""
"04/10/2025 06:15:00 - 04/10/2025 06:30:00","BZN|FR","Without Sequence","-0.01","",""
"04/10/2025 06:30:00 - 04/10/2025 06:45:00","BZN|FR","Sequence Sequence 2","0.00","",""
"04/10/2025 06:30:00 - 04/10/2025 06:45:00","BZN|FR","Without Sequence","0.00","",""
"04/10/2025 06:45:00 - 04/10/2025 07:00:00","BZN|FR","Sequence Sequence 2","0.05","",""
"04/10/2025 06:45:00 - 04/10/2025 07:00:00","BZN|FR","Without Sequence","0.05","",""
"04/10/2025 07:00:00 - 04/10/2025 07:15:00","BZN|FR","Sequence Sequence 2","0.48","",""
"04/10/2025 07:00:00 - 04/10/2025 07:15:00","BZN|FR","Without Sequence","0.48","",""
"04/10/2025 07:15:00 - 04/10/2025 07:30:00","BZN|FR","Sequence Sequence 2","1.86","",""
"04/10/2025 07:15:00 - 04/10/2025 07:30:00","BZN|FR","Without Sequence","1.86","",""
"04/10/2025 07:30:00 - 04/10/2025 07:45:00","BZN|FR","Sequence Sequence 2","3.97","",""
"04/10/2025 07:30:00 - 04/10/2025 07:45:00","BZN|FR","Without Sequence","3.97","",""
"04/10/2025 07:45:00 - 04/10/2025 08:00:00","BZN|FR","Sequence Sequence 2","0.01","",""
"04/10/2025 07:45:00 - 04/10/2025 08:00:00","BZN|FR","Without Sequence","0.01","",""
"04/10/2025 08:00:00 - 04/10/2025 08:15:00","BZN|FR","Sequence Sequence 2","9.16","",""
"04/10/2025 08:00:00 - 04/10/2025 08:15:00","BZN|FR","Without Sequence","9.16","",""
"04/10/2025 08:15:00 - 04/10/2025 08:30:00","BZN|FR","Sequence Sequence 2","6.48","",""
"04/10/2025 08:15:00 - 04/10/2025 08:30:00","BZN|FR","Without Sequence","6.48","",""
"04/10/2025 08:30:00 - 04/10/2025 08:45:00","BZN|FR","Sequence Sequence 2","6.75","",""
"04/10/2025 08:30:00 - 04/10/2025 08:45:00","BZN|FR","Without Sequence","6.75","",""
"04/10/2025 08:45:00 - 04/10/2025 09:00:00","BZN|FR","Sequence Sequence 2","4.00","",""
"04/10/2025 08:45:00 - 04/10/2025 09:00:00","BZN|FR","Without Sequence","4.00","",""
"04/10/2025 09:00:00 - 04/10/2025 09:15:00","BZN|FR","Sequence Sequence 2","9.46","",""
"04/10/2025 09:00:00 - 04/10/2025 09:15:00","BZN|FR","Without Sequence","9.46","",""
"04/10/2025 09:15:00 - 04/10/2025 09:30:00","BZN|FR","Sequence Sequence 2","14.33","",""
"04/10/2025 09:15:00 - 04/10/2025 09:30:00","BZN|FR","Without Sequence","14.33","",""
"04/10/2025 09:30:00 - 04/10/2025 09:45:00","BZN|FR","Sequence Sequence 2","15.45","",""
"04/10/2025 09:30:00 - 04/10/2025 09:45:00","BZN|FR","Without Sequence","15.45","",""
"04/10/2025 09:45:00 - 04/10/2025 10:00:00","BZN|FR","Sequence Sequence 2","2.14","",""
"04/10/2025 09:45:00 - 04/10/2025 10:00:00","BZN|FR","Without Sequence","2.14","",""
"04/10/2025 10:00:00 - 04/10/2025 10:15:00","BZN|FR","Sequence Sequence 2","14.41","",""
"04/10/2025 10:00:00 - 04/10/2025 10:15:00","BZN|FR","Without Sequence","14.41","",""
"04/10/2025 10:15:00 - 04/10/2025 10:30:00","BZN|FR","Sequence Sequence 2","7.96","",""
"04/10/2025 10:15:00 - 04/10/2025 10:30:00","BZN|FR","Without Sequence","7.96","",""
"04/10/2025 10:30:00 - 04/10/2025 10:45:00","BZN|FR","Sequence Sequence 2","2.14","",""
"04/10/2025 10:30:00 - 04/10/2025 10:45:00","BZN|FR","Without Sequence","2.14","",""
"04/10/2025 10:45:00 - 04/10/2025 11:00:00","BZN|FR","Sequence Sequence 2","0.15","",""
"04/10/2025 10:45:00 - 04/10/2025 11:00:00","BZN|FR","Without Sequence","0.15","",""
"04/10/2025 11:00:00 - 04/10/2025 11:15:00","BZN|FR","Sequence Sequence 2","0.41","",""
"04/10/2025 11:00:00 - 04/10/2025 11:15:00","BZN|FR","Without Sequence","0.41","",""
"04/10/2025 11:15:00 - 04/10/2025 11:30:00","BZN|FR","Sequence Sequence 2","0.02","",""
"04/10/2025 11:15:00 - 04/10/2025 11:30:00","BZN|FR","Without Sequence","0.02","",""
"04/10/2025 11:30:00 - 04/10/2025 11:45:00","BZN|FR","Sequence Sequence 2","0.01","",""
"04/10/2025 11:30:00 - 04/10/2025 11:45:00","BZN|FR","Without Sequence","0.01","",""
"04/10/2025 11:45:00 - 04/10/2025 12:00:00","BZN|FR","Sequence Sequence 2","0.00","",""
"04/10/2025 11:45:00 - 04/10/2025 12:00:00","BZN|FR","Without Sequence","0.00","",""
"04/10/2025 12:00:00 - 04/10/2025 12:15:00","BZN|FR","Sequence Sequence 2","0.00","",""
"04/10/2025 12:00:00 - 04/10/2025 12:15:00","BZN|FR","Without Sequence","0.00","",""
"04/10/2025 12:15:00 - 04/10/2025 12:30:00","BZN|FR","Sequence Sequence 2","-0.01","",""
"04/10/2025 12:15:00 - 04/10/2025 12:30:00","BZN|FR","Without Sequence","-0.01","",""
"04/10/2025 12:30:00 - 04/10/2025 12:45:00","BZN|FR","Sequence Sequence 2","-0.01","",""
"04/10/2025 12:30:00 - 04/10/2025 12:45:00","BZN|FR","Without Sequence","-0.01","",""
"04/10/2025 12:45:00 - 04/10/2025 13:00:00","BZN|FR","Sequence Sequence 2","-0.01","",""
"04/10/2025 12:45:00 - 04/10/2025 13:00:00","BZN|FR","Without Sequence","-0.01","",""
"04/10/2025 13:00:00 - 04/10/2025 13:15:00","BZN|FR","Sequence Sequence 2","0.00","",""
"04/10/2025 13:00:00 - 04/10/2025 13:15:00","BZN|FR","Without Sequence","0.00","",""
"04/10/2025 13:15:00 - 04/10/2025 13:30:00","BZN|FR","Sequence Sequence 2","0.00","",""
"04/10/2025 13:15:00 - 04/10/2025 13:30:00","BZN|FR","Without Sequence","0.00","",""
"04/10/2025 13:30:00 - 04/10/2025 13:45:00","BZN|FR","Sequence Sequence 2","-0.01","",""
"04/10/2025 13:30:00 - 04/10/2025 13:45:00","BZN|FR","Without Sequence","-0.01","",""
"04/10/2025 13:45:00 - 04/10/2025 14:00:00","BZN|FR","Sequence Sequence 2","-0.05","",""
"04/10/2025 13:45:00 - 04/10/2025 14:00:00","BZN|FR","Without Sequence","-0.05","",""
"04/10/2025 14:00:00 - 04/10/2025 14:15:00","BZN|FR","Sequence Sequence 2","-0.03","",""
"04/10/2025 14:00:00 - 04/10/2025 14:15:00","BZN|FR","Without Sequence","-0.03","",""
"04/10/2025 14:15:00 - 04/10/2025 14:30:00","BZN|FR","Sequence Sequence 2","-0.02","",""
"04/10/2025 14:15:00 - 04/10/2025 14:30:00","BZN|FR","Without Sequence","-0.02","",""
"04/10/2025 14:30:00 - 04/10/2025 14:45:00","BZN|FR","Sequence Sequence 2","-0.01","",""
"04/10/2025 14:30:00 - 04/10/2025 14:45:00","BZN|FR","Without Sequence","-0.01","",""
"04/10/2025 14:45:00 - 04/10/2025 15:00:00","BZN|FR","Sequence Sequence 2","0.00","",""
"04/10/2025 14:45:00 - 04/10/2025 15:00:00","BZN|FR","Without Sequence","0.00","",""
"04/10/2025 15:00:00 - 04/10/2025 15:15:00","BZN|FR","Sequence Sequence 2","-0.03","",""
"04/10/2025 15:00:00 - 04/10/2025 15:15:00","BZN|FR","Without Sequence","-0.03","",""
"04/10/2025 15:15:00 - 04/10/2025 15:30:00","BZN|FR","Sequence Sequence 2","0.00","",""
"04/10/2025 15:15:00 - 04/10/2025 15:30:00","BZN|FR","Without Sequence","0.00","",""
"04/10/2025 15:30:00 - 04/10/2025 15:45:00","BZN|FR","Sequence Sequence 2","0.00","",""
"04/10/2025 15:30:00 - 04/10/2025 15:45:00","BZN|FR","Without Sequence","0.00","",""
"04/10/2025 15:45:00 - 04/10/2025 16:00:00","BZN|FR","Sequence Sequence 2","0.00","",""
"04/10/2025 15:45:00 - 04/10/2025 16:00:00","BZN|FR","Without Sequence","0.00","",""
"04/10/2025 16:00:00 - 04/10/2025 16:15:00","BZN|FR","Sequence Sequence 2","-0.01","",""
"04/10/2025 16:00:00 - 04/10/2025 16:15:00","BZN|FR","Without Sequence","-0.01","",""
"04/10/2025 16:15:00 - 04/10/2025 16:30:00","BZN|FR","Sequence Sequence 2","-0.01","",""
"04/10/2025 16:15:00 - 04/10/2025 16:30:00","BZN|FR","Without Sequence","-0.01","",""
"04/10/2025 16:30:00 - 04/10/2025 16:45:00","BZN|FR","Sequence Sequence 2","-0.01","",""
"04/10/2025 16:30:00 - 04/10/2025 16:45:00","BZN|FR","Without Sequence","-0.01","",""
"04/10/2025 16:45:00 - 04/10/2025 17:00:00","BZN|FR","Sequence Sequence 2","0.00","",""
"04/10/2025 16:45:00 - 04/10/2025 17:00:00","BZN|FR","Without Sequence","0.00","",""
"04/10/2025 17:00:00 - 04/10/2025 17:15:00","BZN|FR","Sequence Sequence 2","-0.05","",""
"04/10/2025 17:00:00 - 04/10/2025 17:15:00","BZN|FR","Without Sequence","-0.05","",""
"04/10/2025 17:15:00 - 04/10/2025 17:30:00","BZN|FR","Sequence Sequence 2","-0.01","",""
"04/10/2025 17:15:00 - 04/10/2025 17:30:00","BZN|FR","Without Sequence","-0.01","",""
"04/10/2025 17:30:00 - 04/10/2025 17:45:00","BZN|FR","Sequence Sequence 2","0.00","",""
"04/10/2025 17:30:00 - 04/10/2025 17:45:00","BZN|FR","Without Sequence","0.00","",""
"04/10/2025 17:45:00 - 04/10/2025 18:00:00","BZN|FR","Sequence Sequence 2","0.65","",""
"04/10/2025 17:45:00 - 04/10/2025 18:00:00","BZN|FR","Without Sequence","0.65","",""
"04/10/2025 18:00:00 - 04/10/2025 18:15:00","BZN|FR","Sequence Sequence 2","0.66","",""
"04/10/2025 18:00:00 - 04/10/2025 18:15:00","BZN|FR","Without Sequence","0.66","",""
"04/10/2025 18:15:00 - 04/10/2025 18:30:00","BZN|FR","Sequence Sequence 2","5.11","",""
"04/10/2025 18:15:00 - 04/10/2025 18:30:00","BZN|FR","Without Sequence","5.11","",""
"04/10/2025 18:30:00 - 04/10/2025 18:45:00","BZN|FR","Sequence Sequence 2","16.12","",""
"04/10/2025 18:30:00 - 04/10/2025 18:45:00","BZN|FR","Without Sequence","16.12","",""
"04/10/2025 18:45:00 - 04/10/2025 19:00:00","BZN|FR","Sequence Sequence 2","21.33","",""
"04/10/2025 18:45:00 - 04/10/2025 19:00:00","BZN|FR","Without Sequence","21.33","",""
"04/10/2025 19:00:00 - 04/10/2025 19:15:00","BZN|FR","Sequence Sequence 2","18.02","",""
"04/10/2025 19:00:00 - 04/10/2025 19:15:00","BZN|FR","Without Sequence","18.02","",""
"04/10/2025 19:15:00 - 04/10/2025 19:30:00","BZN|FR","Sequence Sequence 2","20.12","",""
"04/10/2025 19:15:00 - 04/10/2025 19:30:00","BZN|FR","Without Sequence","20.12","",""
"04/10/2025 19:30:00 - 04/10/2025 19:45:00","BZN|FR","Sequence Sequence 2","21.31","",""
"04/10/2025 19:30:00 - 04/10/2025 19:45:00","BZN|FR","Without Sequence","21.31","",""
"04/10/2025 19:45:00 - 04/10/2025 20:00:00","BZN|FR","Sequence Sequence 2","20.51","",""
"04/10/2025 19:45:00 - 04/10/2025 20:00:00","BZN|FR","Without Sequence","20.51","",""
"04/10/2025 20:00:00 - 04/10/2025 20:15:00","BZN|FR","Sequence Sequence 2","17.79","",""
"04/10/2025 20:00:00 - 04/10/2025 20:15:00","BZN|FR","Without Sequence","17.79","",""
"04/10/2025 20:15:00 - 04/10/2025 20:30:00","BZN|FR","Sequence Sequence 2","14.90","",""
"04/10/2025 20:15:00 - 04/10/2025 20:30:00","BZN|FR","Without Sequence","14.90","",""
"04/10/2025 20:30:00 - 04/10/2025 20:45:00","BZN|FR","Sequence Sequence 2","12.13","",""
"04/10/2025 20:30:00 - 04/10/2025 20:45:00","BZN|FR","Without Sequence","12.13","",""
"04/10/2025 20:45:00 - 04/10/2025 21:00:00","BZN|FR","Sequence Sequence 2","8.73","",""
"04/10/2025 20:45:00 - 04/10/2025 21:00:00","BZN|FR","Without Sequence","8.73","",""
"04/10/2025 21:00:00 - 04/10/2025 21:15:00","BZN|FR","Sequence Sequence 2","11.57","",""
"04/10/2025 21:00:00 - 04/10/2025 21:15:00","BZN|FR","Without Sequence","11.57","",""
"04/10/2025 21:15:00 - 04/10/2025 21:30:00","BZN|FR","Sequence Sequence 2","8.91","",""
"04/10/2025 21:15:00 - 04/10/2025 21:30:00","BZN|FR","Without Sequence","8.91","",""
"04/10/2025 21:30:00 - 04/10/2025 21:45:00","BZN|FR","Sequence Sequence 2","8.69","",""
"04/10/2025 21:30:00 - 04/10/2025 21:45:00","BZN|FR","Without Sequence","8.69","",""
"04/10/2025 21:45:00 - 04/10/2025 22:00:00","BZN|FR","Sequence Sequence 2","7.37","",""
"04/10/2025 21:45:00 - 04/10/2025 22:00:00","BZN|FR","Without Sequence","7.37","",""
"04/10/2025 22:00:00 - 04/10/2025 22:15:00","BZN|FR","Sequence Sequence 2","9.82","",""
"04/10/2025 22:00:00 - 04/10/2025 22:15:00","BZN|FR","Without Sequence","9.82","",""
"04/10/2025 22:15:00 - 04/10/2025 22:30:00","BZN|FR","Sequence Sequence 2","8.31","",""
"04/10/2025 22:15:00 - 04/10/2025 22:30:00","BZN|FR","Without Sequence","8.31","",""
"04/10/2025 22:30:00 - 04/10/2025 22:45:00","BZN|FR","Sequence Sequence 2","8.91","",""
"04/10/2025 22:30:00 - 04/10/2025 22:45:00","BZN|FR","Without Sequence","8.91","",""
"04/10/2025 22:45:00 - 04/10/2025 23:00:00","BZN|FR","Sequence Sequence 2","6.76","",""
"04/10/2025 22:45:00 - 04/10/2025 23:00:00","BZN|FR","Without Sequence","6.76","",""
"04/10/2025 23:00:00 - 04/10/2025 23:15:00","BZN|FR","Sequence Sequence 2","9.33","",""
"04/10/2025 23:00:00 - 04/10/2025 23:15:00","BZN|FR","Without Sequence","9.33","",""
"04/10/2025 23:15:00 - 04/10/2025 23:30:00","BZN|FR","Sequence Sequence 2","8.48","",""
"04/10/2025 23:15:00 - 04/10/2025 23:30:00","BZN|FR","Without Sequence","8.48","",""
"04/10/2025 23:30:00 - 04/10/2025 23:45:00","BZN|FR","Sequence Sequence 2","7.74","",""
"04/10/2025 23:30:00 - 04/10/2025 23:45:00","BZN|FR","Without Sequence","7.74","",""
"04/10/2025 23:45:00 - 05/10/2025 00:00:00","BZN|FR","Sequence Sequence 2","5.18","",""
"04/10/2025 23:45:00 - 05/10/2025 00:00:00","BZN|FR","Without Sequence","5.18","",""
"05/10/2025 00:00:00 - 05/10/2025 00:15:00","BZN|FR","Sequence Sequence 2","7.12","",""
"05/10/2025 00:00:00 - 05/10/2025 00:15:00","BZN|FR","Without Sequence","7.12","",""
"05/10/2025 00:15:00 - 05/10/2025 00:30:00","BZN|FR","Sequence Sequence 2","6.86","",""
"05/10/2025 00:15:00 - 05/10/2025 00:30:00","BZN|FR","Without Sequence","6.86","",""
"05/10/2025 00:30:00 - 05/10/2025 00:45:00","BZN|FR","Sequence Sequence 2","3.26","",""
"05/10/2025 00:30:00 - 05/10/2025 00:45:00","BZN|FR","Without Sequence","3.26","",""
"05/10/2025 00:45:00 - 05/10/2025 01:00:00","BZN|FR","Sequence Sequence 2","0.00","",""
"05/10/2025 00:45:00 - 05/10/2025 01:00:00","BZN|FR","Without Sequence","0.00","",""
"05/10/2025 01:00:00 - 05/10/2025 01:15:00","BZN|FR","Sequence Sequence 2","0.89","",""
"05/10/2025 01:00:00 - 05/10/2025 01:15:00","BZN|FR","Without Sequence","0.89","",""
"05/10/2025 01:15:00 - 05/10/2025 01:30:00","BZN|FR","Sequence Sequence 2","1.32","",""
"05/10/2025 01:15:00 - 05/10/2025 01:30:00","BZN|FR","Without Sequence","1.32","",""
"05/10/2025 01:30:00 - 05/10/2025 01:45:00","BZN|FR","Sequence Sequence 2","0.00","",""
"05/10/2025 01:30:00 - 05/10/2025 01:45:00","BZN|FR","Without Sequence","0.00","",""
"05/10/2025 01:45:00 - 05/10/2025 02:00:00","BZN|FR","Sequence Sequence 2","-0.07","",""
"05/10/2025 01:45:00 - 05/10/2025 02:00:00","BZN|FR","Without Sequence","-0.07","",""
"05/10/2025 02:00:00 - 05/10/2025 02:15:00","BZN|FR","Sequence Sequence 2","1.85","",""
"05/10/2025 02:00:00 - 05/10/2025 02:15:00","BZN|FR","Without Sequence","1.85","",""
"05/10/2025 02:15:00 - 05/10/2025 02:30:00","BZN|FR","Sequence Sequence 2","0.00","",""
"05/10/2025 02:15:00 - 05/10/2025 02:30:00","BZN|FR","Without Sequence","0.00","",""
"05/10/2025 02:30:00 - 05/10/2025 02:45:00","BZN|FR","Sequence Sequence 2","-0.01","",""
"05/10/2025 02:30:00 - 05/10/2025 02:45:00","BZN|FR","Without Sequence","-0.01","",""
"05/10/2025 02:45:00 - 05/10/2025 03:00:00","BZN|FR","Sequence Sequence 2","-0.02","",""
"05/10/2025 02:45:00 - 05/10/2025 03:00:00","BZN|FR","Without Sequence","-0.02","",""
"05/10/2025 03:00:00 - 05/10/2025 03:15:00","BZN|FR","Sequence Sequence 2","0.00","",""
"05/10/2025 03:00:00 - 05/10/2025 03:15:00","BZN|FR","Without Sequence","0.00","",""
"05/10/2025 03:15:00 - 05/10/2025 03:30:00","BZN|FR","Sequence Sequence 2","0.00","",""
"05/10/2025 03:15:00 - 05/10/2025 03:30:00","BZN|FR","Without Sequence","0.00","",""
"05/10/2025 03:30:00 - 05/10/2025 03:45:00","BZN|FR","Sequence Sequence 2","-0.01","",""
"05/10/2025 03:30:00 - 05/10/2025 03:45:00","BZN|FR","Without Sequence","-0.01","",""
"05/10/2025 03:45:00 - 05/10/2025 04:00:00","BZN|FR","Sequence Sequence 2","-0.01","",""
"05/10/2025 03:45:00 - 05/10/2025 04:00:00","BZN|FR","Without Sequence","-0.01","",""
"05/10/2025 04:00:00 - 05/10/2025 04:15:00","BZN|FR","Sequence Sequence 2","-0.01","",""
"05/10/2025 04:00:00 - 05/10/2025 04:15:00","BZN|FR","Without Sequence","-0.01","",""
"05/10/2025 04:15:00 - 05/10/2025 04:30:00","BZN|FR","Sequence Sequence 2","-0.01","",""
"05/10/2025 04:15:00 - 05/10/2025 04:30:00","BZN|FR","Without Sequence","-0.01","",""
"05/10/2025 04:30:00 - 05/10/2025 04:45:00","BZN|FR","Sequence Sequence 2","-0.01","",""
"05/10/2025 04:30:00 - 05/10/2025 04:45:00","BZN|FR","Without Sequence","-0.01","",""
"05/10/2025 04:45:00 - 05/10/2025 05:00:00","BZN|FR","Sequence Sequence 2","-0.01","",""
"05/10/2025 04:45:00 - 05/10/2025 05:00:00","BZN|FR","Without Sequence","-0.01","",""
"05/10/2025 05:00:00 - 05/10/2025 05:15:00","BZN|FR","Sequence Sequence 2","-0.02","",""
"05/10/2025 05:00:00 - 05/10/2025 05:15:00","BZN|FR","Without Sequence","-0.02","",""
"05/10/2025 05:15:00 - 05/10/2025 05:30:00","BZN|FR","Sequence Sequence 2","-0.01","",""
"05/10/2025 05:15:00 - 05/10/2025 05:30:00","BZN|FR","Without Sequence","-0.01","",""
"05/10/2025 05:30:00 - 05/10/2025 05:45:00","BZN|FR","Sequence Sequence 2","-0.01","",""
"05/10/2025 05:30:00 - 05/10/2025 05:45:00","BZN|FR","Without Sequence","-0.01","",""
"05/10/2025 05:45:00 - 05/10/2025 06:00:00","BZN|FR","Sequence Sequence 2","0.00","",""
"05/10/2025 05:45:00 - 05/10/2025 06:00:00","BZN|FR","Without Sequence","0.00","",""
"05/10/2025 06:00:00 - 05/10/2025 06:15:00","BZN|FR","Sequence Sequence 2","-0.10","",""
"05/10/2025 06:00:00 - 05/10/2025 06:15:00","BZN|FR","Without Sequence","-0.10","",""
"05/10/2025 06:15:00 - 05/10/2025 06:30:00","BZN|FR","Sequence Sequence 2","-0.01","",""
"05/10/2025 06:15:00 - 05/10/2025 06:30:00","BZN|FR","Without Sequence","-0.01","",""
"05/10/2025 06:30:00 - 05/10/2025 06:45:00","BZN|FR","Sequence Sequence 2","0.00","",""
"05/10/2025 06:30:00 - 05/10/2025 06:45:00","BZN|FR","Without Sequence","0.00","",""
"05/10/2025 06:45:00 - 05/10/2025 07:00:00","BZN|FR","Sequence Sequence 2","0.24","",""
"05/10/2025 06:45:00 - 05/10/2025 07:00:00","BZN|FR","Without Sequence","0.24","",""
"05/10/2025 07:00:00 - 05/10/2025 07:15:00","BZN|FR","Sequence Sequence 2","5.16","",""
"05/10/2025 07:00:00 - 05/10/2025 07:15:00","BZN|FR","Without Sequence","5.16","",""
"05/10/2025 07:15:00 - 05/10/2025 07:30:00","BZN|FR","Sequence Sequence 2","3.58","",""
"05/10/2025 07:15:00 - 05/10/2025 07:30:00","BZN|FR","Without Sequence","3.58","",""
"05/10/2025 07:30:00 - 05/10/2025 07:45:00","BZN|FR","Sequence Sequence 2","4.94","",""
"05/10/2025 07:30:00 - 05/10/2025 07:45:00","BZN|FR","Without Sequence","4.94","",""
"05/10/2025 07:45:00 - 05/10/2025 08:00:00","BZN|FR","Sequence Sequence 2","2.54","",""
"05/10/2025 07:45:00 - 05/10/2025 08:00:00","BZN|FR","Without Sequence","2.54","",""
"05/10/2025 08:00:00 - 05/10/2025 08:15:00","BZN|FR","Sequence Sequence 2","6.56","",""
"05/10/2025 08:00:00 - 05/10/2025 08:15:00","BZN|FR","Without Sequence","6.56","",""
"05/10/2025 08:15:00 - 05/10/2025 08:30:00","BZN|FR","Sequence Sequence 2","1.01","",""
"05/10/2025 08:15:00 - 05/10/2025 08:30:00","BZN|FR","Without Sequence","1.01","",""
"05/10/2025 08:30:00 - 05/10/2025 08:45:00","BZN|FR","Sequence Sequence 2","0.87","",""
"05/10/2025 08:30:00 - 05/10/2025 08:45:00","BZN|FR","Without Sequence","0.87","",""
"05/10/2025 08:45:00 - 05/10/2025 09:00:00","BZN|FR","Sequence Sequence 2","0.45","",""
"05/10/2025 08:45:00 - 05/10/2025 09:00:00","BZN|FR","Without Sequence","0.45","",""
"05/10/2025 09:00:00 - 05/10/2025 09:15:00","BZN|FR","Sequence Sequence 2","3.50","",""
"05/10/2025 09:00:00 - 05/10/2025 09:15:00","BZN|FR","Without Sequence","3.50","",""
"05/10/2025 09:15:00 - 05/10/2025 09:30:00","BZN|FR","Sequence Sequence 2","5.00","",""
"05/10/2025 09:15:00 - 05/10/2025 09:30:00","BZN|FR","Without Sequence","5.00","",""
"05/10/2025 09:30:00 - 05/10/2025 09:45:00","BZN|FR","Sequence Sequence 2","1.85","",""
"05/10/2025 09:30:00 - 05/10/2025 09:45:00","BZN|FR","Without Sequence","1.85","",""
"05/10/2025 09:45:00 - 05/10/2025 10:00:00","BZN|FR","Sequence Sequence 2","0.00","",""
"05/10/2025 09:45:00 - 05/10/2025 10:00:00","BZN|FR","Without Sequence","0.00","",""
"05/10/2025 10:00:00 - 05/10/2025 10:15:00","BZN|FR","Sequence Sequence 2","0.09","",""
"05/10/2025 10:00:00 - 05/10/2025 10:15:00","BZN|FR","Without Sequence","0.09","",""
"05/10/2025 10:15:00 - 05/10/2025 10:30:00","BZN|FR","Sequence Sequence 2","0.00","",""
"05/10/2025 10:15:00 - 05/10/2025 10:30:00","BZN|FR","Without Sequence","0.00","",""
"05/10/2025 10:30:00 - 05/10/2025 10:45:00","BZN|FR","Sequence Sequence 2","-0.01","",""
"05/10/2025 10:30:00 - 05/10/2025 10:45:00","BZN|FR","Without Sequence","-0.01","",""
"05/10/2025 10:45:00 - 05/10/2025 11:00:00","BZN|FR","Sequence Sequence 2","-0.10","",""
"05/10/2025 10:45:00 - 05/10/2025 11:00:00","BZN|FR","Without Sequence","-0.10","",""
"05/10/2025 11:00:00 - 05/10/2025 11:15:00","BZN|FR","Sequence Sequence 2","-0.02","",""
"05/10/2025 11:00:00 - 05/10/2025 11:15:00","BZN|FR","Without Sequence","-0.02","",""
"05/10/2025 11:15:00 - 05/10/2025 11:30:00","BZN|FR","Sequence Sequence 2","-0.10","",""
"05/10/2025 11:15:00 - 05/10/2025 11:30:00","BZN|FR","Without Sequence","-0.10","",""
"05/10/2025 11:30:00 - 05/10/2025 11:45:00","BZN|FR","Sequence Sequence 2","-0.47","",""
"05/10/2025 11:30:00 - 05/10/2025 11:45:00","BZN|FR","Without Sequence","-0.47","",""
"05/10/2025 11:45:00 - 05/10/2025 12:00:00","BZN|FR","Sequence Sequence 2","-0.99","",""
"05/10/2025 11:45:00 - 05/10/2025 12:00:00","BZN|FR","Without Sequence","-0.99","",""
"05/10/2025 12:00:00 - 05/10/2025 12:15:00","BZN|FR","Sequence Sequence 2","-0.10","",""
"05/10/2025 12:00:00 - 05/10/2025 12:15:00","BZN|FR","Without Sequence","-0.10","",""
"05/10/2025 12:15:00 - 05/10/2025 12:30:00","BZN|FR","Sequence Sequence 2","-1.00","",""
"05/10/2025 12:15:00 - 05/10/2025 12:30:00","BZN|FR","Without Sequence","-1.00","",""
"05/10/2025 12:30:00 - 05/10/2025 12:45:00","BZN|FR","Sequence Sequence 2","-1.06","",""
"05/10/2025 12:30:00 - 05/10/2025 12:45:00","BZN|FR","Without Sequence","-1.06","",""
"05/10/2025 12:45:00 - 05/10/2025 13:00:00","BZN|FR","Sequence Sequence 2","-1.80","",""
"05/10/2025 12:45:00 - 05/10/2025 13:00:00","BZN|FR","Without Sequence","-1.80","",""
"05/10/2025 13:00:00 - 05/10/2025 13:15:00","BZN|FR","Sequence Sequence 2","-2.02","",""
"05/10/2025 13:00:00 - 05/10/2025 13:15:00","BZN|FR","Without Sequence","-2.02","",""
"05/10/2025 13:15:00 - 05/10/2025 13:30:00","BZN|FR","Sequence Sequence 2","-2.10","",""
"05/10/2025 13:15:00 - 05/10/2025 13:30:00","BZN|FR","Without Sequence","-2.10","",""
"05/10/2025 13:30:00 - 05/10/2025 13:45:00","BZN|FR","Sequence Sequence 2","-2.27","",""
"05/10/2025 13:30:00 - 05/10/2025 13:45:00","BZN|FR","Without Sequence","-2.27","",""
"05/10/2025 13:45:00 - 05/10/2025 14:00:00","BZN|FR","Sequence Sequence 2","-2.50","",""
"05/10/2025 13:45:00 - 05/10/2025 14:00:00","BZN|FR","Without Sequence","-2.50","",""
"05/10/2025 14:00:00 - 05/10/2025 14:15:00","BZN|FR","Sequence Sequence 2","-2.64","",""
"05/10/2025 14:00:00 - 05/10/2025 14:15:00","BZN|FR","Without Sequence","-2.64","",""
"05/10/2025 14:15:00 - 05/10/2025 14:30:00","BZN|FR","Sequence Sequence 2","-2.57","",""
"05/10/2025 14:15:00 - 05/10/2025 14:30:00","BZN|FR","Without Sequence","-2.57","",""
"05/10/2025 14:30:00 - 05/10/2025 14:45:00","BZN|FR","Sequence Sequence 2","-2.50","",""
"05/10/2025 14:30:00 - 05/10/2025 14:45:00","BZN|FR","Without Sequence","-2.50","",""
"05/10/2025 14:45:00 - 05/10/2025 15:00:00","BZN|FR","Sequence Sequence 2","-2.10","",""
"05/10/2025 14:45:00 - 05/10/2025 15:00:00","BZN|FR","Without Sequence","-2.10","",""
"05/10/2025 15:00:00 - 05/10/2025 15:15:00","BZN|FR","Sequence Sequence 2","-2.10","",""
"05/10/2025 15:00:00 - 05/10/2025 15:15:00","BZN|FR","Without Sequence","-2.10","",""
"05/10/2025 15:15:00 - 05/10/2025 15:30:00","BZN|FR","Sequence Sequence 2","-1.51","",""
"05/10/2025 15:15:00 - 05/10/2025 15:30:00","BZN|FR","Without Sequence","-1.51","",""
"05/10/2025 15:30:00 - 05/10/2025 15:45:00","BZN|FR","Sequence Sequence 2","-0.57","",""
"05/10/2025 15:30:00 - 05/10/2025 15:45:00","BZN|FR","Without Sequence","-0.57","",""
"05/10/2025 15:45:00 - 05/10/2025 16:00:00","BZN|FR","Sequence Sequence 2","0.00","",""
"05/10/2025 15:45:00 - 05/10/2025 16:00:00","BZN|FR","Without Sequence","0.00","",""
"05/10/2025 16:00:00 - 05/10/2025 16:15:00","BZN|FR","Sequence Sequence 2","-0.99","",""
"05/10/2025 16:00:00 - 05/10/2025 16:15:00","BZN|FR","Without Sequence","-0.99","",""
"05/10/2025 16:15:00 - 05/10/2025 16:30:00","BZN|FR","Sequence Sequence 2","-0.10","",""
"05/10/2025 16:15:00 - 05/10/2025 16:30:00","BZN|FR","Without Sequence","-0.10","",""
"05/10/2025 16:30:00 - 05/10/2025 16:45:00","BZN|FR","Sequence Sequence 2","-0.01","",""
"05/10/2025 16:30:00 - 05/10/2025 16:45:00","BZN|FR","Without Sequence","-0.01","",""
"05/10/2025 16:45:00 - 05/10/2025 17:00:00","BZN|FR","Sequence Sequence 2","1.09","",""
"05/10/2025 16:45:00 - 05/10/2025 17:00:00","BZN|FR","Without Sequence","1.09","",""
"05/10/2025 17:00:00 - 05/10/2025 17:15:00","BZN|FR","Sequence Sequence 2","0.00","",""
"05/10/2025 17:00:00 - 05/10/2025 17:15:00","BZN|FR","Without Sequence","0.00","",""
"05/10/2025 17:15:00 - 05/10/2025 17:30:00","BZN|FR","Sequence Sequence 2","2.26","",""
"05/10/2025 17:15:00 - 05/10/2025 17:30:00","BZN|FR","Without Sequence","2.26","",""
"05/10/2025 17:30:00 - 05/10/2025 17:45:00","BZN|FR","Sequence Sequence 2","9.87","",""
"05/10/2025 17:30:00 - 05/10/2025 17:45:00","BZN|FR","Without Sequence","9.87","",""
"05/10/2025 17:45:00 - 05/10/2025 18:00:00","BZN|FR","Sequence Sequence 2","22.60","",""
"05/10/2025 17:45:00 - 05/10/2025 18:00:00","BZN|FR","Without Sequence","22.60","",""
"05/10/2025 18:00:00 - 05/10/2025 18:15:00","BZN|FR","Sequence Sequence 2","13.97","",""
"05/10/2025 18:00:00 - 05/10/2025 18:15:00","BZN|FR","Without Sequence","13.97","",""
"05/10/2025 18:15:00 - 05/10/2025 18:30:00","BZN|FR","Sequence Sequence 2","21.07","",""
"05/10/2025 18:15:00 - 05/10/2025 18:30:00","BZN|FR","Without Sequence","21.07","",""
"05/10/2025 18:30:00 - 05/10/2025 18:45:00","BZN|FR","Sequence Sequence 2","32.18","",""
"05/10/2025 18:30:00 - 05/10/2025 18:45:00","BZN|FR","Without Sequence","32.18","",""
"05/10/2025 18:45:00 - 05/10/2025 19:00:00","BZN|FR","Sequence Sequence 2","42.70","",""
"05/10/2025 18:45:00 - 05/10/2025 19:00:00","BZN|FR","Without Sequence","42.70","",""
"05/10/2025 19:00:00 - 05/10/2025 19:15:00","BZN|FR","Sequence Sequence 2","35.01","",""
"05/10/2025 19:00:00 - 05/10/2025 19:15:00","BZN|FR","Without Sequence","35.01","",""
"05/10/2025 19:15:00 - 05/10/2025 19:30:00","BZN|FR","Sequence Sequence 2","44.20","",""
"05/10/2025 19:15:00 - 05/10/2025 19:30:00","BZN|FR","Without Sequence","44.20","",""
"05/10/2025 19:30:00 - 05/10/2025 19:45:00","BZN|FR","Sequence Sequence 2","58.44","",""
"05/10/2025 19:30:00 - 05/10/2025 19:45:00","BZN|FR","Without Sequence","58.44","",""
"05/10/2025 19:45:00 - 05/10/2025 20:00:00","BZN|FR","Sequence Sequence 2","72.05","",""
"05/10/2025 19:45:00 - 05/10/2025 20:00:00","BZN|FR","Without Sequence","72.05","",""
"05/10/2025 20:00:00 - 05/10/2025 20:15:00","BZN|FR","Sequence Sequence 2","64.92","",""
"05/10/2025 20:00:00 - 05/10/2025 20:15:00","BZN|FR","Without Sequence","64.92","",""
"05/10/2025 20:15:00 - 05/10/2025 20:30:00","BZN|FR","Sequence Sequence 2","52.46","",""
"05/10/2025 20:15:00 - 05/10/2025 20:30:00","BZN|FR","Without Sequence","52.46","",""
"05/10/2025 20:30:00 - 05/10/2025 20:45:00","BZN|FR","Sequence Sequence 2","37.99","",""
"05/10/2025 20:30:00 - 05/10/2025 20:45:00","BZN|FR","Without Sequence","37.99","",""
"05/10/2025 20:45:00 - 05/10/2025 21:00:00","BZN|FR","Sequence Sequence 2","18.52","",""
"05/10/2025 20:45:00 - 05/10/2025 21:00:00","BZN|FR","Without Sequence","18.52","",""
"05/10/2025 21:00:00 - 05/10/2025 21:15:00","BZN|FR","Sequence Sequence 2","43.49","",""
"05/10/2025 21:00:00 - 05/10/2025 21:15:00","BZN|FR","Without Sequence","43.49","",""
"05/10/2025 21:15:00 - 05/10/2025 21:30:00","BZN|FR","Sequence Sequence 2","34.24","",""
"05/10/2025 21:15:00 - 05/10/2025 21:30:00","BZN|FR","Without Sequence","34.24","",""
"05/10/2025 21:30:00 - 05/10/2025 21:45:00","BZN|FR","Sequence Sequence 2","27.55","",""
"05/10/2025 21:30:00 - 05/10/2025 21:45:00","BZN|FR","Without Sequence","27.55","",""
"05/10/2025 21:45:00 - 05/10/2025 22:00:00","BZN|FR","Sequence Sequence 2","19.97","",""
"05/10/2025 21:45:00 - 05/10/2025 22:00:00","BZN|FR","Without Sequence","19.97","",""
"05/10/2025 22:00:00 - 05/10/2025 22:15:00","BZN|FR","Sequence Sequence 2","32.88","",""
"05/10/2025 22:00:00 - 05/10/2025 22:15:00","BZN|FR","Without Sequence","32.88","",""
"05/10/2025 22:15:00 - 05/10/2025 22:30:00","BZN|FR","Sequence Sequence 2","27.35","",""
"05/10/2025 22:15:00 - 05/10/2025 22:30:00","BZN|FR","Without Sequence","27.35","",""
"05/10/2025 22:30:00 - 05/10/2025 22:45:00","BZN|FR","Sequence Sequence 2","40.50","",""
"05/10/2025 22:30:00 - 05/10/2025 22:45:00","BZN|FR","Without Sequence","40.50","",""
"05/10/2025 22:45:00 - 05/10/2025 23:00:00","BZN|FR","Sequence Sequence 2","27.41","",""
"05/10/2025 22:45:00 - 05/10/2025 23:00:00","BZN|FR","Without Sequence","27.41","",""
"05/10/2025 23:00:00 - 05/10/2025 23:15:00","BZN|FR","Sequence Sequence 2","38.53","",""
"05/10/2025 23:00:00 - 05/10/2025 23:15:00","BZN|FR","Without Sequence","38.53","",""
"05/10/2025 23:15:00 - 05/10/2025 23:30:00","BZN|FR","Sequence Sequence 2","21.54","",""
"05/10/2025 23:15:00 - 05/10/2025 23:30:00","BZN|FR","Without Sequence","21.54","",""
"05/10/2025 23:30:00 - 05/10/2025 23:45:00","BZN|FR","Sequence Sequence 2","23.22","",""
"05/10/2025 23:30:00 - 05/10/2025 23:45:00","BZN|FR","Without Sequence","23.22","",""
"05/10/2025 23:45:00 - 06/10/2025 00:00:00","BZN|FR","Sequence Sequence 2","9.84","",""
"05/10/2025 23:45:00 - 06/10/2025 00:00:00","BZN|FR","Without Sequence","9.84","",""
"06/10/2025 00:00:00 - 06/10/2025 00:15:00","BZN|FR","Sequence Sequence 2","37.64","",""
"06/10/2025 00:00:00 - 06/10/2025 00:15:00","BZN|FR","Without Sequence","37.64","",""
"06/10/2025 00:15:00 - 06/10/2025 00:30:00","BZN|FR","Sequence Sequence 2","29.98","",""
"06/10/2025 00:15:00 - 06/10/2025 00:30:00","BZN|FR","Without Sequence","29.98","",""
"06/10/2025 00:30:00 - 06/10/2025 00:45:00","BZN|FR","Sequence Sequence 2","20.20","",""
"06/10/2025 00:30:00 - 06/10/2025 00:45:00","BZN|FR","Without Sequence","20.20","",""
"06/10/2025 00:45:00 - 06/10/2025 01:00:00","BZN|FR","Sequence Sequence 2","20.00","",""
"06/10/2025 00:45:00 - 06/10/2025 01:00:00","BZN|FR","Without Sequence","20.00","",""
"06/10/2025 01:00:00 - 06/10/2025 01:15:00","BZN|FR","Sequence Sequence 2","22.24","",""
"06/10/2025 01:00:00 - 06/10/2025 01:15:00","BZN|FR","Without Sequence","22.24","",""
"06/10/2025 01:15:00 - 06/10/2025 01:30:00","BZN|FR","Sequence Sequence 2","18.99","",""
"06/10/2025 01:15:00 - 06/10/2025 01:30:00","BZN|FR","Without Sequence","18.99","",""
"06/10/2025 01:30:00 - 06/10/2025 01:45:00","BZN|FR","Sequence Sequence 2","18.26","",""
"06/10/2025 01:30:00 - 06/10/2025 01:45:00","BZN|FR","Without Sequence","18.26","",""
"06/10/2025 01:45:00 - 06/10/2025 02:00:00","BZN|FR","Sequence Sequence 2","15.61","",""
"06/10/2025 01:45:00 - 06/10/2025 02:00:00","BZN|FR","Without Sequence","15.61","",""
"06/10/2025 02:00:00 - 06/10/2025 02:15:00","BZN|FR","Sequence Sequence 2","15.11","",""
"06/10/2025 02:00:00 - 06/10/2025 02:15:00","BZN|FR","Without Sequence","15.11","",""
"06/10/2025 02:15:00 - 06/10/2025 02:30:00","BZN|FR","Sequence Sequence 2","16.03","",""
"06/10/2025 02:15:00 - 06/10/2025 02:30:00","BZN|FR","Without Sequence","16.03","",""
"06/10/2025 02:30:00 - 06/10/2025 02:45:00","BZN|FR","Sequence Sequence 2","16.60","",""
"06/10/2025 02:30:00 - 06/10/2025 02:45:00","BZN|FR","Without Sequence","16.60","",""
"06/10/2025 02:45:00 - 06/10/2025 03:00:00","BZN|FR","Sequence Sequence 2","15.20","",""
"06/10/2025 02:45:00 - 06/10/2025 03:00:00","BZN|FR","Without Sequence","15.20","",""
"06/10/2025 03:00:00 - 06/10/2025 03:15:00","BZN|FR","Sequence Sequence 2","16.06","",""
"06/10/2025 03:00:00 - 06/10/2025 03:15:00","BZN|FR","Without Sequence","16.06","",""
"06/10/2025 03:15:00 - 06/10/2025 03:30:00","BZN|FR","Sequence Sequence 2","15.62","",""
"06/10/2025 03:15:00 - 06/10/2025 03:30:00","BZN|FR","Without Sequence","15.62","",""
"06/10/2025 03:30:00 - 06/10/2025 03:45:00","BZN|FR","Sequence Sequence 2","15.77","",""
"06/10/2025 03:30:00 - 06/10/2025 03:45:00","BZN|FR","Without Sequence","15.77","",""
"06/10/2025 03:45:00 - 06/10/2025 04:00:00","BZN|FR","Sequence Sequence 2","16.33","",""
"06/10/2025 03:45:00 - 06/10/2025 04:00:00","BZN|FR","Without Sequence","16.33","",""
"06/10/2025 04:00:00 - 06/10/2025 04:15:00","BZN|FR","Sequence Sequence 2","15.01","",""
"06/10/2025 04:00:00 - 06/10/2025 04:15:00","BZN|FR","Without Sequence","15.01","",""
"06/10/2025 04:15:00 - 06/10/2025 04:30:00","BZN|FR","Sequence Sequence 2","21.80","",""
"06/10/2025 04:15:00 - 06/10/2025 04:30:00","BZN|FR","Without Sequence","21.80","",""
"06/10/2025 04:30:00 - 06/10/2025 04:45:00","BZN|FR","Sequence Sequence 2","21.95","",""
"06/10/2025 04:30:00 - 06/10/2025 04:45:00","BZN|FR","Without Sequence","21.95","",""
"06/10/2025 04:45:00 - 06/10/2025 05:00:00","BZN|FR","Sequence Sequence 2","24.83","",""
"06/10/2025 04:45:00 - 06/10/2025 05:00:00","BZN|FR","Without Sequence","24.83","",""
"06/10/2025 05:00:00 - 06/10/2025 05:15:00","BZN|FR","Sequence Sequence 2","12.17","",""
"06/10/2025 05:00:00 - 06/10/2025 05:15:00","BZN|FR","Without Sequence","12.17","",""
"06/10/2025 05:15:00 - 06/10/2025 05:30:00","BZN|FR","Sequence Sequence 2","13.68","",""
"06/10/2025 05:15:00 - 06/10/2025 05:30:00","BZN|FR","Without Sequence","13.68","",""
"06/10/2025 05:30:00 - 06/10/2025 05:45:00","BZN|FR","Sequence Sequence 2","26.38","",""
"06/10/2025 05:30:00 - 06/10/2025 05:45:00","BZN|FR","Without Sequence","26.38","",""
"06/10/2025 05:45:00 - 06/10/2025 06:00:00","BZN|FR","Sequence Sequence 2","54.10","",""
"06/10/2025 05:45:00 - 06/10/2025 06:00:00","BZN|FR","Without Sequence","54.10","",""
"06/10/2025 06:00:00 - 06/10/2025 06:15:00","BZN|FR","Sequence Sequence 2","25.30","",""
"06/10/2025 06:00:00 - 06/10/2025 06:15:00","BZN|FR","Without Sequence","25.30","",""
"06/10/2025 06:15:00 - 06/10/2025 06:30:00","BZN|FR","Sequence Sequence 2","81.68","",""
"06/10/2025 06:15:00 - 06/10/2025 06:30:00","BZN|FR","Without Sequence","81.68","",""
"06/10/2025 06:30:00 - 06/10/2025 06:45:00","BZN|FR","Sequence Sequence 2","88.56","",""
"06/10/2025 06:30:00 - 06/10/2025 06:45:00","BZN|FR","Without Sequence","88.56","",""
"06/10/2025 06:45:00 - 06/10/2025 07:00:00","BZN|FR","Sequence Sequence 2","102.28","",""
"06/10/2025 06:45:00 - 06/10/2025 07:00:00","BZN|FR","Without Sequence","102.28","",""
"06/10/2025 07:00:00 - 06/10/2025 07:15:00","BZN|FR","Sequence Sequence 2","101.03","",""
"06/10/2025 07:00:00 - 06/10/2025 07:15:00","BZN|FR","Without Sequence","101.03","",""
"06/10/2025 07:15:00 - 06/10/2025 07:30:00","BZN|FR","Sequence Sequence 2","113.99","",""
"06/10/2025 07:15:00 - 06/10/2025 07:30:00","BZN|FR","Without Sequence","113.99","",""
"06/10/2025 07:30:00 - 06/10/2025 07:45:00","BZN|FR","Sequence Sequence 2","115.64","",""
"06/10/2025 07:30:00 - 06/10/2025 07:45:00","BZN|FR","Without Sequence","115.64","",""
"06/10/2025 07:45:00 - 06/10/2025 08:00:00","BZN|FR","Sequence Sequence 2","120.74","",""
"06/10/2025 07:45:00 - 06/10/2025 08:00:00","BZN|FR","Without Sequence","120.74","",""
"06/10/2025 08:00:00 - 06/10/2025 08:15:00","BZN|FR","Sequence Sequence 2","131.63","",""
"06/10/2025 08:00:00 - 06/10/2025 08:15:00","BZN|FR","Without Sequence","131.63","",""
"06/10/2025 08:15:00 - 06/10/2025 08:30:00","BZN|FR","Sequence Sequence 2","130.69","",""
"06/10/2025 08:15:00 - 06/10/2025 08:30:00","BZN|FR","Without Sequence","130.69","",""
"06/10/2025 08:30:00 - 06/10/2025 08:45:00","BZN|FR","Sequence Sequence 2","123.17","",""
"06/10/2025 08:30:00 - 06/10/2025 08:45:00","BZN|FR","Without Sequence","123.17","",""
"06/10/2025 08:45:00 - 06/10/2025 09:00:00","BZN|FR","Sequence Sequence 2","113.55","",""
"06/10/2025 08:45:00 - 06/10/2025 09:00:00","BZN|FR","Without Sequence","113.55","",""
"06/10/2025 09:00:00 - 06/10/2025 09:15:00","BZN|FR","Sequence Sequence 2","136.74","",""
"06/10/2025 09:00:00 - 06/10/2025 09:15:00","BZN|FR","Without Sequence","136.74","",""
"06/10/2025 09:15:00 - 06/10/2025 09:30:00","BZN|FR","Sequence Sequence 2","110.34","",""
"06/10/2025 09:15:00 - 06/10/2025 09:30:00","BZN|FR","Without Sequence","110.34","",""
"06/10/2025 09:30:00 - 06/10/2025 09:45:00","BZN|FR","Sequence Sequence 2","100.25","",""
"06/10/2025 09:30:00 - 06/10/2025 09:45:00","BZN|FR","Without Sequence","100.25","",""
"06/10/2025 09:45:00 - 06/10/2025 10:00:00","BZN|FR","Sequence Sequence 2","86.28","",""
"06/10/2025 09:45:00 - 06/10/2025 10:00:00","BZN|FR","Without Sequence","86.28","",""
"06/10/2025 10:00:00 - 06/10/2025 10:15:00","BZN|FR","Sequence Sequence 2","113.64","",""
"06/10/2025 10:00:00 - 06/10/2025 10:15:00","BZN|FR","Without Sequence","113.64","",""
"06/10/2025 10:15:00 - 06/10/2025 10:30:00","BZN|FR","Sequence Sequence 2","82.60","",""
"06/10/2025 10:15:00 - 06/10/2025 10:30:00","BZN|FR","Without Sequence","82.60","",""
"06/10/2025 10:30:00 - 06/10/2025 10:45:00","BZN|FR","Sequence Sequence 2","64.78","",""
"06/10/2025 10:30:00 - 06/10/2025 10:45:00","BZN|FR","Without Sequence","64.78","",""
"06/10/2025 10:45:00 - 06/10/2025 11:00:00","BZN|FR","Sequence Sequence 2","48.07","",""
"06/10/2025 10:45:00 - 06/10/2025 11:00:00","BZN|FR","Without Sequence","48.07","",""
"06/10/2025 11:00:00 - 06/10/2025 11:15:00","BZN|FR","Sequence Sequence 2","60.74","",""
"06/10/2025 11:00:00 - 06/10/2025 11:15:00","BZN|FR","Without Sequence","60.74","",""
"06/10/2025 11:15:00 - 06/10/2025 11:30:00","BZN|FR","Sequence Sequence 2","55.94","",""
"06/10/2025 11:15:00 - 06/10/2025 11:30:00","BZN|FR","Without Sequence","55.94","",""
"06/10/2025 11:30:00 - 06/10/2025 11:45:00","BZN|FR","Sequence Sequence 2","60.57","",""
"06/10/2025 11:30:00 - 06/10/2025 11:45:00","BZN|FR","Without Sequence","60.57","",""
"06/10/2025 11:45:00 - 06/10/2025 12:00:00","BZN|FR","Sequence Sequence 2","63.11","",""
"06/10/2025 11:45:00 - 06/10/2025 12:00:00","BZN|FR","Without Sequence","63.11","",""
"06/10/2025 12:00:00 - 06/10/2025 12:15:00","BZN|FR","Sequence Sequence 2","81.99","",""
"06/10/2025 12:00:00 - 06/10/2025 12:15:00","BZN|FR","Without Sequence","81.99","",""
"06/10/2025 12:15:00 - 06/10/2025 12:30:00","BZN|FR","Sequence Sequence 2","48.11","",""
"06/10/2025 12:15:00 - 06/10/2025 12:30:00","BZN|FR","Without Sequence","48.11","",""
"06/10/2025 12:30:00 - 06/10/2025 12:45:00","BZN|FR","Sequence Sequence 2","59.99","",""
"06/10/2025 12:30:00 - 06/10/2025 12:45:00","BZN|FR","Without Sequence","59.99","",""
"06/10/2025 12:45:00 - 06/10/2025 13:00:00","BZN|FR","Sequence Sequence 2","42.88","",""
"06/10/2025 12:45:00 - 06/10/2025 13:00:00","BZN|FR","Without Sequence","42.88","",""
"06/10/2025 13:00:00 - 06/10/2025 13:15:00","BZN|FR","Sequence Sequence 2","44.87","",""
"06/10/2025 13:00:00 - 06/10/2025 13:15:00","BZN|FR","Without Sequence","44.87","",""
"06/10/2025 13:15:00 - 06/10/2025 13:30:00","BZN|FR","Sequence Sequence 2","44.67","",""
"06/10/2025 13:15:00 - 06/10/2025 13:30:00","BZN|FR","Without Sequence","44.67","",""
"06/10/2025 13:30:00 - 06/10/2025 13:45:00","BZN|FR","Sequence Sequence 2","40.00","",""
"06/10/2025 13:30:00 - 06/10/2025 13:45:00","BZN|FR","Without Sequence","40.00","",""
"06/10/2025 13:45:00 - 06/10/2025 14:00:00","BZN|FR","Sequence Sequence 2","36.20","",""
"06/10/2025 13:45:00 - 06/10/2025 14:00:00","BZN|FR","Without Sequence","36.20","",""
"06/10/2025 14:00:00 - 06/10/2025 14:15:00","BZN|FR","Sequence Sequence 2","36.20","",""
"06/10/2025 14:00:00 - 06/10/2025 14:15:00","BZN|FR","Without Sequence","36.20","",""
"06/10/2025 14:15:00 - 06/10/2025 14:30:00","BZN|FR","Sequence Sequence 2","36.64","",""
"06/10/2025 14:15:00 - 06/10/2025 14:30:00","BZN|FR","Without Sequence","36.64","",""
"06/10/2025 14:30:00 - 06/10/2025 14:45:00","BZN|FR","Sequence Sequence 2","36.20","",""
"06/10/2025 14:30:00 - 06/10/2025 14:45:00","BZN|FR","Without Sequence","36.20","",""
"06/10/2025 14:45:00 - 06/10/2025 15:00:00","BZN|FR","Sequence Sequence 2","36.20","",""
"06/10/2025 14:45:00 - 06/10/2025 15:00:00","BZN|FR","Without Sequence","36.20","",""
"06/10/2025 15:00:00 - 06/10/2025 15:15:00","BZN|FR","Sequence Sequence 2","36.20","",""
"06/10/2025 15:00:00 - 06/10/2025 15:15:00","BZN|FR","Without Sequence","36.20","",""
"06/10/2025 15:15:00 - 06/10/2025 15:30:00","BZN|FR","Sequence Sequence 2","40.00","",""
"06/10/2025 15:15:00 - 06/10/2025 15:30:00","BZN|FR","Without Sequence","40.00","",""
"06/10/2025 15:30:00 - 06/10/2025 15:45:00","BZN|FR","Sequence Sequence 2","40.00","",""
"06/10/2025 15:30:00 - 06/10/2025 15:45:00","BZN|FR","Without Sequence","40.00","",""
"06/10/2025 15:45:00 - 06/10/2025 16:00:00","BZN|FR","Sequence Sequence 2","45.10","",""
"06/10/2025 15:45:00 - 06/10/2025 16:00:00","BZN|FR","Without Sequence","45.10","",""
"06/10/2025 16:00:00 - 06/10/2025 16:15:00","BZN|FR","Sequence Sequence 2","37.80","",""
"06/10/2025 16:00:00 - 06/10/2025 16:15:00","BZN|FR","Without Sequence","37.80","",""
"06/10/2025 16:15:00 - 06/10/2025 16:30:00","BZN|FR","Sequence Sequence 2","44.00","",""
"06/10/2025 16:15:00 - 06/10/2025 16:30:00","BZN|FR","Without Sequence","44.00","",""
"06/10/2025 16:30:00 - 06/10/2025 16:45:00","BZN|FR","Sequence Sequence 2","45.50","",""
"06/10/2025 16:30:00 - 06/10/2025 16:45:00","BZN|FR","Without Sequence","45.50","",""
"06/10/2025 16:45:00 - 06/10/2025 17:00:00","BZN|FR","Sequence Sequence 2","69.46","",""
"06/10/2025 16:45:00 - 06/10/2025 17:00:00","BZN|FR","Without Sequence","69.46","",""
"06/10/2025 17:00:00 - 06/10/2025 17:15:00","BZN|FR","Sequence Sequence 2","47.68","",""
"06/10/2025 17:00:00 - 06/10/2025 17:15:00","BZN|FR","Without Sequence","47.68","",""
"06/10/2025 17:15:00 - 06/10/2025 17:30:00","BZN|FR","Sequence Sequence 2","75.39","",""
"06/10/2025 17:15:00 - 06/10/2025 17:30:00","BZN|FR","Without Sequence","75.39","",""
"06/10/2025 17:30:00 - 06/10/2025 17:45:00","BZN|FR","Sequence Sequence 2","79.78","",""
"06/10/2025 17:30:00 - 06/10/2025 17:45:00","BZN|FR","Without Sequence","79.78","",""
"06/10/2025 17:45:00 - 06/10/2025 18:00:00","BZN|FR","Sequence Sequence 2","92.44","",""
"06/10/2025 17:45:00 - 06/10/2025 18:00:00","BZN|FR","Without Sequence","92.44","",""
"06/10/2025 18:00:00 - 06/10/2025 18:15:00","BZN|FR","Sequence Sequence 2","73.05","",""
"06/10/2025 18:00:00 - 06/10/2025 18:15:00","BZN|FR","Without Sequence","73.05","",""
"06/10/2025 18:15:00 - 06/10/2025 18:30:00","BZN|FR","Sequence Sequence 2","91.00","",""
"06/10/2025 18:15:00 - 06/10/2025 18:30:00","BZN|FR","Without Sequence","91.00","",""
"06/10/2025 18:30:00 - 06/10/2025 18:45:00","BZN|FR","Sequence Sequence 2","115.08","",""
"06/10/2025 18:30:00 - 06/10/2025 18:45:00","BZN|FR","Without Sequence","115.08","",""
"06/10/2025 18:45:00 - 06/10/2025 19:00:00","BZN|FR","Sequence Sequence 2","133.14","",""
"06/10/2025 18:45:00 - 06/10/2025 19:00:00","BZN|FR","Without Sequence","133.14","",""
"06/10/2025 19:00:00 - 06/10/2025 19:15:00","BZN|FR","Sequence Sequence 2","118.54","",""
"06/10/2025 19:00:00 - 06/10/2025 19:15:00","BZN|FR","Without Sequence","118.54","",""
"06/10/2025 19:15:00 - 06/10/2025 19:30:00","BZN|FR","Sequence Sequence 2","136.92","",""
"06/10/2025 19:15:00 - 06/10/2025 19:30:00","BZN|FR","Without Sequence","136.92","",""
"06/10/2025 19:30:00 - 06/10/2025 19:45:00","BZN|FR","Sequence Sequence 2","158.18","",""
"06/10/2025 19:30:00 - 06/10/2025 19:45:00","BZN|FR","Without Sequence","158.18","",""
"06/10/2025 19:45:00 - 06/10/2025 20:00:00","BZN|FR","Sequence Sequence 2","159.99","",""
"06/10/2025 19:45:00 - 06/10/2025 20:00:00","BZN|FR","Without Sequence","159.99","",""
"06/10/2025 20:00:00 - 06/10/2025 20:15:00","BZN|FR","Sequence Sequence 2","158.18","",""
"06/10/2025 20:00:00 - 06/10/2025 20:15:00","BZN|FR","Without Sequence","158.18","",""
"06/10/2025 20:15:00 - 06/10/2025 20:30:00","BZN|FR","Sequence Sequence 2","133.16","",""
"06/10/2025 20:15:00 - 06/10/2025 20:30:00","BZN|FR","Without Sequence","133.16","",""
"06/10/2025 20:30:00 - 06/10/2025 20:45:00","BZN|FR","Sequence Sequence 2","127.00","",""
"06/10/2025 20:30:00 - 06/10/2025 20:45:00","BZN|FR","Without Sequence","127.00","",""
"06/10/2025 20:45:00 - 06/10/2025 21:00:00","BZN|FR","Sequence Sequence 2","121.18","",""
"06/10/2025 20:45:00 - 06/10/2025 21:00:00","BZN|FR","Without Sequence","121.18","",""
"06/10/2025 21:00:00 - 06/10/2025 21:15:00","BZN|FR","Sequence Sequence 2","127.88","",""
"06/10/2025 21:00:00 - 06/10/2025 21:15:00","BZN|FR","Without Sequence","127.88","",""
"06/10/2025 21:15:00 - 06/10/2025 21:30:00","BZN|FR","Sequence Sequence 2","113.77","",""
"06/10/2025 21:15:00 - 06/10/2025 21:30:00","BZN|FR","Without Sequence","113.77","",""
"06/10/2025 21:30:00 - 06/10/2025 21:45:00","BZN|FR","Sequence Sequence 2","99.07","",""
"06/10/2025 21:30:00 - 06/10/2025 21:45:00","BZN|FR","Without Sequence","99.07","",""
"06/10/2025 21:45:00 - 06/10/2025 22:00:00","BZN|FR","Sequence Sequence 2","102.61","",""
"06/10/2025 21:45:00 - 06/10/2025 22:00:00","BZN|FR","Without Sequence","102.61","",""
"06/10/2025 22:00:00 - 06/10/2025 22:15:00","BZN|FR","Sequence Sequence 2","90.46","",""
"06/10/2025 22:00:00 - 06/10/2025 22:15:00","BZN|FR","Without Sequence","90.46","",""
"06/10/2025 22:15:00 - 06/10/2025 22:30:00","BZN|FR","Sequence Sequence 2","97.85","",""
"06/10/2025 22:15:00 - 06/10/2025 22:30:00","BZN|FR","Without Sequence","97.85","",""
"06/10/2025 22:30:00 - 06/10/2025 22:45:00","BZN|FR","Sequence Sequence 2","115.20","",""
"06/10/2025 22:30:00 - 06/10/2025 22:45:00","BZN|FR","Without Sequence","115.20","",""
"06/10/2025 22:45:00 - 06/10/2025 23:00:00","BZN|FR","Sequence Sequence 2","109.62","",""
"06/10/2025 22:45:00 - 06/10/2025 23:00:00","BZN|FR","Without Sequence","109.62","",""
"06/10/2025 23:00:00 - 06/10/2025 23:15:00","BZN|FR","Sequence Sequence 2","112.33","",""
"06/10/2025 23:00:00 - 06/10/2025 23:15:00","BZN|FR","Without Sequence","112.33","",""
"06/10/2025 23:15:00 - 06/10/2025 23:30:00","BZN|FR","Sequence Sequence 2","88.94","",""
"06/10/2025 23:15:00 - 06/10/2025 23:30:00","BZN|FR","Without Sequence","88.94","",""
"06/10/2025 23:30:00 - 06/10/2025 23:45:00","BZN|FR","Sequence Sequence 2","99.61","",""
"06/10/2025 23:30:00 - 06/10/2025 23:45:00","BZN|FR","Without Sequence","99.61","",""
"06/10/2025 23:45:00 - 07/10/2025 00:00:00","BZN|FR","Sequence Sequence 2","84.20","",""
"06/10/2025 23:45:00 - 07/10/2025 00:00:00","BZN|FR","Without Sequence","84.20","",""
"07/10/2025 00:00:00 - 07/10/2025 00:15:00","BZN|FR","Sequence Sequence 2","105.51","",""
"07/10/2025 00:00:00 - 07/10/2025 00:15:00","BZN|FR","Without Sequence","105.51","",""
"07/10/2025 00:15:00 - 07/10/2025 00:30:00","BZN|FR","Sequence Sequence 2","102.60","",""
"07/10/2025 00:15:00 - 07/10/2025 00:30:00","BZN|FR","Without Sequence","102.60","",""
"07/10/2025 00:30:00 - 07/10/2025 00:45:00","BZN|FR","Sequence Sequence 2","85.40","",""
"07/10/2025 00:30:00 - 07/10/2025 00:45:00","BZN|FR","Without Sequence","85.40","",""
"07/10/2025 00:45:00 - 07/10/2025 01:00:00","BZN|FR","Sequence Sequence 2","61.56","",""
"07/10/2025 00:45:00 - 07/10/2025 01:00:00","BZN|FR","Without Sequence","61.56","",""
"07/10/2025 01:00:00 - 07/10/2025 01:15:00","BZN|FR","Sequence Sequence 2","100.00","",""
"07/10/2025 01:00:00 - 07/10/2025 01:15:00","BZN|FR","Without Sequence","100.00","",""
"07/10/2025 01:15:00 - 07/10/2025 01:30:00","BZN|FR","Sequence Sequence 2","89.61","",""
"07/10/2025 01:15:00 - 07/10/2025 01:30:00","BZN|FR","Without Sequence","89.61","",""
"07/10/2025 01:30:00 - 07/10/2025 01:45:00","BZN|FR","Sequence Sequence 2","92.68","",""
"07/10/2025 01:30:00 - 07/10/2025 01:45:00","BZN|FR","Without Sequence","92.68","",""
"07/10/2025 01:45:00 - 07/10/2025 02:00:00","BZN|FR","Sequence Sequence 2","75.58","",""
"07/10/2025 01:45:00 - 07/10/2025 02:00:00","BZN|FR","Without Sequence","75.58","",""
"07/10/2025 02:00:00 - 07/10/2025 02:15:00","BZN|FR","Sequence Sequence 2","85.75","",""
"07/10/2025 02:00:00 - 07/10/2025 02:15:00","BZN|FR","Without Sequence","85.75","",""
"07/10/2025 02:15:00 - 07/10/2025 02:30:00","BZN|FR","Sequence Sequence 2","68.32","",""
"07/10/2025 02:15:00 - 07/10/2025 02:30:00","BZN|FR","Without Sequence","68.32","",""
"07/10/2025 02:30:00 - 07/10/2025 02:45:00","BZN|FR","Sequence Sequence 2","81.78","",""
"07/10/2025 02:30:00 - 07/10/2025 02:45:00","BZN|FR","Without Sequence","81.78","",""
"07/10/2025 02:45:00 - 07/10/2025 03:00:00","BZN|FR","Sequence Sequence 2","66.80","",""
"07/10/2025 02:45:00 - 07/10/2025 03:00:00","BZN|FR","Without Sequence","66.80","",""
"07/10/2025 03:00:00 - 07/10/2025 03:15:00","BZN|FR","Sequence Sequence 2","85.97","",""
"07/10/2025 03:00:00 - 07/10/2025 03:15:00","BZN|FR","Without Sequence","85.97","",""
"07/10/2025 03:15:00 - 07/10/2025 03:30:00","BZN|FR","Sequence Sequence 2","78.11","",""
"07/10/2025 03:15:00 - 07/10/2025 03:30:00","BZN|FR","Without Sequence","78.11","",""
"07/10/2025 03:30:00 - 07/10/2025 03:45:00","BZN|FR","Sequence Sequence 2","79.12","",""
"07/10/2025 03:30:00 - 07/10/2025 03:45:00","BZN|FR","Without Sequence","79.12","",""
"07/10/2025 03:45:00 - 07/10/2025 04:00:00","BZN|FR","Sequence Sequence 2","70.18","",""
"07/10/2025 03:45:00 - 07/10/2025 04:00:00","BZN|FR","Without Sequence","70.18","",""
"07/10/2025 04:00:00 - 07/10/2025 04:15:00","BZN|FR","Sequence Sequence 2","73.11","",""
"07/10/2025 04:00:00 - 07/10/2025 04:15:00","BZN|FR","Without Sequence","73.11","",""
"07/10/2025 04:15:00 - 07/10/2025 04:30:00","BZN|FR","Sequence Sequence 2","71.75","",""
"07/10/2025 04:15:00 - 07/10/2025 04:30:00","BZN|FR","Without Sequence","71.75","",""
"07/10/2025 04:30:00 - 07/10/2025 04:45:00","BZN|FR","Sequence Sequence 2","78.86","",""
"07/10/2025 04:30:00 - 07/10/2025 04:45:00","BZN|FR","Without Sequence","78.86","",""
"07/10/2025 04:45:00 - 07/10/2025 05:00:00","BZN|FR","Sequence Sequence 2","74.16","",""
"07/10/2025 04:45:00 - 07/10/2025 05:00:00","BZN|FR","Without Sequence","74.16","",""
"07/10/2025 05:00:00 - 07/10/2025 05:15:00","BZN|FR","Sequence Sequence 2","71.84","",""
"07/10/2025 05:00:00 - 07/10/2025 05:15:00","BZN|FR","Without Sequence","71.84","",""
"07/10/2025 05:15:00 - 07/10/2025 05:30:00","BZN|FR","Sequence Sequence 2","79.10","",""
"07/10/2025 05:15:00 - 07/10/2025 05:30:00","BZN|FR","Without Sequence","79.10","",""
"07/10/2025 05:30:00 - 07/10/2025 05:45:00","BZN|FR","Sequence Sequence 2","86.97","",""
"07/10/2025 05:30:00 - 07/10/2025 05:45:00","BZN|FR","Without Sequence","86.97","",""
"07/10/2025 05:45:00 - 07/10/2025 06:00:00","BZN|FR","Sequence Sequence 2","99.48","",""
"07/10/2025 05:45:00 - 07/10/2025 06:00:00","BZN|FR","Without Sequence","99.48","",""
"07/10/2025 06:00:00 - 07/10/2025 06:15:00","BZN|FR","Sequence Sequence 2","104.57","",""
"07/10/2025 06:00:00 - 07/10/2025 06:15:00","BZN|FR","Without Sequence","104.57","",""
"07/10/2025 06:15:00 - 07/10/2025 06:30:00","BZN|FR","Sequence Sequence 2","108.09","",""
"07/10/2025 06:15:00 - 07/10/2025 06:30:00","BZN|FR","Without Sequence","108.09","",""
"07/10/2025 06:30:00 - 07/10/2025 06:45:00","BZN|FR","Sequence Sequence 2","87.92","",""
"07/10/2025 06:30:00 - 07/10/2025 06:45:00","BZN|FR","Without Sequence","87.92","",""
"07/10/2025 06:45:00 - 07/10/2025 07:00:00","BZN|FR","Sequence Sequence 2","93.34","",""
"07/10/2025 06:45:00 - 07/10/2025 07:00:00","BZN|FR","Without Sequence","93.34","",""
"07/10/2025 07:00:00 - 07/10/2025 07:15:00","BZN|FR","Sequence Sequence 2","112.55","",""
"07/10/2025 07:00:00 - 07/10/2025 07:15:00","BZN|FR","Without Sequence","112.55","",""
"07/10/2025 07:15:00 - 07/10/2025 07:30:00","BZN|FR","Sequence Sequence 2","117.88","",""
"07/10/2025 07:15:00 - 07/10/2025 07:30:00","BZN|FR","Without Sequence","117.88","",""
"07/10/2025 07:30:00 - 07/10/2025 07:45:00","BZN|FR","Sequence Sequence 2","124.50","",""
"07/10/2025 07:30:00 - 07/10/2025 07:45:00","BZN|FR","Without Sequence","124.50","",""
"07/10/2025 07:45:00 - 07/10/2025 08:00:00","BZN|FR","Sequence Sequence 2","129.12","",""
"07/10/2025 07:45:00 - 07/10/2025 08:00:00","BZN|FR","Without Sequence","129.12","",""
"07/10/2025 08:00:00 - 07/10/2025 08:15:00","BZN|FR","Sequence Sequence 2","150.55","",""
"07/10/2025 08:00:00 - 07/10/2025 08:15:00","BZN|FR","Without Sequence","150.55","",""
"07/10/2025 08:15:00 - 07/10/2025 08:30:00","BZN|FR","Sequence Sequence 2","135.79","",""
"07/10/2025 08:15:00 - 07/10/2025 08:30:00","BZN|FR","Without Sequence","135.79","",""
"07/10/2025 08:30:00 - 07/10/2025 08:45:00","BZN|FR","Sequence Sequence 2","126.92","",""
"07/10/2025 08:30:00 - 07/10/2025 08:45:00","BZN|FR","Without Sequence","126.92","",""
"07/10/2025 08:45:00 - 07/10/2025 09:00:00","BZN|FR","Sequence Sequence 2","116.00","",""
"07/10/2025 08:45:00 - 07/10/2025 09:00:00","BZN|FR","Without Sequence","116.00","",""
"07/10/2025 09:00:00 - 07/10/2025 09:15:00","BZN|FR","Sequence Sequence 2","161.42","",""
"07/10/2025 09:00:00 - 07/10/2025 09:15:00","BZN|FR","Without Sequence","161.42","",""
"07/10/2025 09:15:00 - 07/10/2025 09:30:00","BZN|FR","Sequence Sequence 2","119.77","",""
"07/10/2025 09:15:00 - 07/10/2025 09:30:00","BZN|FR","Without Sequence","119.77","",""
"07/10/2025 09:30:00 - 07/10/2025 09:45:00","BZN|FR","Sequence Sequence 2","107.67","",""
"07/10/2025 09:30:00 - 07/10/2025 09:45:00","BZN|FR","Without Sequence","107.67","",""
"07/10/2025 09:45:00 - 07/10/2025 10:00:00","BZN|FR","Sequence Sequence 2","83.54","",""
"07/10/2025 09:45:00 - 07/10/2025 10:00:00","BZN|FR","Without Sequence","83.54","",""
"07/10/2025 10:00:00 - 07/10/2025 10:15:00","BZN|FR","Sequence Sequence 2","96.93","",""
"07/10/2025 10:00:00 - 07/10/2025 10:15:00","BZN|FR","Without Sequence","96.93","",""
"07/10/2025 10:15:00 - 07/10/2025 10:30:00","BZN|FR","Sequence Sequence 2","78.72","",""
"07/10/2025 10:15:00 - 07/10/2025 10:30:00","BZN|FR","Without Sequence","78.72","",""
"07/10/2025 10:30:00 - 07/10/2025 10:45:00","BZN|FR","Sequence Sequence 2","67.81","",""
"07/10/2025 10:30:00 - 07/10/2025 10:45:00","BZN|FR","Without Sequence","67.81","",""
"07/10/2025 10:45:00 - 07/10/2025 11:00:00","BZN|FR","Sequence Sequence 2","60.10","",""
"07/10/2025 10:45:00 - 07/10/2025 11:00:00","BZN|FR","Without Sequence","60.10","",""
"07/10/2025 11:00:00 - 07/10/2025 11:15:00","BZN|FR","Sequence Sequence 2","66.33","",""
"07/10/2025 11:00:00 - 07/10/2025 11:15:00","BZN|FR","Without Sequence","66.33","",""
"07/10/2025 11:15:00 - 07/10/2025 11:30:00","BZN|FR","Sequence Sequence 2","57.12","",""
"07/10/2025 11:15:00 - 07/10/2025 11:30:00","BZN|FR","Without Sequence","57.12","",""
"07/10/2025 11:30:00 - 07/10/2025 11:45:00","BZN|FR","Sequence Sequence 2","45.00","",""
"07/10/2025 11:30:00 - 07/10/2025 11:45:00","BZN|FR","Without Sequence","45.00","",""
"07/10/2025 11:45:00 - 07/10/2025 12:00:00","BZN|FR","Sequence Sequence 2","38.60","",""
"07/10/2025 11:45:00 - 07/10/2025 12:00:00","BZN|FR","Without Sequence","38.60","",""
"07/10/2025 12:00:00 - 07/10/2025 12:15:00","BZN|FR","Sequence Sequence 2","58.78","",""
"07/10/2025 12:00:00 - 07/10/2025 12:15:00","BZN|FR","Without Sequence","58.78","",""
"07/10/2025 12:15:00 - 07/10/2025 12:30:00","BZN|FR","Sequence Sequence 2","50.73","",""
"07/10/2025 12:15:00 - 07/10/2025 12:30:00","BZN|FR","Without Sequence","50.73","",""
"07/10/2025 12:30:00 - 07/10/2025 12:45:00","BZN|FR","Sequence Sequence 2","49.00","",""
"07/10/2025 12:30:00 - 07/10/2025 12:45:00","BZN|FR","Without Sequence","49.00","",""
"07/10/2025 12:45:00 - 07/10/2025 13:00:00","BZN|FR","Sequence Sequence 2","45.00","",""
"07/10/2025 12:45:00 - 07/10/2025 13:00:00","BZN|FR","Without Sequence","45.00","",""
"07/10/2025 13:00:00 - 07/10/2025 13:15:00","BZN|FR","Sequence Sequence 2","45.00","",""
"07/10/2025 13:00:00 - 07/10/2025 13:15:00","BZN|FR","Without Sequence","45.00","",""
"07/10/2025 13:15:00 - 07/10/2025 13:30:00","BZN|FR","Sequence Sequence 2","43.42","",""
"07/10/2025 13:15:00 - 07/10/2025 13:30:00","BZN|FR","Without Sequence","43.42","",""
"07/10/2025 13:30:00 - 07/10/2025 13:45:00","BZN|FR","Sequence Sequence 2","40.00","",""
"07/10/2025 13:30:00 - 07/10/2025 13:45:00","BZN|FR","Without Sequence","40.00","",""
"07/10/2025 13:45:00 - 07/10/2025 14:00:00","BZN|FR","Sequence Sequence 2","37.20","",""
"07/10/2025 13:45:00 - 07/10/2025 14:00:00","BZN|FR","Without Sequence","37.20","",""
"07/10/2025 14:00:00 - 07/10/2025 14:15:00","BZN|FR","Sequence Sequence 2","37.20","",""
"07/10/2025 14:00:00 - 07/10/2025 14:15:00","BZN|FR","Without Sequence","37.20","",""
"07/10/2025 14:15:00 - 07/10/2025 14:30:00","BZN|FR","Sequence Sequence 2","35.75","",""
"07/10/2025 14:15:00 - 07/10/2025 14:30:00","BZN|FR","Without Sequence","35.75","",""
"07/10/2025 14:30:00 - 07/10/2025 14:45:00","BZN|FR","Sequence Sequence 2","36.83","",""
"07/10/2025 14:30:00 - 07/10/2025 14:45:00","BZN|FR","Without Sequence","36.83","",""
"07/10/2025 14:45:00 - 07/10/2025 15:00:00","BZN|FR","Sequence Sequence 2","39.58","",""
"07/10/2025 14:45:00 - 07/10/2025 15:00:00","BZN|FR","Without Sequence","39.58","",""
"07/10/2025 15:00:00 - 07/10/2025 15:15:00","BZN|FR","Sequence Sequence 2","37.20","",""
"07/10/2025 15:00:00 - 07/10/2025 15:15:00","BZN|FR","Without Sequence","37.20","",""
"07/10/2025 15:15:00 - 07/10/2025 15:30:00","BZN|FR","Sequence Sequence 2","40.20","",""
"07/10/2025 15:15:00 - 07/10/2025 15:30:00","BZN|FR","Without Sequence","40.20","",""
"07/10/2025 15:30:00 - 07/10/2025 15:45:00","BZN|FR","Sequence Sequence 2","45.00","",""
"07/10/2025 15:30:00 - 07/10/2025 15:45:00","BZN|FR","Without Sequence","45.00","",""
"07/10/2025 15:45:00 - 07/10/2025 16:00:00","BZN|FR","Sequence Sequence 2","48.84","",""
"07/10/2025 15:45:00 - 07/10/2025 16:00:00","BZN|FR","Without Sequence","48.84","",""
"07/10/2025 16:00:00 - 07/10/2025 16:15:00","BZN|FR","Sequence Sequence 2","44.25","",""
"07/10/2025 16:00:00 - 07/10/2025 16:15:00","BZN|FR","Without Sequence","44.25","",""
"07/10/2025 16:15:00 - 07/10/2025 16:30:00","BZN|FR","Sequence Sequence 2","49.00","",""
"07/10/2025 16:15:00 - 07/10/2025 16:30:00","BZN|FR","Without Sequence","49.00","",""
"07/10/2025 16:30:00 - 07/10/2025 16:45:00","BZN|FR","Sequence Sequence 2","59.00","",""
"07/10/2025 16:30:00 - 07/10/2025 16:45:00","BZN|FR","Without Sequence","59.00","",""
"07/10/2025 16:45:00 - 07/10/2025 17:00:00","BZN|FR","Sequence Sequence 2","67.55","",""
"07/10/2025 16:45:00 - 07/10/2025 17:00:00","BZN|FR","Without Sequence","67.55","",""
"07/10/2025 17:00:00 - 07/10/2025 17:15:00","BZN|FR","Sequence Sequence 2","60.10","",""
"07/10/2025 17:00:00 - 07/10/2025 17:15:00","BZN|FR","Without Sequence","60.10","",""
"07/10/2025 17:15:00 - 07/10/2025 17:30:00","BZN|FR","Sequence Sequence 2","67.81","",""
"07/10/2025 17:15:00 - 07/10/2025 17:30:00","BZN|FR","Without Sequence","67.81","",""
"07/10/2025 17:30:00 - 07/10/2025 17:45:00","BZN|FR","Sequence Sequence 2","81.20","",""
"07/10/2025 17:30:00 - 07/10/2025 17:45:00","BZN|FR","Without Sequence","81.20","",""
"07/10/2025 17:45:00 - 07/10/2025 18:00:00","BZN|FR","Sequence Sequence 2","101.76","",""
"07/10/2025 17:45:00 - 07/10/2025 18:00:00","BZN|FR","Without Sequence","101.76","",""
"07/10/2025 18:00:00 - 07/10/2025 18:15:00","BZN|FR","Sequence Sequence 2","84.22","",""
"07/10/2025 18:00:00 - 07/10/2025 18:15:00","BZN|FR","Without Sequence","84.22","",""
"07/10/2025 18:15:00 - 07/10/2025 18:30:00","BZN|FR","Sequence Sequence 2","104.57","",""
"07/10/2025 18:15:00 - 07/10/2025 18:30:00","BZN|FR","Without Sequence","104.57","",""
"07/10/2025 18:30:00 - 07/10/2025 18:45:00","BZN|FR","Sequence Sequence 2","115.80","",""
"07/10/2025 18:30:00 - 07/10/2025 18:45:00","BZN|FR","Without Sequence","115.80","",""
"07/10/2025 18:45:00 - 07/10/2025 19:00:00","BZN|FR","Sequence Sequence 2","154.86","",""
"07/10/2025 18:45:00 - 07/10/2025 19:00:00","BZN|FR","Without Sequence","154.86","",""
"07/10/2025 19:00:00 - 07/10/2025 19:15:00","BZN|FR","Sequence Sequence 2","118.73","",""
"07/10/2025 19:00:00 - 07/10/2025 19:15:00","BZN|FR","Without Sequence","118.73","",""
"07/10/2025 19:15:00 - 07/10/2025 19:30:00","BZN|FR","Sequence Sequence 2","148.42","",""
"07/10/2025 19:15:00 - 07/10/2025 19:30:00","BZN|FR","Without Sequence","148.42","",""
"07/10/2025 19:30:00 - 07/10/2025 19:45:00","BZN|FR","Sequence Sequence 2","170.13","",""
"07/10/2025 19:30:00 - 07/10/2025 19:45:00","BZN|FR","Without Sequence","170.13","",""
"07/10/2025 19:45:00 - 07/10/2025 20:00:00","BZN|FR","Sequence Sequence 2","180.81","",""
"07/10/2025 19:45:00 - 07/10/2025 20:00:00","BZN|FR","Without Sequence","180.81","",""
"07/10/2025 20:00:00 - 07/10/2025 20:15:00","BZN|FR","Sequence Sequence 2","175.00","",""
"07/10/2025 20:00:00 - 07/10/2025 20:15:00","BZN|FR","Without Sequence","175.00","",""
"07/10/2025 20:15:00 - 07/10/2025 20:30:00","BZN|FR","Sequence Sequence 2","158.89","",""
"07/10/2025 20:15:00 - 07/10/2025 20:30:00","BZN|FR","Without Sequence","158.89","",""
"07/10/2025 20:30:00 - 07/10/2025 20:45:00","BZN|FR","Sequence Sequence 2","131.01","",""
"07/10/2025 20:30:00 - 07/10/2025 20:45:00","BZN|FR","Without Sequence","131.01","",""
"07/10/2025 20:45:00 - 07/10/2025 21:00:00","BZN|FR","Sequence Sequence 2","117.00","",""
"07/10/2025 20:45:00 - 07/10/2025 21:00:00","BZN|FR","Without Sequence","117.00","",""
"07/10/2025 21:00:00 - 07/10/2025 21:15:00","BZN|FR","Sequence Sequence 2","147.22","",""
"07/10/2025 21:00:00 - 07/10/2025 21:15:00","BZN|FR","Without Sequence","147.22","",""
"07/10/2025 21:15:00 - 07/10/2025 21:30:00","BZN|FR","Sequence Sequence 2","129.01","",""
"07/10/2025 21:15:00 - 07/10/2025 21:30:00","BZN|FR","Without Sequence","129.01","",""
"07/10/2025 21:30:00 - 07/10/2025 21:45:00","BZN|FR","Sequence Sequence 2","112.79","",""
"07/10/2025 21:30:00 - 07/10/2025 21:45:00","BZN|FR","Without Sequence","112.79","",""
"07/10/2025 21:45:00 - 07/10/2025 22:00:00","BZN|FR","Sequence Sequence 2","103.95","",""
"07/10/2025 21:45:00 - 07/10/2025 22:00:00","BZN|FR","Without Sequence","103.95","",""
"07/10/2025 22:00:00 - 07/10/2025 22:15:00","BZN|FR","Sequence Sequence 2","116.35","",""
"07/10/2025 22:00:00 - 07/10/2025 22:15:00","BZN|FR","Without Sequence","116.35","",""
"07/10/2025 22:15:00 - 07/10/2025 22:30:00","BZN|FR","Sequence Sequence 2","111.87","",""
"07/10/2025 22:15:00 - 07/10/2025 22:30:00","BZN|FR","Without Sequence","111.87","",""
"07/10/2025 22:30:00 - 07/10/2025 22:45:00","BZN|FR","Sequence Sequence 2","106.10","",""
"07/10/2025 22:30:00 - 07/10/2025 22:45:00","BZN|FR","Without Sequence","106.10","",""
"07/10/2025 22:45:00 - 07/10/2025 23:00:00","BZN|FR","Sequence Sequence 2","95.37","",""
"07/10/2025 22:45:00 - 07/10/2025 23:00:00","BZN|FR","Without Sequence","95.37","",""
"07/10/2025 23:00:00 - 07/10/2025 23:15:00","BZN|FR","Sequence Sequence 2","107.82","",""
"07/10/2025 23:00:00 - 07/10/2025 23:15:00","BZN|FR","Without Sequence","107.82","",""
"07/10/2025 23:15:00 - 07/10/2025 23:30:00","BZN|FR","Sequence Sequence 2","98.43","",""
"07/10/2025 23:15:00 - 07/10/2025 23:30:00","BZN|FR","Without Sequence","98.43","",""
"07/10/2025 23:30:00 - 07/10/2025 23:45:00","BZN|FR","Sequence Sequence 2","93.57","",""
"07/10/2025 23:30:00 - 07/10/2025 23:45:00","BZN|FR","Without Sequence","93.57","",""
"07/10/2025 23:45:00 - 08/10/2025 00:00:00","BZN|FR","Sequence Sequence 2","90.11","",""
"07/10/2025 23:45:00 - 08/10/2025 00:00:00","BZN|FR","Without Sequence","90.11","",""
"08/10/2025 00:00:00 - 08/10/2025 00:15:00","BZN|FR","Sequence Sequence 2","101.74","",""
"08/10/2025 00:00:00 - 08/10/2025 00:15:00","BZN|FR","Without Sequence","101.74","",""
"08/10/2025 00:15:00 - 08/10/2025 00:30:00","BZN|FR","Sequence Sequence 2","91.40","",""
"08/10/2025 00:15:00 - 08/10/2025 00:30:00","BZN|FR","Without Sequence","91.40","",""
"08/10/2025 00:30:00 - 08/10/2025 00:45:00","BZN|FR","Sequence Sequence 2","91.47","",""
"08/10/2025 00:30:00 - 08/10/2025 00:45:00","BZN|FR","Without Sequence","91.47","",""
"08/10/2025 00:45:00 - 08/10/2025 01:00:00","BZN|FR","Sequence Sequence 2","89.20","",""
"08/10/2025 00:45:00 - 08/10/2025 01:00:00","BZN|FR","Without Sequence","89.20","",""
"08/10/2025 01:00:00 - 08/10/2025 01:15:00","BZN|FR","Sequence Sequence 2","91.85","",""
"08/10/2025 01:00:00 - 08/10/2025 01:15:00","BZN|FR","Without Sequence","91.85","",""
"08/10/2025 01:15:00 - 08/10/2025 01:30:00","BZN|FR","Sequence Sequence 2","89.07","",""
"08/10/2025 01:15:00 - 08/10/2025 01:30:00","BZN|FR","Without Sequence","89.07","",""
"08/10/2025 01:30:00 - 08/10/2025 01:45:00","BZN|FR","Sequence Sequence 2","87.33","",""
"08/10/2025 01:30:00 - 08/10/2025 01:45:00","BZN|FR","Without Sequence","87.33","",""
"08/10/2025 01:45:00 - 08/10/2025 02:00:00","BZN|FR","Sequence Sequence 2","85.50","",""
"08/10/2025 01:45:00 - 08/10/2025 02:00:00","BZN|FR","Without Sequence","85.50","",""
"08/10/2025 02:00:00 - 08/10/2025 02:15:00","BZN|FR","Sequence Sequence 2","89.21","",""
"08/10/2025 02:00:00 - 08/10/2025 02:15:00","BZN|FR","Without Sequence","89.21","",""
"08/10/2025 02:15:00 - 08/10/2025 02:30:00","BZN|FR","Sequence Sequence 2","88.14","",""
"08/10/2025 02:15:00 - 08/10/2025 02:30:00","BZN|FR","Without Sequence","88.14","",""
"08/10/2025 02:30:00 - 08/10/2025 02:45:00","BZN|FR","Sequence Sequence 2","86.99","",""
"08/10/2025 02:30:00 - 08/10/2025 02:45:00","BZN|FR","Without Sequence","86.99","",""
"08/10/2025 02:45:00 - 08/10/2025 03:00:00","BZN|FR","Sequence Sequence 2","85.90","",""
"08/10/2025 02:45:00 - 08/10/2025 03:00:00","BZN|FR","Without Sequence","85.90","",""
"08/10/2025 03:00:00 - 08/10/2025 03:15:00","BZN|FR","Sequence Sequence 2","85.41","",""
"08/10/2025 03:00:00 - 08/10/2025 03:15:00","BZN|FR","Without Sequence","85.41","",""
"08/10/2025 03:15:00 - 08/10/2025 03:30:00","BZN|FR","Sequence Sequence 2","70.46","",""
"08/10/2025 03:15:00 - 08/10/2025 03:30:00","BZN|FR","Without Sequence","70.46","",""
"08/10/2025 03:30:00 - 08/10/2025 03:45:00","BZN|FR","Sequence Sequence 2","86.98","",""
"08/10/2025 03:30:00 - 08/10/2025 03:45:00","BZN|FR","Without Sequence","86.98","",""
"08/10/2025 03:45:00 - 08/10/2025 04:00:00","BZN|FR","Sequence Sequence 2","81.78","",""
"08/10/2025 03:45:00 - 08/10/2025 04:00:00","BZN|FR","Without Sequence","81.78","",""
"08/10/2025 04:00:00 - 08/10/2025 04:15:00","BZN|FR","Sequence Sequence 2","85.66","",""
"08/10/2025 04:00:00 - 08/10/2025 04:15:00","BZN|FR","Without Sequence","85.66","",""
"08/10/2025 04:15:00 - 08/10/2025 04:30:00","BZN|FR","Sequence Sequence 2","68.01","",""
"08/10/2025 04:15:00 - 08/10/2025 04:30:00","BZN|FR","Without Sequence","68.01","",""
"08/10/2025 04:30:00 - 08/10/2025 04:45:00","BZN|FR","Sequence Sequence 2","66.52","",""
"08/10/2025 04:30:00 - 08/10/2025 04:45:00","BZN|FR","Without Sequence","66.52","",""
"08/10/2025 04:45:00 - 08/10/2025 05:00:00","BZN|FR","Sequence Sequence 2","79.36","",""
"08/10/2025 04:45:00 - 08/10/2025 05:00:00","BZN|FR","Without Sequence","79.36","",""
"08/10/2025 05:00:00 - 08/10/2025 05:15:00","BZN|FR","Sequence Sequence 2","86.98","",""
"08/10/2025 05:00:00 - 08/10/2025 05:15:00","BZN|FR","Without Sequence","86.98","",""
"08/10/2025 05:15:00 - 08/10/2025 05:30:00","BZN|FR","Sequence Sequence 2","93.28","",""
"08/10/2025 05:15:00 - 08/10/2025 05:30:00","BZN|FR","Without Sequence","93.28","",""
"08/10/2025 05:30:00 - 08/10/2025 05:45:00","BZN|FR","Sequence Sequence 2","58.64","",""
"08/10/2025 05:30:00 - 08/10/2025 05:45:00","BZN|FR","Without Sequence","58.64","",""
"08/10/2025 05:45:00 - 08/10/2025 06:00:00","BZN|FR","Sequence Sequence 2","73.10","",""
"08/10/2025 05:45:00 - 08/10/2025 06:00:00","BZN|FR","Without Sequence","73.10","",""
"08/10/2025 06:00:00 - 08/10/2025 06:15:00","BZN|FR","Sequence Sequence 2","92.99","",""
"08/10/2025 06:00:00 - 08/10/2025 06:15:00","BZN|FR","Without Sequence","92.99","",""
"08/10/2025 06:15:00 - 08/10/2025 06:30:00","BZN|FR","Sequence Sequence 2","87.43","",""
"08/10/2025 06:15:00 - 08/10/2025 06:30:00","BZN|FR","Without Sequence","87.43","",""
"08/10/2025 06:30:00 - 08/10/2025 06:45:00","BZN|FR","Sequence Sequence 2","106.94","",""
"08/10/2025 06:30:00 - 08/10/2025 06:45:00","BZN|FR","Without Sequence","106.94","",""
"08/10/2025 06:45:00 - 08/10/2025 07:00:00","BZN|FR","Sequence Sequence 2","111.80","",""
"08/10/2025 06:45:00 - 08/10/2025 07:00:00","BZN|FR","Without Sequence","111.80","",""
"08/10/2025 07:00:00 - 08/10/2025 07:15:00","BZN|FR","Sequence Sequence 2","99.41","",""
"08/10/2025 07:00:00 - 08/10/2025 07:15:00","BZN|FR","Without Sequence","99.41","",""
"08/10/2025 07:15:00 - 08/10/2025 07:30:00","BZN|FR","Sequence Sequence 2","121.28","",""
"08/10/2025 07:15:00 - 08/10/2025 07:30:00","BZN|FR","Without Sequence","121.28","",""
"08/10/2025 07:30:00 - 08/10/2025 07:45:00","BZN|FR","Sequence Sequence 2","134.79","",""
"08/10/2025 07:30:00 - 08/10/2025 07:45:00","BZN|FR","Without Sequence","134.79","",""
"08/10/2025 07:45:00 - 08/10/2025 08:00:00","BZN|FR","Sequence Sequence 2","146.52","",""
"08/10/2025 07:45:00 - 08/10/2025 08:00:00","BZN|FR","Without Sequence","146.52","",""
"08/10/2025 08:00:00 - 08/10/2025 08:15:00","BZN|FR","Sequence Sequence 2","188.82","",""
"08/10/2025 08:00:00 - 08/10/2025 08:15:00","BZN|FR","Without Sequence","188.82","",""
"08/10/2025 08:15:00 - 08/10/2025 08:30:00","BZN|FR","Sequence Sequence 2","160.79","",""
"08/10/2025 08:15:00 - 08/10/2025 08:30:00","BZN|FR","Without Sequence","160.79","",""
"08/10/2025 08:30:00 - 08/10/2025 08:45:00","BZN|FR","Sequence Sequence 2","145.94","",""
"08/10/2025 08:30:00 - 08/10/2025 08:45:00","BZN|FR","Without Sequence","145.94","",""
"08/10/2025 08:45:00 - 08/10/2025 09:00:00","BZN|FR","Sequence Sequence 2","121.52","",""
"08/10/2025 08:45:00 - 08/10/2025 09:00:00","BZN|FR","Without Sequence","121.52","",""
"08/10/2025 09:00:00 - 08/10/2025 09:15:00","BZN|FR","Sequence Sequence 2","133.41","",""
"08/10/2025 09:00:00 - 08/10/2025 09:15:00","BZN|FR","Without Sequence","133.41","",""
"08/10/2025 09:15:00 - 08/10/2025 09:30:00","BZN|FR","Sequence Sequence 2","111.80","",""
"08/10/2025 09:15:00 - 08/10/2025 09:30:00","BZN|FR","Without Sequence","111.80","",""
"08/10/2025 09:30:00 - 08/10/2025 09:45:00","BZN|FR","Sequence Sequence 2","102.20","",""
"08/10/2025 09:30:00 - 08/10/2025 09:45:00","BZN|FR","Without Sequence","102.20","",""
"08/10/2025 09:45:00 - 08/10/2025 10:00:00","BZN|FR","Sequence Sequence 2","92.00","",""
"08/10/2025 09:45:00 - 08/10/2025 10:00:00","BZN|FR","Without Sequence","92.00","",""
"08/10/2025 10:00:00 - 08/10/2025 10:15:00","BZN|FR","Sequence Sequence 2","110.22","",""
"08/10/2025 10:00:00 - 08/10/2025 10:15:00","BZN|FR","Without Sequence","110.22","",""
"08/10/2025 10:15:00 - 08/10/2025 10:30:00","BZN|FR","Sequence Sequence 2","102.20","",""
"08/10/2025 10:15:00 - 08/10/2025 10:30:00","BZN|FR","Without Sequence","102.20","",""
"08/10/2025 10:30:00 - 08/10/2025 10:45:00","BZN|FR","Sequence Sequence 2","97.86","",""
"08/10/2025 10:30:00 - 08/10/2025 10:45:00","BZN|FR","Without Sequence","97.86","",""
"08/10/2025 10:45:00 - 08/10/2025 11:00:00","BZN|FR","Sequence Sequence 2","81.83","",""
"08/10/2025 10:45:00 - 08/10/2025 11:00:00","BZN|FR","Without Sequence","81.83","",""
"08/10/2025 11:00:00 - 08/10/2025 11:15:00","BZN|FR","Sequence Sequence 2","100.62","",""
"08/10/2025 11:00:00 - 08/10/2025 11:15:00","BZN|FR","Without Sequence","100.62","",""
"08/10/2025 11:15:00 - 08/10/2025 11:30:00","BZN|FR","Sequence Sequence 2","85.00","",""
"08/10/2025 11:15:00 - 08/10/2025 11:30:00","BZN|FR","Without Sequence","85.00","",""
"08/10/2025 11:30:00 - 08/10/2025 11:45:00","BZN|FR","Sequence Sequence 2","70.00","",""
"08/10/2025 11:30:00 - 08/10/2025 11:45:00","BZN|FR","Without Sequence","70.00","",""
"08/10/2025 11:45:00 - 08/10/2025 12:00:00","BZN|FR","Sequence Sequence 2","63.33","",""
"08/10/2025 11:45:00 - 08/10/2025 12:00:00","BZN|FR","Without Sequence","63.33","",""
"08/10/2025 12:00:00 - 08/10/2025 12:15:00","BZN|FR","Sequence Sequence 2","80.77","",""
"08/10/2025 12:00:00 - 08/10/2025 12:15:00","BZN|FR","Without Sequence","80.77","",""
"08/10/2025 12:15:00 - 08/10/2025 12:30:00","BZN|FR","Sequence Sequence 2","76.49","",""
"08/10/2025 12:15:00 - 08/10/2025 12:30:00","BZN|FR","Without Sequence","76.49","",""
"08/10/2025 12:30:00 - 08/10/2025 12:45:00","BZN|FR","Sequence Sequence 2","75.00","",""
"08/10/2025 12:30:00 - 08/10/2025 12:45:00","BZN|FR","Without Sequence","75.00","",""
"08/10/2025 12:45:00 - 08/10/2025 13:00:00","BZN|FR","Sequence Sequence 2","72.50","",""
"08/10/2025 12:45:00 - 08/10/2025 13:00:00","BZN|FR","Without Sequence","72.50","",""
"08/10/2025 13:00:00 - 08/10/2025 13:15:00","BZN|FR","Sequence Sequence 2","75.39","",""
"08/10/2025 13:00:00 - 08/10/2025 13:15:00","BZN|FR","Without Sequence","75.39","",""
"08/10/2025 13:15:00 - 08/10/2025 13:30:00","BZN|FR","Sequence Sequence 2","70.58","",""
"08/10/2025 13:15:00 - 08/10/2025 13:30:00","BZN|FR","Without Sequence","70.58","",""
"08/10/2025 13:30:00 - 08/10/2025 13:45:00","BZN|FR","Sequence Sequence 2","63.50","",""
"08/10/2025 13:30:00 - 08/10/2025 13:45:00","BZN|FR","Without Sequence","63.50","",""
"08/10/2025 13:45:00 - 08/10/2025 14:00:00","BZN|FR","Sequence Sequence 2","63.33","",""
"08/10/2025 13:45:00 - 08/10/2025 14:00:00","BZN|FR","Without Sequence","63.33","",""
"08/10/2025 14:00:00 - 08/10/2025 14:15:00","BZN|FR","Sequence Sequence 2","65.23","",""
"08/10/2025 14:00:00 - 08/10/2025 14:15:00","BZN|FR","Without Sequence","65.23","",""
"08/10/2025 14:15:00 - 08/10/2025 14:30:00","BZN|FR","Sequence Sequence 2","64.80","",""
"08/10/2025 14:15:00 - 08/10/2025 14:30:00","BZN|FR","Without Sequence","64.80","",""
"08/10/2025 14:30:00 - 08/10/2025 14:45:00","BZN|FR","Sequence Sequence 2","63.12","",""
"08/10/2025 14:30:00 - 08/10/2025 14:45:00","BZN|FR","Without Sequence","63.12","",""
"08/10/2025 14:45:00 - 08/10/2025 15:00:00","BZN|FR","Sequence Sequence 2","65.15","",""
"08/10/2025 14:45:00 - 08/10/2025 15:00:00","BZN|FR","Without Sequence","65.15","",""
"08/10/2025 15:00:00 - 08/10/2025 15:15:00","BZN|FR","Sequence Sequence 2","59.84","",""
"08/10/2025 15:00:00 - 08/10/2025 15:15:00","BZN|FR","Without Sequence","59.84","",""
"08/10/2025 15:15:00 - 08/10/2025 15:30:00","BZN|FR","Sequence Sequence 2","62.20","",""
"08/10/2025 15:15:00 - 08/10/2025 15:30:00","BZN|FR","Without Sequence","62.20","",""
"08/10/2025 15:30:00 - 08/10/2025 15:45:00","BZN|FR","Sequence Sequence 2","64.36","",""
"08/10/2025 15:30:00 - 08/10/2025 15:45:00","BZN|FR","Without Sequence","64.36","",""
"08/10/2025 15:45:00 - 08/10/2025 16:00:00","BZN|FR","Sequence Sequence 2","80.00","",""
"08/10/2025 15:45:00 - 08/10/2025 16:00:00","BZN|FR","Without Sequence","80.00","",""
"08/10/2025 16:00:00 - 08/10/2025 16:15:00","BZN|FR","Sequence Sequence 2","47.78","",""
"08/10/2025 16:00:00 - 08/10/2025 16:15:00","BZN|FR","Without Sequence","47.78","",""
"08/10/2025 16:15:00 - 08/10/2025 16:30:00","BZN|FR","Sequence Sequence 2","51.00","",""
"08/10/2025 16:15:00 - 08/10/2025 16:30:00","BZN|FR","Without Sequence","51.00","",""
"08/10/2025 16:30:00 - 08/10/2025 16:45:00","BZN|FR","Sequence Sequence 2","68.90","",""
"08/10/2025 16:30:00 - 08/10/2025 16:45:00","BZN|FR","Without Sequence","68.90","",""
"08/10/2025 16:45:00 - 08/10/2025 17:00:00","BZN|FR","Sequence Sequence 2","99.69","",""
"08/10/2025 16:45:00 - 08/10/2025 17:00:00","BZN|FR","Without Sequence","99.69","",""
"08/10/2025 17:00:00 - 08/10/2025 17:15:00","BZN|FR","Sequence Sequence 2","60.68","",""
"08/10/2025 17:00:00 - 08/10/2025 17:15:00","BZN|FR","Without Sequence","60.68","",""
"08/10/2025 17:15:00 - 08/10/2025 17:30:00","BZN|FR","Sequence Sequence 2","84.32","",""
"08/10/2025 17:15:00 - 08/10/2025 17:30:00","BZN|FR","Without Sequence","84.32","",""
"08/10/2025 17:30:00 - 08/10/2025 17:45:00","BZN|FR","Sequence Sequence 2","103.54","",""
"08/10/2025 17:30:00 - 08/10/2025 17:45:00","BZN|FR","Without Sequence","103.54","",""
"08/10/2025 17:45:00 - 08/10/2025 18:00:00","BZN|FR","Sequence Sequence 2","115.20","",""
"08/10/2025 17:45:00 - 08/10/2025 18:00:00","BZN|FR","Without Sequence","115.20","",""
"08/10/2025 18:00:00 - 08/10/2025 18:15:00","BZN|FR","Sequence Sequence 2","65.00","",""
"08/10/2025 18:00:00 - 08/10/2025 18:15:00","BZN|FR","Without Sequence","65.00","",""
"08/10/2025 18:15:00 - 08/10/2025 18:30:00","BZN|FR","Sequence Sequence 2","86.05","",""
"08/10/2025 18:15:00 - 08/10/2025 18:30:00","BZN|FR","Without Sequence","86.05","",""
"08/10/2025 18:30:00 - 08/10/2025 18:45:00","BZN|FR","Sequence Sequence 2","102.20","",""
"08/10/2025 18:30:00 - 08/10/2025 18:45:00","BZN|FR","Without Sequence","102.20","",""
"08/10/2025 18:45:00 - 08/10/2025 19:00:00","BZN|FR","Sequence Sequence 2","168.67","",""
"08/10/2025 18:45:00 - 08/10/2025 19:00:00","BZN|FR","Without Sequence","168.67","",""
"08/10/2025 19:00:00 - 08/10/2025 19:15:00","BZN|FR","Sequence Sequence 2","111.60","",""
"08/10/2025 19:00:00 - 08/10/2025 19:15:00","BZN|FR","Without Sequence","111.60","",""
"08/10/2025 19:15:00 - 08/10/2025 19:30:00","BZN|FR","Sequence Sequence 2","153.51","",""
"08/10/2025 19:15:00 - 08/10/2025 19:30:00","BZN|FR","Without Sequence","153.51","",""
"08/10/2025 19:30:00 - 08/10/2025 19:45:00","BZN|FR","Sequence Sequence 2","180.46","",""
"08/10/2025 19:30:00 - 08/10/2025 19:45:00","BZN|FR","Without Sequence","180.46","",""
"08/10/2025 19:45:00 - 08/10/2025 20:00:00","BZN|FR","Sequence Sequence 2","175.00","",""
"08/10/2025 19:45:00 - 08/10/2025 20:00:00","BZN|FR","Without Sequence","175.00","",""
"08/10/2025 20:00:00 - 08/10/2025 20:15:00","BZN|FR","Sequence Sequence 2","158.93","",""
"08/10/2025 20:00:00 - 08/10/2025 20:15:00","BZN|FR","Without Sequence","158.93","",""
"08/10/2025 20:15:00 - 08/10/2025 20:30:00","BZN|FR","Sequence Sequence 2","150.05","",""
"08/10/2025 20:15:00 - 08/10/2025 20:30:00","BZN|FR","Without Sequence","150.05","",""
"08/10/2025 20:30:00 - 08/10/2025 20:45:00","BZN|FR","Sequence Sequence 2","128.49","",""
"08/10/2025 20:30:00 - 08/10/2025 20:45:00","BZN|FR","Without Sequence","128.49","",""
"08/10/2025 20:45:00 - 08/10/2025 21:00:00","BZN|FR","Sequence Sequence 2","118.73","",""
"08/10/2025 20:45:00 - 08/10/2025 21:00:00","BZN|FR","Without Sequence","118.73","",""
"08/10/2025 21:00:00 - 08/10/2025 21:15:00","BZN|FR","Sequence Sequence 2","120.28","",""
"08/10/2025 21:00:00 - 08/10/2025 21:15:00","BZN|FR","Without Sequence","120.28","",""
"08/10/2025 21:15:00 - 08/10/2025 21:30:00","BZN|FR","Sequence Sequence 2","108.28","",""
"08/10/2025 21:15:00 - 08/10/2025 21:30:00","BZN|FR","Without Sequence","108.28","",""
"08/10/2025 21:30:00 - 08/10/2025 21:45:00","BZN|FR","Sequence Sequence 2","85.89","",""
"08/10/2025 21:30:00 - 08/10/2025 21:45:00","BZN|FR","Without Sequence","85.89","",""
"08/10/2025 21:45:00 - 08/10/2025 22:00:00","BZN|FR","Sequence Sequence 2","97.83","",""
"08/10/2025 21:45:00 - 08/10/2025 22:00:00","BZN|FR","Without Sequence","97.83","",""
"08/10/2025 22:00:00 - 08/10/2025 22:15:00","BZN|FR","Sequence Sequence 2","86.61","",""
"08/10/2025 22:00:00 - 08/10/2025 22:15:00","BZN|FR","Without Sequence","86.61","",""
"08/10/2025 22:15:00 - 08/10/2025 22:30:00","BZN|FR","Sequence Sequence 2","85.26","",""
"08/10/2025 22:15:00 - 08/10/2025 22:30:00","BZN|FR","Without Sequence","85.26","",""
"08/10/2025 22:30:00 - 08/10/2025 22:45:00","BZN|FR","Sequence Sequence 2","105.01","",""
"08/10/2025 22:30:00 - 08/10/2025 22:45:00","BZN|FR","Without Sequence","105.01","",""
"08/10/2025 22:45:00 - 08/10/2025 23:00:00","BZN|FR","Sequence Sequence 2","97.93","",""
"08/10/2025 22:45:00 - 08/10/2025 23:00:00","BZN|FR","Without Sequence","97.93","",""
"08/10/2025 23:00:00 - 08/10/2025 23:15:00","BZN|FR","Sequence Sequence 2","75.78","",""
"08/10/2025 23:00:00 - 08/10/2025 23:15:00","BZN|FR","Without Sequence","75.78","",""
"08/10/2025 23:15:00 - 08/10/2025 23:30:00","BZN|FR","Sequence Sequence 2","99.79","",""
"08/10/2025 23:15:00 - 08/10/2025 23:30:00","BZN|FR","Without Sequence","99.79","",""
"08/10/2025 23:30:00 - 08/10/2025 23:45:00","BZN|FR","Sequence Sequence 2","95.48","",""
"08/10/2025 23:30:00 - 08/10/2025 23:45:00","BZN|FR","Without Sequence","95.48","",""
"08/10/2025 23:45:00 - 09/10/2025 00:00:00","BZN|FR","Sequence Sequence 2","90.00","",""
"08/10/2025 23:45:00 - 09/10/2025 00:00:00","BZN|FR","Without Sequence","90.00","",""
"09/10/2025 00:00:00 - 09/10/2025 00:15:00","BZN|FR","Sequence Sequence 2","101.03","",""
"09/10/2025 00:00:00 - 09/10/2025 00:15:00","BZN|FR","Without Sequence","101.03","",""
"09/10/2025 00:15:00 - 09/10/2025 00:30:00","BZN|FR","Sequence Sequence 2","100.01","",""
"09/10/2025 00:15:00 - 09/10/2025 00:30:00","BZN|FR","Without Sequence","100.01","",""
"09/10/2025 00:30:00 - 09/10/2025 00:45:00","BZN|FR","Sequence Sequence 2","88.00","",""
"09/10/2025 00:30:00 - 09/10/2025 00:45:00","BZN|FR","Without Sequence","88.00","",""
"09/10/2025 00:45:00 - 09/10/2025 01:00:00","BZN|FR","Sequence Sequence 2","80.42","",""
"09/10/2025 00:45:00 - 09/10/2025 01:00:00","BZN|FR","Without Sequence","80.42","",""
"09/10/2025 01:00:00 - 09/10/2025 01:15:00","BZN|FR","Sequence Sequence 2","88.00","",""
"09/10/2025 01:00:00 - 09/10/2025 01:15:00","BZN|FR","Without Sequence","88.00","",""
"09/10/2025 01:15:00 - 09/10/2025 01:30:00","BZN|FR","Sequence Sequence 2","80.42","",""
"09/10/2025 01:15:00 - 09/10/2025 01:30:00","BZN|FR","Without Sequence","80.42","",""
"09/10/2025 01:30:00 - 09/10/2025 01:45:00","BZN|FR","Sequence Sequence 2","80.40","",""
"09/10/2025 01:30:00 - 09/10/2025 01:45:00","BZN|FR","Without Sequence","80.40","",""
"09/10/2025 01:45:00 - 09/10/2025 02:00:00","BZN|FR","Sequence Sequence 2","75.00","",""
"09/10/2025 01:45:00 - 09/10/2025 02:00:00","BZN|FR","Without Sequence","75.00","",""
"09/10/2025 02:00:00 - 09/10/2025 02:15:00","BZN|FR","Sequence Sequence 2","83.41","",""
"09/10/2025 02:00:00 - 09/10/2025 02:15:00","BZN|FR","Without Sequence","83.41","",""
"09/10/2025 02:15:00 - 09/10/2025 02:30:00","BZN|FR","Sequence Sequence 2","80.42","",""
"09/10/2025 02:15:00 - 09/10/2025 02:30:00","BZN|FR","Without Sequence","80.42","",""
"09/10/2025 02:30:00 - 09/10/2025 02:45:00","BZN|FR","Sequence Sequence 2","79.40","",""
"09/10/2025 02:30:00 - 09/10/2025 02:45:00","BZN|FR","Without Sequence","79.40","",""
"09/10/2025 02:45:00 - 09/10/2025 03:00:00","BZN|FR","Sequence Sequence 2","72.55","",""
"09/10/2025 02:45:00 - 09/10/2025 03:00:00","BZN|FR","Without Sequence","72.55","",""
"09/10/2025 03:00:00 - 09/10/2025 03:15:00","BZN|FR","Sequence Sequence 2","75.20","",""
"09/10/2025 03:00:00 - 09/10/2025 03:15:00","BZN|FR","Without Sequence","75.20","",""
"09/10/2025 03:15:00 - 09/10/2025 03:30:00","BZN|FR","Sequence Sequence 2","70.00","",""
"09/10/2025 03:15:00 - 09/10/2025 03:30:00","BZN|FR","Without Sequence","70.00","",""
"09/10/2025 03:30:00 - 09/10/2025 03:45:00","BZN|FR","Sequence Sequence 2","69.22","",""
"09/10/2025 03:30:00 - 09/10/2025 03:45:00","BZN|FR","Without Sequence","69.22","",""
"09/10/2025 03:45:00 - 09/10/2025 04:00:00","BZN|FR","Sequence Sequence 2","65.00","",""
"09/10/2025 03:45:00 - 09/10/2025 04:00:00","BZN|FR","Without Sequence","65.00","",""
"09/10/2025 04:00:00 - 09/10/2025 04:15:00","BZN|FR","Sequence Sequence 2","65.00","",""
"09/10/2025 04:00:00 - 09/10/2025 04:15:00","BZN|FR","Without Sequence","65.00","",""
"09/10/2025 04:15:00 - 09/10/2025 04:30:00","BZN|FR","Sequence Sequence 2","65.00","",""
"09/10/2025 04:15:00 - 09/10/2025 04:30:00","BZN|FR","Without Sequence","65.00","",""
"09/10/2025 04:30:00 - 09/10/2025 04:45:00","BZN|FR","Sequence Sequence 2","65.00","",""
"09/10/2025 04:30:00 - 09/10/2025 04:45:00","BZN|FR","Without Sequence","65.00","",""
"09/10/2025 04:45:00 - 09/10/2025 05:00:00","BZN|FR","Sequence Sequence 2","67.32","",""
"09/10/2025 04:45:00 - 09/10/2025 05:00:00","BZN|FR","Without Sequence","67.32","",""
"09/10/2025 05:00:00 - 09/10/2025 05:15:00","BZN|FR","Sequence Sequence 2","60.50","",""
"09/10/2025 05:00:00 - 09/10/2025 05:15:00","BZN|FR","Without Sequence","60.50","",""
"09/10/2025 05:15:00 - 09/10/2025 05:30:00","BZN|FR","Sequence Sequence 2","64.50","",""
"09/10/2025 05:15:00 - 09/10/2025 05:30:00","BZN|FR","Without Sequence","64.50","",""
"09/10/2025 05:30:00 - 09/10/2025 05:45:00","BZN|FR","Sequence Sequence 2","70.00","",""
"09/10/2025 05:30:00 - 09/10/2025 05:45:00","BZN|FR","Without Sequence","70.00","",""
"09/10/2025 05:45:00 - 09/10/2025 06:00:00","BZN|FR","Sequence Sequence 2","78.88","",""
"09/10/2025 05:45:00 - 09/10/2025 06:00:00","BZN|FR","Without Sequence","78.88","",""
"09/10/2025 06:00:00 - 09/10/2025 06:15:00","BZN|FR","Sequence Sequence 2","75.84","",""
"09/10/2025 06:00:00 - 09/10/2025 06:15:00","BZN|FR","Without Sequence","75.84","",""
"09/10/2025 06:15:00 - 09/10/2025 06:30:00","BZN|FR","Sequence Sequence 2","80.42","",""
"09/10/2025 06:15:00 - 09/10/2025 06:30:00","BZN|FR","Without Sequence","80.42","",""
"09/10/2025 06:30:00 - 09/10/2025 06:45:00","BZN|FR","Sequence Sequence 2","89.83","",""
"09/10/2025 06:30:00 - 09/10/2025 06:45:00","BZN|FR","Without Sequence","89.83","",""
"09/10/2025 06:45:00 - 09/10/2025 07:00:00","BZN|FR","Sequence Sequence 2","97.02","",""
"09/10/2025 06:45:00 - 09/10/2025 07:00:00","BZN|FR","Without Sequence","97.02","",""
"09/10/2025 07:00:00 - 09/10/2025 07:15:00","BZN|FR","Sequence Sequence 2","94.00","",""
"09/10/2025 07:00:00 - 09/10/2025 07:15:00","BZN|FR","Without Sequence","94.00","",""
"09/10/2025 07:15:00 - 09/10/2025 07:30:00","BZN|FR","Sequence Sequence 2","100.01","",""
"09/10/2025 07:15:00 - 09/10/2025 07:30:00","BZN|FR","Without Sequence","100.01","",""
"09/10/2025 07:30:00 - 09/10/2025 07:45:00","BZN|FR","Sequence Sequence 2","105.37","",""
"09/10/2025 07:30:00 - 09/10/2025 07:45:00","BZN|FR","Without Sequence","105.37","",""
"09/10/2025 07:45:00 - 09/10/2025 08:00:00","BZN|FR","Sequence Sequence 2","108.13","",""
"09/10/2025 07:45:00 - 09/10/2025 08:00:00","BZN|FR","Without Sequence","108.13","",""
"09/10/2025 08:00:00 - 09/10/2025 08:15:00","BZN|FR","Sequence Sequence 2","131.04","",""
"09/10/2025 08:00:00 - 09/10/2025 08:15:00","BZN|FR","Without Sequence","131.04","",""
"09/10/2025 08:15:00 - 09/10/2025 08:30:00","BZN|FR","Sequence Sequence 2","126.16","",""
"09/10/2025 08:15:00 - 09/10/2025 08:30:00","BZN|FR","Without Sequence","126.16","",""
"09/10/2025 08:30:00 - 09/10/2025 08:45:00","BZN|FR","Sequence Sequence 2","112.71","",""
"09/10/2025 08:30:00 - 09/10/2025 08:45:00","BZN|FR","Without Sequence","112.71","",""
"09/10/2025 08:45:00 - 09/10/2025 09:00:00","BZN|FR","Sequence Sequence 2","106.36","",""
"09/10/2025 08:45:00 - 09/10/2025 09:00:00","BZN|FR","Without Sequence","106.36","",""
"09/10/2025 09:00:00 - 09/10/2025 09:15:00","BZN|FR","Sequence Sequence 2","165.50","",""
"09/10/2025 09:00:00 - 09/10/2025 09:15:00","BZN|FR","Without Sequence","165.50","",""
"09/10/2025 09:15:00 - 09/10/2025 09:30:00","BZN|FR","Sequence Sequence 2","104.59","",""
"09/10/2025 09:15:00 - 09/10/2025 09:30:00","BZN|FR","Without Sequence","104.59","",""
"09/10/2025 09:30:00 - 09/10/2025 09:45:00","BZN|FR","Sequence Sequence 2","99.05","",""
"09/10/2025 09:30:00 - 09/10/2025 09:45:00","BZN|FR","Without Sequence","99.05","",""
"09/10/2025 09:45:00 - 09/10/2025 10:00:00","BZN|FR","Sequence Sequence 2","75.00","",""
"09/10/2025 09:45:00 - 09/10/2025 10:00:00","BZN|FR","Without Sequence","75.00","",""
"09/10/2025 10:00:00 - 09/10/2025 10:15:00","BZN|FR","Sequence Sequence 2","108.05","",""
"09/10/2025 10:00:00 - 09/10/2025 10:15:00","BZN|FR","Without Sequence","108.05","",""
"09/10/2025 10:15:00 - 09/10/2025 10:30:00","BZN|FR","Sequence Sequence 2","88.82","",""
"09/10/2025 10:15:00 - 09/10/2025 10:30:00","BZN|FR","Without Sequence","88.82","",""
"09/10/2025 10:30:00 - 09/10/2025 10:45:00","BZN|FR","Sequence Sequence 2","87.38","",""
"09/10/2025 10:30:00 - 09/10/2025 10:45:00","BZN|FR","Without Sequence","87.38","",""
"09/10/2025 10:45:00 - 09/10/2025 11:00:00","BZN|FR","Sequence Sequence 2","75.00","",""
"09/10/2025 10:45:00 - 09/10/2025 11:00:00","BZN|FR","Without Sequence","75.00","",""
"09/10/2025 11:00:00 - 09/10/2025 11:15:00","BZN|FR","Sequence Sequence 2","106.52","",""
"09/10/2025 11:00:00 - 09/10/2025 11:15:00","BZN|FR","Without Sequence","106.52","",""
"09/10/2025 11:15:00 - 09/10/2025 11:30:00","BZN|FR","Sequence Sequence 2","81.30","",""
"09/10/2025 11:15:00 - 09/10/2025 11:30:00","BZN|FR","Without Sequence","81.30","",""
"09/10/2025 11:30:00 - 09/10/2025 11:45:00","BZN|FR","Sequence Sequence 2","82.03","",""
"09/10/2025 11:30:00 - 09/10/2025 11:45:00","BZN|FR","Without Sequence","82.03","",""
"09/10/2025 11:45:00 - 09/10/2025 12:00:00","BZN|FR","Sequence Sequence 2","64.96","",""
"09/10/2025 11:45:00 - 09/10/2025 12:00:00","BZN|FR","Without Sequence","64.96","",""
"09/10/2025 12:00:00 - 09/10/2025 12:15:00","BZN|FR","Sequence Sequence 2","100.33","",""
"09/10/2025 12:00:00 - 09/10/2025 12:15:00","BZN|FR","Without Sequence","100.33","",""
"09/10/2025 12:15:00 - 09/10/2025 12:30:00","BZN|FR","Sequence Sequence 2","84.41","",""
"09/10/2025 12:15:00 - 09/10/2025 12:30:00","BZN|FR","Without Sequence","84.41","",""
"09/10/2025 12:30:00 - 09/10/2025 12:45:00","BZN|FR","Sequence Sequence 2","69.94","",""
"09/10/2025 12:30:00 - 09/10/2025 12:45:00","BZN|FR","Without Sequence","69.94","",""
"09/10/2025 12:45:00 - 09/10/2025 13:00:00","BZN|FR","Sequence Sequence 2","45.70","",""
"09/10/2025 12:45:00 - 09/10/2025 13:00:00","BZN|FR","Without Sequence","45.70","",""
"09/10/2025 13:00:00 - 09/10/2025 13:15:00","BZN|FR","Sequence Sequence 2","64.09","",""
"09/10/2025 13:00:00 - 09/10/2025 13:15:00","BZN|FR","Without Sequence","64.09","",""
"09/10/2025 13:15:00 - 09/10/2025 13:30:00","BZN|FR","Sequence Sequence 2","58.19","",""
"09/10/2025 13:15:00 - 09/10/2025 13:30:00","BZN|FR","Without Sequence","58.19","",""
"09/10/2025 13:30:00 - 09/10/2025 13:45:00","BZN|FR","Sequence Sequence 2","32.96","",""
"09/10/2025 13:30:00 - 09/10/2025 13:45:00","BZN|FR","Without Sequence","32.96","",""
"09/10/2025 13:45:00 - 09/10/2025 14:00:00","BZN|FR","Sequence Sequence 2","38.28","",""
"09/10/2025 13:45:00 - 09/10/2025 14:00:00","BZN|FR","Without Sequence","38.28","",""
"09/10/2025 14:00:00 - 09/10/2025 14:15:00","BZN|FR","Sequence Sequence 2","77.77","",""
"09/10/2025 14:00:00 - 09/10/2025 14:15:00","BZN|FR","Without Sequence","77.77","",""
"09/10/2025 14:15:00 - 09/10/2025 14:30:00","BZN|FR","Sequence Sequence 2","49.76","",""
"09/10/2025 14:15:00 - 09/10/2025 14:30:00","BZN|FR","Without Sequence","49.76","",""
"09/10/2025 14:30:00 - 09/10/2025 14:45:00","BZN|FR","Sequence Sequence 2","29.98","",""
"09/10/2025 14:30:00 - 09/10/2025 14:45:00","BZN|FR","Without Sequence","29.98","",""
"09/10/2025 14:45:00 - 09/10/2025 15:00:00","BZN|FR","Sequence Sequence 2","30.96","",""
"09/10/2025 14:45:00 - 09/10/2025 15:00:00","BZN|FR","Without Sequence","30.96","",""
"09/10/2025 15:00:00 - 09/10/2025 15:15:00","BZN|FR","Sequence Sequence 2","21.67","",""
"09/10/2025 15:00:00 - 09/10/2025 15:15:00","BZN|FR","Without Sequence","21.67","",""
"09/10/2025 15:15:00 - 09/10/2025 15:30:00","BZN|FR","Sequence Sequence 2","30.94","",""
"09/10/2025 15:15:00 - 09/10/2025 15:30:00","BZN|FR","Without Sequence","30.94","",""
"09/10/2025 15:30:00 - 09/10/2025 15:45:00","BZN|FR","Sequence Sequence 2","41.10","",""
"09/10/2025 15:30:00 - 09/10/2025 15:45:00","BZN|FR","Without Sequence","41.10","",""
"09/10/2025 15:45:00 - 09/10/2025 16:00:00","BZN|FR","Sequence Sequence 2","71.49","",""
"09/10/2025 15:45:00 - 09/10/2025 16:00:00","BZN|FR","Without Sequence","71.49","",""
"09/10/2025 16:00:00 - 09/10/2025 16:15:00","BZN|FR","Sequence Sequence 2","13.65","",""
"09/10/2025 16:00:00 - 09/10/2025 16:15:00","BZN|FR","Without Sequence","13.65","",""
"09/10/2025 16:15:00 - 09/10/2025 16:30:00","BZN|FR","Sequence Sequence 2","23.47","",""
"09/10/2025 16:15:00 - 09/10/2025 16:30:00","BZN|FR","Without Sequence","23.47","",""
"09/10/2025 16:30:00 - 09/10/2025 16:45:00","BZN|FR","Sequence Sequence 2","60.47","",""
"09/10/2025 16:30:00 - 09/10/2025 16:45:00","BZN|FR","Without Sequence","60.47","",""
"09/10/2025 16:45:00 - 09/10/2025 17:00:00","BZN|FR","Sequence Sequence 2","93.41","",""
"09/10/2025 16:45:00 - 09/10/2025 17:00:00","BZN|FR","Without Sequence","93.41","",""
"09/10/2025 17:00:00 - 09/10/2025 17:15:00","BZN|FR","Sequence Sequence 2","17.19","",""
"09/10/2025 17:00:00 - 09/10/2025 17:15:00","BZN|FR","Without Sequence","17.19","",""
"09/10/2025 17:15:00 - 09/10/2025 17:30:00","BZN|FR","Sequence Sequence 2","64.54","",""
"09/10/2025 17:15:00 - 09/10/2025 17:30:00","BZN|FR","Without Sequence","64.54","",""
"09/10/2025 17:30:00 - 09/10/2025 17:45:00","BZN|FR","Sequence Sequence 2","75.00","",""
"09/10/2025 17:30:00 - 09/10/2025 17:45:00","BZN|FR","Without Sequence","75.00","",""
"09/10/2025 17:45:00 - 09/10/2025 18:00:00","BZN|FR","Sequence Sequence 2","111.82","",""
"09/10/2025 17:45:00 - 09/10/2025 18:00:00","BZN|FR","Without Sequence","111.82","",""
"09/10/2025 18:00:00 - 09/10/2025 18:15:00","BZN|FR","Sequence Sequence 2","75.86","",""
"09/10/2025 18:00:00 - 09/10/2025 18:15:00","BZN|FR","Without Sequence","75.86","",""
"09/10/2025 18:15:00 - 09/10/2025 18:30:00","BZN|FR","Sequence Sequence 2","79.60","",""
"09/10/2025 18:15:00 - 09/10/2025 18:30:00","BZN|FR","Without Sequence","79.60","",""
"09/10/2025 18:30:00 - 09/10/2025 18:45:00","BZN|FR","Sequence Sequence 2","125.61","",""
"09/10/2025 18:30:00 - 09/10/2025 18:45:00","BZN|FR","Without Sequence","125.61","",""
"09/10/2025 18:45:00 - 09/10/2025 19:00:00","BZN|FR","Sequence Sequence 2","123.32","",""
"09/10/2025 18:45:00 - 09/10/2025 19:00:00","BZN|FR","Without Sequence","123.32","",""
"09/10/2025 19:00:00 - 09/10/2025 19:15:00","BZN|FR","Sequence Sequence 2","124.64","",""
"09/10/2025 19:00:00 - 09/10/2025 19:15:00","BZN|FR","Without Sequence","124.64","",""
"09/10/2025 19:15:00 - 09/10/2025 19:30:00","BZN|FR","Sequence Sequence 2","129.11","",""
"09/10/2025 19:15:00 - 09/10/2025 19:30:00","BZN|FR","Without Sequence","129.11","",""
"09/10/2025 19:30:00 - 09/10/2025 19:45:00","BZN|FR","Sequence Sequence 2","125.24","",""
"09/10/2025 19:30:00 - 09/10/2025 19:45:00","BZN|FR","Without Sequence","125.24","",""
"09/10/2025 19:45:00 - 09/10/2025 20:00:00","BZN|FR","Sequence Sequence 2","120.20","",""
"09/10/2025 19:45:00 - 09/10/2025 20:00:00","BZN|FR","Without Sequence","120.20","",""
"09/10/2025 20:00:00 - 09/10/2025 20:15:00","BZN|FR","Sequence Sequence 2","122.29","",""
"09/10/2025 20:00:00 - 09/10/2025 20:15:00","BZN|FR","Without Sequence","122.29","",""
"09/10/2025 20:15:00 - 09/10/2025 20:30:00","BZN|FR","Sequence Sequence 2","117.20","",""
"09/10/2025 20:15:00 - 09/10/2025 20:30:00","BZN|FR","Without Sequence","117.20","",""
"09/10/2025 20:30:00 - 09/10/2025 20:45:00","BZN|FR","Sequence Sequence 2","111.79","",""
"09/10/2025 20:30:00 - 09/10/2025 20:45:00","BZN|FR","Without Sequence","111.79","",""
"09/10/2025 20:45:00 - 09/10/2025 21:00:00","BZN|FR","Sequence Sequence 2","106.55","",""
"09/10/2025 20:45:00 - 09/10/2025 21:00:00","BZN|FR","Without Sequence","106.55","",""
"09/10/2025 21:00:00 - 09/10/2025 21:15:00","BZN|FR","Sequence Sequence 2","109.81","",""
"09/10/2025 21:00:00 - 09/10/2025 21:15:00","BZN|FR","Without Sequence","109.81","",""
"09/10/2025 21:15:00 - 09/10/2025 21:30:00","BZN|FR","Sequence Sequence 2","104.59","",""
"09/10/2025 21:15:00 - 09/10/2025 21:30:00","BZN|FR","Without Sequence","104.59","",""
"09/10/2025 21:30:00 - 09/10/2025 21:45:00","BZN|FR","Sequence Sequence 2","99.54","",""
"09/10/2025 21:30:00 - 09/10/2025 21:45:00","BZN|FR","Without Sequence","99.54","",""
"09/10/2025 21:45:00 - 09/10/2025 22:00:00","BZN|FR","Sequence Sequence 2","90.32","",""
"09/10/2025 21:45:00 - 09/10/2025 22:00:00","BZN|FR","Without Sequence","90.32","",""
"09/10/2025 22:00:00 - 09/10/2025 22:15:00","BZN|FR","Sequence Sequence 2","101.37","",""
"09/10/2025 22:00:00 - 09/10/2025 22:15:00","BZN|FR","Without Sequence","101.37","",""
"09/10/2025 22:15:00 - 09/10/2025 22:30:00","BZN|FR","Sequence Sequence 2","94.94","",""
"09/10/2025 22:15:00 - 09/10/2025 22:30:00","BZN|FR","Without Sequence","94.94","",""
"09/10/2025 22:30:00 - 09/10/2025 22:45:00","BZN|FR","Sequence Sequence 2","93.76","",""
"09/10/2025 22:30:00 - 09/10/2025 22:45:00","BZN|FR","Without Sequence","93.76","",""
"09/10/2025 22:45:00 - 09/10/2025 23:00:00","BZN|FR","Sequence Sequence 2","90.20","",""
"09/10/2025 22:45:00 - 09/10/2025 23:00:00","BZN|FR","Without Sequence","90.20","",""
"09/10/2025 23:00:00 - 09/10/2025 23:15:00","BZN|FR","Sequence Sequence 2","102.72","",""
"09/10/2025 23:00:00 - 09/10/2025 23:15:00","BZN|FR","Without Sequence","102.72","",""
"09/10/2025 23:15:00 - 09/10/2025 23:30:00","BZN|FR","Sequence Sequence 2","97.98","",""
"09/10/2025 23:15:00 - 09/10/2025 23:30:00","BZN|FR","Without Sequence","97.98","",""
"09/10/2025 23:30:00 - 09/10/2025 23:45:00","BZN|FR","Sequence Sequence 2","89.83","",""
"09/10/2025 23:30:00 - 09/10/2025 23:45:00","BZN|FR","Without Sequence","89.83","",""
"09/10/2025 23:45:00 - 10/10/2025 00:00:00","BZN|FR","Sequence Sequence 2","80.42","",""
"09/10/2025 23:45:00 - 10/10/2025 00:00:00","BZN|FR","Without Sequence","80.42","",""
"10/10/2025 00:00:00 - 10/10/2025 00:15:00","BZN|FR","Sequence Sequence 2","98.23","",""
"10/10/2025 00:00:00 - 10/10/2025 00:15:00","BZN|FR","Without Sequence","98.23","",""
"10/10/2025 00:15:00 - 10/10/2025 00:30:00","BZN|FR","Sequence Sequence 2","90.01","",""
"10/10/2025 00:15:00 - 10/10/2025 00:30:00","BZN|FR","Without Sequence","90.01","",""
"10/10/2025 00:30:00 - 10/10/2025 00:45:00","BZN|FR","Sequence Sequence 2","86.63","",""
"10/10/2025 00:30:00 - 10/10/2025 00:45:00","BZN|FR","Without Sequence","86.63","",""
"10/10/2025 00:45:00 - 10/10/2025 01:00:00","BZN|FR","Sequence Sequence 2","81.20","",""
"10/10/2025 00:45:00 - 10/10/2025 01:00:00","BZN|FR","Without Sequence","81.20","",""
"10/10/2025 01:00:00 - 10/10/2025 01:15:00","BZN|FR","Sequence Sequence 2","90.89","",""
"10/10/2025 01:00:00 - 10/10/2025 01:15:00","BZN|FR","Without Sequence","90.89","",""
"10/10/2025 01:15:00 - 10/10/2025 01:30:00","BZN|FR","Sequence Sequence 2","84.50","",""
"10/10/2025 01:15:00 - 10/10/2025 01:30:00","BZN|FR","Without Sequence","84.50","",""
"10/10/2025 01:30:00 - 10/10/2025 01:45:00","BZN|FR","Sequence Sequence 2","83.50","",""
"10/10/2025 01:30:00 - 10/10/2025 01:45:00","BZN|FR","Without Sequence","83.50","",""
"10/10/2025 01:45:00 - 10/10/2025 02:00:00","BZN|FR","Sequence Sequence 2","81.17","",""
"10/10/2025 01:45:00 - 10/10/2025 02:00:00","BZN|FR","Without Sequence","81.17","",""
"10/10/2025 02:00:00 - 10/10/2025 02:15:00","BZN|FR","Sequence Sequence 2","83.18","",""
"10/10/2025 02:00:00 - 10/10/2025 02:15:00","BZN|FR","Without Sequence","83.18","",""
"10/10/2025 02:15:00 - 10/10/2025 02:30:00","BZN|FR","Sequence Sequence 2","79.99","",""
"10/10/2025 02:15:00 - 10/10/2025 02:30:00","BZN|FR","Without Sequence","79.99","",""
"10/10/2025 02:30:00 - 10/10/2025 02:45:00","BZN|FR","Sequence Sequence 2","78.80","",""
"10/10/2025 02:30:00 - 10/10/2025 02:45:00","BZN|FR","Without Sequence","78.80","",""
"10/10/2025 02:45:00 - 10/10/2025 03:00:00","BZN|FR","Sequence Sequence 2","78.00","",""
"10/10/2025 02:45:00 - 10/10/2025 03:00:00","BZN|FR","Without Sequence","78.00","",""
"10/10/2025 03:00:00 - 10/10/2025 03:15:00","BZN|FR","Sequence Sequence 2","75.00","",""
"10/10/2025 03:00:00 - 10/10/2025 03:15:00","BZN|FR","Without Sequence","75.00","",""
"10/10/2025 03:15:00 - 10/10/2025 03:30:00","BZN|FR","Sequence Sequence 2","72.00","",""
"10/10/2025 03:15:00 - 10/10/2025 03:30:00","BZN|FR","Without Sequence","72.00","",""
"10/10/2025 03:30:00 - 10/10/2025 03:45:00","BZN|FR","Sequence Sequence 2","73.90","",""
"10/10/2025 03:30:00 - 10/10/2025 03:45:00","BZN|FR","Without Sequence","73.90","",""
"10/10/2025 03:45:00 - 10/10/2025 04:00:00","BZN|FR","Sequence Sequence 2","70.92","",""
"10/10/2025 03:45:00 - 10/10/2025 04:00:00","BZN|FR","Without Sequence","70.92","",""
"10/10/2025 04:00:00 - 10/10/2025 04:15:00","BZN|FR","Sequence Sequence 2","66.00","",""
"10/10/2025 04:00:00 - 10/10/2025 04:15:00","BZN|FR","Without Sequence","66.00","",""
"10/10/2025 04:15:00 - 10/10/2025 04:30:00","BZN|FR","Sequence Sequence 2","66.00","",""
"10/10/2025 04:15:00 - 10/10/2025 04:30:00","BZN|FR","Without Sequence","66.00","",""
"10/10/2025 04:30:00 - 10/10/2025 04:45:00","BZN|FR","Sequence Sequence 2","70.01","",""
"10/10/2025 04:30:00 - 10/10/2025 04:45:00","BZN|FR","Without Sequence","70.01","",""
"10/10/2025 04:45:00 - 10/10/2025 05:00:00","BZN|FR","Sequence Sequence 2","77.00","",""
"10/10/2025 04:45:00 - 10/10/2025 05:00:00","BZN|FR","Without Sequence","77.00","",""
"10/10/2025 05:00:00 - 10/10/2025 05:15:00","BZN|FR","Sequence Sequence 2","70.92","",""
"10/10/2025 05:00:00 - 10/10/2025 05:15:00","BZN|FR","Without Sequence","70.92","",""
"10/10/2025 05:15:00 - 10/10/2025 05:30:00","BZN|FR","Sequence Sequence 2","77.89","",""
"10/10/2025 05:15:00 - 10/10/2025 05:30:00","BZN|FR","Without Sequence","77.89","",""
"10/10/2025 05:30:00 - 10/10/2025 05:45:00","BZN|FR","Sequence Sequence 2","81.75","",""
"10/10/2025 05:30:00 - 10/10/2025 05:45:00","BZN|FR","Without Sequence","81.75","",""
"10/10/2025 05:45:00 - 10/10/2025 06:00:00","BZN|FR","Sequence Sequence 2","84.92","",""
"10/10/2025 05:45:00 - 10/10/2025 06:00:00","BZN|FR","Without Sequence","84.92","",""
"10/10/2025 06:00:00 - 10/10/2025 06:15:00","BZN|FR","Sequence Sequence 2","86.27","",""
"10/10/2025 06:00:00 - 10/10/2025 06:15:00","BZN|FR","Without Sequence","86.27","",""
"10/10/2025 06:15:00 - 10/10/2025 06:30:00","BZN|FR","Sequence Sequence 2","96.88","",""
"10/10/2025 06:15:00 - 10/10/2025 06:30:00","BZN|FR","Without Sequence","96.88","",""
"10/10/2025 06:30:00 - 10/10/2025 06:45:00","BZN|FR","Sequence Sequence 2","97.00","",""
"10/10/2025 06:30:00 - 10/10/2025 06:45:00","BZN|FR","Without Sequence","97.00","",""
"10/10/2025 06:45:00 - 10/10/2025 07:00:00","BZN|FR","Sequence Sequence 2","99.78","",""
"10/10/2025 06:45:00 - 10/10/2025 07:00:00","BZN|FR","Without Sequence","99.78","",""
"10/10/2025 07:00:00 - 10/10/2025 07:15:00","BZN|FR","Sequence Sequence 2","92.23","",""
"10/10/2025 07:00:00 - 10/10/2025 07:15:00","BZN|FR","Without Sequence","92.23","",""
"10/10/2025 07:15:00 - 10/10/2025 07:30:00","BZN|FR","Sequence Sequence 2","100.53","",""
"10/10/2025 07:15:00 - 10/10/2025 07:30:00","BZN|FR","Without Sequence","100.53","",""
"10/10/2025 07:30:00 - 10/10/2025 07:45:00","BZN|FR","Sequence Sequence 2","111.56","",""
"10/10/2025 07:30:00 - 10/10/2025 07:45:00","BZN|FR","Without Sequence","111.56","",""
"10/10/2025 07:45:00 - 10/10/2025 08:00:00","BZN|FR","Sequence Sequence 2","123.92","",""
"10/10/2025 07:45:00 - 10/10/2025 08:00:00","BZN|FR","Without Sequence","123.92","",""
"10/10/2025 08:00:00 - 10/10/2025 08:15:00","BZN|FR","Sequence Sequence 2","151.18","",""
"10/10/2025 08:00:00 - 10/10/2025 08:15:00","BZN|FR","Without Sequence","151.18","",""
"10/10/2025 08:15:00 - 10/10/2025 08:30:00","BZN|FR","Sequence Sequence 2","129.32","",""
"10/10/2025 08:15:00 - 10/10/2025 08:30:00","BZN|FR","Without Sequence","129.32","",""
"10/10/2025 08:30:00 - 10/10/2025 08:45:00","BZN|FR","Sequence Sequence 2","109.40","",""
"10/10/2025 08:30:00 - 10/10/2025 08:45:00","BZN|FR","Without Sequence","109.40","",""
"10/10/2025 08:45:00 - 10/10/2025 09:00:00","BZN|FR","Sequence Sequence 2","96.01","",""
"10/10/2025 08:45:00 - 10/10/2025 09:00:00","BZN|FR","Without Sequence","96.01","",""
"10/10/2025 09:00:00 - 10/10/2025 09:15:00","BZN|FR","Sequence Sequence 2","143.83","",""
"10/10/2025 09:00:00 - 10/10/2025 09:15:00","BZN|FR","Without Sequence","143.83","",""
"10/10/2025 09:15:00 - 10/10/2025 09:30:00","BZN|FR","Sequence Sequence 2","101.28","",""
"10/10/2025 09:15:00 - 10/10/2025 09:30:00","BZN|FR","Without Sequence","101.28","",""
"10/10/2025 09:30:00 - 10/10/2025 09:45:00","BZN|FR","Sequence Sequence 2","96.73","",""
"10/10/2025 09:30:00 - 10/10/2025 09:45:00","BZN|FR","Without Sequence","96.73","",""
"10/10/2025 09:45:00 - 10/10/2025 10:00:00","BZN|FR","Sequence Sequence 2","78.00","",""
"10/10/2025 09:45:00 - 10/10/2025 10:00:00","BZN|FR","Without Sequence","78.00","",""
"10/10/2025 10:00:00 - 10/10/2025 10:15:00","BZN|FR","Sequence Sequence 2","105.26","",""
"10/10/2025 10:00:00 - 10/10/2025 10:15:00","BZN|FR","Without Sequence","105.26","",""
"10/10/2025 10:15:00 - 10/10/2025 10:30:00","BZN|FR","Sequence Sequence 2","89.05","",""
"10/10/2025 10:15:00 - 10/10/2025 10:30:00","BZN|FR","Without Sequence","89.05","",""
"10/10/2025 10:30:00 - 10/10/2025 10:45:00","BZN|FR","Sequence Sequence 2","84.55","",""
"10/10/2025 10:30:00 - 10/10/2025 10:45:00","BZN|FR","Without Sequence","84.55","",""
"10/10/2025 10:45:00 - 10/10/2025 11:00:00","BZN|FR","Sequence Sequence 2","71.31","",""
"10/10/2025 10:45:00 - 10/10/2025 11:00:00","BZN|FR","Without Sequence","71.31","",""
"10/10/2025 11:00:00 - 10/10/2025 11:15:00","BZN|FR","Sequence Sequence 2","96.26","",""
"10/10/2025 11:00:00 - 10/10/2025 11:15:00","BZN|FR","Without Sequence","96.26","",""
"10/10/2025 11:15:00 - 10/10/2025 11:30:00","BZN|FR","Sequence Sequence 2","66.19","",""
"10/10/2025 11:15:00 - 10/10/2025 11:30:00","BZN|FR","Without Sequence","66.19","",""
"10/10/2025 11:30:00 - 10/10/2025 11:45:00","BZN|FR","Sequence Sequence 2","73.54","",""
"10/10/2025 11:30:00 - 10/10/2025 11:45:00","BZN|FR","Without Sequence","73.54","",""
"10/10/2025 11:45:00 - 10/10/2025 12:00:00","BZN|FR","Sequence Sequence 2","45.00","",""
"10/10/2025 11:45:00 - 10/10/2025 12:00:00","BZN|FR","Without Sequence","45.00","",""
"10/10/2025 12:00:00 - 10/10/2025 12:15:00","BZN|FR","Sequence Sequence 2","87.67","",""
"10/10/2025 12:00:00 - 10/10/2025 12:15:00","BZN|FR","Without Sequence","87.67","",""
"10/10/2025 12:15:00 - 10/10/2025 12:30:00","BZN|FR","Sequence Sequence 2","69.61","",""
"10/10/2025 12:15:00 - 10/10/2025 12:30:00","BZN|FR","Without Sequence","69.61","",""
"10/10/2025 12:30:00 - 10/10/2025 12:45:00","BZN|FR","Sequence Sequence 2","69.18","",""
"10/10/2025 12:30:00 - 10/10/2025 12:45:00","BZN|FR","Without Sequence","69.18","",""
"10/10/2025 12:45:00 - 10/10/2025 13:00:00","BZN|FR","Sequence Sequence 2","67.74","",""
"10/10/2025 12:45:00 - 10/10/2025 13:00:00","BZN|FR","Without Sequence","67.74","",""
"10/10/2025 13:00:00 - 10/10/2025 13:15:00","BZN|FR","Sequence Sequence 2","56.86","",""
"10/10/2025 13:00:00 - 10/10/2025 13:15:00","BZN|FR","Without Sequence","56.86","",""
"10/10/2025 13:15:00 - 10/10/2025 13:30:00","BZN|FR","Sequence Sequence 2","39.77","",""
"10/10/2025 13:15:00 - 10/10/2025 13:30:00","BZN|FR","Without Sequence","39.77","",""
"10/10/2025 13:30:00 - 10/10/2025 13:45:00","BZN|FR","Sequence Sequence 2","34.40","",""
"10/10/2025 13:30:00 - 10/10/2025 13:45:00","BZN|FR","Without Sequence","34.40","",""
"10/10/2025 13:45:00 - 10/10/2025 14:00:00","BZN|FR","Sequence Sequence 2","43.26","",""
"10/10/2025 13:45:00 - 10/10/2025 14:00:00","BZN|FR","Without Sequence","43.26","",""
"10/10/2025 14:00:00 - 10/10/2025 14:15:00","BZN|FR","Sequence Sequence 2","32.50","",""
"10/10/2025 14:00:00 - 10/10/2025 14:15:00","BZN|FR","Without Sequence","32.50","",""
"10/10/2025 14:15:00 - 10/10/2025 14:30:00","BZN|FR","Sequence Sequence 2","30.20","",""
"10/10/2025 14:15:00 - 10/10/2025 14:30:00","BZN|FR","Without Sequence","30.20","",""
"10/10/2025 14:30:00 - 10/10/2025 14:45:00","BZN|FR","Sequence Sequence 2","30.20","",""
"10/10/2025 14:30:00 - 10/10/2025 14:45:00","BZN|FR","Without Sequence","30.20","",""
"10/10/2025 14:45:00 - 10/10/2025 15:00:00","BZN|FR","Sequence Sequence 2","40.00","",""
"10/10/2025 14:45:00 - 10/10/2025 15:00:00","BZN|FR","Without Sequence","40.00","",""
"10/10/2025 15:00:00 - 10/10/2025 15:15:00","BZN|FR","Sequence Sequence 2","31.65","",""
"10/10/2025 15:00:00 - 10/10/2025 15:15:00","BZN|FR","Without Sequence","31.65","",""
"10/10/2025 15:15:00 - 10/10/2025 15:30:00","BZN|FR","Sequence Sequence 2","44.88","",""
"10/10/2025 15:15:00 - 10/10/2025 15:30:00","BZN|FR","Without Sequence","44.88","",""
"10/10/2025 15:30:00 - 10/10/2025 15:45:00","BZN|FR","Sequence Sequence 2","51.31","",""
"10/10/2025 15:30:00 - 10/10/2025 15:45:00","BZN|FR","Without Sequence","51.31","",""
"10/10/2025 15:45:00 - 10/10/2025 16:00:00","BZN|FR","Sequence Sequence 2","55.00","",""
"10/10/2025 15:45:00 - 10/10/2025 16:00:00","BZN|FR","Without Sequence","55.00","",""
"10/10/2025 16:00:00 - 10/10/2025 16:15:00","BZN|FR","Sequence Sequence 2","40.00","",""
"10/10/2025 16:00:00 - 10/10/2025 16:15:00","BZN|FR","Without Sequence","40.00","",""
"10/10/2025 16:15:00 - 10/10/2025 16:30:00","BZN|FR","Sequence Sequence 2","49.00","",""
"10/10/2025 16:15:00 - 10/10/2025 16:30:00","BZN|FR","Without Sequence","49.00","",""
"10/10/2025 16:30:00 - 10/10/2025 16:45:00","BZN|FR","Sequence Sequence 2","59.55","",""
"10/10/2025 16:30:00 - 10/10/2025 16:45:00","BZN|FR","Without Sequence","59.55","",""
"10/10/2025 16:45:00 - 10/10/2025 17:00:00","BZN|FR","Sequence Sequence 2","60.20","",""
"10/10/2025 16:45:00 - 10/10/2025 17:00:00","BZN|FR","Without Sequence","60.20","",""
"10/10/2025 17:00:00 - 10/10/2025 17:15:00","BZN|FR","Sequence Sequence 2","57.00","",""
"10/10/2025 17:00:00 - 10/10/2025 17:15:00","BZN|FR","Without Sequence","57.00","",""
"10/10/2025 17:15:00 - 10/10/2025 17:30:00","BZN|FR","Sequence Sequence 2","75.22","",""
"10/10/2025 17:15:00 - 10/10/2025 17:30:00","BZN|FR","Without Sequence","75.22","",""
"10/10/2025 17:30:00 - 10/10/2025 17:45:00","BZN|FR","Sequence Sequence 2","85.48","",""
"10/10/2025 17:30:00 - 10/10/2025 17:45:00","BZN|FR","Without Sequence","85.48","",""
"10/10/2025 17:45:00 - 10/10/2025 18:00:00","BZN|FR","Sequence Sequence 2","102.23","",""
"10/10/2025 17:45:00 - 10/10/2025 18:00:00","BZN|FR","Without Sequence","102.23","",""
"10/10/2025 18:00:00 - 10/10/2025 18:15:00","BZN|FR","Sequence Sequence 2","78.00","",""
"10/10/2025 18:00:00 - 10/10/2025 18:15:00","BZN|FR","Without Sequence","78.00","",""
"10/10/2025 18:15:00 - 10/10/2025 18:30:00","BZN|FR","Sequence Sequence 2","92.94","",""
"10/10/2025 18:15:00 - 10/10/2025 18:30:00","BZN|FR","Without Sequence","92.94","",""
"10/10/2025 18:30:00 - 10/10/2025 18:45:00","BZN|FR","Sequence Sequence 2","101.76","",""
"10/10/2025 18:30:00 - 10/10/2025 18:45:00","BZN|FR","Without Sequence","101.76","",""
"10/10/2025 18:45:00 - 10/10/2025 19:00:00","BZN|FR","Sequence Sequence 2","111.80","",""
"10/10/2025 18:45:00 - 10/10/2025 19:00:00","BZN|FR","Without Sequence","111.80","",""
"10/10/2025 19:00:00 - 10/10/2025 19:15:00","BZN|FR","Sequence Sequence 2","105.20","",""
"10/10/2025 19:00:00 - 10/10/2025 19:15:00","BZN|FR","Without Sequence","105.20","",""
"10/10/2025 19:15:00 - 10/10/2025 19:30:00","BZN|FR","Sequence Sequence 2","111.80","",""
"10/10/2025 19:15:00 - 10/10/2025 19:30:00","BZN|FR","Without Sequence","111.80","",""
"10/10/2025 19:30:00 - 10/10/2025 19:45:00","BZN|FR","Sequence Sequence 2","121.22","",""
"10/10/2025 19:30:00 - 10/10/2025 19:45:00","BZN|FR","Without Sequence","121.22","",""
"10/10/2025 19:45:00 - 10/10/2025 20:00:00","BZN|FR","Sequence Sequence 2","121.80","",""
"10/10/2025 19:45:00 - 10/10/2025 20:00:00","BZN|FR","Without Sequence","121.80","",""
"10/10/2025 20:00:00 - 10/10/2025 20:15:00","BZN|FR","Sequence Sequence 2","124.39","",""
"10/10/2025 20:00:00 - 10/10/2025 20:15:00","BZN|FR","Without Sequence","124.39","",""
"10/10/2025 20:15:00 - 10/10/2025 20:30:00","BZN|FR","Sequence Sequence 2","119.00","",""
"10/10/2025 20:15:00 - 10/10/2025 20:30:00","BZN|FR","Without Sequence","119.00","",""
"10/10/2025 20:30:00 - 10/10/2025 20:45:00","BZN|FR","Sequence Sequence 2","110.00","",""
"10/10/2025 20:30:00 - 10/10/2025 20:45:00","BZN|FR","Without Sequence","110.00","",""
"10/10/2025 20:45:00 - 10/10/2025 21:00:00","BZN|FR","Sequence Sequence 2","98.84","",""
"10/10/2025 20:45:00 - 10/10/2025 21:00:00","BZN|FR","Without Sequence","98.84","",""
"10/10/2025 21:00:00 - 10/10/2025 21:15:00","BZN|FR","Sequence Sequence 2","111.80","",""
"10/10/2025 21:00:00 - 10/10/2025 21:15:00","BZN|FR","Without Sequence","111.80","",""
"10/10/2025 21:15:00 - 10/10/2025 21:30:00","BZN|FR","Sequence Sequence 2","99.45","",""
"10/10/2025 21:15:00 - 10/10/2025 21:30:00","BZN|FR","Without Sequence","99.45","",""
"10/10/2025 21:30:00 - 10/10/2025 21:45:00","BZN|FR","Sequence Sequence 2","89.11","",""
"10/10/2025 21:30:00 - 10/10/2025 21:45:00","BZN|FR","Without Sequence","89.11","",""
"10/10/2025 21:45:00 - 10/10/2025 22:00:00","BZN|FR","Sequence Sequence 2","71.98","",""
"10/10/2025 21:45:00 - 10/10/2025 22:00:00","BZN|FR","Without Sequence","71.98","",""
"10/10/2025 22:00:00 - 10/10/2025 22:15:00","BZN|FR","Sequence Sequence 2","90.95","",""
"10/10/2025 22:00:00 - 10/10/2025 22:15:00","BZN|FR","Without Sequence","90.95","",""
"10/10/2025 22:15:00 - 10/10/2025 22:30:00","BZN|FR","Sequence Sequence 2","90.89","",""
"10/10/2025 22:15:00 - 10/10/2025 22:30:00","BZN|FR","Without Sequence","90.89","",""
"10/10/2025 22:30:00 - 10/10/2025 22:45:00","BZN|FR","Sequence Sequence 2","98.75","",""
"10/10/2025 22:30:00 - 10/10/2025 22:45:00","BZN|FR","Without Sequence","98.75","",""
"10/10/2025 22:45:00 - 10/10/2025 23:00:00","BZN|FR","Sequence Sequence 2","87.19","",""
"10/10/2025 22:45:00 - 10/10/2025 23:00:00","BZN|FR","Without Sequence","87.19","",""
"10/10/2025 23:00:00 - 10/10/2025 23:15:00","BZN|FR","Sequence Sequence 2","95.60","",""
"10/10/2025 23:00:00 - 10/10/2025 23:15:00","BZN|FR","Without Sequence","95.60","",""
"10/10/2025 23:15:00 - 10/10/2025 23:30:00","BZN|FR","Sequence Sequence 2","93.52","",""
"10/10/2025 23:15:00 - 10/10/2025 23:30:00","BZN|FR","Without Sequence","93.52","",""
"10/10/2025 23:30:00 - 10/10/2025 23:45:00","BZN|FR","Sequence Sequence 2","96.90","",""
"10/10/2025 23:30:00 - 10/10/2025 23:45:00","BZN|FR","Without Sequence","96.90","",""
"10/10/2025 23:45:00 - 11/10/2025 00:00:00","BZN|FR","Sequence Sequence 2","89.48","",""
"10/10/2025 23:45:00 - 11/10/2025 00:00:00","BZN|FR","Without Sequence","89.48","",""
"11/10/2025 00:00:00 - 11/10/2025 00:15:00","BZN|FR","Sequence Sequence 2","109.02","",""
"11/10/2025 00:00:00 - 11/10/2025 00:15:00","BZN|FR","Without Sequence","109.02","",""
"11/10/2025 00:15:00 - 11/10/2025 00:30:00","BZN|FR","Sequence Sequence 2","99.16","",""
"11/10/2025 00:15:00 - 11/10/2025 00:30:00","BZN|FR","Without Sequence","99.16","",""
"11/10/2025 00:30:00 - 11/10/2025 00:45:00","BZN|FR","Sequence Sequence 2","88.08","",""
"11/10/2025 00:30:00 - 11/10/2025 00:45:00","BZN|FR","Without Sequence","88.08","",""
"11/10/2025 00:45:00 - 11/10/2025 01:00:00","BZN|FR","Sequence Sequence 2","84.23","",""
"11/10/2025 00:45:00 - 11/10/2025 01:00:00","BZN|FR","Without Sequence","84.23","",""
"11/10/2025 01:00:00 - 11/10/2025 01:15:00","BZN|FR","Sequence Sequence 2","91.25","",""
"11/10/2025 01:00:00 - 11/10/2025 01:15:00","BZN|FR","Without Sequence","91.25","",""
"11/10/2025 01:15:00 - 11/10/2025 01:30:00","BZN|FR","Sequence Sequence 2","89.52","",""
"11/10/2025 01:15:00 - 11/10/2025 01:30:00","BZN|FR","Without Sequence","89.52","",""
"11/10/2025 01:30:00 - 11/10/2025 01:45:00","BZN|FR","Sequence Sequence 2","87.40","",""
"11/10/2025 01:30:00 - 11/10/2025 01:45:00","BZN|FR","Without Sequence","87.40","",""
"11/10/2025 01:45:00 - 11/10/2025 02:00:00","BZN|FR","Sequence Sequence 2","87.17","",""
"11/10/2025 01:45:00 - 11/10/2025 02:00:00","BZN|FR","Without Sequence","87.17","",""
"11/10/2025 02:00:00 - 11/10/2025 02:15:00","BZN|FR","Sequence Sequence 2","84.94","",""
"11/10/2025 02:00:00 - 11/10/2025 02:15:00","BZN|FR","Without Sequence","84.94","",""
"11/10/2025 02:15:00 - 11/10/2025 02:30:00","BZN|FR","Sequence Sequence 2","88.63","",""
"11/10/2025 02:15:00 - 11/10/2025 02:30:00","BZN|FR","Without Sequence","88.63","",""
"11/10/2025 02:30:00 - 11/10/2025 02:45:00","BZN|FR","Sequence Sequence 2","75.01","",""
"11/10/2025 02:30:00 - 11/10/2025 02:45:00","BZN|FR","Without Sequence","75.01","",""
"11/10/2025 02:45:00 - 11/10/2025 03:00:00","BZN|FR","Sequence Sequence 2","71.12","",""
"11/10/2025 02:45:00 - 11/10/2025 03:00:00","BZN|FR","Without Sequence","71.12","",""
"11/10/2025 03:00:00 - 11/10/2025 03:15:00","BZN|FR","Sequence Sequence 2","78.05","",""
"11/10/2025 03:00:00 - 11/10/2025 03:15:00","BZN|FR","Without Sequence","78.05","",""
"11/10/2025 03:15:00 - 11/10/2025 03:30:00","BZN|FR","Sequence Sequence 2","78.12","",""
"11/10/2025 03:15:00 - 11/10/2025 03:30:00","BZN|FR","Without Sequence","78.12","",""
"11/10/2025 03:30:00 - 11/10/2025 03:45:00","BZN|FR","Sequence Sequence 2","64.17","",""
"11/10/2025 03:30:00 - 11/10/2025 03:45:00","BZN|FR","Without Sequence","64.17","",""
"11/10/2025 03:45:00 - 11/10/2025 04:00:00","BZN|FR","Sequence Sequence 2","69.79","",""
"11/10/2025 03:45:00 - 11/10/2025 04:00:00","BZN|FR","Without Sequence","69.79","",""
"11/10/2025 04:00:00 - 11/10/2025 04:15:00","BZN|FR","Sequence Sequence 2","68.87","",""
"11/10/2025 04:00:00 - 11/10/2025 04:15:00","BZN|FR","Without Sequence","68.87","",""
"11/10/2025 04:15:00 - 11/10/2025 04:30:00","BZN|FR","Sequence Sequence 2","70.45","",""
"11/10/2025 04:15:00 - 11/10/2025 04:30:00","BZN|FR","Without Sequence","70.45","",""
"11/10/2025 04:30:00 - 11/10/2025 04:45:00","BZN|FR","Sequence Sequence 2","68.52","",""
"11/10/2025 04:30:00 - 11/10/2025 04:45:00","BZN|FR","Without Sequence","68.52","",""
"11/10/2025 04:45:00 - 11/10/2025 05:00:00","BZN|FR","Sequence Sequence 2","67.00","",""
"11/10/2025 04:45:00 - 11/10/2025 05:00:00","BZN|FR","Without Sequence","67.00","",""
"11/10/2025 05:00:00 - 11/10/2025 05:15:00","BZN|FR","Sequence Sequence 2","76.77","",""
"11/10/2025 05:00:00 - 11/10/2025 05:15:00","BZN|FR","Without Sequence","76.77","",""
"11/10/2025 05:15:00 - 11/10/2025 05:30:00","BZN|FR","Sequence Sequence 2","73.89","",""
"11/10/2025 05:15:00 - 11/10/2025 05:30:00","BZN|FR","Without Sequence","73.89","",""
"11/10/2025 05:30:00 - 11/10/2025 05:45:00","BZN|FR","Sequence Sequence 2","79.95","",""
"11/10/2025 05:30:00 - 11/10/2025 05:45:00","BZN|FR","Without Sequence","79.95","",""
"11/10/2025 05:45:00 - 11/10/2025 06:00:00","BZN|FR","Sequence Sequence 2","77.07","",""
"11/10/2025 05:45:00 - 11/10/2025 06:00:00","BZN|FR","Without Sequence","77.07","",""
"11/10/2025 06:00:00 - 11/10/2025 06:15:00","BZN|FR","Sequence Sequence 2","87.87","",""
"11/10/2025 06:00:00 - 11/10/2025 06:15:00","BZN|FR","Without Sequence","87.87","",""
"11/10/2025 06:15:00 - 11/10/2025 06:30:00","BZN|FR","Sequence Sequence 2","88.97","",""
"11/10/2025 06:15:00 - 11/10/2025 06:30:00","BZN|FR","Without Sequence","88.97","",""
"11/10/2025 06:30:00 - 11/10/2025 06:45:00","BZN|FR","Sequence Sequence 2","91.20","",""
"11/10/2025 06:30:00 - 11/10/2025 06:45:00","BZN|FR","Without Sequence","91.20","",""
"11/10/2025 06:45:00 - 11/10/2025 07:00:00","BZN|FR","Sequence Sequence 2","93.02","",""
"11/10/2025 06:45:00 - 11/10/2025 07:00:00","BZN|FR","Without Sequence","93.02","",""
"11/10/2025 07:00:00 - 11/10/2025 07:15:00","BZN|FR","Sequence Sequence 2","96.71","",""
"11/10/2025 07:00:00 - 11/10/2025 07:15:00","BZN|FR","Without Sequence","96.71","",""
"11/10/2025 07:15:00 - 11/10/2025 07:30:00","BZN|FR","Sequence Sequence 2","95.06","",""
"11/10/2025 07:15:00 - 11/10/2025 07:30:00","BZN|FR","Without Sequence","95.06","",""
"11/10/2025 07:30:00 - 11/10/2025 07:45:00","BZN|FR","Sequence Sequence 2","97.62","",""
"11/10/2025 07:30:00 - 11/10/2025 07:45:00","BZN|FR","Without Sequence","97.62","",""
"11/10/2025 07:45:00 - 11/10/2025 08:00:00","BZN|FR","Sequence Sequence 2","97.62","",""
"11/10/2025 07:45:00 - 11/10/2025 08:00:00","BZN|FR","Without Sequence","97.62","",""
"11/10/2025 08:00:00 - 11/10/2025 08:15:00","BZN|FR","Sequence Sequence 2","103.96","",""
"11/10/2025 08:00:00 - 11/10/2025 08:15:00","BZN|FR","Without Sequence","103.96","",""
"11/10/2025 08:15:00 - 11/10/2025 08:30:00","BZN|FR","Sequence Sequence 2","103.00","",""
"11/10/2025 08:15:00 - 11/10/2025 08:30:00","BZN|FR","Without Sequence","103.00","",""
"11/10/2025 08:30:00 - 11/10/2025 08:45:00","BZN|FR","Sequence Sequence 2","101.37","",""
"11/10/2025 08:30:00 - 11/10/2025 08:45:00","BZN|FR","Without Sequence","101.37","",""
"11/10/2025 08:45:00 - 11/10/2025 09:00:00","BZN|FR","Sequence Sequence 2","91.93","",""
"11/10/2025 08:45:00 - 11/10/2025 09:00:00","BZN|FR","Without Sequence","91.93","",""
"11/10/2025 09:00:00 - 11/10/2025 09:15:00","BZN|FR","Sequence Sequence 2","106.00","",""
"11/10/2025 09:00:00 - 11/10/2025 09:15:00","BZN|FR","Without Sequence","106.00","",""
"11/10/2025 09:15:00 - 11/10/2025 09:30:00","BZN|FR","Sequence Sequence 2","96.43","",""
"11/10/2025 09:15:00 - 11/10/2025 09:30:00","BZN|FR","Without Sequence","96.43","",""
"11/10/2025 09:30:00 - 11/10/2025 09:45:00","BZN|FR","Sequence Sequence 2","77.23","",""
"11/10/2025 09:30:00 - 11/10/2025 09:45:00","BZN|FR","Without Sequence","77.23","",""
"11/10/2025 09:45:00 - 11/10/2025 10:00:00","BZN|FR","Sequence Sequence 2","63.10","",""
"11/10/2025 09:45:00 - 11/10/2025 10:00:00","BZN|FR","Without Sequence","63.10","",""
"11/10/2025 10:00:00 - 11/10/2025 10:15:00","BZN|FR","Sequence Sequence 2","73.27","",""
"11/10/2025 10:00:00 - 11/10/2025 10:15:00","BZN|FR","Without Sequence","73.27","",""
"11/10/2025 10:15:00 - 11/10/2025 10:30:00","BZN|FR","Sequence Sequence 2","63.88","",""
"11/10/2025 10:15:00 - 11/10/2025 10:30:00","BZN|FR","Without Sequence","63.88","",""
"11/10/2025 10:30:00 - 11/10/2025 10:45:00","BZN|FR","Sequence Sequence 2","55.63","",""
"11/10/2025 10:30:00 - 11/10/2025 10:45:00","BZN|FR","Without Sequence","55.63","",""
"11/10/2025 10:45:00 - 11/10/2025 11:00:00","BZN|FR","Sequence Sequence 2","30.20","",""
"11/10/2025 10:45:00 - 11/10/2025 11:00:00","BZN|FR","Without Sequence","30.20","",""
"11/10/2025 11:00:00 - 11/10/2025 11:15:00","BZN|FR","Sequence Sequence 2","53.12","",""
"11/10/2025 11:00:00 - 11/10/2025 11:15:00","BZN|FR","Without Sequence","53.12","",""
"11/10/2025 11:15:00 - 11/10/2025 11:30:00","BZN|FR","Sequence Sequence 2","31.91","",""
"11/10/2025 11:15:00 - 11/10/2025 11:30:00","BZN|FR","Without Sequence","31.91","",""
"11/10/2025 11:30:00 - 11/10/2025 11:45:00","BZN|FR","Sequence Sequence 2","24.49","",""
"11/10/2025 11:30:00 - 11/10/2025 11:45:00","BZN|FR","Without Sequence","24.49","",""
"11/10/2025 11:45:00 - 11/10/2025 12:00:00","BZN|FR","Sequence Sequence 2","12.55","",""
"11/10/2025 11:45:00 - 11/10/2025 12:00:00","BZN|FR","Without Sequence","12.55","",""
"11/10/2025 12:00:00 - 11/10/2025 12:15:00","BZN|FR","Sequence Sequence 2","33.82","",""
"11/10/2025 12:00:00 - 11/10/2025 12:15:00","BZN|FR","Without Sequence","33.82","",""
"11/10/2025 12:15:00 - 11/10/2025 12:30:00","BZN|FR","Sequence Sequence 2","29.95","",""
"11/10/2025 12:15:00 - 11/10/2025 12:30:00","BZN|FR","Without Sequence","29.95","",""
"11/10/2025 12:30:00 - 11/10/2025 12:45:00","BZN|FR","Sequence Sequence 2","31.16","",""
"11/10/2025 12:30:00 - 11/10/2025 12:45:00","BZN|FR","Without Sequence","31.16","",""
"11/10/2025 12:45:00 - 11/10/2025 13:00:00","BZN|FR","Sequence Sequence 2","26.05","",""
"11/10/2025 12:45:00 - 11/10/2025 13:00:00","BZN|FR","Without Sequence","26.05","",""
"11/10/2025 13:00:00 - 11/10/2025 13:15:00","BZN|FR","Sequence Sequence 2","20.77","",""
"11/10/2025 13:00:00 - 11/10/2025 13:15:00","BZN|FR","Without Sequence","20.77","",""
"11/10/2025 13:15:00 - 11/10/2025 13:30:00","BZN|FR","Sequence Sequence 2","21.51","",""
"11/10/2025 13:15:00 - 11/10/2025 13:30:00","BZN|FR","Without Sequence","21.51","",""
"11/10/2025 13:30:00 - 11/10/2025 13:45:00","BZN|FR","Sequence Sequence 2","11.99","",""
"11/10/2025 13:30:00 - 11/10/2025 13:45:00","BZN|FR","Without Sequence","11.99","",""
"11/10/2025 13:45:00 - 11/10/2025 14:00:00","BZN|FR","Sequence Sequence 2","14.03","",""
"11/10/2025 13:45:00 - 11/10/2025 14:00:00","BZN|FR","Without Sequence","14.03","",""
"11/10/2025 14:00:00 - 11/10/2025 14:15:00","BZN|FR","Sequence Sequence 2","14.12","",""
"11/10/2025 14:00:00 - 11/10/2025 14:15:00","BZN|FR","Without Sequence","14.12","",""
"11/10/2025 14:15:00 - 11/10/2025 14:30:00","BZN|FR","Sequence Sequence 2","17.33","",""
"11/10/2025 14:15:00 - 11/10/2025 14:30:00","BZN|FR","Without Sequence","17.33","",""
"11/10/2025 14:30:00 - 11/10/2025 14:45:00","BZN|FR","Sequence Sequence 2","15.87","",""
"11/10/2025 14:30:00 - 11/10/2025 14:45:00","BZN|FR","Without Sequence","15.87","",""
"11/10/2025 14:45:00 - 11/10/2025 15:00:00","BZN|FR","Sequence Sequence 2","20.67","",""
"11/10/2025 14:45:00 - 11/10/2025 15:00:00","BZN|FR","Without Sequence","20.67","",""
"11/10/2025 15:00:00 - 11/10/2025 15:15:00","BZN|FR","Sequence Sequence 2","8.76","",""
"11/10/2025 15:00:00 - 11/10/2025 15:15:00","BZN|FR","Without Sequence","8.76","",""
"11/10/2025 15:15:00 - 11/10/2025 15:30:00","BZN|FR","Sequence Sequence 2","16.12","",""
"11/10/2025 15:15:00 - 11/10/2025 15:30:00","BZN|FR","Without Sequence","16.12","",""
"11/10/2025 15:30:00 - 11/10/2025 15:45:00","BZN|FR","Sequence Sequence 2","15.59","",""
"11/10/2025 15:30:00 - 11/10/2025 15:45:00","BZN|FR","Without Sequence","15.59","",""
"11/10/2025 15:45:00 - 11/10/2025 16:00:00","BZN|FR","Sequence Sequence 2","21.48","",""
"11/10/2025 15:45:00 - 11/10/2025 16:00:00","BZN|FR","Without Sequence","21.48","",""
"11/10/2025 16:00:00 - 11/10/2025 16:15:00","BZN|FR","Sequence Sequence 2","3.52","",""
"11/10/2025 16:00:00 - 11/10/2025 16:15:00","BZN|FR","Without Sequence","3.52","",""
"11/10/2025 16:15:00 - 11/10/2025 16:30:00","BZN|FR","Sequence Sequence 2","4.31","",""
"11/10/2025 16:15:00 - 11/10/2025 16:30:00","BZN|FR","Without Sequence","4.31","",""
"11/10/2025 16:30:00 - 11/10/2025 16:45:00","BZN|FR","Sequence Sequence 2","11.85","",""
"11/10/2025 16:30:00 - 11/10/2025 16:45:00","BZN|FR","Without Sequence","11.85","",""
"11/10/2025 16:45:00 - 11/10/2025 17:00:00","BZN|FR","Sequence Sequence 2","19.81","",""
"11/10/2025 16:45:00 - 11/10/2025 17:00:00","BZN|FR","Without Sequence","19.81","",""
"11/10/2025 17:00:00 - 11/10/2025 17:15:00","BZN|FR","Sequence Sequence 2","15.88","",""
"11/10/2025 17:00:00 - 11/10/2025 17:15:00","BZN|FR","Without Sequence","15.88","",""
"11/10/2025 17:15:00 - 11/10/2025 17:30:00","BZN|FR","Sequence Sequence 2","30.20","",""
"11/10/2025 17:15:00 - 11/10/2025 17:30:00","BZN|FR","Without Sequence","30.20","",""
"11/10/2025 17:30:00 - 11/10/2025 17:45:00","BZN|FR","Sequence Sequence 2","57.65","",""
"11/10/2025 17:30:00 - 11/10/2025 17:45:00","BZN|FR","Without Sequence","57.65","",""
"11/10/2025 17:45:00 - 11/10/2025 18:00:00","BZN|FR","Sequence Sequence 2","66.52","",""
"11/10/2025 17:45:00 - 11/10/2025 18:00:00","BZN|FR","Without Sequence","66.52","",""
"11/10/2025 18:00:00 - 11/10/2025 18:15:00","BZN|FR","Sequence Sequence 2","63.42","",""
"11/10/2025 18:00:00 - 11/10/2025 18:15:00","BZN|FR","Without Sequence","63.42","",""
"11/10/2025 18:15:00 - 11/10/2025 18:30:00","BZN|FR","Sequence Sequence 2","77.22","",""
"11/10/2025 18:15:00 - 11/10/2025 18:30:00","BZN|FR","Without Sequence","77.22","",""
"11/10/2025 18:30:00 - 11/10/2025 18:45:00","BZN|FR","Sequence Sequence 2","90.61","",""
"11/10/2025 18:30:00 - 11/10/2025 18:45:00","BZN|FR","Without Sequence","90.61","",""
"11/10/2025 18:45:00 - 11/10/2025 19:00:00","BZN|FR","Sequence Sequence 2","101.00","",""
"11/10/2025 18:45:00 - 11/10/2025 19:00:00","BZN|FR","Without Sequence","101.00","",""
"11/10/2025 19:00:00 - 11/10/2025 19:15:00","BZN|FR","Sequence Sequence 2","100.52","",""
"11/10/2025 19:00:00 - 11/10/2025 19:15:00","BZN|FR","Without Sequence","100.52","",""
"11/10/2025 19:15:00 - 11/10/2025 19:30:00","BZN|FR","Sequence Sequence 2","105.10","",""
"11/10/2025 19:15:00 - 11/10/2025 19:30:00","BZN|FR","Without Sequence","105.10","",""
"11/10/2025 19:30:00 - 11/10/2025 19:45:00","BZN|FR","Sequence Sequence 2","109.02","",""
"11/10/2025 19:30:00 - 11/10/2025 19:45:00","BZN|FR","Without Sequence","109.02","",""
"11/10/2025 19:45:00 - 11/10/2025 20:00:00","BZN|FR","Sequence Sequence 2","111.76","",""
"11/10/2025 19:45:00 - 11/10/2025 20:00:00","BZN|FR","Without Sequence","111.76","",""
"11/10/2025 20:00:00 - 11/10/2025 20:15:00","BZN|FR","Sequence Sequence 2","109.02","",""
"11/10/2025 20:00:00 - 11/10/2025 20:15:00","BZN|FR","Without Sequence","109.02","",""
"11/10/2025 20:15:00 - 11/10/2025 20:30:00","BZN|FR","Sequence Sequence 2","109.02","",""
"11/10/2025 20:15:00 - 11/10/2025 20:30:00","BZN|FR","Without Sequence","109.02","",""
"11/10/2025 20:30:00 - 11/10/2025 20:45:00","BZN|FR","Sequence Sequence 2","106.45","",""
"11/10/2025 20:30:00 - 11/10/2025 20:45:00","BZN|FR","Without Sequence","106.45","",""
"11/10/2025 20:45:00 - 11/10/2025 21:00:00","BZN|FR","Sequence Sequence 2","97.99","",""
"11/10/2025 20:45:00 - 11/10/2025 21:00:00","BZN|FR","Without Sequence","97.99","",""
"11/10/2025 21:00:00 - 11/10/2025 21:15:00","BZN|FR","Sequence Sequence 2","104.90","",""
"11/10/2025 21:00:00 - 11/10/2025 21:15:00","BZN|FR","Without Sequence","104.90","",""
"11/10/2025 21:15:00 - 11/10/2025 21:30:00","BZN|FR","Sequence Sequence 2","99.04","",""
"11/10/2025 21:15:00 - 11/10/2025 21:30:00","BZN|FR","Without Sequence","99.04","",""
"11/10/2025 21:30:00 - 11/10/2025 21:45:00","BZN|FR","Sequence Sequence 2","87.25","",""
"11/10/2025 21:30:00 - 11/10/2025 21:45:00","BZN|FR","Without Sequence","87.25","",""
"11/10/2025 21:45:00 - 11/10/2025 22:00:00","BZN|FR","Sequence Sequence 2","75.67","",""
"11/10/2025 21:45:00 - 11/10/2025 22:00:00","BZN|FR","Without Sequence","75.67","",""
"11/10/2025 22:00:00 - 11/10/2025 22:15:00","BZN|FR","Sequence Sequence 2","80.18","",""
"11/10/2025 22:00:00 - 11/10/2025 22:15:00","BZN|FR","Without Sequence","80.18","",""
"11/10/2025 22:15:00 - 11/10/2025 22:30:00","BZN|FR","Sequence Sequence 2","84.16","",""
"11/10/2025 22:15:00 - 11/10/2025 22:30:00","BZN|FR","Without Sequence","84.16","",""
"11/10/2025 22:30:00 - 11/10/2025 22:45:00","BZN|FR","Sequence Sequence 2","101.57","",""
"11/10/2025 22:30:00 - 11/10/2025 22:45:00","BZN|FR","Without Sequence","101.57","",""
"11/10/2025 22:45:00 - 11/10/2025 23:00:00","BZN|FR","Sequence Sequence 2","93.16","",""
"11/10/2025 22:45:00 - 11/10/2025 23:00:00","BZN|FR","Without Sequence","93.16","",""
"11/10/2025 23:00:00 - 11/10/2025 23:15:00","BZN|FR","Sequence Sequence 2","100.74","",""
"11/10/2025 23:00:00 - 11/10/2025 23:15:00","BZN|FR","Without Sequence","100.74","",""
"11/10/2025 23:15:00 - 11/10/2025 23:30:00","BZN|FR","Sequence Sequence 2","92.97","",""
"11/10/2025 23:15:00 - 11/10/2025 23:30:00","BZN|FR","Without Sequence","92.97","",""
"11/10/2025 23:30:00 - 11/10/2025 23:45:00","BZN|FR","Sequence Sequence 2","93.18","",""
"11/10/2025 23:30:00 - 11/10/2025 23:45:00","BZN|FR","Without Sequence","93.18","",""
"11/10/2025 23:45:00 - 12/10/2025 00:00:00","BZN|FR","Sequence Sequence 2","87.10","",""
"11/10/2025 23:45:00 - 12/10/2025 00:00:00","BZN|FR","Without Sequence","87.10","",""
"12/10/2025 00:00:00 - 12/10/2025 00:15:00","BZN|FR","Sequence Sequence 2","106.80","",""
"12/10/2025 00:00:00 - 12/10/2025 00:15:00","BZN|FR","Without Sequence","106.80","",""
"12/10/2025 00:15:00 - 12/10/2025 00:30:00","BZN|FR","Sequence Sequence 2","105.82","",""
"12/10/2025 00:15:00 - 12/10/2025 00:30:00","BZN|FR","Without Sequence","105.82","",""
"12/10/2025 00:30:00 - 12/10/2025 00:45:00","BZN|FR","Sequence Sequence 2","75.85","",""
"12/10/2025 00:30:00 - 12/10/2025 00:45:00","BZN|FR","Without Sequence","75.85","",""
"12/10/2025 00:45:00 - 12/10/2025 01:00:00","BZN|FR","Sequence Sequence 2","82.36","",""
"12/10/2025 00:45:00 - 12/10/2025 01:00:00","BZN|FR","Without Sequence","82.36","",""
"12/10/2025 01:00:00 - 12/10/2025 01:15:00","BZN|FR","Sequence Sequence 2","87.49","",""
"12/10/2025 01:00:00 - 12/10/2025 01:15:00","BZN|FR","Without Sequence","87.49","",""
"12/10/2025 01:15:00 - 12/10/2025 01:30:00","BZN|FR","Sequence Sequence 2","85.96","",""
"12/10/2025 01:15:00 - 12/10/2025 01:30:00","BZN|FR","Without Sequence","85.96","",""
"12/10/2025 01:30:00 - 12/10/2025 01:45:00","BZN|FR","Sequence Sequence 2","75.01","",""
"12/10/2025 01:30:00 - 12/10/2025 01:45:00","BZN|FR","Without Sequence","75.01","",""
"12/10/2025 01:45:00 - 12/10/2025 02:00:00","BZN|FR","Sequence Sequence 2","62.66","",""
"12/10/2025 01:45:00 - 12/10/2025 02:00:00","BZN|FR","Without Sequence","62.66","",""
"12/10/2025 02:00:00 - 12/10/2025 02:15:00","BZN|FR","Sequence Sequence 2","88.13","",""
"12/10/2025 02:00:00 - 12/10/2025 02:15:00","BZN|FR","Without Sequence","88.13","",""
"12/10/2025 02:15:00 - 12/10/2025 02:30:00","BZN|FR","Sequence Sequence 2","72.56","",""
"12/10/2025 02:15:00 - 12/10/2025 02:30:00","BZN|FR","Without Sequence","72.56","",""
"12/10/2025 02:30:00 - 12/10/2025 02:45:00","BZN|FR","Sequence Sequence 2","66.90","",""
"12/10/2025 02:30:00 - 12/10/2025 02:45:00","BZN|FR","Without Sequence","66.90","",""
"12/10/2025 02:45:00 - 12/10/2025 03:00:00","BZN|FR","Sequence Sequence 2","59.47","",""
"12/10/2025 02:45:00 - 12/10/2025 03:00:00","BZN|FR","Without Sequence","59.47","",""
"12/10/2025 03:00:00 - 12/10/2025 03:15:00","BZN|FR","Sequence Sequence 2","72.17","",""
"12/10/2025 03:00:00 - 12/10/2025 03:15:00","BZN|FR","Without Sequence","72.17","",""
"12/10/2025 03:15:00 - 12/10/2025 03:30:00","BZN|FR","Sequence Sequence 2","62.36","",""
"12/10/2025 03:15:00 - 12/10/2025 03:30:00","BZN|FR","Without Sequence","62.36","",""
"12/10/2025 03:30:00 - 12/10/2025 03:45:00","BZN|FR","Sequence Sequence 2","52.80","",""
"12/10/2025 03:30:00 - 12/10/2025 03:45:00","BZN|FR","Without Sequence","52.80","",""
"12/10/2025 03:45:00 - 12/10/2025 04:00:00","BZN|FR","Sequence Sequence 2","49.43","",""
"12/10/2025 03:45:00 - 12/10/2025 04:00:00","BZN|FR","Without Sequence","49.43","",""
"12/10/2025 04:00:00 - 12/10/2025 04:15:00","BZN|FR","Sequence Sequence 2","73.04","",""
"12/10/2025 04:00:00 - 12/10/2025 04:15:00","BZN|FR","Without Sequence","73.04","",""
"12/10/2025 04:15:00 - 12/10/2025 04:30:00","BZN|FR","Sequence Sequence 2","53.97","",""
"12/10/2025 04:15:00 - 12/10/2025 04:30:00","BZN|FR","Without Sequence","53.97","",""
"12/10/2025 04:30:00 - 12/10/2025 04:45:00","BZN|FR","Sequence Sequence 2","65.68","",""
"12/10/2025 04:30:00 - 12/10/2025 04:45:00","BZN|FR","Without Sequence","65.68","",""
"12/10/2025 04:45:00 - 12/10/2025 05:00:00","BZN|FR","Sequence Sequence 2","58.83","",""
"12/10/2025 04:45:00 - 12/10/2025 05:00:00","BZN|FR","Without Sequence","58.83","",""
"12/10/2025 05:00:00 - 12/10/2025 05:15:00","BZN|FR","Sequence Sequence 2","52.88","",""
"12/10/2025 05:00:00 - 12/10/2025 05:15:00","BZN|FR","Without Sequence","52.88","",""
"12/10/2025 05:15:00 - 12/10/2025 05:30:00","BZN|FR","Sequence Sequence 2","58.20","",""
"12/10/2025 05:15:00 - 12/10/2025 05:30:00","BZN|FR","Without Sequence","58.20","",""
"12/10/2025 05:30:00 - 12/10/2025 05:45:00","BZN|FR","Sequence Sequence 2","65.62","",""
"12/10/2025 05:30:00 - 12/10/2025 05:45:00","BZN|FR","Without Sequence","65.62","",""
"12/10/2025 05:45:00 - 12/10/2025 06:00:00","BZN|FR","Sequence Sequence 2","51.36","",""
"12/10/2025 05:45:00 - 12/10/2025 06:00:00","BZN|FR","Without Sequence","51.36","",""
"12/10/2025 06:00:00 - 12/10/2025 06:15:00","BZN|FR","Sequence Sequence 2","69.44","",""
"12/10/2025 06:00:00 - 12/10/2025 06:15:00","BZN|FR","Without Sequence","69.44","",""
"12/10/2025 06:15:00 - 12/10/2025 06:30:00","BZN|FR","Sequence Sequence 2","77.14","",""
"12/10/2025 06:15:00 - 12/10/2025 06:30:00","BZN|FR","Without Sequence","77.14","",""
"12/10/2025 06:30:00 - 12/10/2025 06:45:00","BZN|FR","Sequence Sequence 2","75.54","",""
"12/10/2025 06:30:00 - 12/10/2025 06:45:00","BZN|FR","Without Sequence","75.54","",""
"12/10/2025 06:45:00 - 12/10/2025 07:00:00","BZN|FR","Sequence Sequence 2","77.50","",""
"12/10/2025 06:45:00 - 12/10/2025 07:00:00","BZN|FR","Without Sequence","77.50","",""
"12/10/2025 07:00:00 - 12/10/2025 07:15:00","BZN|FR","Sequence Sequence 2","75.96","",""
"12/10/2025 07:00:00 - 12/10/2025 07:15:00","BZN|FR","Without Sequence","75.96","",""
"12/10/2025 07:15:00 - 12/10/2025 07:30:00","BZN|FR","Sequence Sequence 2","83.66","",""
"12/10/2025 07:15:00 - 12/10/2025 07:30:00","BZN|FR","Without Sequence","83.66","",""
"12/10/2025 07:30:00 - 12/10/2025 07:45:00","BZN|FR","Sequence Sequence 2","78.26","",""
"12/10/2025 07:30:00 - 12/10/2025 07:45:00","BZN|FR","Without Sequence","78.26","",""
"12/10/2025 07:45:00 - 12/10/2025 08:00:00","BZN|FR","Sequence Sequence 2","86.36","",""
"12/10/2025 07:45:00 - 12/10/2025 08:00:00","BZN|FR","Without Sequence","86.36","",""
"12/10/2025 08:00:00 - 12/10/2025 08:15:00","BZN|FR","Sequence Sequence 2","93.32","",""
"12/10/2025 08:00:00 - 12/10/2025 08:15:00","BZN|FR","Without Sequence","93.32","",""
"12/10/2025 08:15:00 - 12/10/2025 08:30:00","BZN|FR","Sequence Sequence 2","86.35","",""
"12/10/2025 08:15:00 - 12/10/2025 08:30:00","BZN|FR","Without Sequence","86.35","",""
"12/10/2025 08:30:00 - 12/10/2025 08:45:00","BZN|FR","Sequence Sequence 2","84.30","",""
"12/10/2025 08:30:00 - 12/10/2025 08:45:00","BZN|FR","Without Sequence","84.30","",""
"12/10/2025 08:45:00 - 12/10/2025 09:00:00","BZN|FR","Sequence Sequence 2","76.87","",""
"12/10/2025 08:45:00 - 12/10/2025 09:00:00","BZN|FR","Without Sequence","76.87","",""
"12/10/2025 09:00:00 - 12/10/2025 09:15:00","BZN|FR","Sequence Sequence 2","83.72","",""
"12/10/2025 09:00:00 - 12/10/2025 09:15:00","BZN|FR","Without Sequence","83.72","",""
"12/10/2025 09:15:00 - 12/10/2025 09:30:00","BZN|FR","Sequence Sequence 2","75.00","",""
"12/10/2025 09:15:00 - 12/10/2025 09:30:00","BZN|FR","Without Sequence","75.00","",""
"12/10/2025 09:30:00 - 12/10/2025 09:45:00","BZN|FR","Sequence Sequence 2","67.82","",""
"12/10/2025 09:30:00 - 12/10/2025 09:45:00","BZN|FR","Without Sequence","67.82","",""
"12/10/2025 09:45:00 - 12/10/2025 10:00:00","BZN|FR","Sequence Sequence 2","35.76","",""
"12/10/2025 09:45:00 - 12/10/2025 10:00:00","BZN|FR","Without Sequence","35.76","",""
"12/10/2025 10:00:00 - 12/10/2025 10:15:00","BZN|FR","Sequence Sequence 2","50.77","",""
"12/10/2025 10:00:00 - 12/10/2025 10:15:00","BZN|FR","Without Sequence","50.77","",""
"12/10/2025 10:15:00 - 12/10/2025 10:30:00","BZN|FR","Sequence Sequence 2","30.20","",""
"12/10/2025 10:15:00 - 12/10/2025 10:30:00","BZN|FR","Without Sequence","30.20","",""
"12/10/2025 10:30:00 - 12/10/2025 10:45:00","BZN|FR","Sequence Sequence 2","23.40","",""
"12/10/2025 10:30:00 - 12/10/2025 10:45:00","BZN|FR","Without Sequence","23.40","",""
"12/10/2025 10:45:00 - 12/10/2025 11:00:00","BZN|FR","Sequence Sequence 2","11.80","",""
"12/10/2025 10:45:00 - 12/10/2025 11:00:00","BZN|FR","Without Sequence","11.80","",""
"12/10/2025 11:00:00 - 12/10/2025 11:15:00","BZN|FR","Sequence Sequence 2","32.70","",""
"12/10/2025 11:00:00 - 12/10/2025 11:15:00","BZN|FR","Without Sequence","32.70","",""
"12/10/2025 11:15:00 - 12/10/2025 11:30:00","BZN|FR","Sequence Sequence 2","19.93","",""
"12/10/2025 11:15:00 - 12/10/2025 11:30:00","BZN|FR","Without Sequence","19.93","",""
"12/10/2025 11:30:00 - 12/10/2025 11:45:00","BZN|FR","Sequence Sequence 2","18.22","",""
"12/10/2025 11:30:00 - 12/10/2025 11:45:00","BZN|FR","Without Sequence","18.22","",""
"12/10/2025 11:45:00 - 12/10/2025 12:00:00","BZN|FR","Sequence Sequence 2","10.48","",""
"12/10/2025 11:45:00 - 12/10/2025 12:00:00","BZN|FR","Without Sequence","10.48","",""
"12/10/2025 12:00:00 - 12/10/2025 12:15:00","BZN|FR","Sequence Sequence 2","25.48","",""
"12/10/2025 12:00:00 - 12/10/2025 12:15:00","BZN|FR","Without Sequence","25.48","",""
"12/10/2025 12:15:00 - 12/10/2025 12:30:00","BZN|FR","Sequence Sequence 2","25.19","",""
"12/10/2025 12:15:00 - 12/10/2025 12:30:00","BZN|FR","Without Sequence","25.19","",""
"12/10/2025 12:30:00 - 12/10/2025 12:45:00","BZN|FR","Sequence Sequence 2","26.98","",""
"12/10/2025 12:30:00 - 12/10/2025 12:45:00","BZN|FR","Without Sequence","26.98","",""
"12/10/2025 12:45:00 - 12/10/2025 13:00:00","BZN|FR","Sequence Sequence 2","18.47","",""
"12/10/2025 12:45:00 - 12/10/2025 13:00:00","BZN|FR","Without Sequence","18.47","",""
"12/10/2025 13:00:00 - 12/10/2025 13:15:00","BZN|FR","Sequence Sequence 2","21.23","",""
"12/10/2025 13:00:00 - 12/10/2025 13:15:00","BZN|FR","Without Sequence","21.23","",""
"12/10/2025 13:15:00 - 12/10/2025 13:30:00","BZN|FR","Sequence Sequence 2","20.02","",""
"12/10/2025 13:15:00 - 12/10/2025 13:30:00","BZN|FR","Without Sequence","20.02","",""
"12/10/2025 13:30:00 - 12/10/2025 13:45:00","BZN|FR","Sequence Sequence 2","11.23","",""
"12/10/2025 13:30:00 - 12/10/2025 13:45:00","BZN|FR","Without Sequence","11.23","",""
"12/10/2025 13:45:00 - 12/10/2025 14:00:00","BZN|FR","Sequence Sequence 2","13.52","",""
"12/10/2025 13:45:00 - 12/10/2025 14:00:00","BZN|FR","Without Sequence","13.52","",""
"12/10/2025 14:00:00 - 12/10/2025 14:15:00","BZN|FR","Sequence Sequence 2","10.48","",""
"12/10/2025 14:00:00 - 12/10/2025 14:15:00","BZN|FR","Without Sequence","10.48","",""
"12/10/2025 14:15:00 - 12/10/2025 14:30:00","BZN|FR","Sequence Sequence 2","10.87","",""
"12/10/2025 14:15:00 - 12/10/2025 14:30:00","BZN|FR","Without Sequence","10.87","",""
"12/10/2025 14:30:00 - 12/10/2025 14:45:00","BZN|FR","Sequence Sequence 2","1.72","",""
"12/10/2025 14:30:00 - 12/10/2025 14:45:00","BZN|FR","Without Sequence","1.72","",""
"12/10/2025 14:45:00 - 12/10/2025 15:00:00","BZN|FR","Sequence Sequence 2","1.72","",""
"12/10/2025 14:45:00 - 12/10/2025 15:00:00","BZN|FR","Without Sequence","1.72","",""
"12/10/2025 15:00:00 - 12/10/2025 15:15:00","BZN|FR","Sequence Sequence 2","0.65","",""
"12/10/2025 15:00:00 - 12/10/2025 15:15:00","BZN|FR","Without Sequence","0.65","",""
"12/10/2025 15:15:00 - 12/10/2025 15:30:00","BZN|FR","Sequence Sequence 2","0.89","",""
"12/10/2025 15:15:00 - 12/10/2025 15:30:00","BZN|FR","Without Sequence","0.89","",""
"12/10/2025 15:30:00 - 12/10/2025 15:45:00","BZN|FR","Sequence Sequence 2","0.92","",""
"12/10/2025 15:30:00 - 12/10/2025 15:45:00","BZN|FR","Without Sequence","0.92","",""
"12/10/2025 15:45:00 - 12/10/2025 16:00:00","BZN|FR","Sequence Sequence 2","4.41","",""
"12/10/2025 15:45:00 - 12/10/2025 16:00:00","BZN|FR","Without Sequence","4.41","",""
"12/10/2025 16:00:00 - 12/10/2025 16:15:00","BZN|FR","Sequence Sequence 2","1.72","",""
"12/10/2025 16:00:00 - 12/10/2025 16:15:00","BZN|FR","Without Sequence","1.72","",""
"12/10/2025 16:15:00 - 12/10/2025 16:30:00","BZN|FR","Sequence Sequence 2","3.52","",""
"12/10/2025 16:15:00 - 12/10/2025 16:30:00","BZN|FR","Without Sequence","3.52","",""
"12/10/2025 16:30:00 - 12/10/2025 16:45:00","BZN|FR","Sequence Sequence 2","7.36","",""
"12/10/2025 16:30:00 - 12/10/2025 16:45:00","BZN|FR","Without Sequence","7.36","",""
"12/10/2025 16:45:00 - 12/10/2025 17:00:00","BZN|FR","Sequence Sequence 2","16.35","",""
"12/10/2025 16:45:00 - 12/10/2025 17:00:00","BZN|FR","Without Sequence","16.35","",""
"12/10/2025 17:00:00 - 12/10/2025 17:15:00","BZN|FR","Sequence Sequence 2","15.11","",""
"12/10/2025 17:00:00 - 12/10/2025 17:15:00","BZN|FR","Without Sequence","15.11","",""
"12/10/2025 17:15:00 - 12/10/2025 17:30:00","BZN|FR","Sequence Sequence 2","21.37","",""
"12/10/2025 17:15:00 - 12/10/2025 17:30:00","BZN|FR","Without Sequence","21.37","",""
"12/10/2025 17:30:00 - 12/10/2025 17:45:00","BZN|FR","Sequence Sequence 2","40.78","",""
"12/10/2025 17:30:00 - 12/10/2025 17:45:00","BZN|FR","Without Sequence","40.78","",""
"12/10/2025 17:45:00 - 12/10/2025 18:00:00","BZN|FR","Sequence Sequence 2","60.41","",""
"12/10/2025 17:45:00 - 12/10/2025 18:00:00","BZN|FR","Without Sequence","60.41","",""
"12/10/2025 18:00:00 - 12/10/2025 18:15:00","BZN|FR","Sequence Sequence 2","61.00","",""
"12/10/2025 18:00:00 - 12/10/2025 18:15:00","BZN|FR","Without Sequence","61.00","",""
"12/10/2025 18:15:00 - 12/10/2025 18:30:00","BZN|FR","Sequence Sequence 2","76.50","",""
"12/10/2025 18:15:00 - 12/10/2025 18:30:00","BZN|FR","Without Sequence","76.50","",""
"12/10/2025 18:30:00 - 12/10/2025 18:45:00","BZN|FR","Sequence Sequence 2","102.79","",""
"12/10/2025 18:30:00 - 12/10/2025 18:45:00","BZN|FR","Without Sequence","102.79","",""
"12/10/2025 18:45:00 - 12/10/2025 19:00:00","BZN|FR","Sequence Sequence 2","105.00","",""
"12/10/2025 18:45:00 - 12/10/2025 19:00:00","BZN|FR","Without Sequence","105.00","",""
"12/10/2025 19:00:00 - 12/10/2025 19:15:00","BZN|FR","Sequence Sequence 2","104.10","",""
"12/10/2025 19:00:00 - 12/10/2025 19:15:00","BZN|FR","Without Sequence","104.10","",""
"12/10/2025 19:15:00 - 12/10/2025 19:30:00","BZN|FR","Sequence Sequence 2","108.72","",""
"12/10/2025 19:15:00 - 12/10/2025 19:30:00","BZN|FR","Without Sequence","108.72","",""
"12/10/2025 19:30:00 - 12/10/2025 19:45:00","BZN|FR","Sequence Sequence 2","111.79","",""
"12/10/2025 19:30:00 - 12/10/2025 19:45:00","BZN|FR","Without Sequence","111.79","",""
"12/10/2025 19:45:00 - 12/10/2025 20:00:00","BZN|FR","Sequence Sequence 2","113.00","",""
"12/10/2025 19:45:00 - 12/10/2025 20:00:00","BZN|FR","Without Sequence","113.00","",""
"12/10/2025 20:00:00 - 12/10/2025 20:15:00","BZN|FR","Sequence Sequence 2","114.78","",""
"12/10/2025 20:00:00 - 12/10/2025 20:15:00","BZN|FR","Without Sequence","114.78","",""
"12/10/2025 20:15:00 - 12/10/2025 20:30:00","BZN|FR","Sequence Sequence 2","116.33","",""
"12/10/2025 20:15:00 - 12/10/2025 20:30:00","BZN|FR","Without Sequence","116.33","",""
"12/10/2025 20:30:00 - 12/10/2025 20:45:00","BZN|FR","Sequence Sequence 2","109.60","",""
"12/10/2025 20:30:00 - 12/10/2025 20:45:00","BZN|FR","Without Sequence","109.60","",""
"12/10/2025 20:45:00 - 12/10/2025 21:00:00","BZN|FR","Sequence Sequence 2","100.01","",""
"12/10/2025 20:45:00 - 12/10/2025 21:00:00","BZN|FR","Without Sequence","100.01","",""
"12/10/2025 21:00:00 - 12/10/2025 21:15:00","BZN|FR","Sequence Sequence 2","99.70","",""
"12/10/2025 21:00:00 - 12/10/2025 21:15:00","BZN|FR","Without Sequence","99.70","",""
"12/10/2025 21:15:00 - 12/10/2025 21:30:00","BZN|FR","Sequence Sequence 2","111.21","",""
"12/10/2025 21:15:00 - 12/10/2025 21:30:00","BZN|FR","Without Sequence","111.21","",""
"12/10/2025 21:30:00 - 12/10/2025 21:45:00","BZN|FR","Sequence Sequence 2","106.52","",""
"12/10/2025 21:30:00 - 12/10/2025 21:45:00","BZN|FR","Without Sequence","106.52","",""
"12/10/2025 21:45:00 - 12/10/2025 22:00:00","BZN|FR","Sequence Sequence 2","94.37","",""
"12/10/2025 21:45:00 - 12/10/2025 22:00:00","BZN|FR","Without Sequence","94.37","",""
"12/10/2025 22:00:00 - 12/10/2025 22:15:00","BZN|FR","Sequence Sequence 2","70.50","",""
"12/10/2025 22:00:00 - 12/10/2025 22:15:00","BZN|FR","Without Sequence","70.50","",""
"12/10/2025 22:15:00 - 12/10/2025 22:30:00","BZN|FR","Sequence Sequence 2","72.22","",""
"12/10/2025 22:15:00 - 12/10/2025 22:30:00","BZN|FR","Without Sequence","72.22","",""
"12/10/2025 22:30:00 - 12/10/2025 22:45:00","BZN|FR","Sequence Sequence 2","100.00","",""
"12/10/2025 22:30:00 - 12/10/2025 22:45:00","BZN|FR","Without Sequence","100.00","",""
"12/10/2025 22:45:00 - 12/10/2025 23:00:00","BZN|FR","Sequence Sequence 2","95.84","",""
"12/10/2025 22:45:00 - 12/10/2025 23:00:00","BZN|FR","Without Sequence","95.84","",""
"12/10/2025 23:00:00 - 12/10/2025 23:15:00","BZN|FR","Sequence Sequence 2","93.72","",""
"12/10/2025 23:00:00 - 12/10/2025 23:15:00","BZN|FR","Without Sequence","93.72","",""
"12/10/2025 23:15:00 - 12/10/2025 23:30:00","BZN|FR","Sequence Sequence 2","74.85","",""
"12/10/2025 23:15:00 - 12/10/2025 23:30:00","BZN|FR","Without Sequence","74.85","",""
"12/10/2025 23:30:00 - 12/10/2025 23:45:00","BZN|FR","Sequence Sequence 2","78.49","",""
"12/10/2025 23:30:00 - 12/10/2025 23:45:00","BZN|FR","Without Sequence","78.49","",""
"12/10/2025 23:45:00 - 13/10/2025 00:00:00","BZN|FR","Sequence Sequence 2","76.46","",""
"12/10/2025 23:45:00 - 13/10/2025 00:00:00","BZN|FR","Without Sequence","76.46","",""
"13/10/2025 00:00:00 - 13/10/2025 00:15:00","BZN|FR","Sequence Sequence 2","85.89","",""
"13/10/2025 00:00:00 - 13/10/2025 00:15:00","BZN|FR","Without Sequence","85.89","",""
"13/10/2025 00:15:00 - 13/10/2025 00:30:00","BZN|FR","Sequence Sequence 2","80.62","",""
"13/10/2025 00:15:00 - 13/10/2025 00:30:00","BZN|FR","Without Sequence","80.62","",""
"13/10/2025 00:30:00 - 13/10/2025 00:45:00","BZN|FR","Sequence Sequence 2","71.32","",""
"13/10/2025 00:30:00 - 13/10/2025 00:45:00","BZN|FR","Without Sequence","71.32","",""
"13/10/2025 00:45:00 - 13/10/2025 01:00:00","BZN|FR","Sequence Sequence 2","51.16","",""
"13/10/2025 00:45:00 - 13/10/2025 01:00:00","BZN|FR","Without Sequence","51.16","",""
"13/10/2025 01:00:00 - 13/10/2025 01:15:00","BZN|FR","Sequence Sequence 2","76.67","",""
"13/10/2025 01:00:00 - 13/10/2025 01:15:00","BZN|FR","Without Sequence","76.67","",""
"13/10/2025 01:15:00 - 13/10/2025 01:30:00","BZN|FR","Sequence Sequence 2","60.01","",""
"13/10/2025 01:15:00 - 13/10/2025 01:30:00","BZN|FR","Without Sequence","60.01","",""
"13/10/2025 01:30:00 - 13/10/2025 01:45:00","BZN|FR","Sequence Sequence 2","64.12","",""
"13/10/2025 01:30:00 - 13/10/2025 01:45:00","BZN|FR","Without Sequence","64.12","",""
"13/10/2025 01:45:00 - 13/10/2025 02:00:00","BZN|FR","Sequence Sequence 2","53.43","",""
"13/10/2025 01:45:00 - 13/10/2025 02:00:00","BZN|FR","Without Sequence","53.43","",""
"13/10/2025 02:00:00 - 13/10/2025 02:15:00","BZN|FR","Sequence Sequence 2","80.86","",""
"13/10/2025 02:00:00 - 13/10/2025 02:15:00","BZN|FR","Without Sequence","80.86","",""
"13/10/2025 02:15:00 - 13/10/2025 02:30:00","BZN|FR","Sequence Sequence 2","66.12","",""
"13/10/2025 02:15:00 - 13/10/2025 02:30:00","BZN|FR","Without Sequence","66.12","",""
"13/10/2025 02:30:00 - 13/10/2025 02:45:00","BZN|FR","Sequence Sequence 2","56.61","",""
"13/10/2025 02:30:00 - 13/10/2025 02:45:00","BZN|FR","Without Sequence","56.61","",""
"13/10/2025 02:45:00 - 13/10/2025 03:00:00","BZN|FR","Sequence Sequence 2","37.08","",""
"13/10/2025 02:45:00 - 13/10/2025 03:00:00","BZN|FR","Without Sequence","37.08","",""
"13/10/2025 03:00:00 - 13/10/2025 03:15:00","BZN|FR","Sequence Sequence 2","47.75","",""
"13/10/2025 03:00:00 - 13/10/2025 03:15:00","BZN|FR","Without Sequence","47.75","",""
"13/10/2025 03:15:00 - 13/10/2025 03:30:00","BZN|FR","Sequence Sequence 2","42.19","",""
"13/10/2025 03:15:00 - 13/10/2025 03:30:00","BZN|FR","Without Sequence","42.19","",""
"13/10/2025 03:30:00 - 13/10/2025 03:45:00","BZN|FR","Sequence Sequence 2","26.30","",""
"13/10/2025 03:30:00 - 13/10/2025 03:45:00","BZN|FR","Without Sequence","26.30","",""
"13/10/2025 03:45:00 - 13/10/2025 04:00:00","BZN|FR","Sequence Sequence 2","3.76","",""
"13/10/2025 03:45:00 - 13/10/2025 04:00:00","BZN|FR","Without Sequence","3.76","",""
"13/10/2025 04:00:00 - 13/10/2025 04:15:00","BZN|FR","Sequence Sequence 2","24.92","",""
"13/10/2025 04:00:00 - 13/10/2025 04:15:00","BZN|FR","Without Sequence","24.92","",""
"13/10/2025 04:15:00 - 13/10/2025 04:30:00","BZN|FR","Sequence Sequence 2","9.67","",""
"13/10/2025 04:15:00 - 13/10/2025 04:30:00","BZN|FR","Without Sequence","9.67","",""
"13/10/2025 04:30:00 - 13/10/2025 04:45:00","BZN|FR","Sequence Sequence 2","27.97","",""
"13/10/2025 04:30:00 - 13/10/2025 04:45:00","BZN|FR","Without Sequence","27.97","",""
"13/10/2025 04:45:00 - 13/10/2025 05:00:00","BZN|FR","Sequence Sequence 2","30.20","",""
"13/10/2025 04:45:00 - 13/10/2025 05:00:00","BZN|FR","Without Sequence","30.20","",""
"13/10/2025 05:00:00 - 13/10/2025 05:15:00","BZN|FR","Sequence Sequence 2","27.32","",""
"13/10/2025 05:00:00 - 13/10/2025 05:15:00","BZN|FR","Without Sequence","27.32","",""
"13/10/2025 05:15:00 - 13/10/2025 05:30:00","BZN|FR","Sequence Sequence 2","32.09","",""
"13/10/2025 05:15:00 - 13/10/2025 05:30:00","BZN|FR","Without Sequence","32.09","",""
"13/10/2025 05:30:00 - 13/10/2025 05:45:00","BZN|FR","Sequence Sequence 2","55.79","",""
"13/10/2025 05:30:00 - 13/10/2025 05:45:00","BZN|FR","Without Sequence","55.79","",""
"13/10/2025 05:45:00 - 13/10/2025 06:00:00","BZN|FR","Sequence Sequence 2","62.69","",""
"13/10/2025 05:45:00 - 13/10/2025 06:00:00","BZN|FR","Without Sequence","62.69","",""
"13/10/2025 06:00:00 - 13/10/2025 06:15:00","BZN|FR","Sequence Sequence 2","80.77","",""
"13/10/2025 06:00:00 - 13/10/2025 06:15:00","BZN|FR","Without Sequence","80.77","",""
"13/10/2025 06:15:00 - 13/10/2025 06:30:00","BZN|FR","Sequence Sequence 2","86.62","",""
"13/10/2025 06:15:00 - 13/10/2025 06:30:00","BZN|FR","Without Sequence","86.62","",""
"13/10/2025 06:30:00 - 13/10/2025 06:45:00","BZN|FR","Sequence Sequence 2","96.37","",""
"13/10/2025 06:30:00 - 13/10/2025 06:45:00","BZN|FR","Without Sequence","96.37","",""
"13/10/2025 06:45:00 - 13/10/2025 07:00:00","BZN|FR","Sequence Sequence 2","86.43","",""
"13/10/2025 06:45:00 - 13/10/2025 07:00:00","BZN|FR","Without Sequence","86.43","",""
"13/10/2025 07:00:00 - 13/10/2025 07:15:00","BZN|FR","Sequence Sequence 2","98.22","",""
"13/10/2025 07:00:00 - 13/10/2025 07:15:00","BZN|FR","Without Sequence","98.22","",""
"13/10/2025 07:15:00 - 13/10/2025 07:30:00","BZN|FR","Sequence Sequence 2","102.35","",""
"13/10/2025 07:15:00 - 13/10/2025 07:30:00","BZN|FR","Without Sequence","102.35","",""
"13/10/2025 07:30:00 - 13/10/2025 07:45:00","BZN|FR","Sequence Sequence 2","115.05","",""
"13/10/2025 07:30:00 - 13/10/2025 07:45:00","BZN|FR","Without Sequence","115.05","",""
"13/10/2025 07:45:00 - 13/10/2025 08:00:00","BZN|FR","Sequence Sequence 2","114.57","",""
"13/10/2025 07:45:00 - 13/10/2025 08:00:00","BZN|FR","Without Sequence","114.57","",""
"13/10/2025 08:00:00 - 13/10/2025 08:15:00","BZN|FR","Sequence Sequence 2","129.29","",""
"13/10/2025 08:00:00 - 13/10/2025 08:15:00","BZN|FR","Without Sequence","129.29","",""
"13/10/2025 08:15:00 - 13/10/2025 08:30:00","BZN|FR","Sequence Sequence 2","130.25","",""
"13/10/2025 08:15:00 - 13/10/2025 08:30:00","BZN|FR","Without Sequence","130.25","",""
"13/10/2025 08:30:00 - 13/10/2025 08:45:00","BZN|FR","Sequence Sequence 2","129.29","",""
"13/10/2025 08:30:00 - 13/10/2025 08:45:00","BZN|FR","Without Sequence","129.29","",""
"13/10/2025 08:45:00 - 13/10/2025 09:00:00","BZN|FR","Sequence Sequence 2","120.82","",""
"13/10/2025 08:45:00 - 13/10/2025 09:00:00","BZN|FR","Without Sequence","120.82","",""
"13/10/2025 09:00:00 - 13/10/2025 09:15:00","BZN|FR","Sequence Sequence 2","140.33","",""
"13/10/2025 09:00:00 - 13/10/2025 09:15:00","BZN|FR","Without Sequence","140.33","",""
"13/10/2025 09:15:00 - 13/10/2025 09:30:00","BZN|FR","Sequence Sequence 2","118.60","",""
"13/10/2025 09:15:00 - 13/10/2025 09:30:00","BZN|FR","Without Sequence","118.60","",""
"13/10/2025 09:30:00 - 13/10/2025 09:45:00","BZN|FR","Sequence Sequence 2","105.02","",""
"13/10/2025 09:30:00 - 13/10/2025 09:45:00","BZN|FR","Without Sequence","105.02","",""
"13/10/2025 09:45:00 - 13/10/2025 10:00:00","BZN|FR","Sequence Sequence 2","80.91","",""
"13/10/2025 09:45:00 - 13/10/2025 10:00:00","BZN|FR","Without Sequence","80.91","",""
"13/10/2025 10:00:00 - 13/10/2025 10:15:00","BZN|FR","Sequence Sequence 2","112.47","",""
"13/10/2025 10:00:00 - 13/10/2025 10:15:00","BZN|FR","Without Sequence","112.47","",""
"13/10/2025 10:15:00 - 13/10/2025 10:30:00","BZN|FR","Sequence Sequence 2","103.09","",""
"13/10/2025 10:15:00 - 13/10/2025 10:30:00","BZN|FR","Without Sequence","103.09","",""
"13/10/2025 10:30:00 - 13/10/2025 10:45:00","BZN|FR","Sequence Sequence 2","101.37","",""
"13/10/2025 10:30:00 - 13/10/2025 10:45:00","BZN|FR","Without Sequence","101.37","",""
"13/10/2025 10:45:00 - 13/10/2025 11:00:00","BZN|FR","Sequence Sequence 2","95.07","",""
"13/10/2025 10:45:00 - 13/10/2025 11:00:00","BZN|FR","Without Sequence","95.07","",""
"13/10/2025 11:00:00 - 13/10/2025 11:15:00","BZN|FR","Sequence Sequence 2","101.37","",""
"13/10/2025 11:00:00 - 13/10/2025 11:15:00","BZN|FR","Without Sequence","101.37","",""
"13/10/2025 11:15:00 - 13/10/2025 11:30:00","BZN|FR","Sequence Sequence 2","92.47","",""
"13/10/2025 11:15:00 - 13/10/2025 11:30:00","BZN|FR","Without Sequence","92.47","",""
"13/10/2025 11:30:00 - 13/10/2025 11:45:00","BZN|FR","Sequence Sequence 2","81.48","",""
"13/10/2025 11:30:00 - 13/10/2025 11:45:00","BZN|FR","Without Sequence","81.48","",""
"13/10/2025 11:45:00 - 13/10/2025 12:00:00","BZN|FR","Sequence Sequence 2","78.12","",""
"13/10/2025 11:45:00 - 13/10/2025 12:00:00","BZN|FR","Without Sequence","78.12","",""
"13/10/2025 12:00:00 - 13/10/2025 12:15:00","BZN|FR","Sequence Sequence 2","78.33","",""
"13/10/2025 12:00:00 - 13/10/2025 12:15:00","BZN|FR","Without Sequence","78.33","",""
"13/10/2025 12:15:00 - 13/10/2025 12:30:00","BZN|FR","Sequence Sequence 2","77.07","",""
"13/10/2025 12:15:00 - 13/10/2025 12:30:00","BZN|FR","Without Sequence","77.07","",""
"13/10/2025 12:30:00 - 13/10/2025 12:45:00","BZN|FR","Sequence Sequence 2","77.07","",""
"13/10/2025 12:30:00 - 13/10/2025 12:45:00","BZN|FR","Without Sequence","77.07","",""
"13/10/2025 12:45:00 - 13/10/2025 13:00:00","BZN|FR","Sequence Sequence 2","76.68","",""
"13/10/2025 12:45:00 - 13/10/2025 13:00:00","BZN|FR","Without Sequence","76.68","",""
"13/10/2025 13:00:00 - 13/10/2025 13:15:00","BZN|FR","Sequence Sequence 2","73.47","",""
"13/10/2025 13:00:00 - 13/10/2025 13:15:00","BZN|FR","Without Sequence","73.47","",""
"13/10/2025 13:15:00 - 13/10/2025 13:30:00","BZN|FR","Sequence Sequence 2","70.20","",""
"13/10/2025 13:15:00 - 13/10/2025 13:30:00","BZN|FR","Without Sequence","70.20","",""
"13/10/2025 13:30:00 - 13/10/2025 13:45:00","BZN|FR","Sequence Sequence 2","48.02","",""
"13/10/2025 13:30:00 - 13/10/2025 13:45:00","BZN|FR","Without Sequence","48.02","",""
"13/10/2025 13:45:00 - 13/10/2025 14:00:00","BZN|FR","Sequence Sequence 2","48.42","",""
"13/10/2025 13:45:00 - 13/10/2025 14:00:00","BZN|FR","Without Sequence","48.42","",""
"13/10/2025 14:00:00 - 13/10/2025 14:15:00","BZN|FR","Sequence Sequence 2","62.15","",""
"13/10/2025 14:00:00 - 13/10/2025 14:15:00","BZN|FR","Without Sequence","62.15","",""
"13/10/2025 14:15:00 - 13/10/2025 14:30:00","BZN|FR","Sequence Sequence 2","56.79","",""
"13/10/2025 14:15:00 - 13/10/2025 14:30:00","BZN|FR","Without Sequence","56.79","",""
"13/10/2025 14:30:00 - 13/10/2025 14:45:00","BZN|FR","Sequence Sequence 2","32.50","",""
"13/10/2025 14:30:00 - 13/10/2025 14:45:00","BZN|FR","Without Sequence","32.50","",""
"13/10/2025 14:45:00 - 13/10/2025 15:00:00","BZN|FR","Sequence Sequence 2","37.88","",""
"13/10/2025 14:45:00 - 13/10/2025 15:00:00","BZN|FR","Without Sequence","37.88","",""
"13/10/2025 15:00:00 - 13/10/2025 15:15:00","BZN|FR","Sequence Sequence 2","30.64","",""
"13/10/2025 15:00:00 - 13/10/2025 15:15:00","BZN|FR","Without Sequence","30.64","",""
"13/10/2025 15:15:00 - 13/10/2025 15:30:00","BZN|FR","Sequence Sequence 2","46.65","",""
"13/10/2025 15:15:00 - 13/10/2025 15:30:00","BZN|FR","Without Sequence","46.65","",""
"13/10/2025 15:30:00 - 13/10/2025 15:45:00","BZN|FR","Sequence Sequence 2","40.79","",""
"13/10/2025 15:30:00 - 13/10/2025 15:45:00","BZN|FR","Without Sequence","40.79","",""
"13/10/2025 15:45:00 - 13/10/2025 16:00:00","BZN|FR","Sequence Sequence 2","62.32","",""
"13/10/2025 15:45:00 - 13/10/2025 16:00:00","BZN|FR","Without Sequence","62.32","",""
"13/10/2025 16:00:00 - 13/10/2025 16:15:00","BZN|FR","Sequence Sequence 2","11.92","",""
"13/10/2025 16:00:00 - 13/10/2025 16:15:00","BZN|FR","Without Sequence","11.92","",""
"13/10/2025 16:15:00 - 13/10/2025 16:30:00","BZN|FR","Sequence Sequence 2","37.40","",""
"13/10/2025 16:15:00 - 13/10/2025 16:30:00","BZN|FR","Without Sequence","37.40","",""
"13/10/2025 16:30:00 - 13/10/2025 16:45:00","BZN|FR","Sequence Sequence 2","57.36","",""
"13/10/2025 16:30:00 - 13/10/2025 16:45:00","BZN|FR","Without Sequence","57.36","",""
"13/10/2025 16:45:00 - 13/10/2025 17:00:00","BZN|FR","Sequence Sequence 2","76.55","",""
"13/10/2025 16:45:00 - 13/10/2025 17:00:00","BZN|FR","Without Sequence","76.55","",""
"13/10/2025 17:00:00 - 13/10/2025 17:15:00","BZN|FR","Sequence Sequence 2","63.54","",""
"13/10/2025 17:00:00 - 13/10/2025 17:15:00","BZN|FR","Without Sequence","63.54","",""
"13/10/2025 17:15:00 - 13/10/2025 17:30:00","BZN|FR","Sequence Sequence 2","71.50","",""
"13/10/2025 17:15:00 - 13/10/2025 17:30:00","BZN|FR","Without Sequence","71.50","",""
"13/10/2025 17:30:00 - 13/10/2025 17:45:00","BZN|FR","Sequence Sequence 2","86.30","",""
"13/10/2025 17:30:00 - 13/10/2025 17:45:00","BZN|FR","Without Sequence","86.30","",""
"13/10/2025 17:45:00 - 13/10/2025 18:00:00","BZN|FR","Sequence Sequence 2","94.25","",""
"13/10/2025 17:45:00 - 13/10/2025 18:00:00","BZN|FR","Without Sequence","94.25","",""
"13/10/2025 18:00:00 - 13/10/2025 18:15:00","BZN|FR","Sequence Sequence 2","85.16","",""
"13/10/2025 18:00:00 - 13/10/2025 18:15:00","BZN|FR","Without Sequence","85.16","",""
"13/10/2025 18:15:00 - 13/10/2025 18:30:00","BZN|FR","Sequence Sequence 2","101.34","",""
"13/10/2025 18:15:00 - 13/10/2025 18:30:00","BZN|FR","Without Sequence","101.34","",""
"13/10/2025 18:30:00 - 13/10/2025 18:45:00","BZN|FR","Sequence Sequence 2","101.37","",""
"13/10/2025 18:30:00 - 13/10/2025 18:45:00","BZN|FR","Without Sequence","101.37","",""
"13/10/2025 18:45:00 - 13/10/2025 19:00:00","BZN|FR","Sequence Sequence 2","111.78","",""
"13/10/2025 18:45:00 - 13/10/2025 19:00:00","BZN|FR","Without Sequence","111.78","",""
"13/10/2025 19:00:00 - 13/10/2025 19:15:00","BZN|FR","Sequence Sequence 2","117.20","",""
"13/10/2025 19:00:00 - 13/10/2025 19:15:00","BZN|FR","Without Sequence","117.20","",""
"13/10/2025 19:15:00 - 13/10/2025 19:30:00","BZN|FR","Sequence Sequence 2","119.24","",""
"13/10/2025 19:15:00 - 13/10/2025 19:30:00","BZN|FR","Without Sequence","119.24","",""
"13/10/2025 19:30:00 - 13/10/2025 19:45:00","BZN|FR","Sequence Sequence 2","137.11","",""
"13/10/2025 19:30:00 - 13/10/2025 19:45:00","BZN|FR","Without Sequence","137.11","",""
"13/10/2025 19:45:00 - 13/10/2025 20:00:00","BZN|FR","Sequence Sequence 2","154.76","",""
"13/10/2025 19:45:00 - 13/10/2025 20:00:00","BZN|FR","Without Sequence","154.76","",""
"13/10/2025 20:00:00 - 13/10/2025 20:15:00","BZN|FR","Sequence Sequence 2","136.97","",""
"13/10/2025 20:00:00 - 13/10/2025 20:15:00","BZN|FR","Without Sequence","136.97","",""
"13/10/2025 20:15:00 - 13/10/2025 20:30:00","BZN|FR","Sequence Sequence 2","98.92","",""
"13/10/2025 20:15:00 - 13/10/2025 20:30:00","BZN|FR","Without Sequence","98.92","",""
"13/10/2025 20:30:00 - 13/10/2025 20:45:00","BZN|FR","Sequence Sequence 2","92.38","",""
"13/10/2025 20:30:00 - 13/10/2025 20:45:00","BZN|FR","Without Sequence","92.38","",""
"13/10/2025 20:45:00 - 13/10/2025 21:00:00","BZN|FR","Sequence Sequence 2","96.49","",""
"13/10/2025 20:45:00 - 13/10/2025 21:00:00","BZN|FR","Without Sequence","96.49","",""
"13/10/2025 21:00:00 - 13/10/2025 21:15:00","BZN|FR","Sequence Sequence 2","105.26","",""
"13/10/2025 21:00:00 - 13/10/2025 21:15:00","BZN|FR","Without Sequence","105.26","",""
"13/10/2025 21:15:00 - 13/10/2025 21:30:00","BZN|FR","Sequence Sequence 2","103.42","",""
"13/10/2025 21:15:00 - 13/10/2025 21:30:00","BZN|FR","Without Sequence","103.42","",""
"13/10/2025 21:30:00 - 13/10/2025 21:45:00","BZN|FR","Sequence Sequence 2","85.51","",""
"13/10/2025 21:30:00 - 13/10/2025 21:45:00","BZN|FR","Without Sequence","85.51","",""
"13/10/2025 21:45:00 - 13/10/2025 22:00:00","BZN|FR","Sequence Sequence 2","86.57","",""
"13/10/2025 21:45:00 - 13/10/2025 22:00:00","BZN|FR","Without Sequence","86.57","",""
"13/10/2025 22:00:00 - 13/10/2025 22:15:00","BZN|FR","Sequence Sequence 2","63.46","",""
"13/10/2025 22:00:00 - 13/10/2025 22:15:00","BZN|FR","Without Sequence","63.46","",""
"13/10/2025 22:15:00 - 13/10/2025 22:30:00","BZN|FR","Sequence Sequence 2","76.16","",""
"13/10/2025 22:15:00 - 13/10/2025 22:30:00","BZN|FR","Without Sequence","76.16","",""
"13/10/2025 22:30:00 - 13/10/2025 22:45:00","BZN|FR","Sequence Sequence 2","117.24","",""
"13/10/2025 22:30:00 - 13/10/2025 22:45:00","BZN|FR","Without Sequence","117.24","",""
"13/10/2025 22:45:00 - 13/10/2025 23:00:00","BZN|FR","Sequence Sequence 2","105.23","",""
"13/10/2025 22:45:00 - 13/10/2025 23:00:00","BZN|FR","Without Sequence","105.23","",""
"13/10/2025 23:00:00 - 13/10/2025 23:15:00","BZN|FR","Sequence Sequence 2","93.97","",""
"13/10/2025 23:00:00 - 13/10/2025 23:15:00","BZN|FR","Without Sequence","93.97","",""
"13/10/2025 23:15:00 - 13/10/2025 23:30:00","BZN|FR","Sequence Sequence 2","77.25","",""
"13/10/2025 23:15:00 - 13/10/2025 23:30:00","BZN|FR","Without Sequence","77.25","",""
"13/10/2025 23:30:00 - 13/10/2025 23:45:00","BZN|FR","Sequence Sequence 2","90.47","",""
"13/10/2025 23:30:00 - 13/10/2025 23:45:00","BZN|FR","Without Sequence","90.47","",""
"13/10/2025 23:45:00 - 14/10/2025 00:00:00","BZN|FR","Sequence Sequence 2","87.96","",""
"13/10/2025 23:45:00 - 14/10/2025 00:00:00","BZN|FR","Without Sequence","87.96","",""
"14/10/2025 00:00:00 - 14/10/2025 00:15:00","BZN|FR","Sequence Sequence 2","114.93","",""
"14/10/2025 00:00:00 - 14/10/2025 00:15:00","BZN|FR","Without Sequence","114.93","",""
"14/10/2025 00:15:00 - 14/10/2025 00:30:00","BZN|FR","Sequence Sequence 2","116.53","",""
"14/10/2025 00:15:00 - 14/10/2025 00:30:00","BZN|FR","Without Sequence","116.53","",""
"14/10/2025 00:30:00 - 14/10/2025 00:45:00","BZN|FR","Sequence Sequence 2","84.88","",""
"14/10/2025 00:30:00 - 14/10/2025 00:45:00","BZN|FR","Without Sequence","84.88","",""
"14/10/2025 00:45:00 - 14/10/2025 01:00:00","BZN|FR","Sequence Sequence 2","73.43","",""
"14/10/2025 00:45:00 - 14/10/2025 01:00:00","BZN|FR","Without Sequence","73.43","",""
"14/10/2025 01:00:00 - 14/10/2025 01:15:00","BZN|FR","Sequence Sequence 2","105.77","",""
"14/10/2025 01:00:00 - 14/10/2025 01:15:00","BZN|FR","Without Sequence","105.77","",""
"14/10/2025 01:15:00 - 14/10/2025 01:30:00","BZN|FR","Sequence Sequence 2","97.88","",""
"14/10/2025 01:15:00 - 14/10/2025 01:30:00","BZN|FR","Without Sequence","97.88","",""
"14/10/2025 01:30:00 - 14/10/2025 01:45:00","BZN|FR","Sequence Sequence 2","91.38","",""
"14/10/2025 01:30:00 - 14/10/2025 01:45:00","BZN|FR","Without Sequence","91.38","",""
"14/10/2025 01:45:00 - 14/10/2025 02:00:00","BZN|FR","Sequence Sequence 2","63.45","",""
"14/10/2025 01:45:00 - 14/10/2025 02:00:00","BZN|FR","Without Sequence","63.45","",""
"14/10/2025 02:00:00 - 14/10/2025 02:15:00","BZN|FR","Sequence Sequence 2","104.85","",""
"14/10/2025 02:00:00 - 14/10/2025 02:15:00","BZN|FR","Without Sequence","104.85","",""
"14/10/2025 02:15:00 - 14/10/2025 02:30:00","BZN|FR","Sequence Sequence 2","90.23","",""
"14/10/2025 02:15:00 - 14/10/2025 02:30:00","BZN|FR","Without Sequence","90.23","",""
"14/10/2025 02:30:00 - 14/10/2025 02:45:00","BZN|FR","Sequence Sequence 2","78.88","",""
"14/10/2025 02:30:00 - 14/10/2025 02:45:00","BZN|FR","Without Sequence","78.88","",""
"14/10/2025 02:45:00 - 14/10/2025 03:00:00","BZN|FR","Sequence Sequence 2","63.10","",""
"14/10/2025 02:45:00 - 14/10/2025 03:00:00","BZN|FR","Without Sequence","63.10","",""
"14/10/2025 03:00:00 - 14/10/2025 03:15:00","BZN|FR","Sequence Sequence 2","88.93","",""
"14/10/2025 03:00:00 - 14/10/2025 03:15:00","BZN|FR","Without Sequence","88.93","",""
"14/10/2025 03:15:00 - 14/10/2025 03:30:00","BZN|FR","Sequence Sequence 2","76.44","",""
"14/10/2025 03:15:00 - 14/10/2025 03:30:00","BZN|FR","Without Sequence","76.44","",""
"14/10/2025 03:30:00 - 14/10/2025 03:45:00","BZN|FR","Sequence Sequence 2","67.88","",""
"14/10/2025 03:30:00 - 14/10/2025 03:45:00","BZN|FR","Without Sequence","67.88","",""
"14/10/2025 03:45:00 - 14/10/2025 04:00:00","BZN|FR","Sequence Sequence 2","60.25","",""
"14/10/2025 03:45:00 - 14/10/2025 04:00:00","BZN|FR","Without Sequence","60.25","",""
"14/10/2025 04:00:00 - 14/10/2025 04:15:00","BZN|FR","Sequence Sequence 2","76.46","",""
"14/10/2025 04:00:00 - 14/10/2025 04:15:00","BZN|FR","Without Sequence","76.46","",""
"14/10/2025 04:15:00 - 14/10/2025 04:30:00","BZN|FR","Sequence Sequence 2","71.82","",""
"14/10/2025 04:15:00 - 14/10/2025 04:30:00","BZN|FR","Without Sequence","71.82","",""
"14/10/2025 04:30:00 - 14/10/2025 04:45:00","BZN|FR","Sequence Sequence 2","64.41","",""
"14/10/2025 04:30:00 - 14/10/2025 04:45:00","BZN|FR","Without Sequence","64.41","",""
"14/10/2025 04:45:00 - 14/10/2025 05:00:00","BZN|FR","Sequence Sequence 2","65.62","",""
"14/10/2025 04:45:00 - 14/10/2025 05:00:00","BZN|FR","Without Sequence","65.62","",""
"14/10/2025 05:00:00 - 14/10/2025 05:15:00","BZN|FR","Sequence Sequence 2","69.58","",""
"14/10/2025 05:00:00 - 14/10/2025 05:15:00","BZN|FR","Without Sequence","69.58","",""
"14/10/2025 05:15:00 - 14/10/2025 05:30:00","BZN|FR","Sequence Sequence 2","66.64","",""
"14/10/2025 05:15:00 - 14/10/2025 05:30:00","BZN|FR","Without Sequence","66.64","",""
"14/10/2025 05:30:00 - 14/10/2025 05:45:00","BZN|FR","Sequence Sequence 2","82.32","",""
"14/10/2025 05:30:00 - 14/10/2025 05:45:00","BZN|FR","Without Sequence","82.32","",""
"14/10/2025 05:45:00 - 14/10/2025 06:00:00","BZN|FR","Sequence Sequence 2","84.36","",""
"14/10/2025 05:45:00 - 14/10/2025 06:00:00","BZN|FR","Without Sequence","84.36","",""
"14/10/2025 06:00:00 - 14/10/2025 06:15:00","BZN|FR","Sequence Sequence 2","92.45","",""
"14/10/2025 06:00:00 - 14/10/2025 06:15:00","BZN|FR","Without Sequence","92.45","",""
"14/10/2025 06:15:00 - 14/10/2025 06:30:00","BZN|FR","Sequence Sequence 2","81.44","",""
"14/10/2025 06:15:00 - 14/10/2025 06:30:00","BZN|FR","Without Sequence","81.44","",""
"14/10/2025 06:30:00 - 14/10/2025 06:45:00","BZN|FR","Sequence Sequence 2","109.99","",""
"14/10/2025 06:30:00 - 14/10/2025 06:45:00","BZN|FR","Without Sequence","109.99","",""
"14/10/2025 06:45:00 - 14/10/2025 07:00:00","BZN|FR","Sequence Sequence 2","102.52","",""
"14/10/2025 06:45:00 - 14/10/2025 07:00:00","BZN|FR","Without Sequence","102.52","",""
"14/10/2025 07:00:00 - 14/10/2025 07:15:00","BZN|FR","Sequence Sequence 2","97.67","",""
"14/10/2025 07:00:00 - 14/10/2025 07:15:00","BZN|FR","Without Sequence","97.67","",""
"14/10/2025 07:15:00 - 14/10/2025 07:30:00","BZN|FR","Sequence Sequence 2","96.72","",""
"14/10/2025 07:15:00 - 14/10/2025 07:30:00","BZN|FR","Without Sequence","96.72","",""
"14/10/2025 07:30:00 - 14/10/2025 07:45:00","BZN|FR","Sequence Sequence 2","133.45","",""
"14/10/2025 07:30:00 - 14/10/2025 07:45:00","BZN|FR","Without Sequence","133.45","",""
"14/10/2025 07:45:00 - 14/10/2025 08:00:00","BZN|FR","Sequence Sequence 2","131.95","",""
"14/10/2025 07:45:00 - 14/10/2025 08:00:00","BZN|FR","Without Sequence","131.95","",""
"14/10/2025 08:00:00 - 14/10/2025 08:15:00","BZN|FR","Sequence Sequence 2","157.78","",""
"14/10/2025 08:00:00 - 14/10/2025 08:15:00","BZN|FR","Without Sequence","157.78","",""
"14/10/2025 08:15:00 - 14/10/2025 08:30:00","BZN|FR","Sequence Sequence 2","160.43","",""
"14/10/2025 08:15:00 - 14/10/2025 08:30:00","BZN|FR","Without Sequence","160.43","",""
"14/10/2025 08:30:00 - 14/10/2025 08:45:00","BZN|FR","Sequence Sequence 2","140.00","",""
"14/10/2025 08:30:00 - 14/10/2025 08:45:00","BZN|FR","Without Sequence","140.00","",""
"14/10/2025 08:45:00 - 14/10/2025 09:00:00","BZN|FR","Sequence Sequence 2","109.52","",""
"14/10/2025 08:45:00 - 14/10/2025 09:00:00","BZN|FR","Without Sequence","109.52","",""
"14/10/2025 09:00:00 - 14/10/2025 09:15:00","BZN|FR","Sequence Sequence 2","157.89","",""
"14/10/2025 09:00:00 - 14/10/2025 09:15:00","BZN|FR","Without Sequence","157.89","",""
"14/10/2025 09:15:00 - 14/10/2025 09:30:00","BZN|FR","Sequence Sequence 2","120.01","",""
"14/10/2025 09:15:00 - 14/10/2025 09:30:00","BZN|FR","Without Sequence","120.01","",""
"14/10/2025 09:30:00 - 14/10/2025 09:45:00","BZN|FR","Sequence Sequence 2","110.78","",""
"14/10/2025 09:30:00 - 14/10/2025 09:45:00","BZN|FR","Without Sequence","110.78","",""
"14/10/2025 09:45:00 - 14/10/2025 10:00:00","BZN|FR","Sequence Sequence 2","101.37","",""
"14/10/2025 09:45:00 - 14/10/2025 10:00:00","BZN|FR","Without Sequence","101.37","",""
"14/10/2025 10:00:00 - 14/10/2025 10:15:00","BZN|FR","Sequence Sequence 2","113.51","",""
"14/10/2025 10:00:00 - 14/10/2025 10:15:00","BZN|FR","Without Sequence","113.51","",""
"14/10/2025 10:15:00 - 14/10/2025 10:30:00","BZN|FR","Sequence Sequence 2","110.82","",""
"14/10/2025 10:15:00 - 14/10/2025 10:30:00","BZN|FR","Without Sequence","110.82","",""
"14/10/2025 10:30:00 - 14/10/2025 10:45:00","BZN|FR","Sequence Sequence 2","101.37","",""
"14/10/2025 10:30:00 - 14/10/2025 10:45:00","BZN|FR","Without Sequence","101.37","",""
"14/10/2025 10:45:00 - 14/10/2025 11:00:00","BZN|FR","Sequence Sequence 2","96.00","",""
"14/10/2025 10:45:00 - 14/10/2025 11:00:00","BZN|FR","Without Sequence","96.00","",""
"14/10/2025 11:00:00 - 14/10/2025 11:15:00","BZN|FR","Sequence Sequence 2","100.50","",""
"14/10/2025 11:00:00 - 14/10/2025 11:15:00","BZN|FR","Without Sequence","100.50","",""
"14/10/2025 11:15:00 - 14/10/2025 11:30:00","BZN|FR","Sequence Sequence 2","86.30","",""
"14/10/2025 11:15:00 - 14/10/2025 11:30:00","BZN|FR","Without Sequence","86.30","",""
"14/10/2025 11:30:00 - 14/10/2025 11:45:00","BZN|FR","Sequence Sequence 2","84.34","",""
"14/10/2025 11:30:00 - 14/10/2025 11:45:00","BZN|FR","Without Sequence","84.34","",""
"14/10/2025 11:45:00 - 14/10/2025 12:00:00","BZN|FR","Sequence Sequence 2","81.01","",""
"14/10/2025 11:45:00 - 14/10/2025 12:00:00","BZN|FR","Without Sequence","81.01","",""
"14/10/2025 12:00:00 - 14/10/2025 12:15:00","BZN|FR","Sequence Sequence 2","79.55","",""
"14/10/2025 12:00:00 - 14/10/2025 12:15:00","BZN|FR","Without Sequence","79.55","",""
"14/10/2025 12:15:00 - 14/10/2025 12:30:00","BZN|FR","Sequence Sequence 2","79.42","",""
"14/10/2025 12:15:00 - 14/10/2025 12:30:00","BZN|FR","Without Sequence","79.42","",""
"14/10/2025 12:30:00 - 14/10/2025 12:45:00","BZN|FR","Sequence Sequence 2","76.10","",""
"14/10/2025 12:30:00 - 14/10/2025 12:45:00","BZN|FR","Without Sequence","76.10","",""
"14/10/2025 12:45:00 - 14/10/2025 13:00:00","BZN|FR","Sequence Sequence 2","72.35","",""
"14/10/2025 12:45:00 - 14/10/2025 13:00:00","BZN|FR","Without Sequence","72.35","",""
"14/10/2025 13:00:00 - 14/10/2025 13:15:00","BZN|FR","Sequence Sequence 2","70.10","",""
"14/10/2025 13:00:00 - 14/10/2025 13:15:00","BZN|FR","Without Sequence","70.10","",""
"14/10/2025 13:15:00 - 14/10/2025 13:30:00","BZN|FR","Sequence Sequence 2","69.93","",""
"14/10/2025 13:15:00 - 14/10/2025 13:30:00","BZN|FR","Without Sequence","69.93","",""
"14/10/2025 13:30:00 - 14/10/2025 13:45:00","BZN|FR","Sequence Sequence 2","65.00","",""
"14/10/2025 13:30:00 - 14/10/2025 13:45:00","BZN|FR","Without Sequence","65.00","",""
"14/10/2025 13:45:00 - 14/10/2025 14:00:00","BZN|FR","Sequence Sequence 2","62.00","",""
"14/10/2025 13:45:00 - 14/10/2025 14:00:00","BZN|FR","Without Sequence","62.00","",""
"14/10/2025 14:00:00 - 14/10/2025 14:15:00","BZN|FR","Sequence Sequence 2","64.00","",""
"14/10/2025 14:00:00 - 14/10/2025 14:15:00","BZN|FR","Without Sequence","64.00","",""
"14/10/2025 14:15:00 - 14/10/2025 14:30:00","BZN|FR","Sequence Sequence 2","66.00","",""
"14/10/2025 14:15:00 - 14/10/2025 14:30:00","BZN|FR","Without Sequence","66.00","",""
"14/10/2025 14:30:00 - 14/10/2025 14:45:00","BZN|FR","Sequence Sequence 2","63.28","",""
"14/10/2025 14:30:00 - 14/10/2025 14:45:00","BZN|FR","Without Sequence","63.28","",""
"14/10/2025 14:45:00 - 14/10/2025 15:00:00","BZN|FR","Sequence Sequence 2","60.70","",""
"14/10/2025 14:45:00 - 14/10/2025 15:00:00","BZN|FR","Without Sequence","60.70","",""
"14/10/2025 15:00:00 - 14/10/2025 15:15:00","BZN|FR","Sequence Sequence 2","56.00","",""
"14/10/2025 15:00:00 - 14/10/2025 15:15:00","BZN|FR","Without Sequence","56.00","",""
"14/10/2025 15:15:00 - 14/10/2025 15:30:00","BZN|FR","Sequence Sequence 2","60.32","",""
"14/10/2025 15:15:00 - 14/10/2025 15:30:00","BZN|FR","Without Sequence","60.32","",""
"14/10/2025 15:30:00 - 14/10/2025 15:45:00","BZN|FR","Sequence Sequence 2","62.00","",""
"14/10/2025 15:30:00 - 14/10/2025 15:45:00","BZN|FR","Without Sequence","62.00","",""
"14/10/2025 15:45:00 - 14/10/2025 16:00:00","BZN|FR","Sequence Sequence 2","68.55","",""
"14/10/2025 15:45:00 - 14/10/2025 16:00:00","BZN|FR","Without Sequence","68.55","",""
"14/10/2025 16:00:00 - 14/10/2025 16:15:00","BZN|FR","Sequence Sequence 2","56.95","",""
"14/10/2025 16:00:00 - 14/10/2025 16:15:00","BZN|FR","Without Sequence","56.95","",""
"14/10/2025 16:15:00 - 14/10/2025 16:30:00","BZN|FR","Sequence Sequence 2","68.00","",""
"14/10/2025 16:15:00 - 14/10/2025 16:30:00","BZN|FR","Without Sequence","68.00","",""
"14/10/2025 16:30:00 - 14/10/2025 16:45:00","BZN|FR","Sequence Sequence 2","72.91","",""
"14/10/2025 16:30:00 - 14/10/2025 16:45:00","BZN|FR","Without Sequence","72.91","",""
"14/10/2025 16:45:00 - 14/10/2025 17:00:00","BZN|FR","Sequence Sequence 2","79.55","",""
"14/10/2025 16:45:00 - 14/10/2025 17:00:00","BZN|FR","Without Sequence","79.55","",""
"14/10/2025 17:00:00 - 14/10/2025 17:15:00","BZN|FR","Sequence Sequence 2","72.17","",""
"14/10/2025 17:00:00 - 14/10/2025 17:15:00","BZN|FR","Without Sequence","72.17","",""
"14/10/2025 17:15:00 - 14/10/2025 17:30:00","BZN|FR","Sequence Sequence 2","80.07","",""
"14/10/2025 17:15:00 - 14/10/2025 17:30:00","BZN|FR","Without Sequence","80.07","",""
"14/10/2025 17:30:00 - 14/10/2025 17:45:00","BZN|FR","Sequence Sequence 2","91.19","",""
"14/10/2025 17:30:00 - 14/10/2025 17:45:00","BZN|FR","Without Sequence","91.19","",""
"14/10/2025 17:45:00 - 14/10/2025 18:00:00","BZN|FR","Sequence Sequence 2","104.36","",""
"14/10/2025 17:45:00 - 14/10/2025 18:00:00","BZN|FR","Without Sequence","104.36","",""
"14/10/2025 18:00:00 - 14/10/2025 18:15:00","BZN|FR","Sequence Sequence 2","107.46","",""
"14/10/2025 18:00:00 - 14/10/2025 18:15:00","BZN|FR","Without Sequence","107.46","",""
"14/10/2025 18:15:00 - 14/10/2025 18:30:00","BZN|FR","Sequence Sequence 2","103.75","",""
"14/10/2025 18:15:00 - 14/10/2025 18:30:00","BZN|FR","Without Sequence","103.75","",""
"14/10/2025 18:30:00 - 14/10/2025 18:45:00","BZN|FR","Sequence Sequence 2","114.03","",""
"14/10/2025 18:30:00 - 14/10/2025 18:45:00","BZN|FR","Without Sequence","114.03","",""
"14/10/2025 18:45:00 - 14/10/2025 19:00:00","BZN|FR","Sequence Sequence 2","117.20","",""
"14/10/2025 18:45:00 - 14/10/2025 19:00:00","BZN|FR","Without Sequence","117.20","",""
"14/10/2025 19:00:00 - 14/10/2025 19:15:00","BZN|FR","Sequence Sequence 2","120.78","",""
"14/10/2025 19:00:00 - 14/10/2025 19:15:00","BZN|FR","Without Sequence","120.78","",""
"14/10/2025 19:15:00 - 14/10/2025 19:30:00","BZN|FR","Sequence Sequence 2","134.00","",""
"14/10/2025 19:15:00 - 14/10/2025 19:30:00","BZN|FR","Without Sequence","134.00","",""
"14/10/2025 19:30:00 - 14/10/2025 19:45:00","BZN|FR","Sequence Sequence 2","160.11","",""
"14/10/2025 19:30:00 - 14/10/2025 19:45:00","BZN|FR","Without Sequence","160.11","",""
"14/10/2025 19:45:00 - 14/10/2025 20:00:00","BZN|FR","Sequence Sequence 2","165.75","",""
"14/10/2025 19:45:00 - 14/10/2025 20:00:00","BZN|FR","Without Sequence","165.75","",""
"14/10/2025 20:00:00 - 14/10/2025 20:15:00","BZN|FR","Sequence Sequence 2","158.18","",""
"14/10/2025 20:00:00 - 14/10/2025 20:15:00","BZN|FR","Without Sequence","158.18","",""
"14/10/2025 20:15:00 - 14/10/2025 20:30:00","BZN|FR","Sequence Sequence 2","135.82","",""
"14/10/2025 20:15:00 - 14/10/2025 20:30:00","BZN|FR","Without Sequence","135.82","",""
"14/10/2025 20:30:00 - 14/10/2025 20:45:00","BZN|FR","Sequence Sequence 2","91.98","",""
"14/10/2025 20:30:00 - 14/10/2025 20:45:00","BZN|FR","Without Sequence","91.98","",""
"14/10/2025 20:45:00 - 14/10/2025 21:00:00","BZN|FR","Sequence Sequence 2","80.63","",""
"14/10/2025 20:45:00 - 14/10/2025 21:00:00","BZN|FR","Without Sequence","80.63","",""
"14/10/2025 21:00:00 - 14/10/2025 21:15:00","BZN|FR","Sequence Sequence 2","71.22","",""
"14/10/2025 21:00:00 - 14/10/2025 21:15:00","BZN|FR","Without Sequence","71.22","",""
"14/10/2025 21:15:00 - 14/10/2025 21:30:00","BZN|FR","Sequence Sequence 2","91.34","",""
"14/10/2025 21:15:00 - 14/10/2025 21:30:00","BZN|FR","Without Sequence","91.34","",""
"14/10/2025 21:30:00 - 14/10/2025 21:45:00","BZN|FR","Sequence Sequence 2","133.15","",""
"14/10/2025 21:30:00 - 14/10/2025 21:45:00","BZN|FR","Without Sequence","133.15","",""
"14/10/2025 21:45:00 - 14/10/2025 22:00:00","BZN|FR","Sequence Sequence 2","115.45","",""
"14/10/2025 21:45:00 - 14/10/2025 22:00:00","BZN|FR","Without Sequence","115.45","",""
"14/10/2025 22:00:00 - 14/10/2025 22:15:00","BZN|FR","Sequence Sequence 2","117.69","",""
"14/10/2025 22:00:00 - 14/10/2025 22:15:00","BZN|FR","Without Sequence","117.69","",""
"14/10/2025 22:15:00 - 14/10/2025 22:30:00","BZN|FR","Sequence Sequence 2","120.62","",""
"14/10/2025 22:15:00 - 14/10/2025 22:30:00","BZN|FR","Without Sequence","120.62","",""
"14/10/2025 22:30:00 - 14/10/2025 22:45:00","BZN|FR","Sequence Sequence 2","122.84","",""
"14/10/2025 22:30:00 - 14/10/2025 22:45:00","BZN|FR","Without Sequence","122.84","",""
"14/10/2025 22:45:00 - 14/10/2025 23:00:00","BZN|FR","Sequence Sequence 2","117.20","",""
"14/10/2025 22:45:00 - 14/10/2025 23:00:00","BZN|FR","Without Sequence","117.20","",""
"14/10/2025 23:00:00 - 14/10/2025 23:15:00","BZN|FR","Sequence Sequence 2","98.34","",""
"14/10/2025 23:00:00 - 14/10/2025 23:15:00","BZN|FR","Without Sequence","98.34","",""
"14/10/2025 23:15:00 - 14/10/2025 23:30:00","BZN|FR","Sequence Sequence 2","101.82","",""
"14/10/2025 23:15:00 - 14/10/2025 23:30:00","BZN|FR","Without Sequence","101.82","",""
"14/10/2025 23:30:00 - 14/10/2025 23:45:00","BZN|FR","Sequence Sequence 2","103.86","",""
"14/10/2025 23:30:00 - 14/10/2025 23:45:00","BZN|FR","Without Sequence","103.86","",""
"14/10/2025 23:45:00 - 15/10/2025 00:00:00","BZN|FR","Sequence Sequence 2","108.70","",""
"14/10/2025 23:45:00 - 15/10/2025 00:00:00","BZN|FR","Without Sequence","108.70","",""
"15/10/2025 00:00:00 - 15/10/2025 00:15:00","BZN|FR","Sequence Sequence 2","71.40","",""
"15/10/2025 00:00:00 - 15/10/2025 00:15:00","BZN|FR","Without Sequence","71.40","",""
"15/10/2025 00:15:00 - 15/10/2025 00:30:00","BZN|FR","Sequence Sequence 2","113.99","",""
"15/10/2025 00:15:00 - 15/10/2025 00:30:00","BZN|FR","Without Sequence","113.99","",""
"15/10/2025 00:30:00 - 15/10/2025 00:45:00","BZN|FR","Sequence Sequence 2","76.37","",""
"15/10/2025 00:30:00 - 15/10/2025 00:45:00","BZN|FR","Without Sequence","76.37","",""
"15/10/2025 00:45:00 - 15/10/2025 01:00:00","BZN|FR","Sequence Sequence 2","71.53","",""
"15/10/2025 00:45:00 - 15/10/2025 01:00:00","BZN|FR","Without Sequence","71.53","",""
"15/10/2025 01:00:00 - 15/10/2025 01:15:00","BZN|FR","Sequence Sequence 2","78.63","",""
"15/10/2025 01:00:00 - 15/10/2025 01:15:00","BZN|FR","Without Sequence","78.63","",""
"15/10/2025 01:15:00 - 15/10/2025 01:30:00","BZN|FR","Sequence Sequence 2","77.74","",""
"15/10/2025 01:15:00 - 15/10/2025 01:30:00","BZN|FR","Without Sequence","77.74","",""
"15/10/2025 01:30:00 - 15/10/2025 01:45:00","BZN|FR","Sequence Sequence 2","83.93","",""
"15/10/2025 01:30:00 - 15/10/2025 01:45:00","BZN|FR","Without Sequence","83.93","",""
"15/10/2025 01:45:00 - 15/10/2025 02:00:00","BZN|FR","Sequence Sequence 2","66.92","",""
"15/10/2025 01:45:00 - 15/10/2025 02:00:00","BZN|FR","Without Sequence","66.92","",""
"15/10/2025 02:00:00 - 15/10/2025 02:15:00","BZN|FR","Sequence Sequence 2","84.64","",""
"15/10/2025 02:00:00 - 15/10/2025 02:15:00","BZN|FR","Without Sequence","84.64","",""
"15/10/2025 02:15:00 - 15/10/2025 02:30:00","BZN|FR","Sequence Sequence 2","68.12","",""
"15/10/2025 02:15:00 - 15/10/2025 02:30:00","BZN|FR","Without Sequence","68.12","",""
"15/10/2025 02:30:00 - 15/10/2025 02:45:00","BZN|FR","Sequence Sequence 2","71.71","",""
"15/10/2025 02:30:00 - 15/10/2025 02:45:00","BZN|FR","Without Sequence","71.71","",""
"15/10/2025 02:45:00 - 15/10/2025 03:00:00","BZN|FR","Sequence Sequence 2","82.35","",""
"15/10/2025 02:45:00 - 15/10/2025 03:00:00","BZN|FR","Without Sequence","82.35","",""
"15/10/2025 03:00:00 - 15/10/2025 03:15:00","BZN|FR","Sequence Sequence 2","78.83","",""
"15/10/2025 03:00:00 - 15/10/2025 03:15:00","BZN|FR","Without Sequence","78.83","",""
"15/10/2025 03:15:00 - 15/10/2025 03:30:00","BZN|FR","Sequence Sequence 2","79.08","",""
"15/10/2025 03:15:00 - 15/10/2025 03:30:00","BZN|FR","Without Sequence","79.08","",""
"15/10/2025 03:30:00 - 15/10/2025 03:45:00","BZN|FR","Sequence Sequence 2","56.84","",""
"15/10/2025 03:30:00 - 15/10/2025 03:45:00","BZN|FR","Without Sequence","56.84","",""
"15/10/2025 03:45:00 - 15/10/2025 04:00:00","BZN|FR","Sequence Sequence 2","61.42","",""
"15/10/2025 03:45:00 - 15/10/2025 04:00:00","BZN|FR","Without Sequence","61.42","",""
"15/10/2025 04:00:00 - 15/10/2025 04:15:00","BZN|FR","Sequence Sequence 2","57.56","",""
"15/10/2025 04:00:00 - 15/10/2025 04:15:00","BZN|FR","Without Sequence","57.56","",""
"15/10/2025 04:15:00 - 15/10/2025 04:30:00","BZN|FR","Sequence Sequence 2","65.58","",""
"15/10/2025 04:15:00 - 15/10/2025 04:30:00","BZN|FR","Without Sequence","65.58","",""
"15/10/2025 04:30:00 - 15/10/2025 04:45:00","BZN|FR","Sequence Sequence 2","65.98","",""
"15/10/2025 04:30:00 - 15/10/2025 04:45:00","BZN|FR","Without Sequence","65.98","",""
"15/10/2025 04:45:00 - 15/10/2025 05:00:00","BZN|FR","Sequence Sequence 2","70.31","",""
"15/10/2025 04:45:00 - 15/10/2025 05:00:00","BZN|FR","Without Sequence","70.31","",""
"15/10/2025 05:00:00 - 15/10/2025 05:15:00","BZN|FR","Sequence Sequence 2","73.05","",""
"15/10/2025 05:00:00 - 15/10/2025 05:15:00","BZN|FR","Without Sequence","73.05","",""
"15/10/2025 05:15:00 - 15/10/2025 05:30:00","BZN|FR","Sequence Sequence 2","73.61","",""
"15/10/2025 05:15:00 - 15/10/2025 05:30:00","BZN|FR","Without Sequence","73.61","",""
"15/10/2025 05:30:00 - 15/10/2025 05:45:00","BZN|FR","Sequence Sequence 2","74.95","",""
"15/10/2025 05:30:00 - 15/10/2025 05:45:00","BZN|FR","Without Sequence","74.95","",""
"15/10/2025 05:45:00 - 15/10/2025 06:00:00","BZN|FR","Sequence Sequence 2","38.12","",""
"15/10/2025 05:45:00 - 15/10/2025 06:00:00","BZN|FR","Without Sequence","38.12","",""
"15/10/2025 06:00:00 - 15/10/2025 06:15:00","BZN|FR","Sequence Sequence 2","84.78","",""
"15/10/2025 06:00:00 - 15/10/2025 06:15:00","BZN|FR","Without Sequence","84.78","",""
"15/10/2025 06:15:00 - 15/10/2025 06:30:00","BZN|FR","Sequence Sequence 2","75.10","",""
"15/10/2025 06:15:00 - 15/10/2025 06:30:00","BZN|FR","Without Sequence","75.10","",""
"15/10/2025 06:30:00 - 15/10/2025 06:45:00","BZN|FR","Sequence Sequence 2","93.38","",""
"15/10/2025 06:30:00 - 15/10/2025 06:45:00","BZN|FR","Without Sequence","93.38","",""
"15/10/2025 06:45:00 - 15/10/2025 07:00:00","BZN|FR","Sequence Sequence 2","82.70","",""
"15/10/2025 06:45:00 - 15/10/2025 07:00:00","BZN|FR","Without Sequence","82.70","",""
"15/10/2025 07:00:00 - 15/10/2025 07:15:00","BZN|FR","Sequence Sequence 2","101.56","",""
"15/10/2025 07:00:00 - 15/10/2025 07:15:00","BZN|FR","Without Sequence","101.56","",""
"15/10/2025 07:15:00 - 15/10/2025 07:30:00","BZN|FR","Sequence Sequence 2","126.95","",""
"15/10/2025 07:15:00 - 15/10/2025 07:30:00","BZN|FR","Without Sequence","126.95","",""
"15/10/2025 07:30:00 - 15/10/2025 07:45:00","BZN|FR","Sequence Sequence 2","99.21","",""
"15/10/2025 07:30:00 - 15/10/2025 07:45:00","BZN|FR","Without Sequence","99.21","",""
"15/10/2025 07:45:00 - 15/10/2025 08:00:00","BZN|FR","Sequence Sequence 2","111.37","",""
"15/10/2025 07:45:00 - 15/10/2025 08:00:00","BZN|FR","Without Sequence","111.37","",""
"15/10/2025 08:00:00 - 15/10/2025 08:15:00","BZN|FR","Sequence Sequence 2","132.95","",""
"15/10/2025 08:00:00 - 15/10/2025 08:15:00","BZN|FR","Without Sequence","132.95","",""
"15/10/2025 08:15:00 - 15/10/2025 08:30:00","BZN|FR","Sequence Sequence 2","149.83","",""
"15/10/2025 08:15:00 - 15/10/2025 08:30:00","BZN|FR","Without Sequence","149.83","",""
"15/10/2025 08:30:00 - 15/10/2025 08:45:00","BZN|FR","Sequence Sequence 2","153.78","",""
"15/10/2025 08:30:00 - 15/10/2025 08:45:00","BZN|FR","Without Sequence","153.78","",""
"15/10/2025 08:45:00 - 15/10/2025 09:00:00","BZN|FR","Sequence Sequence 2","135.84","",""
"15/10/2025 08:45:00 - 15/10/2025 09:00:00","BZN|FR","Without Sequence","135.84","",""
"15/10/2025 09:00:00 - 15/10/2025 09:15:00","BZN|FR","Sequence Sequence 2","153.60","",""
"15/10/2025 09:00:00 - 15/10/2025 09:15:00","BZN|FR","Without Sequence","153.60","",""
"15/10/2025 09:15:00 - 15/10/2025 09:30:00","BZN|FR","Sequence Sequence 2","120.01","",""
"15/10/2025 09:15:00 - 15/10/2025 09:30:00","BZN|FR","Without Sequence","120.01","",""
"15/10/2025 09:30:00 - 15/10/2025 09:45:00","BZN|FR","Sequence Sequence 2","109.00","",""
"15/10/2025 09:30:00 - 15/10/2025 09:45:00","BZN|FR","Without Sequence","109.00","",""
"15/10/2025 09:45:00 - 15/10/2025 10:00:00","BZN|FR","Sequence Sequence 2","99.51","",""
"15/10/2025 09:45:00 - 15/10/2025 10:00:00","BZN|FR","Without Sequence","99.51","",""
"15/10/2025 10:00:00 - 15/10/2025 10:15:00","BZN|FR","Sequence Sequence 2","103.74","",""
"15/10/2025 10:00:00 - 15/10/2025 10:15:00","BZN|FR","Without Sequence","103.74","",""
"15/10/2025 10:15:00 - 15/10/2025 10:30:00","BZN|FR","Sequence Sequence 2","102.94","",""
"15/10/2025 10:15:00 - 15/10/2025 10:30:00","BZN|FR","Without Sequence","102.94","",""
"15/10/2025 10:30:00 - 15/10/2025 10:45:00","BZN|FR","Sequence Sequence 2","99.84","",""
"15/10/2025 10:30:00 - 15/10/2025 10:45:00","BZN|FR","Without Sequence","99.84","",""
"15/10/2025 10:45:00 - 15/10/2025 11:00:00","BZN|FR","Sequence Sequence 2","92.13","",""
"15/10/2025 10:45:00 - 15/10/2025 11:00:00","BZN|FR","Without Sequence","92.13","",""
"15/10/2025 11:00:00 - 15/10/2025 11:15:00","BZN|FR","Sequence Sequence 2","90.00","",""
"15/10/2025 11:00:00 - 15/10/2025 11:15:00","BZN|FR","Without Sequence","90.00","",""
"15/10/2025 11:15:00 - 15/10/2025 11:30:00","BZN|FR","Sequence Sequence 2","86.30","",""
"15/10/2025 11:15:00 - 15/10/2025 11:30:00","BZN|FR","Without Sequence","86.30","",""
"15/10/2025 11:30:00 - 15/10/2025 11:45:00","BZN|FR","Sequence Sequence 2","82.50","",""
"15/10/2025 11:30:00 - 15/10/2025 11:45:00","BZN|FR","Without Sequence","82.50","",""
"15/10/2025 11:45:00 - 15/10/2025 12:00:00","BZN|FR","Sequence Sequence 2","79.68","",""
"15/10/2025 11:45:00 - 15/10/2025 12:00:00","BZN|FR","Without Sequence","79.68","",""
"15/10/2025 12:00:00 - 15/10/2025 12:15:00","BZN|FR","Sequence Sequence 2","78.23","",""
"15/10/2025 12:00:00 - 15/10/2025 12:15:00","BZN|FR","Without Sequence","78.23","",""
"15/10/2025 12:15:00 - 15/10/2025 12:30:00","BZN|FR","Sequence Sequence 2","71.20","",""
"15/10/2025 12:15:00 - 15/10/2025 12:30:00","BZN|FR","Without Sequence","71.20","",""
"15/10/2025 12:30:00 - 15/10/2025 12:45:00","BZN|FR","Sequence Sequence 2","71.46","",""
"15/10/2025 12:30:00 - 15/10/2025 12:45:00","BZN|FR","Without Sequence","71.46","",""
"15/10/2025 12:45:00 - 15/10/2025 13:00:00","BZN|FR","Sequence Sequence 2","71.20","",""
"15/10/2025 12:45:00 - 15/10/2025 13:00:00","BZN|FR","Without Sequence","71.20","",""
"15/10/2025 13:00:00 - 15/10/2025 13:15:00","BZN|FR","Sequence Sequence 2","71.20","",""
"15/10/2025 13:00:00 - 15/10/2025 13:15:00","BZN|FR","Without Sequence","71.20","",""
"15/10/2025 13:15:00 - 15/10/2025 13:30:00","BZN|FR","Sequence Sequence 2","70.21","",""
"15/10/2025 13:15:00 - 15/10/2025 13:30:00","BZN|FR","Without Sequence","70.21","",""
"15/10/2025 13:30:00 - 15/10/2025 13:45:00","BZN|FR","Sequence Sequence 2","60.19","",""
"15/10/2025 13:30:00 - 15/10/2025 13:45:00","BZN|FR","Without Sequence","60.19","",""
"15/10/2025 13:45:00 - 15/10/2025 14:00:00","BZN|FR","Sequence Sequence 2","45.40","",""
"15/10/2025 13:45:00 - 15/10/2025 14:00:00","BZN|FR","Without Sequence","45.40","",""
"15/10/2025 14:00:00 - 15/10/2025 14:15:00","BZN|FR","Sequence Sequence 2","64.05","",""
"15/10/2025 14:00:00 - 15/10/2025 14:15:00","BZN|FR","Without Sequence","64.05","",""
"15/10/2025 14:15:00 - 15/10/2025 14:30:00","BZN|FR","Sequence Sequence 2","61.28","",""
"15/10/2025 14:15:00 - 15/10/2025 14:30:00","BZN|FR","Without Sequence","61.28","",""
"15/10/2025 14:30:00 - 15/10/2025 14:45:00","BZN|FR","Sequence Sequence 2","27.87","",""
"15/10/2025 14:30:00 - 15/10/2025 14:45:00","BZN|FR","Without Sequence","27.87","",""
"15/10/2025 14:45:00 - 15/10/2025 15:00:00","BZN|FR","Sequence Sequence 2","29.68","",""
"15/10/2025 14:45:00 - 15/10/2025 15:00:00","BZN|FR","Without Sequence","29.68","",""
"15/10/2025 15:00:00 - 15/10/2025 15:15:00","BZN|FR","Sequence Sequence 2","42.48","",""
"15/10/2025 15:00:00 - 15/10/2025 15:15:00","BZN|FR","Without Sequence","42.48","",""
"15/10/2025 15:15:00 - 15/10/2025 15:30:00","BZN|FR","Sequence Sequence 2","66.00","",""
"15/10/2025 15:15:00 - 15/10/2025 15:30:00","BZN|FR","Without Sequence","66.00","",""
"15/10/2025 15:30:00 - 15/10/2025 15:45:00","BZN|FR","Sequence Sequence 2","59.98","",""
"15/10/2025 15:30:00 - 15/10/2025 15:45:00","BZN|FR","Without Sequence","59.98","",""
"15/10/2025 15:45:00 - 15/10/2025 16:00:00","BZN|FR","Sequence Sequence 2","70.10","",""
"15/10/2025 15:45:00 - 15/10/2025 16:00:00","BZN|FR","Without Sequence","70.10","",""
"15/10/2025 16:00:00 - 15/10/2025 16:15:00","BZN|FR","Sequence Sequence 2","61.81","",""
"15/10/2025 16:00:00 - 15/10/2025 16:15:00","BZN|FR","Without Sequence","61.81","",""
"15/10/2025 16:15:00 - 15/10/2025 16:30:00","BZN|FR","Sequence Sequence 2","75.10","",""
"15/10/2025 16:15:00 - 15/10/2025 16:30:00","BZN|FR","Without Sequence","75.10","",""
"15/10/2025 16:30:00 - 15/10/2025 16:45:00","BZN|FR","Sequence Sequence 2","79.68","",""
"15/10/2025 16:30:00 - 15/10/2025 16:45:00","BZN|FR","Without Sequence","79.68","",""
"15/10/2025 16:45:00 - 15/10/2025 17:00:00","BZN|FR","Sequence Sequence 2","77.10","",""
"15/10/2025 16:45:00 - 15/10/2025 17:00:00","BZN|FR","Without Sequence","77.10","",""
"15/10/2025 17:00:00 - 15/10/2025 17:15:00","BZN|FR","Sequence Sequence 2","79.68","",""
"15/10/2025 17:00:00 - 15/10/2025 17:15:00","BZN|FR","Without Sequence","79.68","",""
"15/10/2025 17:15:00 - 15/10/2025 17:30:00","BZN|FR","Sequence Sequence 2","83.81","",""
"15/10/2025 17:15:00 - 15/10/2025 17:30:00","BZN|FR","Without Sequence","83.81","",""
"15/10/2025 17:30:00 - 15/10/2025 17:45:00","BZN|FR","Sequence Sequence 2","90.92","",""
"15/10/2025 17:30:00 - 15/10/2025 17:45:00","BZN|FR","Without Sequence","90.92","",""
"15/10/2025 17:45:00 - 15/10/2025 18:00:00","BZN|FR","Sequence Sequence 2","100.00","",""
"15/10/2025 17:45:00 - 15/10/2025 18:00:00","BZN|FR","Without Sequence","100.00","",""
"15/10/2025 18:00:00 - 15/10/2025 18:15:00","BZN|FR","Sequence Sequence 2","105.00","",""
"15/10/2025 18:00:00 - 15/10/2025 18:15:00","BZN|FR","Without Sequence","105.00","",""
"15/10/2025 18:15:00 - 15/10/2025 18:30:00","BZN|FR","Sequence Sequence 2","110.00","",""
"15/10/2025 18:15:00 - 15/10/2025 18:30:00","BZN|FR","Without Sequence","110.00","",""
"15/10/2025 18:30:00 - 15/10/2025 18:45:00","BZN|FR","Sequence Sequence 2","120.10","",""
"15/10/2025 18:30:00 - 15/10/2025 18:45:00","BZN|FR","Without Sequence","120.10","",""
"15/10/2025 18:45:00 - 15/10/2025 19:00:00","BZN|FR","Sequence Sequence 2","132.43","",""
"15/10/2025 18:45:00 - 15/10/2025 19:00:00","BZN|FR","Without Sequence","132.43","",""
"15/10/2025 19:00:00 - 15/10/2025 19:15:00","BZN|FR","Sequence Sequence 2","136.91","",""
"15/10/2025 19:00:00 - 15/10/2025 19:15:00","BZN|FR","Without Sequence","136.91","",""
"15/10/2025 19:15:00 - 15/10/2025 19:30:00","BZN|FR","Sequence Sequence 2","155.43","",""
"15/10/2025 19:15:00 - 15/10/2025 19:30:00","BZN|FR","Without Sequence","155.43","",""
"15/10/2025 19:30:00 - 15/10/2025 19:45:00","BZN|FR","Sequence Sequence 2","172.33","",""
"15/10/2025 19:30:00 - 15/10/2025 19:45:00","BZN|FR","Without Sequence","172.33","",""
"15/10/2025 19:45:00 - 15/10/2025 20:00:00","BZN|FR","Sequence Sequence 2","161.42","",""
"15/10/2025 19:45:00 - 15/10/2025 20:00:00","BZN|FR","Without Sequence","161.42","",""
"15/10/2025 20:00:00 - 15/10/2025 20:15:00","BZN|FR","Sequence Sequence 2","162.67","",""
"15/10/2025 20:00:00 - 15/10/2025 20:15:00","BZN|FR","Without Sequence","162.67","",""
"15/10/2025 20:15:00 - 15/10/2025 20:30:00","BZN|FR","Sequence Sequence 2","136.91","",""
"15/10/2025 20:15:00 - 15/10/2025 20:30:00","BZN|FR","Without Sequence","136.91","",""
"15/10/2025 20:30:00 - 15/10/2025 20:45:00","BZN|FR","Sequence Sequence 2","110.95","",""
"15/10/2025 20:30:00 - 15/10/2025 20:45:00","BZN|FR","Without Sequence","110.95","",""
"15/10/2025 20:45:00 - 15/10/2025 21:00:00","BZN|FR","Sequence Sequence 2","99.09","",""
"15/10/2025 20:45:00 - 15/10/2025 21:00:00","BZN|FR","Without Sequence","99.09","",""
"15/10/2025 21:00:00 - 15/10/2025 21:15:00","BZN|FR","Sequence Sequence 2","94.43","",""
"15/10/2025 21:00:00 - 15/10/2025 21:15:00","BZN|FR","Without Sequence","94.43","",""
"15/10/2025 21:15:00 - 15/10/2025 21:30:00","BZN|FR","Sequence Sequence 2","90.56","",""
"15/10/2025 21:15:00 - 15/10/2025 21:30:00","BZN|FR","Without Sequence","90.56","",""
"15/10/2025 21:30:00 - 15/10/2025 21:45:00","BZN|FR","Sequence Sequence 2","99.60","",""
"15/10/2025 21:30:00 - 15/10/2025 21:45:00","BZN|FR","Without Sequence","99.60","",""
"15/10/2025 21:45:00 - 15/10/2025 22:00:00","BZN|FR","Sequence Sequence 2","95.41","",""
"15/10/2025 21:45:00 - 15/10/2025 22:00:00","BZN|FR","Without Sequence","95.41","",""
"15/10/2025 22:00:00 - 15/10/2025 22:15:00","BZN|FR","Sequence Sequence 2","106.21","",""
"15/10/2025 22:00:00 - 15/10/2025 22:15:00","BZN|FR","Without Sequence","106.21","",""
"15/10/2025 22:15:00 - 15/10/2025 22:30:00","BZN|FR","Sequence Sequence 2","84.31","",""
"15/10/2025 22:15:00 - 15/10/2025 22:30:00","BZN|FR","Without Sequence","84.31","",""
"15/10/2025 22:30:00 - 15/10/2025 22:45:00","BZN|FR","Sequence Sequence 2","97.18","",""
"15/10/2025 22:30:00 - 15/10/2025 22:45:00","BZN|FR","Without Sequence","97.18","",""
"15/10/2025 22:45:00 - 15/10/2025 23:00:00","BZN|FR","Sequence Sequence 2","84.80","",""
"15/10/2025 22:45:00 - 15/10/2025 23:00:00","BZN|FR","Without Sequence","84.80","",""
"15/10/2025 23:00:00 - 15/10/2025 23:15:00","BZN|FR","Sequence Sequence 2","89.00","",""
"15/10/2025 23:00:00 - 15/10/2025 23:15:00","BZN|FR","Without Sequence","89.00","",""
"15/10/2025 23:15:00 - 15/10/2025 23:30:00","BZN|FR","Sequence Sequence 2","88.00","",""
"15/10/2025 23:15:00 - 15/10/2025 23:30:00","BZN|FR","Without Sequence","88.00","",""
"15/10/2025 23:30:00 - 15/10/2025 23:45:00","BZN|FR","Sequence Sequence 2","89.33","",""
"15/10/2025 23:30:00 - 15/10/2025 23:45:00","BZN|FR","Without Sequence","89.33","",""
"15/10/2025 23:45:00 - 16/10/2025 00:00:00","BZN|FR","Sequence Sequence 2","86.80","",""
"15/10/2025 23:45:00 - 16/10/2025 00:00:00","BZN|FR","Without Sequence","86.80","",""
"16/10/2025 00:00:00 - 16/10/2025 00:15:00","BZN|FR","Sequence Sequence 2","52.87","",""
"16/10/2025 00:00:00 - 16/10/2025 00:15:00","BZN|FR","Without Sequence","52.87","",""
"16/10/2025 00:15:00 - 16/10/2025 00:30:00","BZN|FR","Sequence Sequence 2","91.63","",""
"16/10/2025 00:15:00 - 16/10/2025 00:30:00","BZN|FR","Without Sequence","91.63","",""
"16/10/2025 00:30:00 - 16/10/2025 00:45:00","BZN|FR","Sequence Sequence 2","80.84","",""
"16/10/2025 00:30:00 - 16/10/2025 00:45:00","BZN|FR","Without Sequence","80.84","",""
"16/10/2025 00:45:00 - 16/10/2025 01:00:00","BZN|FR","Sequence Sequence 2","81.62","",""
"16/10/2025 00:45:00 - 16/10/2025 01:00:00","BZN|FR","Without Sequence","81.62","",""
"16/10/2025 01:00:00 - 16/10/2025 01:15:00","BZN|FR","Sequence Sequence 2","66.53","",""
"16/10/2025 01:00:00 - 16/10/2025 01:15:00","BZN|FR","Without Sequence","66.53","",""
"16/10/2025 01:15:00 - 16/10/2025 01:30:00","BZN|FR","Sequence Sequence 2","66.66","",""
"16/10/2025 01:15:00 - 16/10/2025 01:30:00","BZN|FR","Without Sequence","66.66","",""
"16/10/2025 01:30:00 - 16/10/2025 01:45:00","BZN|FR","Sequence Sequence 2","71.93","",""
"16/10/2025 01:30:00 - 16/10/2025 01:45:00","BZN|FR","Without Sequence","71.93","",""
"16/10/2025 01:45:00 - 16/10/2025 02:00:00","BZN|FR","Sequence Sequence 2","68.43","",""
"16/10/2025 01:45:00 - 16/10/2025 02:00:00","BZN|FR","Without Sequence","68.43","",""
"16/10/2025 02:00:00 - 16/10/2025 02:15:00","BZN|FR","Sequence Sequence 2","77.34","",""
"16/10/2025 02:00:00 - 16/10/2025 02:15:00","BZN|FR","Without Sequence","77.34","",""
"16/10/2025 02:15:00 - 16/10/2025 02:30:00","BZN|FR","Sequence Sequence 2","83.46","",""
"16/10/2025 02:15:00 - 16/10/2025 02:30:00","BZN|FR","Without Sequence","83.46","",""
"16/10/2025 02:30:00 - 16/10/2025 02:45:00","BZN|FR","Sequence Sequence 2","65.19","",""
"16/10/2025 02:30:00 - 16/10/2025 02:45:00","BZN|FR","Without Sequence","65.19","",""
"16/10/2025 02:45:00 - 16/10/2025 03:00:00","BZN|FR","Sequence Sequence 2","64.44","",""
"16/10/2025 02:45:00 - 16/10/2025 03:00:00","BZN|FR","Without Sequence","64.44","",""
"16/10/2025 03:00:00 - 16/10/2025 03:15:00","BZN|FR","Sequence Sequence 2","71.69","",""
"16/10/2025 03:00:00 - 16/10/2025 03:15:00","BZN|FR","Without Sequence","71.69","",""
"16/10/2025 03:15:00 - 16/10/2025 03:30:00","BZN|FR","Sequence Sequence 2","60.09","",""
"16/10/2025 03:15:00 - 16/10/2025 03:30:00","BZN|FR","Without Sequence","60.09","",""
"16/10/2025 03:30:00 - 16/10/2025 03:45:00","BZN|FR","Sequence Sequence 2","54.77","",""
"16/10/2025 03:30:00 - 16/10/2025 03:45:00","BZN|FR","Without Sequence","54.77","",""
"16/10/2025 03:45:00 - 16/10/2025 04:00:00","BZN|FR","Sequence Sequence 2","56.05","",""
"16/10/2025 03:45:00 - 16/10/2025 04:00:00","BZN|FR","Without Sequence","56.05","",""
"16/10/2025 04:00:00 - 16/10/2025 04:15:00","BZN|FR","Sequence Sequence 2","49.23","",""
"16/10/2025 04:00:00 - 16/10/2025 04:15:00","BZN|FR","Without Sequence","49.23","",""
"16/10/2025 04:15:00 - 16/10/2025 04:30:00","BZN|FR","Sequence Sequence 2","43.23","",""
"16/10/2025 04:15:00 - 16/10/2025 04:30:00","BZN|FR","Without Sequence","43.23","",""
"16/10/2025 04:30:00 - 16/10/2025 04:45:00","BZN|FR","Sequence Sequence 2","62.30","",""
"16/10/2025 04:30:00 - 16/10/2025 04:45:00","BZN|FR","Without Sequence","62.30","",""
"16/10/2025 04:45:00 - 16/10/2025 05:00:00","BZN|FR","Sequence Sequence 2","66.03","",""
"16/10/2025 04:45:00 - 16/10/2025 05:00:00","BZN|FR","Without Sequence","66.03","",""
"16/10/2025 05:00:00 - 16/10/2025 05:15:00","BZN|FR","Sequence Sequence 2","64.17","",""
"16/10/2025 05:00:00 - 16/10/2025 05:15:00","BZN|FR","Without Sequence","64.17","",""
"16/10/2025 05:15:00 - 16/10/2025 05:30:00","BZN|FR","Sequence Sequence 2","74.77","",""
"16/10/2025 05:15:00 - 16/10/2025 05:30:00","BZN|FR","Without Sequence","74.77","",""
"16/10/2025 05:30:00 - 16/10/2025 05:45:00","BZN|FR","Sequence Sequence 2","70.49","",""
"16/10/2025 05:30:00 - 16/10/2025 05:45:00","BZN|FR","Without Sequence","70.49","",""
"16/10/2025 05:45:00 - 16/10/2025 06:00:00","BZN|FR","Sequence Sequence 2","72.71","",""
"16/10/2025 05:45:00 - 16/10/2025 06:00:00","BZN|FR","Without Sequence","72.71","",""
"16/10/2025 06:00:00 - 16/10/2025 06:15:00","BZN|FR","Sequence Sequence 2","75.52","",""
"16/10/2025 06:00:00 - 16/10/2025 06:15:00","BZN|FR","Without Sequence","75.52","",""
"16/10/2025 06:15:00 - 16/10/2025 06:30:00","BZN|FR","Sequence Sequence 2","81.63","",""
"16/10/2025 06:15:00 - 16/10/2025 06:30:00","BZN|FR","Without Sequence","81.63","",""
"16/10/2025 06:30:00 - 16/10/2025 06:45:00","BZN|FR","Sequence Sequence 2","95.96","",""
"16/10/2025 06:30:00 - 16/10/2025 06:45:00","BZN|FR","Without Sequence","95.96","",""
"16/10/2025 06:45:00 - 16/10/2025 07:00:00","BZN|FR","Sequence Sequence 2","93.34","",""
"16/10/2025 06:45:00 - 16/10/2025 07:00:00","BZN|FR","Without Sequence","93.34","",""
"16/10/2025 07:00:00 - 16/10/2025 07:15:00","BZN|FR","Sequence Sequence 2","93.07","",""
"16/10/2025 07:00:00 - 16/10/2025 07:15:00","BZN|FR","Without Sequence","93.07","",""
"16/10/2025 07:15:00 - 16/10/2025 07:30:00","BZN|FR","Sequence Sequence 2","113.86","",""
"16/10/2025 07:15:00 - 16/10/2025 07:30:00","BZN|FR","Without Sequence","113.86","",""
"16/10/2025 07:30:00 - 16/10/2025 07:45:00","BZN|FR","Sequence Sequence 2","105.17","",""
"16/10/2025 07:30:00 - 16/10/2025 07:45:00","BZN|FR","Without Sequence","105.17","",""
"16/10/2025 07:45:00 - 16/10/2025 08:00:00","BZN|FR","Sequence Sequence 2","116.80","",""
"16/10/2025 07:45:00 - 16/10/2025 08:00:00","BZN|FR","Without Sequence","116.80","",""
"16/10/2025 08:00:00 - 16/10/2025 08:15:00","BZN|FR","Sequence Sequence 2","149.36","",""
"16/10/2025 08:00:00 - 16/10/2025 08:15:00","BZN|FR","Without Sequence","149.36","",""
"16/10/2025 08:15:00 - 16/10/2025 08:30:00","BZN|FR","Sequence Sequence 2","146.47","",""
"16/10/2025 08:15:00 - 16/10/2025 08:30:00","BZN|FR","Without Sequence","146.47","",""
"16/10/2025 08:30:00 - 16/10/2025 08:45:00","BZN|FR","Sequence Sequence 2","132.74","",""
"16/10/2025 08:30:00 - 16/10/2025 08:45:00","BZN|FR","Without Sequence","132.74","",""
"16/10/2025 08:45:00 - 16/10/2025 09:00:00","BZN|FR","Sequence Sequence 2","103.50","",""
"16/10/2025 08:45:00 - 16/10/2025 09:00:00","BZN|FR","Without Sequence","103.50","",""
"16/10/2025 09:00:00 - 16/10/2025 09:15:00","BZN|FR","Sequence Sequence 2","147.50","",""
"16/10/2025 09:00:00 - 16/10/2025 09:15:00","BZN|FR","Without Sequence","147.50","",""
"16/10/2025 09:15:00 - 16/10/2025 09:30:00","BZN|FR","Sequence Sequence 2","129.86","",""
"16/10/2025 09:15:00 - 16/10/2025 09:30:00","BZN|FR","Without Sequence","129.86","",""
"16/10/2025 09:30:00 - 16/10/2025 09:45:00","BZN|FR","Sequence Sequence 2","106.38","",""
"16/10/2025 09:30:00 - 16/10/2025 09:45:00","BZN|FR","Without Sequence","106.38","",""
"16/10/2025 09:45:00 - 16/10/2025 10:00:00","BZN|FR","Sequence Sequence 2","65.58","",""
"16/10/2025 09:45:00 - 16/10/2025 10:00:00","BZN|FR","Without Sequence","65.58","",""
"16/10/2025 10:00:00 - 16/10/2025 10:15:00","BZN|FR","Sequence Sequence 2","110.87","",""
"16/10/2025 10:00:00 - 16/10/2025 10:15:00","BZN|FR","Without Sequence","110.87","",""
"16/10/2025 10:15:00 - 16/10/2025 10:30:00","BZN|FR","Sequence Sequence 2","88.14","",""
"16/10/2025 10:15:00 - 16/10/2025 10:30:00","BZN|FR","Without Sequence","88.14","",""
"16/10/2025 10:30:00 - 16/10/2025 10:45:00","BZN|FR","Sequence Sequence 2","73.56","",""
"16/10/2025 10:30:00 - 16/10/2025 10:45:00","BZN|FR","Without Sequence","73.56","",""
"16/10/2025 10:45:00 - 16/10/2025 11:00:00","BZN|FR","Sequence Sequence 2","76.01","",""
"16/10/2025 10:45:00 - 16/10/2025 11:00:00","BZN|FR","Without Sequence","76.01","",""
"16/10/2025 11:00:00 - 16/10/2025 11:15:00","BZN|FR","Sequence Sequence 2","94.63","",""
"16/10/2025 11:00:00 - 16/10/2025 11:15:00","BZN|FR","Without Sequence","94.63","",""
"16/10/2025 11:15:00 - 16/10/2025 11:30:00","BZN|FR","Sequence Sequence 2","85.35","",""
"16/10/2025 11:15:00 - 16/10/2025 11:30:00","BZN|FR","Without Sequence","85.35","",""
"16/10/2025 11:30:00 - 16/10/2025 11:45:00","BZN|FR","Sequence Sequence 2","77.87","",""
"16/10/2025 11:30:00 - 16/10/2025 11:45:00","BZN|FR","Without Sequence","77.87","",""
"16/10/2025 11:45:00 - 16/10/2025 12:00:00","BZN|FR","Sequence Sequence 2","63.39","",""
"16/10/2025 11:45:00 - 16/10/2025 12:00:00","BZN|FR","Without Sequence","63.39","",""
"16/10/2025 12:00:00 - 16/10/2025 12:15:00","BZN|FR","Sequence Sequence 2","77.51","",""
"16/10/2025 12:00:00 - 16/10/2025 12:15:00","BZN|FR","Without Sequence","77.51","",""
"16/10/2025 12:15:00 - 16/10/2025 12:30:00","BZN|FR","Sequence Sequence 2","66.30","",""
"16/10/2025 12:15:00 - 16/10/2025 12:30:00","BZN|FR","Without Sequence","66.30","",""
"16/10/2025 12:30:00 - 16/10/2025 12:45:00","BZN|FR","Sequence Sequence 2","74.60","",""
"16/10/2025 12:30:00 - 16/10/2025 12:45:00","BZN|FR","Without Sequence","74.60","",""
"16/10/2025 12:45:00 - 16/10/2025 13:00:00","BZN|FR","Sequence Sequence 2","60.95","",""
"16/10/2025 12:45:00 - 16/10/2025 13:00:00","BZN|FR","Without Sequence","60.95","",""
"16/10/2025 13:00:00 - 16/10/2025 13:15:00","BZN|FR","Sequence Sequence 2","74.08","",""
"16/10/2025 13:00:00 - 16/10/2025 13:15:00","BZN|FR","Without Sequence","74.08","",""
"16/10/2025 13:15:00 - 16/10/2025 13:30:00","BZN|FR","Sequence Sequence 2","65.31","",""
"16/10/2025 13:15:00 - 16/10/2025 13:30:00","BZN|FR","Without Sequence","65.31","",""
"16/10/2025 13:30:00 - 16/10/2025 13:45:00","BZN|FR","Sequence Sequence 2","44.66","",""
"16/10/2025 13:30:00 - 16/10/2025 13:45:00","BZN|FR","Without Sequence","44.66","",""
"16/10/2025 13:45:00 - 16/10/2025 14:00:00","BZN|FR","Sequence Sequence 2","41.54","",""
"16/10/2025 13:45:00 - 16/10/2025 14:00:00","BZN|FR","Without Sequence","41.54","",""
"16/10/2025 14:00:00 - 16/10/2025 14:15:00","BZN|FR","Sequence Sequence 2","71.75","",""
"16/10/2025 14:00:00 - 16/10/2025 14:15:00","BZN|FR","Without Sequence","71.75","",""
"16/10/2025 14:15:00 - 16/10/2025 14:30:00","BZN|FR","Sequence Sequence 2","65.04","",""
"16/10/2025 14:15:00 - 16/10/2025 14:30:00","BZN|FR","Without Sequence","65.04","",""
"16/10/2025 14:30:00 - 16/10/2025 14:45:00","BZN|FR","Sequence Sequence 2","51.02","",""
"16/10/2025 14:30:00 - 16/10/2025 14:45:00","BZN|FR","Without Sequence","51.02","",""
"16/10/2025 14:45:00 - 16/10/2025 15:00:00","BZN|FR","Sequence Sequence 2","67.38","",""
"16/10/2025 14:45:00 - 16/10/2025 15:00:00","BZN|FR","Without Sequence","67.38","",""
"16/10/2025 15:00:00 - 16/10/2025 15:15:00","BZN|FR","Sequence Sequence 2","55.94","",""
"16/10/2025 15:00:00 - 16/10/2025 15:15:00","BZN|FR","Without Sequence","55.94","",""
"16/10/2025 15:15:00 - 16/10/2025 15:30:00","BZN|FR","Sequence Sequence 2","68.69","",""
"16/10/2025 15:15:00 - 16/10/2025 15:30:00","BZN|FR","Without Sequence","68.69","",""
"16/10/2025 15:30:00 - 16/10/2025 15:45:00","BZN|FR","Sequence Sequence 2","60.01","",""
"16/10/2025 15:30:00 - 16/10/2025 15:45:00","BZN|FR","Without Sequence","60.01","",""
"16/10/2025 15:45:00 - 16/10/2025 16:00:00","BZN|FR","Sequence Sequence 2","74.20","",""
"16/10/2025 15:45:00 - 16/10/2025 16:00:00","BZN|FR","Without Sequence","74.20","",""
"16/10/2025 16:00:00 - 16/10/2025 16:15:00","BZN|FR","Sequence Sequence 2","59.05","",""
"16/10/2025 16:00:00 - 16/10/2025 16:15:00","BZN|FR","Without Sequence","59.05","",""
"16/10/2025 16:15:00 - 16/10/2025 16:30:00","BZN|FR","Sequence Sequence 2","76.98","",""
"16/10/2025 16:15:00 - 16/10/2025 16:30:00","BZN|FR","Without Sequence","76.98","",""
"16/10/2025 16:30:00 - 16/10/2025 16:45:00","BZN|FR","Sequence Sequence 2","75.67","",""
"16/10/2025 16:30:00 - 16/10/2025 16:45:00","BZN|FR","Without Sequence","75.67","",""
"16/10/2025 16:45:00 - 16/10/2025 17:00:00","BZN|FR","Sequence Sequence 2","83.06","",""
"16/10/2025 16:45:00 - 16/10/2025 17:00:00","BZN|FR","Without Sequence","83.06","",""
"16/10/2025 17:00:00 - 16/10/2025 17:15:00","BZN|FR","Sequence Sequence 2","65.19","",""
"16/10/2025 17:00:00 - 16/10/2025 17:15:00","BZN|FR","Without Sequence","65.19","",""
"16/10/2025 17:15:00 - 16/10/2025 17:30:00","BZN|FR","Sequence Sequence 2","76.82","",""
"16/10/2025 17:15:00 - 16/10/2025 17:30:00","BZN|FR","Without Sequence","76.82","",""
"16/10/2025 17:30:00 - 16/10/2025 17:45:00","BZN|FR","Sequence Sequence 2","90.99","",""
"16/10/2025 17:30:00 - 16/10/2025 17:45:00","BZN|FR","Without Sequence","90.99","",""
"16/10/2025 17:45:00 - 16/10/2025 18:00:00","BZN|FR","Sequence Sequence 2","105.00","",""
"16/10/2025 17:45:00 - 16/10/2025 18:00:00","BZN|FR","Without Sequence","105.00","",""
"16/10/2025 18:00:00 - 16/10/2025 18:15:00","BZN|FR","Sequence Sequence 2","96.15","",""
"16/10/2025 18:00:00 - 16/10/2025 18:15:00","BZN|FR","Without Sequence","96.15","",""
"16/10/2025 18:15:00 - 16/10/2025 18:30:00","BZN|FR","Sequence Sequence 2","109.76","",""
"16/10/2025 18:15:00 - 16/10/2025 18:30:00","BZN|FR","Without Sequence","109.76","",""
"16/10/2025 18:30:00 - 16/10/2025 18:45:00","BZN|FR","Sequence Sequence 2","121.94","",""
"16/10/2025 18:30:00 - 16/10/2025 18:45:00","BZN|FR","Without Sequence","121.94","",""
"16/10/2025 18:45:00 - 16/10/2025 19:00:00","BZN|FR","Sequence Sequence 2","139.00","",""
"16/10/2025 18:45:00 - 16/10/2025 19:00:00","BZN|FR","Without Sequence","139.00","",""
"16/10/2025 19:00:00 - 16/10/2025 19:15:00","BZN|FR","Sequence Sequence 2","139.19","",""
"16/10/2025 19:00:00 - 16/10/2025 19:15:00","BZN|FR","Without Sequence","139.19","",""
"16/10/2025 19:15:00 - 16/10/2025 19:30:00","BZN|FR","Sequence Sequence 2","146.25","",""
"16/10/2025 19:15:00 - 16/10/2025 19:30:00","BZN|FR","Without Sequence","146.25","",""
"16/10/2025 19:30:00 - 16/10/2025 19:45:00","BZN|FR","Sequence Sequence 2","146.79","",""
"16/10/2025 19:30:00 - 16/10/2025 19:45:00","BZN|FR","Without Sequence","146.79","",""
"16/10/2025 19:45:00 - 16/10/2025 20:00:00","BZN|FR","Sequence Sequence 2","137.07","",""
"16/10/2025 19:45:00 - 16/10/2025 20:00:00","BZN|FR","Without Sequence","137.07","",""
"16/10/2025 20:00:00 - 16/10/2025 20:15:00","BZN|FR","Sequence Sequence 2","146.51","",""
"16/10/2025 20:00:00 - 16/10/2025 20:15:00","BZN|FR","Without Sequence","146.51","",""
"16/10/2025 20:15:00 - 16/10/2025 20:30:00","BZN|FR","Sequence Sequence 2","125.73","",""
"16/10/2025 20:15:00 - 16/10/2025 20:30:00","BZN|FR","Without Sequence","125.73","",""
"16/10/2025 20:30:00 - 16/10/2025 20:45:00","BZN|FR","Sequence Sequence 2","108.49","",""
"16/10/2025 20:30:00 - 16/10/2025 20:45:00","BZN|FR","Without Sequence","108.49","",""
"16/10/2025 20:45:00 - 16/10/2025 21:00:00","BZN|FR","Sequence Sequence 2","88.05","",""
"16/10/2025 20:45:00 - 16/10/2025 21:00:00","BZN|FR","Without Sequence","88.05","",""
"16/10/2025 21:00:00 - 16/10/2025 21:15:00","BZN|FR","Sequence Sequence 2","120.01","",""
"16/10/2025 21:00:00 - 16/10/2025 21:15:00","BZN|FR","Without Sequence","120.01","",""
"16/10/2025 21:15:00 - 16/10/2025 21:30:00","BZN|FR","Sequence Sequence 2","94.75","",""
"16/10/2025 21:15:00 - 16/10/2025 21:30:00","BZN|FR","Without Sequence","94.75","",""
"16/10/2025 21:30:00 - 16/10/2025 21:45:00","BZN|FR","Sequence Sequence 2","88.97","",""
"16/10/2025 21:30:00 - 16/10/2025 21:45:00","BZN|FR","Without Sequence","88.97","",""
"16/10/2025 21:45:00 - 16/10/2025 22:00:00","BZN|FR","Sequence Sequence 2","82.36","",""
"16/10/2025 21:45:00 - 16/10/2025 22:00:00","BZN|FR","Without Sequence","82.36","",""
"16/10/2025 22:00:00 - 16/10/2025 22:15:00","BZN|FR","Sequence Sequence 2","48.95","",""
"16/10/2025 22:00:00 - 16/10/2025 22:15:00","BZN|FR","Without Sequence","48.95","",""
"16/10/2025 22:15:00 - 16/10/2025 22:30:00","BZN|FR","Sequence Sequence 2","93.93","",""
"16/10/2025 22:15:00 - 16/10/2025 22:30:00","BZN|FR","Without Sequence","93.93","",""
"16/10/2025 22:30:00 - 16/10/2025 22:45:00","BZN|FR","Sequence Sequence 2","106.90","",""
"16/10/2025 22:30:00 - 16/10/2025 22:45:00","BZN|FR","Without Sequence","106.90","",""
"16/10/2025 22:45:00 - 16/10/2025 23:00:00","BZN|FR","Sequence Sequence 2","98.06","",""
"16/10/2025 22:45:00 - 16/10/2025 23:00:00","BZN|FR","Without Sequence","98.06","",""
"16/10/2025 23:00:00 - 16/10/2025 23:15:00","BZN|FR","Sequence Sequence 2","98.72","",""
"16/10/2025 23:00:00 - 16/10/2025 23:15:00","BZN|FR","Without Sequence","98.72","",""
"16/10/2025 23:15:00 - 16/10/2025 23:30:00","BZN|FR","Sequence Sequence 2","89.41","",""
"16/10/2025 23:15:00 - 16/10/2025 23:30:00","BZN|FR","Without Sequence","89.41","",""
"16/10/2025 23:30:00 - 16/10/2025 23:45:00","BZN|FR","Sequence Sequence 2","93.10","",""
"16/10/2025 23:30:00 - 16/10/2025 23:45:00","BZN|FR","Without Sequence","93.10","",""
"16/10/2025 23:45:00 - 17/10/2025 00:00:00","BZN|FR","Sequence Sequence 2","79.59","",""
"16/10/2025 23:45:00 - 17/10/2025 00:00:00","BZN|FR","Without Sequence","79.59","",""
"17/10/2025 00:00:00 - 17/10/2025 00:15:00","BZN|FR","Sequence Sequence 2","91.91","",""
"17/10/2025 00:00:00 - 17/10/2025 00:15:00","BZN|FR","Without Sequence","91.91","",""
"17/10/2025 00:15:00 - 17/10/2025 00:30:00","BZN|FR","Sequence Sequence 2","88.74","",""
"17/10/2025 00:15:00 - 17/10/2025 00:30:00","BZN|FR","Without Sequence","88.74","",""
"17/10/2025 00:30:00 - 17/10/2025 00:45:00","BZN|FR","Sequence Sequence 2","86.62","",""
"17/10/2025 00:30:00 - 17/10/2025 00:45:00","BZN|FR","Without Sequence","86.62","",""
"17/10/2025 00:45:00 - 17/10/2025 01:00:00","BZN|FR","Sequence Sequence 2","81.59","",""
"17/10/2025 00:45:00 - 17/10/2025 01:00:00","BZN|FR","Without Sequence","81.59","",""
"17/10/2025 01:00:00 - 17/10/2025 01:15:00","BZN|FR","Sequence Sequence 2","80.59","",""
"17/10/2025 01:00:00 - 17/10/2025 01:15:00","BZN|FR","Without Sequence","80.59","",""
"17/10/2025 01:15:00 - 17/10/2025 01:30:00","BZN|FR","Sequence Sequence 2","68.23","",""
"17/10/2025 01:15:00 - 17/10/2025 01:30:00","BZN|FR","Without Sequence","68.23","",""
"17/10/2025 01:30:00 - 17/10/2025 01:45:00","BZN|FR","Sequence Sequence 2","77.45","",""
"17/10/2025 01:30:00 - 17/10/2025 01:45:00","BZN|FR","Without Sequence","77.45","",""
"17/10/2025 01:45:00 - 17/10/2025 02:00:00","BZN|FR","Sequence Sequence 2","70.24","",""
"17/10/2025 01:45:00 - 17/10/2025 02:00:00","BZN|FR","Without Sequence","70.24","",""
"17/10/2025 02:00:00 - 17/10/2025 02:15:00","BZN|FR","Sequence Sequence 2","89.24","",""
"17/10/2025 02:00:00 - 17/10/2025 02:15:00","BZN|FR","Without Sequence","89.24","",""
"17/10/2025 02:15:00 - 17/10/2025 02:30:00","BZN|FR","Sequence Sequence 2","76.95","",""
"17/10/2025 02:15:00 - 17/10/2025 02:30:00","BZN|FR","Without Sequence","76.95","",""
"17/10/2025 02:30:00 - 17/10/2025 02:45:00","BZN|FR","Sequence Sequence 2","72.43","",""
"17/10/2025 02:30:00 - 17/10/2025 02:45:00","BZN|FR","Without Sequence","72.43","",""
"17/10/2025 02:45:00 - 17/10/2025 03:00:00","BZN|FR","Sequence Sequence 2","77.43","",""
"17/10/2025 02:45:00 - 17/10/2025 03:00:00","BZN|FR","Without Sequence","77.43","",""
"17/10/2025 03:00:00 - 17/10/2025 03:15:00","BZN|FR","Sequence Sequence 2","79.07","",""
"17/10/2025 03:00:00 - 17/10/2025 03:15:00","BZN|FR","Without Sequence","79.07","",""
"17/10/2025 03:15:00 - 17/10/2025 03:30:00","BZN|FR","Sequence Sequence 2","81.79","",""
"17/10/2025 03:15:00 - 17/10/2025 03:30:00","BZN|FR","Without Sequence","81.79","",""
"17/10/2025 03:30:00 - 17/10/2025 03:45:00","BZN|FR","Sequence Sequence 2","85.55","",""
"17/10/2025 03:30:00 - 17/10/2025 03:45:00","BZN|FR","Without Sequence","85.55","",""
"17/10/2025 03:45:00 - 17/10/2025 04:00:00","BZN|FR","Sequence Sequence 2","76.58","",""
"17/10/2025 03:45:00 - 17/10/2025 04:00:00","BZN|FR","Without Sequence","76.58","",""
"17/10/2025 04:00:00 - 17/10/2025 04:15:00","BZN|FR","Sequence Sequence 2","75.95","",""
"17/10/2025 04:00:00 - 17/10/2025 04:15:00","BZN|FR","Without Sequence","75.95","",""
"17/10/2025 04:15:00 - 17/10/2025 04:30:00","BZN|FR","Sequence Sequence 2","68.59","",""
"17/10/2025 04:15:00 - 17/10/2025 04:30:00","BZN|FR","Without Sequence","68.59","",""
"17/10/2025 04:30:00 - 17/10/2025 04:45:00","BZN|FR","Sequence Sequence 2","72.59","",""
"17/10/2025 04:30:00 - 17/10/2025 04:45:00","BZN|FR","Without Sequence","72.59","",""
"17/10/2025 04:45:00 - 17/10/2025 05:00:00","BZN|FR","Sequence Sequence 2","84.37","",""
"17/10/2025 04:45:00 - 17/10/2025 05:00:00","BZN|FR","Without Sequence","84.37","",""
"17/10/2025 05:00:00 - 17/10/2025 05:15:00","BZN|FR","Sequence Sequence 2","79.49","",""
"17/10/2025 05:00:00 - 17/10/2025 05:15:00","BZN|FR","Without Sequence","79.49","",""
"17/10/2025 05:15:00 - 17/10/2025 05:30:00","BZN|FR","Sequence Sequence 2","84.74","",""
"17/10/2025 05:15:00 - 17/10/2025 05:30:00","BZN|FR","Without Sequence","84.74","",""
"17/10/2025 05:30:00 - 17/10/2025 05:45:00","BZN|FR","Sequence Sequence 2","87.07","",""
"17/10/2025 05:30:00 - 17/10/2025 05:45:00","BZN|FR","Without Sequence","87.07","",""
"17/10/2025 05:45:00 - 17/10/2025 06:00:00","BZN|FR","Sequence Sequence 2","82.28","",""
"17/10/2025 05:45:00 - 17/10/2025 06:00:00","BZN|FR","Without Sequence","82.28","",""
"17/10/2025 06:00:00 - 17/10/2025 06:15:00","BZN|FR","Sequence Sequence 2","85.77","",""
"17/10/2025 06:00:00 - 17/10/2025 06:15:00","BZN|FR","Without Sequence","85.77","",""
"17/10/2025 06:15:00 - 17/10/2025 06:30:00","BZN|FR","Sequence Sequence 2","92.94","",""
"17/10/2025 06:15:00 - 17/10/2025 06:30:00","BZN|FR","Without Sequence","92.94","",""
"17/10/2025 06:30:00 - 17/10/2025 06:45:00","BZN|FR","Sequence Sequence 2","100.68","",""
"17/10/2025 06:30:00 - 17/10/2025 06:45:00","BZN|FR","Without Sequence","100.68","",""
"17/10/2025 06:45:00 - 17/10/2025 07:00:00","BZN|FR","Sequence Sequence 2","88.24","",""
"17/10/2025 06:45:00 - 17/10/2025 07:00:00","BZN|FR","Without Sequence","88.24","",""
"17/10/2025 07:00:00 - 17/10/2025 07:15:00","BZN|FR","Sequence Sequence 2","85.54","",""
"17/10/2025 07:00:00 - 17/10/2025 07:15:00","BZN|FR","Without Sequence","85.54","",""
"17/10/2025 07:15:00 - 17/10/2025 07:30:00","BZN|FR","Sequence Sequence 2","105.92","",""
"17/10/2025 07:15:00 - 17/10/2025 07:30:00","BZN|FR","Without Sequence","105.92","",""
"17/10/2025 07:30:00 - 17/10/2025 07:45:00","BZN|FR","Sequence Sequence 2","134.31","",""
"17/10/2025 07:30:00 - 17/10/2025 07:45:00","BZN|FR","Without Sequence","134.31","",""
"17/10/2025 07:45:00 - 17/10/2025 08:00:00","BZN|FR","Sequence Sequence 2","142.89","",""
"17/10/2025 07:45:00 - 17/10/2025 08:00:00","BZN|FR","Without Sequence","142.89","",""
"17/10/2025 08:00:00 - 17/10/2025 08:15:00","BZN|FR","Sequence Sequence 2","151.73","",""
"17/10/2025 08:00:00 - 17/10/2025 08:15:00","BZN|FR","Without Sequence","151.73","",""
"17/10/2025 08:15:00 - 17/10/2025 08:30:00","BZN|FR","Sequence Sequence 2","159.99","",""
"17/10/2025 08:15:00 - 17/10/2025 08:30:00","BZN|FR","Without Sequence","159.99","",""
"17/10/2025 08:30:00 - 17/10/2025 08:45:00","BZN|FR","Sequence Sequence 2","140.72","",""
"17/10/2025 08:30:00 - 17/10/2025 08:45:00","BZN|FR","Without Sequence","140.72","",""
"17/10/2025 08:45:00 - 17/10/2025 09:00:00","BZN|FR","Sequence Sequence 2","108.57","",""
"17/10/2025 08:45:00 - 17/10/2025 09:00:00","BZN|FR","Without Sequence","108.57","",""
"17/10/2025 09:00:00 - 17/10/2025 09:15:00","BZN|FR","Sequence Sequence 2","161.02","",""
"17/10/2025 09:00:00 - 17/10/2025 09:15:00","BZN|FR","Without Sequence","161.02","",""
"17/10/2025 09:15:00 - 17/10/2025 09:30:00","BZN|FR","Sequence Sequence 2","133.00","",""
"17/10/2025 09:15:00 - 17/10/2025 09:30:00","BZN|FR","Without Sequence","133.00","",""
"17/10/2025 09:30:00 - 17/10/2025 09:45:00","BZN|FR","Sequence Sequence 2","120.00","",""
"17/10/2025 09:30:00 - 17/10/2025 09:45:00","BZN|FR","Without Sequence","120.00","",""
"17/10/2025 09:45:00 - 17/10/2025 10:00:00","BZN|FR","Sequence Sequence 2","102.06","",""
"17/10/2025 09:45:00 - 17/10/2025 10:00:00","BZN|FR","Without Sequence","102.06","",""
"17/10/2025 10:00:00 - 17/10/2025 10:15:00","BZN|FR","Sequence Sequence 2","105.09","",""
"17/10/2025 10:00:00 - 17/10/2025 10:15:00","BZN|FR","Without Sequence","105.09","",""
"17/10/2025 10:15:00 - 17/10/2025 10:30:00","BZN|FR","Sequence Sequence 2","105.04","",""
"17/10/2025 10:15:00 - 17/10/2025 10:30:00","BZN|FR","Without Sequence","105.04","",""
"17/10/2025 10:30:00 - 17/10/2025 10:45:00","BZN|FR","Sequence Sequence 2","90.00","",""
"17/10/2025 10:30:00 - 17/10/2025 10:45:00","BZN|FR","Without Sequence","90.00","",""
"17/10/2025 10:45:00 - 17/10/2025 11:00:00","BZN|FR","Sequence Sequence 2","97.37","",""
"17/10/2025 10:45:00 - 17/10/2025 11:00:00","BZN|FR","Without Sequence","97.37","",""
"17/10/2025 11:00:00 - 17/10/2025 11:15:00","BZN|FR","Sequence Sequence 2","94.94","",""
"17/10/2025 11:00:00 - 17/10/2025 11:15:00","BZN|FR","Without Sequence","94.94","",""
"17/10/2025 11:15:00 - 17/10/2025 11:30:00","BZN|FR","Sequence Sequence 2","83.07","",""
"17/10/2025 11:15:00 - 17/10/2025 11:30:00","BZN|FR","Without Sequence","83.07","",""
"17/10/2025 11:30:00 - 17/10/2025 11:45:00","BZN|FR","Sequence Sequence 2","81.68","",""
"17/10/2025 11:30:00 - 17/10/2025 11:45:00","BZN|FR","Without Sequence","81.68","",""
"17/10/2025 11:45:00 - 17/10/2025 12:00:00","BZN|FR","Sequence Sequence 2","78.00","",""
"17/10/2025 11:45:00 - 17/10/2025 12:00:00","BZN|FR","Without Sequence","78.00","",""
"17/10/2025 12:00:00 - 17/10/2025 12:15:00","BZN|FR","Sequence Sequence 2","80.15","",""
"17/10/2025 12:00:00 - 17/10/2025 12:15:00","BZN|FR","Without Sequence","80.15","",""
"17/10/2025 12:15:00 - 17/10/2025 12:30:00","BZN|FR","Sequence Sequence 2","76.62","",""
"17/10/2025 12:15:00 - 17/10/2025 12:30:00","BZN|FR","Without Sequence","76.62","",""
"17/10/2025 12:30:00 - 17/10/2025 12:45:00","BZN|FR","Sequence Sequence 2","75.50","",""
"17/10/2025 12:30:00 - 17/10/2025 12:45:00","BZN|FR","Without Sequence","75.50","",""
"17/10/2025 12:45:00 - 17/10/2025 13:00:00","BZN|FR","Sequence Sequence 2","74.03","",""
"17/10/2025 12:45:00 - 17/10/2025 13:00:00","BZN|FR","Without Sequence","74.03","",""
"17/10/2025 13:00:00 - 17/10/2025 13:15:00","BZN|FR","Sequence Sequence 2","69.00","",""
"17/10/2025 13:00:00 - 17/10/2025 13:15:00","BZN|FR","Without Sequence","69.00","",""
"17/10/2025 13:15:00 - 17/10/2025 13:30:00","BZN|FR","Sequence Sequence 2","62.41","",""
"17/10/2025 13:15:00 - 17/10/2025 13:30:00","BZN|FR","Without Sequence","62.41","",""
"17/10/2025 13:30:00 - 17/10/2025 13:45:00","BZN|FR","Sequence Sequence 2","55.26","",""
"17/10/2025 13:30:00 - 17/10/2025 13:45:00","BZN|FR","Without Sequence","55.26","",""
"17/10/2025 13:45:00 - 17/10/2025 14:00:00","BZN|FR","Sequence Sequence 2","49.87","",""
"17/10/2025 13:45:00 - 17/10/2025 14:00:00","BZN|FR","Without Sequence","49.87","",""
"17/10/2025 14:00:00 - 17/10/2025 14:15:00","BZN|FR","Sequence Sequence 2","53.00","",""
"17/10/2025 14:00:00 - 17/10/2025 14:15:00","BZN|FR","Without Sequence","53.00","",""
"17/10/2025 14:15:00 - 17/10/2025 14:30:00","BZN|FR","Sequence Sequence 2","50.00","",""
"17/10/2025 14:15:00 - 17/10/2025 14:30:00","BZN|FR","Without Sequence","50.00","",""
"17/10/2025 14:30:00 - 17/10/2025 14:45:00","BZN|FR","Sequence Sequence 2","45.01","",""
"17/10/2025 14:30:00 - 17/10/2025 14:45:00","BZN|FR","Without Sequence","45.01","",""
"17/10/2025 14:45:00 - 17/10/2025 15:00:00","BZN|FR","Sequence Sequence 2","45.55","",""
"17/10/2025 14:45:00 - 17/10/2025 15:00:00","BZN|FR","Without Sequence","45.55","",""
"17/10/2025 15:00:00 - 17/10/2025 15:15:00","BZN|FR","Sequence Sequence 2","31.80","",""
"17/10/2025 15:00:00 - 17/10/2025 15:15:00","BZN|FR","Without Sequence","31.80","",""
"17/10/2025 15:15:00 - 17/10/2025 15:30:00","BZN|FR","Sequence Sequence 2","42.84","",""
"17/10/2025 15:15:00 - 17/10/2025 15:30:00","BZN|FR","Without Sequence","42.84","",""
"17/10/2025 15:30:00 - 17/10/2025 15:45:00","BZN|FR","Sequence Sequence 2","50.26","",""
"17/10/2025 15:30:00 - 17/10/2025 15:45:00","BZN|FR","Without Sequence","50.26","",""
"17/10/2025 15:45:00 - 17/10/2025 16:00:00","BZN|FR","Sequence Sequence 2","55.10","",""
"17/10/2025 15:45:00 - 17/10/2025 16:00:00","BZN|FR","Without Sequence","55.10","",""
"17/10/2025 16:00:00 - 17/10/2025 16:15:00","BZN|FR","Sequence Sequence 2","31.53","",""
"17/10/2025 16:00:00 - 17/10/2025 16:15:00","BZN|FR","Without Sequence","31.53","",""
"17/10/2025 16:15:00 - 17/10/2025 16:30:00","BZN|FR","Sequence Sequence 2","56.15","",""
"17/10/2025 16:15:00 - 17/10/2025 16:30:00","BZN|FR","Without Sequence","56.15","",""
"17/10/2025 16:30:00 - 17/10/2025 16:45:00","BZN|FR","Sequence Sequence 2","67.21","",""
"17/10/2025 16:30:00 - 17/10/2025 16:45:00","BZN|FR","Without Sequence","67.21","",""
"17/10/2025 16:45:00 - 17/10/2025 17:00:00","BZN|FR","Sequence Sequence 2","76.30","",""
"17/10/2025 16:45:00 - 17/10/2025 17:00:00","BZN|FR","Without Sequence","76.30","",""
"17/10/2025 17:00:00 - 17/10/2025 17:15:00","BZN|FR","Sequence Sequence 2","75.10","",""
"17/10/2025 17:00:00 - 17/10/2025 17:15:00","BZN|FR","Without Sequence","75.10","",""
"17/10/2025 17:15:00 - 17/10/2025 17:30:00","BZN|FR","Sequence Sequence 2","82.87","",""
"17/10/2025 17:15:00 - 17/10/2025 17:30:00","BZN|FR","Without Sequence","82.87","",""
"17/10/2025 17:30:00 - 17/10/2025 17:45:00","BZN|FR","Sequence Sequence 2","105.84","",""
"17/10/2025 17:30:00 - 17/10/2025 17:45:00","BZN|FR","Without Sequence","105.84","",""
"17/10/2025 17:45:00 - 17/10/2025 18:00:00","BZN|FR","Sequence Sequence 2","115.01","",""
"17/10/2025 17:45:00 - 17/10/2025 18:00:00","BZN|FR","Without Sequence","115.01","",""
"17/10/2025 18:00:00 - 17/10/2025 18:15:00","BZN|FR","Sequence Sequence 2","104.64","",""
"17/10/2025 18:00:00 - 17/10/2025 18:15:00","BZN|FR","Without Sequence","104.64","",""
"17/10/2025 18:15:00 - 17/10/2025 18:30:00","BZN|FR","Sequence Sequence 2","117.76","",""
"17/10/2025 18:15:00 - 17/10/2025 18:30:00","BZN|FR","Without Sequence","117.76","",""
"17/10/2025 18:30:00 - 17/10/2025 18:45:00","BZN|FR","Sequence Sequence 2","124.80","",""
"17/10/2025 18:30:00 - 17/10/2025 18:45:00","BZN|FR","Without Sequence","124.80","",""
"17/10/2025 18:45:00 - 17/10/2025 19:00:00","BZN|FR","Sequence Sequence 2","135.78","",""
"17/10/2025 18:45:00 - 17/10/2025 19:00:00","BZN|FR","Without Sequence","135.78","",""
"17/10/2025 19:00:00 - 17/10/2025 19:15:00","BZN|FR","Sequence Sequence 2","131.33","",""
"17/10/2025 19:00:00 - 17/10/2025 19:15:00","BZN|FR","Without Sequence","131.33","",""
"17/10/2025 19:15:00 - 17/10/2025 19:30:00","BZN|FR","Sequence Sequence 2","133.70","",""
"17/10/2025 19:15:00 - 17/10/2025 19:30:00","BZN|FR","Without Sequence","133.70","",""
"17/10/2025 19:30:00 - 17/10/2025 19:45:00","BZN|FR","Sequence Sequence 2","138.20","",""
"17/10/2025 19:30:00 - 17/10/2025 19:45:00","BZN|FR","Without Sequence","138.20","",""
"17/10/2025 19:45:00 - 17/10/2025 20:00:00","BZN|FR","Sequence Sequence 2","130.66","",""
"17/10/2025 19:45:00 - 17/10/2025 20:00:00","BZN|FR","Without Sequence","130.66","",""
"17/10/2025 20:00:00 - 17/10/2025 20:15:00","BZN|FR","Sequence Sequence 2","132.85","",""
"17/10/2025 20:00:00 - 17/10/2025 20:15:00","BZN|FR","Without Sequence","132.85","",""
"17/10/2025 20:15:00 - 17/10/2025 20:30:00","BZN|FR","Sequence Sequence 2","114.14","",""
"17/10/2025 20:15:00 - 17/10/2025 20:30:00","BZN|FR","Without Sequence","114.14","",""
"17/10/2025 20:30:00 - 17/10/2025 20:45:00","BZN|FR","Sequence Sequence 2","117.39","",""
"17/10/2025 20:30:00 - 17/10/2025 20:45:00","BZN|FR","Without Sequence","117.39","",""
"17/10/2025 20:45:00 - 17/10/2025 21:00:00","BZN|FR","Sequence Sequence 2","101.89","",""
"17/10/2025 20:45:00 - 17/10/2025 21:00:00","BZN|FR","Without Sequence","101.89","",""
"17/10/2025 21:00:00 - 17/10/2025 21:15:00","BZN|FR","Sequence Sequence 2","117.06","",""
"17/10/2025 21:00:00 - 17/10/2025 21:15:00","BZN|FR","Without Sequence","117.06","",""
"17/10/2025 21:15:00 - 17/10/2025 21:30:00","BZN|FR","Sequence Sequence 2","102.34","",""
"17/10/2025 21:15:00 - 17/10/2025 21:30:00","BZN|FR","Without Sequence","102.34","",""
"17/10/2025 21:30:00 - 17/10/2025 21:45:00","BZN|FR","Sequence Sequence 2","102.58","",""
"17/10/2025 21:30:00 - 17/10/2025 21:45:00","BZN|FR","Without Sequence","102.58","",""
"17/10/2025 21:45:00 - 17/10/2025 22:00:00","BZN|FR","Sequence Sequence 2","99.74","",""
"17/10/2025 21:45:00 - 17/10/2025 22:00:00","BZN|FR","Without Sequence","99.74","",""
"17/10/2025 22:00:00 - 17/10/2025 22:15:00","BZN|FR","Sequence Sequence 2","109.54","",""
"17/10/2025 22:00:00 - 17/10/2025 22:15:00","BZN|FR","Without Sequence","109.54","",""
"17/10/2025 22:15:00 - 17/10/2025 22:30:00","BZN|FR","Sequence Sequence 2","104.07","",""
"17/10/2025 22:15:00 - 17/10/2025 22:30:00","BZN|FR","Without Sequence","104.07","",""
"17/10/2025 22:30:00 - 17/10/2025 22:45:00","BZN|FR","Sequence Sequence 2","102.94","",""
"17/10/2025 22:30:00 - 17/10/2025 22:45:00","BZN|FR","Without Sequence","102.94","",""
"17/10/2025 22:45:00 - 17/10/2025 23:00:00","BZN|FR","Sequence Sequence 2","96.78","",""
"17/10/2025 22:45:00 - 17/10/2025 23:00:00","BZN|FR","Without Sequence","96.78","",""
"17/10/2025 23:00:00 - 17/10/2025 23:15:00","BZN|FR","Sequence Sequence 2","105.97","",""
"17/10/2025 23:00:00 - 17/10/2025 23:15:00","BZN|FR","Without Sequence","105.97","",""
"17/10/2025 23:15:00 - 17/10/2025 23:30:00","BZN|FR","Sequence Sequence 2","96.00","",""
"17/10/2025 23:15:00 - 17/10/2025 23:30:00","BZN|FR","Without Sequence","96.00","",""
"17/10/2025 23:30:00 - 17/10/2025 23:45:00","BZN|FR","Sequence Sequence 2","88.52","",""
"17/10/2025 23:30:00 - 17/10/2025 23:45:00","BZN|FR","Without Sequence","88.52","",""
"17/10/2025 23:45:00 - 18/10/2025 00:00:00","BZN|FR","Sequence Sequence 2","81.91","",""
"17/10/2025 23:45:00 - 18/10/2025 00:00:00","BZN|FR","Without Sequence","81.91","",""
"18/10/2025 00:00:00 - 18/10/2025 00:15:00","BZN|FR","Sequence Sequence 2","92.54","",""
"18/10/2025 00:00:00 - 18/10/2025 00:15:00","BZN|FR","Without Sequence","92.54","",""
"18/10/2025 00:15:00 - 18/10/2025 00:30:00","BZN|FR","Sequence Sequence 2","103.60","",""
"18/10/2025 00:15:00 - 18/10/2025 00:30:00","BZN|FR","Without Sequence","103.60","",""
"18/10/2025 00:30:00 - 18/10/2025 00:45:00","BZN|FR","Sequence Sequence 2","92.14","",""
"18/10/2025 00:30:00 - 18/10/2025 00:45:00","BZN|FR","Without Sequence","92.14","",""
"18/10/2025 00:45:00 - 18/10/2025 01:00:00","BZN|FR","Sequence Sequence 2","87.12","",""
"18/10/2025 00:45:00 - 18/10/2025 01:00:00","BZN|FR","Without Sequence","87.12","",""
"18/10/2025 01:00:00 - 18/10/2025 01:15:00","BZN|FR","Sequence Sequence 2","98.56","",""
"18/10/2025 01:00:00 - 18/10/2025 01:15:00","BZN|FR","Without Sequence","98.56","",""
"18/10/2025 01:15:00 - 18/10/2025 01:30:00","BZN|FR","Sequence Sequence 2","92.03","",""
"18/10/2025 01:15:00 - 18/10/2025 01:30:00","BZN|FR","Without Sequence","92.03","",""
"18/10/2025 01:30:00 - 18/10/2025 01:45:00","BZN|FR","Sequence Sequence 2","88.69","",""
"18/10/2025 01:30:00 - 18/10/2025 01:45:00","BZN|FR","Without Sequence","88.69","",""
"18/10/2025 01:45:00 - 18/10/2025 02:00:00","BZN|FR","Sequence Sequence 2","87.07","",""
"18/10/2025 01:45:00 - 18/10/2025 02:00:00","BZN|FR","Without Sequence","87.07","",""
"18/10/2025 02:00:00 - 18/10/2025 02:15:00","BZN|FR","Sequence Sequence 2","97.66","",""
"18/10/2025 02:00:00 - 18/10/2025 02:15:00","BZN|FR","Without Sequence","97.66","",""
"18/10/2025 02:15:00 - 18/10/2025 02:30:00","BZN|FR","Sequence Sequence 2","91.01","",""
"18/10/2025 02:15:00 - 18/10/2025 02:30:00","BZN|FR","Without Sequence","91.01","",""
"18/10/2025 02:30:00 - 18/10/2025 02:45:00","BZN|FR","Sequence Sequence 2","86.87","",""
"18/10/2025 02:30:00 - 18/10/2025 02:45:00","BZN|FR","Without Sequence","86.87","",""
"18/10/2025 02:45:00 - 18/10/2025 03:00:00","BZN|FR","Sequence Sequence 2","85.38","",""
"18/10/2025 02:45:00 - 18/10/2025 03:00:00","BZN|FR","Without Sequence","85.38","",""
"18/10/2025 03:00:00 - 18/10/2025 03:15:00","BZN|FR","Sequence Sequence 2","85.71","",""
"18/10/2025 03:00:00 - 18/10/2025 03:15:00","BZN|FR","Without Sequence","85.71","",""
"18/10/2025 03:15:00 - 18/10/2025 03:30:00","BZN|FR","Sequence Sequence 2","83.45","",""
"18/10/2025 03:15:00 - 18/10/2025 03:30:00","BZN|FR","Without Sequence","83.45","",""
"18/10/2025 03:30:00 - 18/10/2025 03:45:00","BZN|FR","Sequence Sequence 2","78.79","",""
"18/10/2025 03:30:00 - 18/10/2025 03:45:00","BZN|FR","Without Sequence","78.79","",""
"18/10/2025 03:45:00 - 18/10/2025 04:00:00","BZN|FR","Sequence Sequence 2","82.60","",""
"18/10/2025 03:45:00 - 18/10/2025 04:00:00","BZN|FR","Without Sequence","82.60","",""
"18/10/2025 04:00:00 - 18/10/2025 04:15:00","BZN|FR","Sequence Sequence 2","75.91","",""
"18/10/2025 04:00:00 - 18/10/2025 04:15:00","BZN|FR","Without Sequence","75.91","",""
"18/10/2025 04:15:00 - 18/10/2025 04:30:00","BZN|FR","Sequence Sequence 2","76.67","",""
"18/10/2025 04:15:00 - 18/10/2025 04:30:00","BZN|FR","Without Sequence","76.67","",""
"18/10/2025 04:30:00 - 18/10/2025 04:45:00","BZN|FR","Sequence Sequence 2","73.90","",""
"18/10/2025 04:30:00 - 18/10/2025 04:45:00","BZN|FR","Without Sequence","73.90","",""
"18/10/2025 04:45:00 - 18/10/2025 05:00:00","BZN|FR","Sequence Sequence 2","73.04","",""
"18/10/2025 04:45:00 - 18/10/2025 05:00:00","BZN|FR","Without Sequence","73.04","",""
"18/10/2025 05:00:00 - 18/10/2025 05:15:00","BZN|FR","Sequence Sequence 2","76.41","",""
"18/10/2025 05:00:00 - 18/10/2025 05:15:00","BZN|FR","Without Sequence","76.41","",""
"18/10/2025 05:15:00 - 18/10/2025 05:30:00","BZN|FR","Sequence Sequence 2","74.74","",""
"18/10/2025 05:15:00 - 18/10/2025 05:30:00","BZN|FR","Without Sequence","74.74","",""
"18/10/2025 05:30:00 - 18/10/2025 05:45:00","BZN|FR","Sequence Sequence 2","81.11","",""
"18/10/2025 05:30:00 - 18/10/2025 05:45:00","BZN|FR","Without Sequence","81.11","",""
"18/10/2025 05:45:00 - 18/10/2025 06:00:00","BZN|FR","Sequence Sequence 2","83.21","",""
"18/10/2025 05:45:00 - 18/10/2025 06:00:00","BZN|FR","Without Sequence","83.21","",""
"18/10/2025 06:00:00 - 18/10/2025 06:15:00","BZN|FR","Sequence Sequence 2","69.98","",""
"18/10/2025 06:00:00 - 18/10/2025 06:15:00","BZN|FR","Without Sequence","69.98","",""
"18/10/2025 06:15:00 - 18/10/2025 06:30:00","BZN|FR","Sequence Sequence 2","76.26","",""
"18/10/2025 06:15:00 - 18/10/2025 06:30:00","BZN|FR","Without Sequence","76.26","",""
"18/10/2025 06:30:00 - 18/10/2025 06:45:00","BZN|FR","Sequence Sequence 2","83.37","",""
"18/10/2025 06:30:00 - 18/10/2025 06:45:00","BZN|FR","Without Sequence","83.37","",""
"18/10/2025 06:45:00 - 18/10/2025 07:00:00","BZN|FR","Sequence Sequence 2","93.76","",""
"18/10/2025 06:45:00 - 18/10/2025 07:00:00","BZN|FR","Without Sequence","93.76","",""
"18/10/2025 07:00:00 - 18/10/2025 07:15:00","BZN|FR","Sequence Sequence 2","94.14","",""
"18/10/2025 07:00:00 - 18/10/2025 07:15:00","BZN|FR","Without Sequence","94.14","",""
"18/10/2025 07:15:00 - 18/10/2025 07:30:00","BZN|FR","Sequence Sequence 2","107.34","",""
"18/10/2025 07:15:00 - 18/10/2025 07:30:00","BZN|FR","Without Sequence","107.34","",""
"18/10/2025 07:30:00 - 18/10/2025 07:45:00","BZN|FR","Sequence Sequence 2","95.27","",""
"18/10/2025 07:30:00 - 18/10/2025 07:45:00","BZN|FR","Without Sequence","95.27","",""
"18/10/2025 07:45:00 - 18/10/2025 08:00:00","BZN|FR","Sequence Sequence 2","95.58","",""
"18/10/2025 07:45:00 - 18/10/2025 08:00:00","BZN|FR","Without Sequence","95.58","",""
"18/10/2025 08:00:00 - 18/10/2025 08:15:00","BZN|FR","Sequence Sequence 2","119.11","",""
"18/10/2025 08:00:00 - 18/10/2025 08:15:00","BZN|FR","Without Sequence","119.11","",""
"18/10/2025 08:15:00 - 18/10/2025 08:30:00","BZN|FR","Sequence Sequence 2","114.31","",""
"18/10/2025 08:15:00 - 18/10/2025 08:30:00","BZN|FR","Without Sequence","114.31","",""
"18/10/2025 08:30:00 - 18/10/2025 08:45:00","BZN|FR","Sequence Sequence 2","117.56","",""
"18/10/2025 08:30:00 - 18/10/2025 08:45:00","BZN|FR","Without Sequence","117.56","",""
"18/10/2025 08:45:00 - 18/10/2025 09:00:00","BZN|FR","Sequence Sequence 2","98.91","",""
"18/10/2025 08:45:00 - 18/10/2025 09:00:00","BZN|FR","Without Sequence","98.91","",""
"18/10/2025 09:00:00 - 18/10/2025 09:15:00","BZN|FR","Sequence Sequence 2","117.85","",""
"18/10/2025 09:00:00 - 18/10/2025 09:15:00","BZN|FR","Without Sequence","117.85","",""
"18/10/2025 09:15:00 - 18/10/2025 09:30:00","BZN|FR","Sequence Sequence 2","113.34","",""
"18/10/2025 09:15:00 - 18/10/2025 09:30:00","BZN|FR","Without Sequence","113.34","",""
"18/10/2025 09:30:00 - 18/10/2025 09:45:00","BZN|FR","Sequence Sequence 2","92.87","",""
"18/10/2025 09:30:00 - 18/10/2025 09:45:00","BZN|FR","Without Sequence","92.87","",""
"18/10/2025 09:45:00 - 18/10/2025 10:00:00","BZN|FR","Sequence Sequence 2","75.51","",""
"18/10/2025 09:45:00 - 18/10/2025 10:00:00","BZN|FR","Without Sequence","75.51","",""
"18/10/2025 10:00:00 - 18/10/2025 10:15:00","BZN|FR","Sequence Sequence 2","106.07","",""
"18/10/2025 10:00:00 - 18/10/2025 10:15:00","BZN|FR","Without Sequence","106.07","",""
"18/10/2025 10:15:00 - 18/10/2025 10:30:00","BZN|FR","Sequence Sequence 2","80.50","",""
"18/10/2025 10:15:00 - 18/10/2025 10:30:00","BZN|FR","Without Sequence","80.50","",""
"18/10/2025 10:30:00 - 18/10/2025 10:45:00","BZN|FR","Sequence Sequence 2","63.50","",""
"18/10/2025 10:30:00 - 18/10/2025 10:45:00","BZN|FR","Without Sequence","63.50","",""
"18/10/2025 10:45:00 - 18/10/2025 11:00:00","BZN|FR","Sequence Sequence 2","51.42","",""
"18/10/2025 10:45:00 - 18/10/2025 11:00:00","BZN|FR","Without Sequence","51.42","",""
"18/10/2025 11:00:00 - 18/10/2025 11:15:00","BZN|FR","Sequence Sequence 2","73.91","",""
"18/10/2025 11:00:00 - 18/10/2025 11:15:00","BZN|FR","Without Sequence","73.91","",""
"18/10/2025 11:15:00 - 18/10/2025 11:30:00","BZN|FR","Sequence Sequence 2","45.00","",""
"18/10/2025 11:15:00 - 18/10/2025 11:30:00","BZN|FR","Without Sequence","45.00","",""
"18/10/2025 11:30:00 - 18/10/2025 11:45:00","BZN|FR","Sequence Sequence 2","26.45","",""
"18/10/2025 11:30:00 - 18/10/2025 11:45:00","BZN|FR","Without Sequence","26.45","",""
"18/10/2025 11:45:00 - 18/10/2025 12:00:00","BZN|FR","Sequence Sequence 2","12.71","",""
"18/10/2025 11:45:00 - 18/10/2025 12:00:00","BZN|FR","Without Sequence","12.71","",""
"18/10/2025 12:00:00 - 18/10/2025 12:15:00","BZN|FR","Sequence Sequence 2","50.42","",""
"18/10/2025 12:00:00 - 18/10/2025 12:15:00","BZN|FR","Without Sequence","50.42","",""
"18/10/2025 12:15:00 - 18/10/2025 12:30:00","BZN|FR","Sequence Sequence 2","28.33","",""
"18/10/2025 12:15:00 - 18/10/2025 12:30:00","BZN|FR","Without Sequence","28.33","",""
"18/10/2025 12:30:00 - 18/10/2025 12:45:00","BZN|FR","Sequence Sequence 2","48.91","",""
"18/10/2025 12:30:00 - 18/10/2025 12:45:00","BZN|FR","Without Sequence","48.91","",""
"18/10/2025 12:45:00 - 18/10/2025 13:00:00","BZN|FR","Sequence Sequence 2","29.40","",""
"18/10/2025 12:45:00 - 18/10/2025 13:00:00","BZN|FR","Without Sequence","29.40","",""
"18/10/2025 13:00:00 - 18/10/2025 13:15:00","BZN|FR","Sequence Sequence 2","33.42","",""
"18/10/2025 13:00:00 - 18/10/2025 13:15:00","BZN|FR","Without Sequence","33.42","",""
"18/10/2025 13:15:00 - 18/10/2025 13:30:00","BZN|FR","Sequence Sequence 2","20.33","",""
"18/10/2025 13:15:00 - 18/10/2025 13:30:00","BZN|FR","Without Sequence","20.33","",""
"18/10/2025 13:30:00 - 18/10/2025 13:45:00","BZN|FR","Sequence Sequence 2","21.78","",""
"18/10/2025 13:30:00 - 18/10/2025 13:45:00","BZN|FR","Without Sequence","21.78","",""
"18/10/2025 13:45:00 - 18/10/2025 14:00:00","BZN|FR","Sequence Sequence 2","21.43","",""
"18/10/2025 13:45:00 - 18/10/2025 14:00:00","BZN|FR","Without Sequence","21.43","",""
"18/10/2025 14:00:00 - 18/10/2025 14:15:00","BZN|FR","Sequence Sequence 2","9.36","",""
"18/10/2025 14:00:00 - 18/10/2025 14:15:00","BZN|FR","Without Sequence","9.36","",""
"18/10/2025 14:15:00 - 18/10/2025 14:30:00","BZN|FR","Sequence Sequence 2","17.07","",""
"18/10/2025 14:15:00 - 18/10/2025 14:30:00","BZN|FR","Without Sequence","17.07","",""
"18/10/2025 14:30:00 - 18/10/2025 14:45:00","BZN|FR","Sequence Sequence 2","10.91","",""
"18/10/2025 14:30:00 - 18/10/2025 14:45:00","BZN|FR","Without Sequence","10.91","",""
"18/10/2025 14:45:00 - 18/10/2025 15:00:00","BZN|FR","Sequence Sequence 2","42.66","",""
"18/10/2025 14:45:00 - 18/10/2025 15:00:00","BZN|FR","Without Sequence","42.66","",""
"18/10/2025 15:00:00 - 18/10/2025 15:15:00","BZN|FR","Sequence Sequence 2","0.65","",""
"18/10/2025 15:00:00 - 18/10/2025 15:15:00","BZN|FR","Without Sequence","0.65","",""
"18/10/2025 15:15:00 - 18/10/2025 15:30:00","BZN|FR","Sequence Sequence 2","17.26","",""
"18/10/2025 15:15:00 - 18/10/2025 15:30:00","BZN|FR","Without Sequence","17.26","",""
"18/10/2025 15:30:00 - 18/10/2025 15:45:00","BZN|FR","Sequence Sequence 2","23.23","",""
"18/10/2025 15:30:00 - 18/10/2025 15:45:00","BZN|FR","Without Sequence","23.23","",""
"18/10/2025 15:45:00 - 18/10/2025 16:00:00","BZN|FR","Sequence Sequence 2","41.35","",""
"18/10/2025 15:45:00 - 18/10/2025 16:00:00","BZN|FR","Without Sequence","41.35","",""
"18/10/2025 16:00:00 - 18/10/2025 16:15:00","BZN|FR","Sequence Sequence 2","0.30","",""
"18/10/2025 16:00:00 - 18/10/2025 16:15:00","BZN|FR","Without Sequence","0.30","",""
"18/10/2025 16:15:00 - 18/10/2025 16:30:00","BZN|FR","Sequence Sequence 2","23.01","",""
"18/10/2025 16:15:00 - 18/10/2025 16:30:00","BZN|FR","Without Sequence","23.01","",""
"18/10/2025 16:30:00 - 18/10/2025 16:45:00","BZN|FR","Sequence Sequence 2","25.84","",""
"18/10/2025 16:30:00 - 18/10/2025 16:45:00","BZN|FR","Without Sequence","25.84","",""
"18/10/2025 16:45:00 - 18/10/2025 17:00:00","BZN|FR","Sequence Sequence 2","71.06","",""
"18/10/2025 16:45:00 - 18/10/2025 17:00:00","BZN|FR","Without Sequence","71.06","",""
"18/10/2025 17:00:00 - 18/10/2025 17:15:00","BZN|FR","Sequence Sequence 2","16.90","",""
"18/10/2025 17:00:00 - 18/10/2025 17:15:00","BZN|FR","Without Sequence","16.90","",""
"18/10/2025 17:15:00 - 18/10/2025 17:30:00","BZN|FR","Sequence Sequence 2","67.72","",""
"18/10/2025 17:15:00 - 18/10/2025 17:30:00","BZN|FR","Without Sequence","67.72","",""
"18/10/2025 17:30:00 - 18/10/2025 17:45:00","BZN|FR","Sequence Sequence 2","80.20","",""
"18/10/2025 17:30:00 - 18/10/2025 17:45:00","BZN|FR","Without Sequence","80.20","",""
"18/10/2025 17:45:00 - 18/10/2025 18:00:00","BZN|FR","Sequence Sequence 2","107.70","",""
"18/10/2025 17:45:00 - 18/10/2025 18:00:00","BZN|FR","Without Sequence","107.70","",""
"18/10/2025 18:00:00 - 18/10/2025 18:15:00","BZN|FR","Sequence Sequence 2","53.50","",""
"18/10/2025 18:00:00 - 18/10/2025 18:15:00","BZN|FR","Without Sequence","53.50","",""
"18/10/2025 18:15:00 - 18/10/2025 18:30:00","BZN|FR","Sequence Sequence 2","89.25","",""
"18/10/2025 18:15:00 - 18/10/2025 18:30:00","BZN|FR","Without Sequence","89.25","",""
"18/10/2025 18:30:00 - 18/10/2025 18:45:00","BZN|FR","Sequence Sequence 2","113.83","",""
"18/10/2025 18:30:00 - 18/10/2025 18:45:00","BZN|FR","Without Sequence","113.83","",""
"18/10/2025 18:45:00 - 18/10/2025 19:00:00","BZN|FR","Sequence Sequence 2","128.24","",""
"18/10/2025 18:45:00 - 18/10/2025 19:00:00","BZN|FR","Without Sequence","128.24","",""
"18/10/2025 19:00:00 - 18/10/2025 19:15:00","BZN|FR","Sequence Sequence 2","116.18","",""
"18/10/2025 19:00:00 - 18/10/2025 19:15:00","BZN|FR","Without Sequence","116.18","",""
"18/10/2025 19:15:00 - 18/10/2025 19:30:00","BZN|FR","Sequence Sequence 2","117.85","",""
"18/10/2025 19:15:00 - 18/10/2025 19:30:00","BZN|FR","Without Sequence","117.85","",""
"18/10/2025 19:30:00 - 18/10/2025 19:45:00","BZN|FR","Sequence Sequence 2","120.01","",""
"18/10/2025 19:30:00 - 18/10/2025 19:45:00","BZN|FR","Without Sequence","120.01","",""
"18/10/2025 19:45:00 - 18/10/2025 20:00:00","BZN|FR","Sequence Sequence 2","117.85","",""
"18/10/2025 19:45:00 - 18/10/2025 20:00:00","BZN|FR","Without Sequence","117.85","",""
"18/10/2025 20:00:00 - 18/10/2025 20:15:00","BZN|FR","Sequence Sequence 2","126.23","",""
"18/10/2025 20:00:00 - 18/10/2025 20:15:00","BZN|FR","Without Sequence","126.23","",""
"18/10/2025 20:15:00 - 18/10/2025 20:30:00","BZN|FR","Sequence Sequence 2","105.62","",""
"18/10/2025 20:15:00 - 18/10/2025 20:30:00","BZN|FR","Without Sequence","105.62","",""
"18/10/2025 20:30:00 - 18/10/2025 20:45:00","BZN|FR","Sequence Sequence 2","93.03","",""
"18/10/2025 20:30:00 - 18/10/2025 20:45:00","BZN|FR","Without Sequence","93.03","",""
"18/10/2025 20:45:00 - 18/10/2025 21:00:00","BZN|FR","Sequence Sequence 2","85.52","",""
"18/10/2025 20:45:00 - 18/10/2025 21:00:00","BZN|FR","Without Sequence","85.52","",""
"18/10/2025 21:00:00 - 18/10/2025 21:15:00","BZN|FR","Sequence Sequence 2","101.04","",""
"18/10/2025 21:00:00 - 18/10/2025 21:15:00","BZN|FR","Without Sequence","101.04","",""
"18/10/2025 21:15:00 - 18/10/2025 21:30:00","BZN|FR","Sequence Sequence 2","98.00","",""
"18/10/2025 21:15:00 - 18/10/2025 21:30:00","BZN|FR","Without Sequence","98.00","",""
"18/10/2025 21:30:00 - 18/10/2025 21:45:00","BZN|FR","Sequence Sequence 2","89.85","",""
"18/10/2025 21:30:00 - 18/10/2025 21:45:00","BZN|FR","Without Sequence","89.85","",""
"18/10/2025 21:45:00 - 18/10/2025 22:00:00","BZN|FR","Sequence Sequence 2","85.45","",""
"18/10/2025 21:45:00 - 18/10/2025 22:00:00","BZN|FR","Without Sequence","85.45","",""
"18/10/2025 22:00:00 - 18/10/2025 22:15:00","BZN|FR","Sequence Sequence 2","104.16","",""
"18/10/2025 22:00:00 - 18/10/2025 22:15:00","BZN|FR","Without Sequence","104.16","",""
"18/10/2025 22:15:00 - 18/10/2025 22:30:00","BZN|FR","Sequence Sequence 2","96.66","",""
"18/10/2025 22:15:00 - 18/10/2025 22:30:00","BZN|FR","Without Sequence","96.66","",""
"18/10/2025 22:30:00 - 18/10/2025 22:45:00","BZN|FR","Sequence Sequence 2","97.20","",""
"18/10/2025 22:30:00 - 18/10/2025 22:45:00","BZN|FR","Without Sequence","97.20","",""
"18/10/2025 22:45:00 - 18/10/2025 23:00:00","BZN|FR","Sequence Sequence 2","85.89","",""
"18/10/2025 22:45:00 - 18/10/2025 23:00:00","BZN|FR","Without Sequence","85.89","",""
"18/10/2025 23:00:00 - 18/10/2025 23:15:00","BZN|FR","Sequence Sequence 2","105.95","",""
"18/10/2025 23:00:00 - 18/10/2025 23:15:00","BZN|FR","Without Sequence","105.95","",""
"18/10/2025 23:15:00 - 18/10/2025 23:30:00","BZN|FR","Sequence Sequence 2","96.35","",""
"18/10/2025 23:15:00 - 18/10/2025 23:30:00","BZN|FR","Without Sequence","96.35","",""
"18/10/2025 23:30:00 - 18/10/2025 23:45:00","BZN|FR","Sequence Sequence 2","89.31","",""
"18/10/2025 23:30:00 - 18/10/2025 23:45:00","BZN|FR","Without Sequence","89.31","",""
"18/10/2025 23:45:00 - 19/10/2025 00:00:00","BZN|FR","Sequence Sequence 2","85.89","",""
"18/10/2025 23:45:00 - 19/10/2025 00:00:00","BZN|FR","Without Sequence","85.89","",""
"19/10/2025 00:00:00 - 19/10/2025 00:15:00","BZN|FR","Sequence Sequence 2","96.40","",""
"19/10/2025 00:00:00 - 19/10/2025 00:15:00","BZN|FR","Without Sequence","96.40","",""
"19/10/2025 00:15:00 - 19/10/2025 00:30:00","BZN|FR","Sequence Sequence 2","92.00","",""
"19/10/2025 00:15:00 - 19/10/2025 00:30:00","BZN|FR","Without Sequence","92.00","",""
"19/10/2025 00:30:00 - 19/10/2025 00:45:00","BZN|FR","Sequence Sequence 2","81.85","",""
"19/10/2025 00:30:00 - 19/10/2025 00:45:00","BZN|FR","Without Sequence","81.85","",""
"19/10/2025 00:45:00 - 19/10/2025 01:00:00","BZN|FR","Sequence Sequence 2","67.79","",""
"19/10/2025 00:45:00 - 19/10/2025 01:00:00","BZN|FR","Without Sequence","67.79","",""
"19/10/2025 01:00:00 - 19/10/2025 01:15:00","BZN|FR","Sequence Sequence 2","77.07","",""
"19/10/2025 01:00:00 - 19/10/2025 01:15:00","BZN|FR","Without Sequence","77.07","",""
"19/10/2025 01:15:00 - 19/10/2025 01:30:00","BZN|FR","Sequence Sequence 2","74.76","",""
"19/10/2025 01:15:00 - 19/10/2025 01:30:00","BZN|FR","Without Sequence","74.76","",""
"19/10/2025 01:30:00 - 19/10/2025 01:45:00","BZN|FR","Sequence Sequence 2","69.62","",""
"19/10/2025 01:30:00 - 19/10/2025 01:45:00","BZN|FR","Without Sequence","69.62","",""
"19/10/2025 01:45:00 - 19/10/2025 02:00:00","BZN|FR","Sequence Sequence 2","63.97","",""
"19/10/2025 01:45:00 - 19/10/2025 02:00:00","BZN|FR","Without Sequence","63.97","",""
"19/10/2025 02:00:00 - 19/10/2025 02:15:00","BZN|FR","Sequence Sequence 2","73.16","",""
"19/10/2025 02:00:00 - 19/10/2025 02:15:00","BZN|FR","Without Sequence","73.16","",""
"19/10/2025 02:15:00 - 19/10/2025 02:30:00","BZN|FR","Sequence Sequence 2","61.00","",""
"19/10/2025 02:15:00 - 19/10/2025 02:30:00","BZN|FR","Without Sequence","61.00","",""
"19/10/2025 02:30:00 - 19/10/2025 02:45:00","BZN|FR","Sequence Sequence 2","51.01","",""
"19/10/2025 02:30:00 - 19/10/2025 02:45:00","BZN|FR","Without Sequence","51.01","",""
"19/10/2025 02:45:00 - 19/10/2025 03:00:00","BZN|FR","Sequence Sequence 2","39.89","",""
"19/10/2025 02:45:00 - 19/10/2025 03:00:00","BZN|FR","Without Sequence","39.89","",""
"19/10/2025 03:00:00 - 19/10/2025 03:15:00","BZN|FR","Sequence Sequence 2","44.00","",""
"19/10/2025 03:00:00 - 19/10/2025 03:15:00","BZN|FR","Without Sequence","44.00","",""
"19/10/2025 03:15:00 - 19/10/2025 03:30:00","BZN|FR","Sequence Sequence 2","32.33","",""
"19/10/2025 03:15:00 - 19/10/2025 03:30:00","BZN|FR","Without Sequence","32.33","",""
"19/10/2025 03:30:00 - 19/10/2025 03:45:00","BZN|FR","Sequence Sequence 2","30.20","",""
"19/10/2025 03:30:00 - 19/10/2025 03:45:00","BZN|FR","Without Sequence","30.20","",""
"19/10/2025 03:45:00 - 19/10/2025 04:00:00","BZN|FR","Sequence Sequence 2","30.00","",""
"19/10/2025 03:45:00 - 19/10/2025 04:00:00","BZN|FR","Without Sequence","30.00","",""
"19/10/2025 04:00:00 - 19/10/2025 04:15:00","BZN|FR","Sequence Sequence 2","31.87","",""
"19/10/2025 04:00:00 - 19/10/2025 04:15:00","BZN|FR","Without Sequence","31.87","",""
"19/10/2025 04:15:00 - 19/10/2025 04:30:00","BZN|FR","Sequence Sequence 2","30.07","",""
"19/10/2025 04:15:00 - 19/10/2025 04:30:00","BZN|FR","Without Sequence","30.07","",""
"19/10/2025 04:30:00 - 19/10/2025 04:45:00","BZN|FR","Sequence Sequence 2","30.00","",""
"19/10/2025 04:30:00 - 19/10/2025 04:45:00","BZN|FR","Without Sequence","30.00","",""
"19/10/2025 04:45:00 - 19/10/2025 05:00:00","BZN|FR","Sequence Sequence 2","29.94","",""
"19/10/2025 04:45:00 - 19/10/2025 05:00:00","BZN|FR","Without Sequence","29.94","",""
"19/10/2025 05:00:00 - 19/10/2025 05:15:00","BZN|FR","Sequence Sequence 2","28.01","",""
"19/10/2025 05:00:00 - 19/10/2025 05:15:00","BZN|FR","Without Sequence","28.01","",""
"19/10/2025 05:15:00 - 19/10/2025 05:30:00","BZN|FR","Sequence Sequence 2","22.57","",""
"19/10/2025 05:15:00 - 19/10/2025 05:30:00","BZN|FR","Without Sequence","22.57","",""
"19/10/2025 05:30:00 - 19/10/2025 05:45:00","BZN|FR","Sequence Sequence 2","23.16","",""
"19/10/2025 05:30:00 - 19/10/2025 05:45:00","BZN|FR","Without Sequence","23.16","",""
"19/10/2025 05:45:00 - 19/10/2025 06:00:00","BZN|FR","Sequence Sequence 2","21.43","",""
"19/10/2025 05:45:00 - 19/10/2025 06:00:00","BZN|FR","Without Sequence","21.43","",""
"19/10/2025 06:00:00 - 19/10/2025 06:15:00","BZN|FR","Sequence Sequence 2","29.68","",""
"19/10/2025 06:00:00 - 19/10/2025 06:15:00","BZN|FR","Without Sequence","29.68","",""
"19/10/2025 06:15:00 - 19/10/2025 06:30:00","BZN|FR","Sequence Sequence 2","29.94","",""
"19/10/2025 06:15:00 - 19/10/2025 06:30:00","BZN|FR","Without Sequence","29.94","",""
"19/10/2025 06:30:00 - 19/10/2025 06:45:00","BZN|FR","Sequence Sequence 2","29.03","",""
"19/10/2025 06:30:00 - 19/10/2025 06:45:00","BZN|FR","Without Sequence","29.03","",""
"19/10/2025 06:45:00 - 19/10/2025 07:00:00","BZN|FR","Sequence Sequence 2","23.03","",""
"19/10/2025 06:45:00 - 19/10/2025 07:00:00","BZN|FR","Without Sequence","23.03","",""
"19/10/2025 07:00:00 - 19/10/2025 07:15:00","BZN|FR","Sequence Sequence 2","30.20","",""
"19/10/2025 07:00:00 - 19/10/2025 07:15:00","BZN|FR","Without Sequence","30.20","",""
"19/10/2025 07:15:00 - 19/10/2025 07:30:00","BZN|FR","Sequence Sequence 2","26.57","",""
"19/10/2025 07:15:00 - 19/10/2025 07:30:00","BZN|FR","Without Sequence","26.57","",""
"19/10/2025 07:30:00 - 19/10/2025 07:45:00","BZN|FR","Sequence Sequence 2","30.20","",""
"19/10/2025 07:30:00 - 19/10/2025 07:45:00","BZN|FR","Without Sequence","30.20","",""
"19/10/2025 07:45:00 - 19/10/2025 08:00:00","BZN|FR","Sequence Sequence 2","31.87","",""
"19/10/2025 07:45:00 - 19/10/2025 08:00:00","BZN|FR","Without Sequence","31.87","",""
"19/10/2025 08:00:00 - 19/10/2025 08:15:00","BZN|FR","Sequence Sequence 2","32.33","",""
"19/10/2025 08:00:00 - 19/10/2025 08:15:00","BZN|FR","Without Sequence","32.33","",""
"19/10/2025 08:15:00 - 19/10/2025 08:30:00","BZN|FR","Sequence Sequence 2","31.87","",""
"19/10/2025 08:15:00 - 19/10/2025 08:30:00","BZN|FR","Without Sequence","31.87","",""
"19/10/2025 08:30:00 - 19/10/2025 08:45:00","BZN|FR","Sequence Sequence 2","31.01","",""
"19/10/2025 08:30:00 - 19/10/2025 08:45:00","BZN|FR","Without Sequence","31.01","",""
"19/10/2025 08:45:00 - 19/10/2025 09:00:00","BZN|FR","Sequence Sequence 2","30.20","",""
"19/10/2025 08:45:00 - 19/10/2025 09:00:00","BZN|FR","Without Sequence","30.20","",""
"19/10/2025 09:00:00 - 19/10/2025 09:15:00","BZN|FR","Sequence Sequence 2","35.01","",""
"19/10/2025 09:00:00 - 19/10/2025 09:15:00","BZN|FR","Without Sequence","35.01","",""
"19/10/2025 09:15:00 - 19/10/2025 09:30:00","BZN|FR","Sequence Sequence 2","30.02","",""
"19/10/2025 09:15:00 - 19/10/2025 09:30:00","BZN|FR","Without Sequence","30.02","",""
"19/10/2025 09:30:00 - 19/10/2025 09:45:00","BZN|FR","Sequence Sequence 2","28.15","",""
"19/10/2025 09:30:00 - 19/10/2025 09:45:00","BZN|FR","Without Sequence","28.15","",""
"19/10/2025 09:45:00 - 19/10/2025 10:00:00","BZN|FR","Sequence Sequence 2","6.00","",""
"19/10/2025 09:45:00 - 19/10/2025 10:00:00","BZN|FR","Without Sequence","6.00","",""
"19/10/2025 10:00:00 - 19/10/2025 10:15:00","BZN|FR","Sequence Sequence 2","16.79","",""
"19/10/2025 10:00:00 - 19/10/2025 10:15:00","BZN|FR","Without Sequence","16.79","",""
"19/10/2025 10:15:00 - 19/10/2025 10:30:00","BZN|FR","Sequence Sequence 2","4.31","",""
"19/10/2025 10:15:00 - 19/10/2025 10:30:00","BZN|FR","Without Sequence","4.31","",""
"19/10/2025 10:30:00 - 19/10/2025 10:45:00","BZN|FR","Sequence Sequence 2","12.42","",""
"19/10/2025 10:30:00 - 19/10/2025 10:45:00","BZN|FR","Without Sequence","12.42","",""
"19/10/2025 10:45:00 - 19/10/2025 11:00:00","BZN|FR","Sequence Sequence 2","0.01","",""
"19/10/2025 10:45:00 - 19/10/2025 11:00:00","BZN|FR","Without Sequence","0.01","",""
"19/10/2025 11:00:00 - 19/10/2025 11:15:00","BZN|FR","Sequence Sequence 2","8.54","",""
"19/10/2025 11:00:00 - 19/10/2025 11:15:00","BZN|FR","Without Sequence","8.54","",""
"19/10/2025 11:15:00 - 19/10/2025 11:30:00","BZN|FR","Sequence Sequence 2","1.52","",""
"19/10/2025 11:15:00 - 19/10/2025 11:30:00","BZN|FR","Without Sequence","1.52","",""
"19/10/2025 11:30:00 - 19/10/2025 11:45:00","BZN|FR","Sequence Sequence 2","23.09","",""
"19/10/2025 11:30:00 - 19/10/2025 11:45:00","BZN|FR","Without Sequence","23.09","",""
"19/10/2025 11:45:00 - 19/10/2025 12:00:00","BZN|FR","Sequence Sequence 2","15.10","",""
"19/10/2025 11:45:00 - 19/10/2025 12:00:00","BZN|FR","Without Sequence","15.10","",""
"19/10/2025 12:00:00 - 19/10/2025 12:15:00","BZN|FR","Sequence Sequence 2","26.21","",""
"19/10/2025 12:00:00 - 19/10/2025 12:15:00","BZN|FR","Without Sequence","26.21","",""
"19/10/2025 12:15:00 - 19/10/2025 12:30:00","BZN|FR","Sequence Sequence 2","36.34","",""
"19/10/2025 12:15:00 - 19/10/2025 12:30:00","BZN|FR","Without Sequence","36.34","",""
"19/10/2025 12:30:00 - 19/10/2025 12:45:00","BZN|FR","Sequence Sequence 2","28.00","",""
"19/10/2025 12:30:00 - 19/10/2025 12:45:00","BZN|FR","Without Sequence","28.00","",""
"19/10/2025 12:45:00 - 19/10/2025 13:00:00","BZN|FR","Sequence Sequence 2","15.86","",""
"19/10/2025 12:45:00 - 19/10/2025 13:00:00","BZN|FR","Without Sequence","15.86","",""
"19/10/2025 13:00:00 - 19/10/2025 13:15:00","BZN|FR","Sequence Sequence 2","24.08","",""
"19/10/2025 13:00:00 - 19/10/2025 13:15:00","BZN|FR","Without Sequence","24.08","",""
"19/10/2025 13:15:00 - 19/10/2025 13:30:00","BZN|FR","Sequence Sequence 2","10.34","",""
"19/10/2025 13:15:00 - 19/10/2025 13:30:00","BZN|FR","Without Sequence","10.34","",""
"19/10/2025 13:30:00 - 19/10/2025 13:45:00","BZN|FR","Sequence Sequence 2","3.71","",""
"19/10/2025 13:30:00 - 19/10/2025 13:45:00","BZN|FR","Without Sequence","3.71","",""
"19/10/2025 13:45:00 - 19/10/2025 14:00:00","BZN|FR","Sequence Sequence 2","10.03","",""
"19/10/2025 13:45:00 - 19/10/2025 14:00:00","BZN|FR","Without Sequence","10.03","",""
"19/10/2025 14:00:00 - 19/10/2025 14:15:00","BZN|FR","Sequence Sequence 2","6.86","",""
"19/10/2025 14:00:00 - 19/10/2025 14:15:00","BZN|FR","Without Sequence","6.86","",""
"19/10/2025 14:15:00 - 19/10/2025 14:30:00","BZN|FR","Sequence Sequence 2","11.36","",""
"19/10/2025 14:15:00 - 19/10/2025 14:30:00","BZN|FR","Without Sequence","11.36","",""
"19/10/2025 14:30:00 - 19/10/2025 14:45:00","BZN|FR","Sequence Sequence 2","11.43","",""
"19/10/2025 14:30:00 - 19/10/2025 14:45:00","BZN|FR","Without Sequence","11.43","",""
"19/10/2025 14:45:00 - 19/10/2025 15:00:00","BZN|FR","Sequence Sequence 2","23.72","",""
"19/10/2025 14:45:00 - 19/10/2025 15:00:00","BZN|FR","Without Sequence","23.72","",""
"19/10/2025 15:00:00 - 19/10/2025 15:15:00","BZN|FR","Sequence Sequence 2","8.38","",""
"19/10/2025 15:00:00 - 19/10/2025 15:15:00","BZN|FR","Without Sequence","8.38","",""
"19/10/2025 15:15:00 - 19/10/2025 15:30:00","BZN|FR","Sequence Sequence 2","10.96","",""
"19/10/2025 15:15:00 - 19/10/2025 15:30:00","BZN|FR","Without Sequence","10.96","",""
"19/10/2025 15:30:00 - 19/10/2025 15:45:00","BZN|FR","Sequence Sequence 2","5.29","",""
"19/10/2025 15:30:00 - 19/10/2025 15:45:00","BZN|FR","Without Sequence","5.29","",""
"19/10/2025 15:45:00 - 19/10/2025 16:00:00","BZN|FR","Sequence Sequence 2","6.06","",""
"19/10/2025 15:45:00 - 19/10/2025 16:00:00","BZN|FR","Without Sequence","6.06","",""
"19/10/2025 16:00:00 - 19/10/2025 16:15:00","BZN|FR","Sequence Sequence 2","12.21","",""
"19/10/2025 16:00:00 - 19/10/2025 16:15:00","BZN|FR","Without Sequence","12.21","",""
"19/10/2025 16:15:00 - 19/10/2025 16:30:00","BZN|FR","Sequence Sequence 2","6.60","",""
"19/10/2025 16:15:00 - 19/10/2025 16:30:00","BZN|FR","Without Sequence","6.60","",""
"19/10/2025 16:30:00 - 19/10/2025 16:45:00","BZN|FR","Sequence Sequence 2","13.34","",""
"19/10/2025 16:30:00 - 19/10/2025 16:45:00","BZN|FR","Without Sequence","13.34","",""
"19/10/2025 16:45:00 - 19/10/2025 17:00:00","BZN|FR","Sequence Sequence 2","10.39","",""
"19/10/2025 16:45:00 - 19/10/2025 17:00:00","BZN|FR","Without Sequence","10.39","",""
"19/10/2025 17:00:00 - 19/10/2025 17:15:00","BZN|FR","Sequence Sequence 2","14.00","",""
"19/10/2025 17:00:00 - 19/10/2025 17:15:00","BZN|FR","Without Sequence","14.00","",""
"19/10/2025 17:15:00 - 19/10/2025 17:30:00","BZN|FR","Sequence Sequence 2","3.66","",""
"19/10/2025 17:15:00 - 19/10/2025 17:30:00","BZN|FR","Without Sequence","3.66","",""
"19/10/2025 17:30:00 - 19/10/2025 17:45:00","BZN|FR","Sequence Sequence 2","25.76","",""
"19/10/2025 17:30:00 - 19/10/2025 17:45:00","BZN|FR","Without Sequence","25.76","",""
"19/10/2025 17:45:00 - 19/10/2025 18:00:00","BZN|FR","Sequence Sequence 2","7.96","",""
"19/10/2025 17:45:00 - 19/10/2025 18:00:00","BZN|FR","Without Sequence","7.96","",""
"19/10/2025 18:00:00 - 19/10/2025 18:15:00","BZN|FR","Sequence Sequence 2","15.86","",""
"19/10/2025 18:00:00 - 19/10/2025 18:15:00","BZN|FR","Without Sequence","15.86","",""
"19/10/2025 18:15:00 - 19/10/2025 18:30:00","BZN|FR","Sequence Sequence 2","25.20","",""
"19/10/2025 18:15:00 - 19/10/2025 18:30:00","BZN|FR","Without Sequence","25.20","",""
"19/10/2025 18:30:00 - 19/10/2025 18:45:00","BZN|FR","Sequence Sequence 2","41.40","",""
"19/10/2025 18:30:00 - 19/10/2025 18:45:00","BZN|FR","Without Sequence","41.40","",""
"19/10/2025 18:45:00 - 19/10/2025 19:00:00","BZN|FR","Sequence Sequence 2","71.63","",""
"19/10/2025 18:45:00 - 19/10/2025 19:00:00","BZN|FR","Without Sequence","71.63","",""
"19/10/2025 19:00:00 - 19/10/2025 19:15:00","BZN|FR","Sequence Sequence 2","56.23","",""
"19/10/2025 19:00:00 - 19/10/2025 19:15:00","BZN|FR","Without Sequence","56.23","",""
"19/10/2025 19:15:00 - 19/10/2025 19:30:00","BZN|FR","Sequence Sequence 2","64.50","",""
"19/10/2025 19:15:00 - 19/10/2025 19:30:00","BZN|FR","Without Sequence","64.50","",""
"19/10/2025 19:30:00 - 19/10/2025 19:45:00","BZN|FR","Sequence Sequence 2","70.00","",""
"19/10/2025 19:30:00 - 19/10/2025 19:45:00","BZN|FR","Without Sequence","70.00","",""
"19/10/2025 19:45:00 - 19/10/2025 20:00:00","BZN|FR","Sequence Sequence 2","75.85","",""
"19/10/2025 19:45:00 - 19/10/2025 20:00:00","BZN|FR","Without Sequence","75.85","",""
"19/10/2025 20:00:00 - 19/10/2025 20:15:00","BZN|FR","Sequence Sequence 2","70.00","",""
"19/10/2025 20:00:00 - 19/10/2025 20:15:00","BZN|FR","Without Sequence","70.00","",""
"19/10/2025 20:15:00 - 19/10/2025 20:30:00","BZN|FR","Sequence Sequence 2","74.04","",""
"19/10/2025 20:15:00 - 19/10/2025 20:30:00","BZN|FR","Without Sequence","74.04","",""
"19/10/2025 20:30:00 - 19/10/2025 20:45:00","BZN|FR","Sequence Sequence 2","75.00","",""
"19/10/2025 20:30:00 - 19/10/2025 20:45:00","BZN|FR","Without Sequence","75.00","",""
"19/10/2025 20:45:00 - 19/10/2025 21:00:00","BZN|FR","Sequence Sequence 2","69.50","",""
"19/10/2025 20:45:00 - 19/10/2025 21:00:00","BZN|FR","Without Sequence","69.50","",""
"19/10/2025 21:00:00 - 19/10/2025 21:15:00","BZN|FR","Sequence Sequence 2","75.92","",""
"19/10/2025 21:00:00 - 19/10/2025 21:15:00","BZN|FR","Without Sequence","75.92","",""
"19/10/2025 21:15:00 - 19/10/2025 21:30:00","BZN|FR","Sequence Sequence 2","67.66","",""
"19/10/2025 21:15:00 - 19/10/2025 21:30:00","BZN|FR","Without Sequence","67.66","",""
"19/10/2025 21:30:00 - 19/10/2025 21:45:00","BZN|FR","Sequence Sequence 2","46.54","",""
"19/10/2025 21:30:00 - 19/10/2025 21:45:00","BZN|FR","Without Sequence","46.54","",""
"19/10/2025 21:45:00 - 19/10/2025 22:00:00","BZN|FR","Sequence Sequence 2","5.88","",""
"19/10/2025 21:45:00 - 19/10/2025 22:00:00","BZN|FR","Without Sequence","5.88","",""
"19/10/2025 22:00:00 - 19/10/2025 22:15:00","BZN|FR","Sequence Sequence 2","34.82","",""
"19/10/2025 22:00:00 - 19/10/2025 22:15:00","BZN|FR","Without Sequence","34.82","",""
"19/10/2025 22:15:00 - 19/10/2025 22:30:00","BZN|FR","Sequence Sequence 2","30.72","",""
"19/10/2025 22:15:00 - 19/10/2025 22:30:00","BZN|FR","Without Sequence","30.72","",""
"19/10/2025 22:30:00 - 19/10/2025 22:45:00","BZN|FR","Sequence Sequence 2","55.00","",""
"19/10/2025 22:30:00 - 19/10/2025 22:45:00","BZN|FR","Without Sequence","55.00","",""
"19/10/2025 22:45:00 - 19/10/2025 23:00:00","BZN|FR","Sequence Sequence 2","54.96","",""
"19/10/2025 22:45:00 - 19/10/2025 23:00:00","BZN|FR","Without Sequence","54.96","",""
"19/10/2025 23:00:00 - 19/10/2025 23:15:00","BZN|FR","Sequence Sequence 2","33.02","",""
"19/10/2025 23:00:00 - 19/10/2025 23:15:00","BZN|FR","Without Sequence","33.02","",""
"19/10/2025 23:15:00 - 19/10/2025 23:30:00","BZN|FR","Sequence Sequence 2","41.02","",""
"19/10/2025 23:15:00 - 19/10/2025 23:30:00","BZN|FR","Without Sequence","41.02","",""
"19/10/2025 23:30:00 - 19/10/2025 23:45:00","BZN|FR","Sequence Sequence 2","15.60","",""
"19/10/2025 23:30:00 - 19/10/2025 23:45:00","BZN|FR","Without Sequence","15.60","",""
"19/10/2025 23:45:00 - 20/10/2025 00:00:00","BZN|FR","Sequence Sequence 2","40.00","",""
"19/10/2025 23:45:00 - 20/10/2025 00:00:00","BZN|FR","Without Sequence","40.00","",""
"20/10/2025 00:00:00 - 20/10/2025 00:15:00","BZN|FR","Sequence Sequence 2","20.21","",""
"20/10/2025 00:00:00 - 20/10/2025 00:15:00","BZN|FR","Without Sequence","20.21","",""
"20/10/2025 00:15:00 - 20/10/2025 00:30:00","BZN|FR","Sequence Sequence 2","50.00","",""
"20/10/2025 00:15:00 - 20/10/2025 00:30:00","BZN|FR","Without Sequence","50.00","",""
"20/10/2025 00:30:00 - 20/10/2025 00:45:00","BZN|FR","Sequence Sequence 2","5.31","",""
"20/10/2025 00:30:00 - 20/10/2025 00:45:00","BZN|FR","Without Sequence","5.31","",""
"20/10/2025 00:45:00 - 20/10/2025 01:00:00","BZN|FR","Sequence Sequence 2","4.46","",""
"20/10/2025 00:45:00 - 20/10/2025 01:00:00","BZN|FR","Without Sequence","4.46","",""
"20/10/2025 01:00:00 - 20/10/2025 01:15:00","BZN|FR","Sequence Sequence 2","10.28","",""
"20/10/2025 01:00:00 - 20/10/2025 01:15:00","BZN|FR","Without Sequence","10.28","",""
"20/10/2025 01:15:00 - 20/10/2025 01:30:00","BZN|FR","Sequence Sequence 2","10.06","",""
"20/10/2025 01:15:00 - 20/10/2025 01:30:00","BZN|FR","Without Sequence","10.06","",""
"20/10/2025 01:30:00 - 20/10/2025 01:45:00","BZN|FR","Sequence Sequence 2","11.01","",""
"20/10/2025 01:30:00 - 20/10/2025 01:45:00","BZN|FR","Without Sequence","11.01","",""
"20/10/2025 01:45:00 - 20/10/2025 02:00:00","BZN|FR","Sequence Sequence 2","15.00","",""
"20/10/2025 01:45:00 - 20/10/2025 02:00:00","BZN|FR","Without Sequence","15.00","",""
"20/10/2025 02:00:00 - 20/10/2025 02:15:00","BZN|FR","Sequence Sequence 2","12.60","",""
"20/10/2025 02:00:00 - 20/10/2025 02:15:00","BZN|FR","Without Sequence","12.60","",""
"20/10/2025 02:15:00 - 20/10/2025 02:30:00","BZN|FR","Sequence Sequence 2","18.11","",""
"20/10/2025 02:15:00 - 20/10/2025 02:30:00","BZN|FR","Without Sequence","18.11","",""
"20/10/2025 02:30:00 - 20/10/2025 02:45:00","BZN|FR","Sequence Sequence 2","12.12","",""
"20/10/2025 02:30:00 - 20/10/2025 02:45:00","BZN|FR","Without Sequence","12.12","",""
"20/10/2025 02:45:00 - 20/10/2025 03:00:00","BZN|FR","Sequence Sequence 2","13.84","",""
"20/10/2025 02:45:00 - 20/10/2025 03:00:00","BZN|FR","Without Sequence","13.84","",""
"20/10/2025 03:00:00 - 20/10/2025 03:15:00","BZN|FR","Sequence Sequence 2","6.03","",""
"20/10/2025 03:00:00 - 20/10/2025 03:15:00","BZN|FR","Without Sequence","6.03","",""
"20/10/2025 03:15:00 - 20/10/2025 03:30:00","BZN|FR","Sequence Sequence 2","8.81","",""
"20/10/2025 03:15:00 - 20/10/2025 03:30:00","BZN|FR","Without Sequence","8.81","",""
"20/10/2025 03:30:00 - 20/10/2025 03:45:00","BZN|FR","Sequence Sequence 2","6.85","",""
"20/10/2025 03:30:00 - 20/10/2025 03:45:00","BZN|FR","Without Sequence","6.85","",""
"20/10/2025 03:45:00 - 20/10/2025 04:00:00","BZN|FR","Sequence Sequence 2","12.01","",""
"20/10/2025 03:45:00 - 20/10/2025 04:00:00","BZN|FR","Without Sequence","12.01","",""
"20/10/2025 04:00:00 - 20/10/2025 04:15:00","BZN|FR","Sequence Sequence 2","4.11","",""
"20/10/2025 04:00:00 - 20/10/2025 04:15:00","BZN|FR","Without Sequence","4.11","",""
"20/10/2025 04:15:00 - 20/10/2025 04:30:00","BZN|FR","Sequence Sequence 2","8.41","",""
"20/10/2025 04:15:00 - 20/10/2025 04:30:00","BZN|FR","Without Sequence","8.41","",""
"20/10/2025 04:30:00 - 20/10/2025 04:45:00","BZN|FR","Sequence Sequence 2","13.76","",""
"20/10/2025 04:30:00 - 20/10/2025 04:45:00","BZN|FR","Without Sequence","13.76","",""
"20/10/2025 04:45:00 - 20/10/2025 05:00:00","BZN|FR","Sequence Sequence 2","13.27","",""
"20/10/2025 04:45:00 - 20/10/2025 05:00:00","BZN|FR","Without Sequence","13.27","",""
"20/10/2025 05:00:00 - 20/10/2025 05:15:00","BZN|FR","Sequence Sequence 2","17.37","",""
"20/10/2025 05:00:00 - 20/10/2025 05:15:00","BZN|FR","Without Sequence","17.37","",""
"20/10/2025 05:15:00 - 20/10/2025 05:30:00","BZN|FR","Sequence Sequence 2","10.26","",""
"20/10/2025 05:15:00 - 20/10/2025 05:30:00","BZN|FR","Without Sequence","10.26","",""
"20/10/2025 05:30:00 - 20/10/2025 05:45:00","BZN|FR","Sequence Sequence 2","17.06","",""
"20/10/2025 05:30:00 - 20/10/2025 05:45:00","BZN|FR","Without Sequence","17.06","",""
"20/10/2025 05:45:00 - 20/10/2025 06:00:00","BZN|FR","Sequence Sequence 2","2.85","",""
"20/10/2025 05:45:00 - 20/10/2025 06:00:00","BZN|FR","Without Sequence","2.85","",""
"20/10/2025 06:00:00 - 20/10/2025 06:15:00","BZN|FR","Sequence Sequence 2","35.84","",""
"20/10/2025 06:00:00 - 20/10/2025 06:15:00","BZN|FR","Without Sequence","35.84","",""
"20/10/2025 06:15:00 - 20/10/2025 06:30:00","BZN|FR","Sequence Sequence 2","43.00","",""
"20/10/2025 06:15:00 - 20/10/2025 06:30:00","BZN|FR","Without Sequence","43.00","",""
"20/10/2025 06:30:00 - 20/10/2025 06:45:00","BZN|FR","Sequence Sequence 2","55.12","",""
"20/10/2025 06:30:00 - 20/10/2025 06:45:00","BZN|FR","Without Sequence","55.12","",""
"20/10/2025 06:45:00 - 20/10/2025 07:00:00","BZN|FR","Sequence Sequence 2","70.42","",""
"20/10/2025 06:45:00 - 20/10/2025 07:00:00","BZN|FR","Without Sequence","70.42","",""
"20/10/2025 07:00:00 - 20/10/2025 07:15:00","BZN|FR","Sequence Sequence 2","57.56","",""
"20/10/2025 07:00:00 - 20/10/2025 07:15:00","BZN|FR","Without Sequence","57.56","",""
"20/10/2025 07:15:00 - 20/10/2025 07:30:00","BZN|FR","Sequence Sequence 2","73.41","",""
"20/10/2025 07:15:00 - 20/10/2025 07:30:00","BZN|FR","Without Sequence","73.41","",""
"20/10/2025 07:30:00 - 20/10/2025 07:45:00","BZN|FR","Sequence Sequence 2","82.31","",""
"20/10/2025 07:30:00 - 20/10/2025 07:45:00","BZN|FR","Without Sequence","82.31","",""
"20/10/2025 07:45:00 - 20/10/2025 08:00:00","BZN|FR","Sequence Sequence 2","88.00","",""
"20/10/2025 07:45:00 - 20/10/2025 08:00:00","BZN|FR","Without Sequence","88.00","",""
"20/10/2025 08:00:00 - 20/10/2025 08:15:00","BZN|FR","Sequence Sequence 2","87.79","",""
"20/10/2025 08:00:00 - 20/10/2025 08:15:00","BZN|FR","Without Sequence","87.79","",""
"20/10/2025 08:15:00 - 20/10/2025 08:30:00","BZN|FR","Sequence Sequence 2","93.53","",""
"20/10/2025 08:15:00 - 20/10/2025 08:30:00","BZN|FR","Without Sequence","93.53","",""
"20/10/2025 08:30:00 - 20/10/2025 08:45:00","BZN|FR","Sequence Sequence 2","95.73","",""
"20/10/2025 08:30:00 - 20/10/2025 08:45:00","BZN|FR","Without Sequence","95.73","",""
"20/10/2025 08:45:00 - 20/10/2025 09:00:00","BZN|FR","Sequence Sequence 2","94.33","",""
"20/10/2025 08:45:00 - 20/10/2025 09:00:00","BZN|FR","Without Sequence","94.33","",""
"20/10/2025 09:00:00 - 20/10/2025 09:15:00","BZN|FR","Sequence Sequence 2","106.03","",""
"20/10/2025 09:00:00 - 20/10/2025 09:15:00","BZN|FR","Without Sequence","106.03","",""
"20/10/2025 09:15:00 - 20/10/2025 09:30:00","BZN|FR","Sequence Sequence 2","95.50","",""
"20/10/2025 09:15:00 - 20/10/2025 09:30:00","BZN|FR","Without Sequence","95.50","",""
"20/10/2025 09:30:00 - 20/10/2025 09:45:00","BZN|FR","Sequence Sequence 2","80.00","",""
"20/10/2025 09:30:00 - 20/10/2025 09:45:00","BZN|FR","Without Sequence","80.00","",""
"20/10/2025 09:45:00 - 20/10/2025 10:00:00","BZN|FR","Sequence Sequence 2","55.12","",""
"20/10/2025 09:45:00 - 20/10/2025 10:00:00","BZN|FR","Without Sequence","55.12","",""
"20/10/2025 10:00:00 - 20/10/2025 10:15:00","BZN|FR","Sequence Sequence 2","58.23","",""
"20/10/2025 10:00:00 - 20/10/2025 10:15:00","BZN|FR","Without Sequence","58.23","",""
"20/10/2025 10:15:00 - 20/10/2025 10:30:00","BZN|FR","Sequence Sequence 2","47.70","",""
"20/10/2025 10:15:00 - 20/10/2025 10:30:00","BZN|FR","Without Sequence","47.70","",""
"20/10/2025 10:30:00 - 20/10/2025 10:45:00","BZN|FR","Sequence Sequence 2","32.91","",""
"20/10/2025 10:30:00 - 20/10/2025 10:45:00","BZN|FR","Without Sequence","32.91","",""
"20/10/2025 10:45:00 - 20/10/2025 11:00:00","BZN|FR","Sequence Sequence 2","15.01","",""
"20/10/2025 10:45:00 - 20/10/2025 11:00:00","BZN|FR","Without Sequence","15.01","",""
"20/10/2025 11:00:00 - 20/10/2025 11:15:00","BZN|FR","Sequence Sequence 2","32.96","",""
"20/10/2025 11:00:00 - 20/10/2025 11:15:00","BZN|FR","Without Sequence","32.96","",""
"20/10/2025 11:15:00 - 20/10/2025 11:30:00","BZN|FR","Sequence Sequence 2","15.01","",""
"20/10/2025 11:15:00 - 20/10/2025 11:30:00","BZN|FR","Without Sequence","15.01","",""
"20/10/2025 11:30:00 - 20/10/2025 11:45:00","BZN|FR","Sequence Sequence 2","15.23","",""
"20/10/2025 11:30:00 - 20/10/2025 11:45:00","BZN|FR","Without Sequence","15.23","",""
"20/10/2025 11:45:00 - 20/10/2025 12:00:00","BZN|FR","Sequence Sequence 2","3.52","",""
"20/10/2025 11:45:00 - 20/10/2025 12:00:00","BZN|FR","Without Sequence","3.52","",""
"20/10/2025 12:00:00 - 20/10/2025 12:15:00","BZN|FR","Sequence Sequence 2","28.30","",""
"20/10/2025 12:00:00 - 20/10/2025 12:15:00","BZN|FR","Without Sequence","28.30","",""
"20/10/2025 12:15:00 - 20/10/2025 12:30:00","BZN|FR","Sequence Sequence 2","15.70","",""
"20/10/2025 12:15:00 - 20/10/2025 12:30:00","BZN|FR","Without Sequence","15.70","",""
"20/10/2025 12:30:00 - 20/10/2025 12:45:00","BZN|FR","Sequence Sequence 2","3.52","",""
"20/10/2025 12:30:00 - 20/10/2025 12:45:00","BZN|FR","Without Sequence","3.52","",""
"20/10/2025 12:45:00 - 20/10/2025 13:00:00","BZN|FR","Sequence Sequence 2","35.49","",""
"20/10/2025 12:45:00 - 20/10/2025 13:00:00","BZN|FR","Without Sequence","35.49","",""
"20/10/2025 13:00:00 - 20/10/2025 13:15:00","BZN|FR","Sequence Sequence 2","11.11","",""
"20/10/2025 13:00:00 - 20/10/2025 13:15:00","BZN|FR","Without Sequence","11.11","",""
"20/10/2025 13:15:00 - 20/10/2025 13:30:00","BZN|FR","Sequence Sequence 2","16.27","",""
"20/10/2025 13:15:00 - 20/10/2025 13:30:00","BZN|FR","Without Sequence","16.27","",""
"20/10/2025 13:30:00 - 20/10/2025 13:45:00","BZN|FR","Sequence Sequence 2","1.72","",""
"20/10/2025 13:30:00 - 20/10/2025 13:45:00","BZN|FR","Without Sequence","1.72","",""
"20/10/2025 13:45:00 - 20/10/2025 14:00:00","BZN|FR","Sequence Sequence 2","2.40","",""
"20/10/2025 13:45:00 - 20/10/2025 14:00:00","BZN|FR","Without Sequence","2.40","",""
"20/10/2025 14:00:00 - 20/10/2025 14:15:00","BZN|FR","Sequence Sequence 2","3.88","",""
"20/10/2025 14:00:00 - 20/10/2025 14:15:00","BZN|FR","Without Sequence","3.88","",""
"20/10/2025 14:15:00 - 20/10/2025 14:30:00","BZN|FR","Sequence Sequence 2","0.79","",""
"20/10/2025 14:15:00 - 20/10/2025 14:30:00","BZN|FR","Without Sequence","0.79","",""
"20/10/2025 14:30:00 - 20/10/2025 14:45:00","BZN|FR","Sequence Sequence 2","0.65","",""
"20/10/2025 14:30:00 - 20/10/2025 14:45:00","BZN|FR","Without Sequence","0.65","",""
"20/10/2025 14:45:00 - 20/10/2025 15:00:00","BZN|FR","Sequence Sequence 2","0.05","",""
"20/10/2025 14:45:00 - 20/10/2025 15:00:00","BZN|FR","Without Sequence","0.05","",""
"20/10/2025 15:00:00 - 20/10/2025 15:15:00","BZN|FR","Sequence Sequence 2","0.16","",""
"20/10/2025 15:00:00 - 20/10/2025 15:15:00","BZN|FR","Without Sequence","0.16","",""
"20/10/2025 15:15:00 - 20/10/2025 15:30:00","BZN|FR","Sequence Sequence 2","0.16","",""
"20/10/2025 15:15:00 - 20/10/2025 15:30:00","BZN|FR","Without Sequence","0.16","",""
"20/10/2025 15:30:00 - 20/10/2025 15:45:00","BZN|FR","Sequence Sequence 2","0.16","",""
"20/10/2025 15:30:00 - 20/10/2025 15:45:00","BZN|FR","Without Sequence","0.16","",""
"20/10/2025 15:45:00 - 20/10/2025 16:00:00","BZN|FR","Sequence Sequence 2","0.65","",""
"20/10/2025 15:45:00 - 20/10/2025 16:00:00","BZN|FR","Without Sequence","0.65","",""
"20/10/2025 16:00:00 - 20/10/2025 16:15:00","BZN|FR","Sequence Sequence 2","0.65","",""
"20/10/2025 16:00:00 - 20/10/2025 16:15:00","BZN|FR","Without Sequence","0.65","",""
"20/10/2025 16:15:00 - 20/10/2025 16:30:00","BZN|FR","Sequence Sequence 2","0.65","",""
"20/10/2025 16:15:00 - 20/10/2025 16:30:00","BZN|FR","Without Sequence","0.65","",""
"20/10/2025 16:30:00 - 20/10/2025 16:45:00","BZN|FR","Sequence Sequence 2","6.20","",""
"20/10/2025 16:30:00 - 20/10/2025 16:45:00","BZN|FR","Without Sequence","6.20","",""
"20/10/2025 16:45:00 - 20/10/2025 17:00:00","BZN|FR","Sequence Sequence 2","16.73","",""
"20/10/2025 16:45:00 - 20/10/2025 17:00:00","BZN|FR","Without Sequence","16.73","",""
"20/10/2025 17:00:00 - 20/10/2025 17:15:00","BZN|FR","Sequence Sequence 2","3.52","",""
"20/10/2025 17:00:00 - 20/10/2025 17:15:00","BZN|FR","Without Sequence","3.52","",""
"20/10/2025 17:15:00 - 20/10/2025 17:30:00","BZN|FR","Sequence Sequence 2","4.96","",""
"20/10/2025 17:15:00 - 20/10/2025 17:30:00","BZN|FR","Without Sequence","4.96","",""
"20/10/2025 17:30:00 - 20/10/2025 17:45:00","BZN|FR","Sequence Sequence 2","13.48","",""
"20/10/2025 17:30:00 - 20/10/2025 17:45:00","BZN|FR","Without Sequence","13.48","",""
"20/10/2025 17:45:00 - 20/10/2025 18:00:00","BZN|FR","Sequence Sequence 2","25.11","",""
"20/10/2025 17:45:00 - 20/10/2025 18:00:00","BZN|FR","Without Sequence","25.11","",""
"20/10/2025 18:00:00 - 20/10/2025 18:15:00","BZN|FR","Sequence Sequence 2","10.00","",""
"20/10/2025 18:00:00 - 20/10/2025 18:15:00","BZN|FR","Without Sequence","10.00","",""
"20/10/2025 18:15:00 - 20/10/2025 18:30:00","BZN|FR","Sequence Sequence 2","28.33","",""
"20/10/2025 18:15:00 - 20/10/2025 18:30:00","BZN|FR","Without Sequence","28.33","",""
"20/10/2025 18:30:00 - 20/10/2025 18:45:00","BZN|FR","Sequence Sequence 2","49.24","",""
"20/10/2025 18:30:00 - 20/10/2025 18:45:00","BZN|FR","Without Sequence","49.24","",""
"20/10/2025 18:45:00 - 20/10/2025 19:00:00","BZN|FR","Sequence Sequence 2","73.00","",""
"20/10/2025 18:45:00 - 20/10/2025 19:00:00","BZN|FR","Without Sequence","73.00","",""
"20/10/2025 19:00:00 - 20/10/2025 19:15:00","BZN|FR","Sequence Sequence 2","56.53","",""
"20/10/2025 19:00:00 - 20/10/2025 19:15:00","BZN|FR","Without Sequence","56.53","",""
"20/10/2025 19:15:00 - 20/10/2025 19:30:00","BZN|FR","Sequence Sequence 2","80.87","",""
"20/10/2025 19:15:00 - 20/10/2025 19:30:00","BZN|FR","Without Sequence","80.87","",""
"20/10/2025 19:30:00 - 20/10/2025 19:45:00","BZN|FR","Sequence Sequence 2","87.80","",""
"20/10/2025 19:30:00 - 20/10/2025 19:45:00","BZN|FR","Without Sequence","87.80","",""
"20/10/2025 19:45:00 - 20/10/2025 20:00:00","BZN|FR","Sequence Sequence 2","91.00","",""
"20/10/2025 19:45:00 - 20/10/2025 20:00:00","BZN|FR","Without Sequence","91.00","",""
"20/10/2025 20:00:00 - 20/10/2025 20:15:00","BZN|FR","Sequence Sequence 2","89.31","",""
"20/10/2025 20:00:00 - 20/10/2025 20:15:00","BZN|FR","Without Sequence","89.31","",""
"20/10/2025 20:15:00 - 20/10/2025 20:30:00","BZN|FR","Sequence Sequence 2","71.96","",""
"20/10/2025 20:15:00 - 20/10/2025 20:30:00","BZN|FR","Without Sequence","71.96","",""
"20/10/2025 20:30:00 - 20/10/2025 20:45:00","BZN|FR","Sequence Sequence 2","55.34","",""
"20/10/2025 20:30:00 - 20/10/2025 20:45:00","BZN|FR","Without Sequence","55.34","",""
"20/10/2025 20:45:00 - 20/10/2025 21:00:00","BZN|FR","Sequence Sequence 2","39.90","",""
"20/10/2025 20:45:00 - 20/10/2025 21:00:00","BZN|FR","Without Sequence","39.90","",""
"20/10/2025 21:00:00 - 20/10/2025 21:15:00","BZN|FR","Sequence Sequence 2","66.84","",""
"20/10/2025 21:00:00 - 20/10/2025 21:15:00","BZN|FR","Without Sequence","66.84","",""
"20/10/2025 21:15:00 - 20/10/2025 21:30:00","BZN|FR","Sequence Sequence 2","39.06","",""
"20/10/2025 21:15:00 - 20/10/2025 21:30:00","BZN|FR","Without Sequence","39.06","",""
"20/10/2025 21:30:00 - 20/10/2025 21:45:00","BZN|FR","Sequence Sequence 2","9.08","",""
"20/10/2025 21:30:00 - 20/10/2025 21:45:00","BZN|FR","Without Sequence","9.08","",""
"20/10/2025 21:45:00 - 20/10/2025 22:00:00","BZN|FR","Sequence Sequence 2","0.02","",""
"20/10/2025 21:45:00 - 20/10/2025 22:00:00","BZN|FR","Without Sequence","0.02","",""
"20/10/2025 22:00:00 - 20/10/2025 22:15:00","BZN|FR","Sequence Sequence 2","40.04","",""
"20/10/2025 22:00:00 - 20/10/2025 22:15:00","BZN|FR","Without Sequence","40.04","",""
"20/10/2025 22:15:00 - 20/10/2025 22:30:00","BZN|FR","Sequence Sequence 2","31.22","",""
"20/10/2025 22:15:00 - 20/10/2025 22:30:00","BZN|FR","Without Sequence","31.22","",""
"20/10/2025 22:30:00 - 20/10/2025 22:45:00","BZN|FR","Sequence Sequence 2","60.10","",""
"20/10/2025 22:30:00 - 20/10/2025 22:45:00","BZN|FR","Without Sequence","60.10","",""
"20/10/2025 22:45:00 - 20/10/2025 23:00:00","BZN|FR","Sequence Sequence 2","52.96","",""
"20/10/2025 22:45:00 - 20/10/2025 23:00:00","BZN|FR","Without Sequence","52.96","",""
"20/10/2025 23:00:00 - 20/10/2025 23:15:00","BZN|FR","Sequence Sequence 2","55.00","",""
"20/10/2025 23:00:00 - 20/10/2025 23:15:00","BZN|FR","Without Sequence","55.00","",""
"20/10/2025 23:15:00 - 20/10/2025 23:30:00","BZN|FR","Sequence Sequence 2","42.63","",""
"20/10/2025 23:15:00 - 20/10/2025 23:30:00","BZN|FR","Without Sequence","42.63","",""
"20/10/2025 23:30:00 - 20/10/2025 23:45:00","BZN|FR","Sequence Sequence 2","48.52","",""
"20/10/2025 23:30:00 - 20/10/2025 23:45:00","BZN|FR","Without Sequence","48.52","",""
"20/10/2025 23:45:00 - 21/10/2025 00:00:00","BZN|FR","Sequence Sequence 2","40.40","",""
"20/10/2025 23:45:00 - 21/10/2025 00:00:00","BZN|FR","Without Sequence","40.40","",""
"21/10/2025 00:00:00 - 21/10/2025 00:15:00","BZN|FR","Sequence Sequence 2","12.75","",""
"21/10/2025 00:00:00 - 21/10/2025 00:15:00","BZN|FR","Without Sequence","12.75","",""
"21/10/2025 00:15:00 - 21/10/2025 00:30:00","BZN|FR","Sequence Sequence 2","11.51","",""
"21/10/2025 00:15:00 - 21/10/2025 00:30:00","BZN|FR","Without Sequence","11.51","",""
"21/10/2025 00:30:00 - 21/10/2025 00:45:00","BZN|FR","Sequence Sequence 2","10.42","",""
"21/10/2025 00:30:00 - 21/10/2025 00:45:00","BZN|FR","Without Sequence","10.42","",""
"21/10/2025 00:45:00 - 21/10/2025 01:00:00","BZN|FR","Sequence Sequence 2","10.08","",""
"21/10/2025 00:45:00 - 21/10/2025 01:00:00","BZN|FR","Without Sequence","10.08","",""
"21/10/2025 01:00:00 - 21/10/2025 01:15:00","BZN|FR","Sequence Sequence 2","14.92","",""
"21/10/2025 01:00:00 - 21/10/2025 01:15:00","BZN|FR","Without Sequence","14.92","",""
"21/10/2025 01:15:00 - 21/10/2025 01:30:00","BZN|FR","Sequence Sequence 2","8.30","",""
"21/10/2025 01:15:00 - 21/10/2025 01:30:00","BZN|FR","Without Sequence","8.30","",""
"21/10/2025 01:30:00 - 21/10/2025 01:45:00","BZN|FR","Sequence Sequence 2","15.20","",""
"21/10/2025 01:30:00 - 21/10/2025 01:45:00","BZN|FR","Without Sequence","15.20","",""
"21/10/2025 01:45:00 - 21/10/2025 02:00:00","BZN|FR","Sequence Sequence 2","12.01","",""
"21/10/2025 01:45:00 - 21/10/2025 02:00:00","BZN|FR","Without Sequence","12.01","",""
"21/10/2025 02:00:00 - 21/10/2025 02:15:00","BZN|FR","Sequence Sequence 2","17.16","",""
"21/10/2025 02:00:00 - 21/10/2025 02:15:00","BZN|FR","Without Sequence","17.16","",""
"21/10/2025 02:15:00 - 21/10/2025 02:30:00","BZN|FR","Sequence Sequence 2","10.84","",""
"21/10/2025 02:15:00 - 21/10/2025 02:30:00","BZN|FR","Without Sequence","10.84","",""
"21/10/2025 02:30:00 - 21/10/2025 02:45:00","BZN|FR","Sequence Sequence 2","11.17","",""
"21/10/2025 02:30:00 - 21/10/2025 02:45:00","BZN|FR","Without Sequence","11.17","",""
"21/10/2025 02:45:00 - 21/10/2025 03:00:00","BZN|FR","Sequence Sequence 2","10.00","",""
"21/10/2025 02:45:00 - 21/10/2025 03:00:00","BZN|FR","Without Sequence","10.00","",""
"21/10/2025 03:00:00 - 21/10/2025 03:15:00","BZN|FR","Sequence Sequence 2","7.96","",""
"21/10/2025 03:00:00 - 21/10/2025 03:15:00","BZN|FR","Without Sequence","7.96","",""
"21/10/2025 03:15:00 - 21/10/2025 03:30:00","BZN|FR","Sequence Sequence 2","14.00","",""
"21/10/2025 03:15:00 - 21/10/2025 03:30:00","BZN|FR","Without Sequence","14.00","",""
"21/10/2025 03:30:00 - 21/10/2025 03:45:00","BZN|FR","Sequence Sequence 2","12.23","",""
"21/10/2025 03:30:00 - 21/10/2025 03:45:00","BZN|FR","Without Sequence","12.23","",""
"21/10/2025 03:45:00 - 21/10/2025 04:00:00","BZN|FR","Sequence Sequence 2","10.00","",""
"21/10/2025 03:45:00 - 21/10/2025 04:00:00","BZN|FR","Without Sequence","10.00","",""
"21/10/2025 04:00:00 - 21/10/2025 04:15:00","BZN|FR","Sequence Sequence 2","12.92","",""
"21/10/2025 04:00:00 - 21/10/2025 04:15:00","BZN|FR","Without Sequence","12.92","",""
"21/10/2025 04:15:00 - 21/10/2025 04:30:00","BZN|FR","Sequence Sequence 2","14.00","",""
"21/10/2025 04:15:00 - 21/10/2025 04:30:00","BZN|FR","Without Sequence","14.00","",""
"21/10/2025 04:30:00 - 21/10/2025 04:45:00","BZN|FR","Sequence Sequence 2","15.00","",""
"21/10/2025 04:30:00 - 21/10/2025 04:45:00","BZN|FR","Without Sequence","15.00","",""
"21/10/2025 04:45:00 - 21/10/2025 05:00:00","BZN|FR","Sequence Sequence 2","14.00","",""
"21/10/2025 04:45:00 - 21/10/2025 05:00:00","BZN|FR","Without Sequence","14.00","",""
"21/10/2025 05:00:00 - 21/10/2025 05:15:00","BZN|FR","Sequence Sequence 2","12.75","",""
"21/10/2025 05:00:00 - 21/10/2025 05:15:00","BZN|FR","Without Sequence","12.75","",""
"21/10/2025 05:15:00 - 21/10/2025 05:30:00","BZN|FR","Sequence Sequence 2","15.00","",""
"21/10/2025 05:15:00 - 21/10/2025 05:30:00","BZN|FR","Without Sequence","15.00","",""
"21/10/2025 05:30:00 - 21/10/2025 05:45:00","BZN|FR","Sequence Sequence 2","4.97","",""
"21/10/2025 05:30:00 - 21/10/2025 05:45:00","BZN|FR","Without Sequence","4.97","",""
"21/10/2025 05:45:00 - 21/10/2025 06:00:00","BZN|FR","Sequence Sequence 2","19.28","",""
"21/10/2025 05:45:00 - 21/10/2025 06:00:00","BZN|FR","Without Sequence","19.28","",""
"21/10/2025 06:00:00 - 21/10/2025 06:15:00","BZN|FR","Sequence Sequence 2","24.94","",""
"21/10/2025 06:00:00 - 21/10/2025 06:15:00","BZN|FR","Without Sequence","24.94","",""
"21/10/2025 06:15:00 - 21/10/2025 06:30:00","BZN|FR","Sequence Sequence 2","26.87","",""
"21/10/2025 06:15:00 - 21/10/2025 06:30:00","BZN|FR","Without Sequence","26.87","",""
"21/10/2025 06:30:00 - 21/10/2025 06:45:00","BZN|FR","Sequence Sequence 2","42.00","",""
"21/10/2025 06:30:00 - 21/10/2025 06:45:00","BZN|FR","Without Sequence","42.00","",""
"21/10/2025 06:45:00 - 21/10/2025 07:00:00","BZN|FR","Sequence Sequence 2","47.27","",""
"21/10/2025 06:45:00 - 21/10/2025 07:00:00","BZN|FR","Without Sequence","47.27","",""
"21/10/2025 07:00:00 - 21/10/2025 07:15:00","BZN|FR","Sequence Sequence 2","46.76","",""
"21/10/2025 07:00:00 - 21/10/2025 07:15:00","BZN|FR","Without Sequence","46.76","",""
"21/10/2025 07:15:00 - 21/10/2025 07:30:00","BZN|FR","Sequence Sequence 2","54.08","",""
"21/10/2025 07:15:00 - 21/10/2025 07:30:00","BZN|FR","Without Sequence","54.08","",""
"21/10/2025 07:30:00 - 21/10/2025 07:45:00","BZN|FR","Sequence Sequence 2","70.15","",""
"21/10/2025 07:30:00 - 21/10/2025 07:45:00","BZN|FR","Without Sequence","70.15","",""
"21/10/2025 07:45:00 - 21/10/2025 08:00:00","BZN|FR","Sequence Sequence 2","80.87","",""
"21/10/2025 07:45:00 - 21/10/2025 08:00:00","BZN|FR","Without Sequence","80.87","",""
"21/10/2025 08:00:00 - 21/10/2025 08:15:00","BZN|FR","Sequence Sequence 2","90.05","",""
"21/10/2025 08:00:00 - 21/10/2025 08:15:00","BZN|FR","Without Sequence","90.05","",""
"21/10/2025 08:15:00 - 21/10/2025 08:30:00","BZN|FR","Sequence Sequence 2","93.65","",""
"21/10/2025 08:15:00 - 21/10/2025 08:30:00","BZN|FR","Without Sequence","93.65","",""
"21/10/2025 08:30:00 - 21/10/2025 08:45:00","BZN|FR","Sequence Sequence 2","96.50","",""
"21/10/2025 08:30:00 - 21/10/2025 08:45:00","BZN|FR","Without Sequence","96.50","",""
"21/10/2025 08:45:00 - 21/10/2025 09:00:00","BZN|FR","Sequence Sequence 2","93.43","",""
"21/10/2025 08:45:00 - 21/10/2025 09:00:00","BZN|FR","Without Sequence","93.43","",""
"21/10/2025 09:00:00 - 21/10/2025 09:15:00","BZN|FR","Sequence Sequence 2","104.49","",""
"21/10/2025 09:00:00 - 21/10/2025 09:15:00","BZN|FR","Without Sequence","104.49","",""
"21/10/2025 09:15:00 - 21/10/2025 09:30:00","BZN|FR","Sequence Sequence 2","85.59","",""
"21/10/2025 09:15:00 - 21/10/2025 09:30:00","BZN|FR","Without Sequence","85.59","",""
"21/10/2025 09:30:00 - 21/10/2025 09:45:00","BZN|FR","Sequence Sequence 2","83.08","",""
"21/10/2025 09:30:00 - 21/10/2025 09:45:00","BZN|FR","Without Sequence","83.08","",""
"21/10/2025 09:45:00 - 21/10/2025 10:00:00","BZN|FR","Sequence Sequence 2","57.37","",""
"21/10/2025 09:45:00 - 21/10/2025 10:00:00","BZN|FR","Without Sequence","57.37","",""
"21/10/2025 10:00:00 - 21/10/2025 10:15:00","BZN|FR","Sequence Sequence 2","96.14","",""
"21/10/2025 10:00:00 - 21/10/2025 10:15:00","BZN|FR","Without Sequence","96.14","",""
"21/10/2025 10:15:00 - 21/10/2025 10:30:00","BZN|FR","Sequence Sequence 2","87.67","",""
"21/10/2025 10:15:00 - 21/10/2025 10:30:00","BZN|FR","Without Sequence","87.67","",""
"21/10/2025 10:30:00 - 21/10/2025 10:45:00","BZN|FR","Sequence Sequence 2","71.20","",""
"21/10/2025 10:30:00 - 21/10/2025 10:45:00","BZN|FR","Without Sequence","71.20","",""
"21/10/2025 10:45:00 - 21/10/2025 11:00:00","BZN|FR","Sequence Sequence 2","59.16","",""
"21/10/2025 10:45:00 - 21/10/2025 11:00:00","BZN|FR","Without Sequence","59.16","",""
"21/10/2025 11:00:00 - 21/10/2025 11:15:00","BZN|FR","Sequence Sequence 2","87.56","",""
"21/10/2025 11:00:00 - 21/10/2025 11:15:00","BZN|FR","Without Sequence","87.56","",""
"21/10/2025 11:15:00 - 21/10/2025 11:30:00","BZN|FR","Sequence Sequence 2","76.58","",""
"21/10/2025 11:15:00 - 21/10/2025 11:30:00","BZN|FR","Without Sequence","76.58","",""
"21/10/2025 11:30:00 - 21/10/2025 11:45:00","BZN|FR","Sequence Sequence 2","63.25","",""
"21/10/2025 11:30:00 - 21/10/2025 11:45:00","BZN|FR","Without Sequence","63.25","",""
"21/10/2025 11:45:00 - 21/10/2025 12:00:00","BZN|FR","Sequence Sequence 2","49.18","",""
"21/10/2025 11:45:00 - 21/10/2025 12:00:00","BZN|FR","Without Sequence","49.18","",""
"21/10/2025 12:00:00 - 21/10/2025 12:15:00","BZN|FR","Sequence Sequence 2","62.39","",""
"21/10/2025 12:00:00 - 21/10/2025 12:15:00","BZN|FR","Without Sequence","62.39","",""
"21/10/2025 12:15:00 - 21/10/2025 12:30:00","BZN|FR","Sequence Sequence 2","57.42","",""
"21/10/2025 12:15:00 - 21/10/2025 12:30:00","BZN|FR","Without Sequence","57.42","",""
"21/10/2025 12:30:00 - 21/10/2025 12:45:00","BZN|FR","Sequence Sequence 2","55.15","",""
"21/10/2025 12:30:00 - 21/10/2025 12:45:00","BZN|FR","Without Sequence","55.15","",""
"21/10/2025 12:45:00 - 21/10/2025 13:00:00","BZN|FR","Sequence Sequence 2","38.15","",""
"21/10/2025 12:45:00 - 21/10/2025 13:00:00","BZN|FR","Without Sequence","38.15","",""
"21/10/2025 13:00:00 - 21/10/2025 13:15:00","BZN|FR","Sequence Sequence 2","50.74","",""
"21/10/2025 13:00:00 - 21/10/2025 13:15:00","BZN|FR","Without Sequence","50.74","",""
"21/10/2025 13:15:00 - 21/10/2025 13:30:00","BZN|FR","Sequence Sequence 2","43.00","",""
"21/10/2025 13:15:00 - 21/10/2025 13:30:00","BZN|FR","Without Sequence","43.00","",""
"21/10/2025 13:30:00 - 21/10/2025 13:45:00","BZN|FR","Sequence Sequence 2","30.50","",""
"21/10/2025 13:30:00 - 21/10/2025 13:45:00","BZN|FR","Without Sequence","30.50","",""
"21/10/2025 13:45:00 - 21/10/2025 14:00:00","BZN|FR","Sequence Sequence 2","26.24","",""
"21/10/2025 13:45:00 - 21/10/2025 14:00:00","BZN|FR","Without Sequence","26.24","",""
"21/10/2025 14:00:00 - 21/10/2025 14:15:00","BZN|FR","Sequence Sequence 2","22.95","",""
"21/10/2025 14:00:00 - 21/10/2025 14:15:00","BZN|FR","Without Sequence","22.95","",""
"21/10/2025 14:15:00 - 21/10/2025 14:30:00","BZN|FR","Sequence Sequence 2","34.32","",""
"21/10/2025 14:15:00 - 21/10/2025 14:30:00","BZN|FR","Without Sequence","34.32","",""
"21/10/2025 14:30:00 - 21/10/2025 14:45:00","BZN|FR","Sequence Sequence 2","40.61","",""
"21/10/2025 14:30:00 - 21/10/2025 14:45:00","BZN|FR","Without Sequence","40.61","",""
"21/10/2025 14:45:00 - 21/10/2025 15:00:00","BZN|FR","Sequence Sequence 2","58.36","",""
"21/10/2025 14:45:00 - 21/10/2025 15:00:00","BZN|FR","Without Sequence","58.36","",""
"21/10/2025 15:00:00 - 21/10/2025 15:15:00","BZN|FR","Sequence Sequence 2","12.51","",""
"21/10/2025 15:00:00 - 21/10/2025 15:15:00","BZN|FR","Without Sequence","12.51","",""
"21/10/2025 15:15:00 - 21/10/2025 15:30:00","BZN|FR","Sequence Sequence 2","38.46","",""
"21/10/2025 15:15:00 - 21/10/2025 15:30:00","BZN|FR","Without Sequence","38.46","",""
"21/10/2025 15:30:00 - 21/10/2025 15:45:00","BZN|FR","Sequence Sequence 2","36.04","",""
"21/10/2025 15:30:00 - 21/10/2025 15:45:00","BZN|FR","Without Sequence","36.04","",""
"21/10/2025 15:45:00 - 21/10/2025 16:00:00","BZN|FR","Sequence Sequence 2","67.35","",""
"21/10/2025 15:45:00 - 21/10/2025 16:00:00","BZN|FR","Without Sequence","67.35","",""
"21/10/2025 16:00:00 - 21/10/2025 16:15:00","BZN|FR","Sequence Sequence 2","9.83","",""
"21/10/2025 16:00:00 - 21/10/2025 16:15:00","BZN|FR","Without Sequence","9.83","",""
"21/10/2025 16:15:00 - 21/10/2025 16:30:00","BZN|FR","Sequence Sequence 2","46.94","",""
"21/10/2025 16:15:00 - 21/10/2025 16:30:00","BZN|FR","Without Sequence","46.94","",""
"21/10/2025 16:30:00 - 21/10/2025 16:45:00","BZN|FR","Sequence Sequence 2","75.89","",""
"21/10/2025 16:30:00 - 21/10/2025 16:45:00","BZN|FR","Without Sequence","75.89","",""
"21/10/2025 16:45:00 - 21/10/2025 17:00:00","BZN|FR","Sequence Sequence 2","103.32","",""
"21/10/2025 16:45:00 - 21/10/2025 17:00:00","BZN|FR","Without Sequence","103.32","",""
"21/10/2025 17:00:00 - 21/10/2025 17:15:00","BZN|FR","Sequence Sequence 2","49.34","",""
"21/10/2025 17:00:00 - 21/10/2025 17:15:00","BZN|FR","Without Sequence","49.34","",""
"21/10/2025 17:15:00 - 21/10/2025 17:30:00","BZN|FR","Sequence Sequence 2","66.61","",""
"21/10/2025 17:15:00 - 21/10/2025 17:30:00","BZN|FR","Without Sequence","66.61","",""
"21/10/2025 17:30:00 - 21/10/2025 17:45:00","BZN|FR","Sequence Sequence 2","73.22","",""
"21/10/2025 17:30:00 - 21/10/2025 17:45:00","BZN|FR","Without Sequence","73.22","",""
"21/10/2025 17:45:00 - 21/10/2025 18:00:00","BZN|FR","Sequence Sequence 2","114.48","",""
"21/10/2025 17:45:00 - 21/10/2025 18:00:00","BZN|FR","Without Sequence","114.48","",""
"21/10/2025 18:00:00 - 21/10/2025 18:15:00","BZN|FR","Sequence Sequence 2","78.25","",""
"21/10/2025 18:00:00 - 21/10/2025 18:15:00","BZN|FR","Without Sequence","78.25","",""
"21/10/2025 18:15:00 - 21/10/2025 18:30:00","BZN|FR","Sequence Sequence 2","90.68","",""
"21/10/2025 18:15:00 - 21/10/2025 18:30:00","BZN|FR","Without Sequence","90.68","",""
"21/10/2025 18:30:00 - 21/10/2025 18:45:00","BZN|FR","Sequence Sequence 2","101.33","",""
"21/10/2025 18:30:00 - 21/10/2025 18:45:00","BZN|FR","Without Sequence","101.33","",""
"21/10/2025 18:45:00 - 21/10/2025 19:00:00","BZN|FR","Sequence Sequence 2","135.12","",""
"21/10/2025 18:45:00 - 21/10/2025 19:00:00","BZN|FR","Without Sequence","135.12","",""
"21/10/2025 19:00:00 - 21/10/2025 19:15:00","BZN|FR","Sequence Sequence 2","125.62","",""
"21/10/2025 19:00:00 - 21/10/2025 19:15:00","BZN|FR","Without Sequence","125.62","",""
"21/10/2025 19:15:00 - 21/10/2025 19:30:00","BZN|FR","Sequence Sequence 2","131.12","",""
"21/10/2025 19:15:00 - 21/10/2025 19:30:00","BZN|FR","Without Sequence","131.12","",""
"21/10/2025 19:30:00 - 21/10/2025 19:45:00","BZN|FR","Sequence Sequence 2","114.95","",""
"21/10/2025 19:30:00 - 21/10/2025 19:45:00","BZN|FR","Without Sequence","114.95","",""
"21/10/2025 19:45:00 - 21/10/2025 20:00:00","BZN|FR","Sequence Sequence 2","103.28","",""
"21/10/2025 19:45:00 - 21/10/2025 20:00:00","BZN|FR","Without Sequence","103.28","",""
"21/10/2025 20:00:00 - 21/10/2025 20:15:00","BZN|FR","Sequence Sequence 2","112.77","",""
"21/10/2025 20:00:00 - 21/10/2025 20:15:00","BZN|FR","Without Sequence","112.77","",""
"21/10/2025 20:15:00 - 21/10/2025 20:30:00","BZN|FR","Sequence Sequence 2","104.99","",""
"21/10/2025 20:15:00 - 21/10/2025 20:30:00","BZN|FR","Without Sequence","104.99","",""
"21/10/2025 20:30:00 - 21/10/2025 20:45:00","BZN|FR","Sequence Sequence 2","97.75","",""
"21/10/2025 20:30:00 - 21/10/2025 20:45:00","BZN|FR","Without Sequence","97.75","",""
"21/10/2025 20:45:00 - 21/10/2025 21:00:00","BZN|FR","Sequence Sequence 2","90.00","",""
"21/10/2025 20:45:00 - 21/10/2025 21:00:00","BZN|FR","Without Sequence","90.00","",""
"21/10/2025 21:00:00 - 21/10/2025 21:15:00","BZN|FR","Sequence Sequence 2","92.22","",""
"21/10/2025 21:00:00 - 21/10/2025 21:15:00","BZN|FR","Without Sequence","92.22","",""
"21/10/2025 21:15:00 - 21/10/2025 21:30:00","BZN|FR","Sequence Sequence 2","83.02","",""
"21/10/2025 21:15:00 - 21/10/2025 21:30:00","BZN|FR","Without Sequence","83.02","",""
"21/10/2025 21:30:00 - 21/10/2025 21:45:00","BZN|FR","Sequence Sequence 2","86.37","",""
"21/10/2025 21:30:00 - 21/10/2025 21:45:00","BZN|FR","Without Sequence","86.37","",""
"21/10/2025 21:45:00 - 21/10/2025 22:00:00","BZN|FR","Sequence Sequence 2","70.26","",""
"21/10/2025 21:45:00 - 21/10/2025 22:00:00","BZN|FR","Without Sequence","70.26","",""
"21/10/2025 22:00:00 - 21/10/2025 22:15:00","BZN|FR","Sequence Sequence 2","92.79","",""
"21/10/2025 22:00:00 - 21/10/2025 22:15:00","BZN|FR","Without Sequence","92.79","",""
"21/10/2025 22:15:00 - 21/10/2025 22:30:00","BZN|FR","Sequence Sequence 2","82.38","",""
"21/10/2025 22:15:00 - 21/10/2025 22:30:00","BZN|FR","Without Sequence","82.38","",""
"21/10/2025 22:30:00 - 21/10/2025 22:45:00","BZN|FR","Sequence Sequence 2","80.04","",""
"21/10/2025 22:30:00 - 21/10/2025 22:45:00","BZN|FR","Without Sequence","80.04","",""
"21/10/2025 22:45:00 - 21/10/2025 23:00:00","BZN|FR","Sequence Sequence 2","72.40","",""
"21/10/2025 22:45:00 - 21/10/2025 23:00:00","BZN|FR","Without Sequence","72.40","",""
"21/10/2025 23:00:00 - 21/10/2025 23:15:00","BZN|FR","Sequence Sequence 2","82.66","",""
"21/10/2025 23:00:00 - 21/10/2025 23:15:00","BZN|FR","Without Sequence","82.66","",""
"21/10/2025 23:15:00 - 21/10/2025 23:30:00","BZN|FR","Sequence Sequence 2","76.23","",""
"21/10/2025 23:15:00 - 21/10/2025 23:30:00","BZN|FR","Without Sequence","76.23","",""
"21/10/2025 23:30:00 - 21/10/2025 23:45:00","BZN|FR","Sequence Sequence 2","74.09","",""
"21/10/2025 23:30:00 - 21/10/2025 23:45:00","BZN|FR","Without Sequence","74.09","",""
"21/10/2025 23:45:00 - 22/10/2025 00:00:00","BZN|FR","Sequence Sequence 2","62.91","",""
"21/10/2025 23:45:00 - 22/10/2025 00:00:00","BZN|FR","Without Sequence","62.91","",""
"22/10/2025 00:00:00 - 22/10/2025 00:15:00","BZN|FR","Sequence Sequence 2","46.87","",""
"22/10/2025 00:00:00 - 22/10/2025 00:15:00","BZN|FR","Without Sequence","46.87","",""
"22/10/2025 00:15:00 - 22/10/2025 00:30:00","BZN|FR","Sequence Sequence 2","41.60","",""
"22/10/2025 00:15:00 - 22/10/2025 00:30:00","BZN|FR","Without Sequence","41.60","",""
"22/10/2025 00:30:00 - 22/10/2025 00:45:00","BZN|FR","Sequence Sequence 2","32.73","",""
"22/10/2025 00:30:00 - 22/10/2025 00:45:00","BZN|FR","Without Sequence","32.73","",""
"22/10/2025 00:45:00 - 22/10/2025 01:00:00","BZN|FR","Sequence Sequence 2","29.19","",""
"22/10/2025 00:45:00 - 22/10/2025 01:00:00","BZN|FR","Without Sequence","29.19","",""
"22/10/2025 01:00:00 - 22/10/2025 01:15:00","BZN|FR","Sequence Sequence 2","33.18","",""
"22/10/2025 01:00:00 - 22/10/2025 01:15:00","BZN|FR","Without Sequence","33.18","",""
"22/10/2025 01:15:00 - 22/10/2025 01:30:00","BZN|FR","Sequence Sequence 2","30.22","",""
"22/10/2025 01:15:00 - 22/10/2025 01:30:00","BZN|FR","Without Sequence","30.22","",""
"22/10/2025 01:30:00 - 22/10/2025 01:45:00","BZN|FR","Sequence Sequence 2","29.57","",""
"22/10/2025 01:30:00 - 22/10/2025 01:45:00","BZN|FR","Without Sequence","29.57","",""
"22/10/2025 01:45:00 - 22/10/2025 02:00:00","BZN|FR","Sequence Sequence 2","29.19","",""
"22/10/2025 01:45:00 - 22/10/2025 02:00:00","BZN|FR","Without Sequence","29.19","",""
"22/10/2025 02:00:00 - 22/10/2025 02:15:00","BZN|FR","Sequence Sequence 2","29.19","",""
"22/10/2025 02:00:00 - 22/10/2025 02:15:00","BZN|FR","Without Sequence","29.19","",""
"22/10/2025 02:15:00 - 22/10/2025 02:30:00","BZN|FR","Sequence Sequence 2","27.27","",""
"22/10/2025 02:15:00 - 22/10/2025 02:30:00","BZN|FR","Without Sequence","27.27","",""
"22/10/2025 02:30:00 - 22/10/2025 02:45:00","BZN|FR","Sequence Sequence 2","27.14","",""
"22/10/2025 02:30:00 - 22/10/2025 02:45:00","BZN|FR","Without Sequence","27.14","",""
"22/10/2025 02:45:00 - 22/10/2025 03:00:00","BZN|FR","Sequence Sequence 2","26.88","",""
"22/10/2025 02:45:00 - 22/10/2025 03:00:00","BZN|FR","Without Sequence","26.88","",""
"22/10/2025 03:00:00 - 22/10/2025 03:15:00","BZN|FR","Sequence Sequence 2","26.49","",""
"22/10/2025 03:00:00 - 22/10/2025 03:15:00","BZN|FR","Without Sequence","26.49","",""
"22/10/2025 03:15:00 - 22/10/2025 03:30:00","BZN|FR","Sequence Sequence 2","25.17","",""
"22/10/2025 03:15:00 - 22/10/2025 03:30:00","BZN|FR","Without Sequence","25.17","",""
"22/10/2025 03:30:00 - 22/10/2025 03:45:00","BZN|FR","Sequence Sequence 2","23.59","",""
"22/10/2025 03:30:00 - 22/10/2025 03:45:00","BZN|FR","Without Sequence","23.59","",""
"22/10/2025 03:45:00 - 22/10/2025 04:00:00","BZN|FR","Sequence Sequence 2","21.96","",""
"22/10/2025 03:45:00 - 22/10/2025 04:00:00","BZN|FR","Without Sequence","21.96","",""
"22/10/2025 04:00:00 - 22/10/2025 04:15:00","BZN|FR","Sequence Sequence 2","24.99","",""
"22/10/2025 04:00:00 - 22/10/2025 04:15:00","BZN|FR","Without Sequence","24.99","",""
"22/10/2025 04:15:00 - 22/10/2025 04:30:00","BZN|FR","Sequence Sequence 2","22.96","",""
"22/10/2025 04:15:00 - 22/10/2025 04:30:00","BZN|FR","Without Sequence","22.96","",""
"22/10/2025 04:30:00 - 22/10/2025 04:45:00","BZN|FR","Sequence Sequence 2","24.00","",""
"22/10/2025 04:30:00 - 22/10/2025 04:45:00","BZN|FR","Without Sequence","24.00","",""
"22/10/2025 04:45:00 - 22/10/2025 05:00:00","BZN|FR","Sequence Sequence 2","25.17","",""
"22/10/2025 04:45:00 - 22/10/2025 05:00:00","BZN|FR","Without Sequence","25.17","",""
"22/10/2025 05:00:00 - 22/10/2025 05:15:00","BZN|FR","Sequence Sequence 2","26.75","",""
"22/10/2025 05:00:00 - 22/10/2025 05:15:00","BZN|FR","Without Sequence","26.75","",""
"22/10/2025 05:15:00 - 22/10/2025 05:30:00","BZN|FR","Sequence Sequence 2","26.88","",""
"22/10/2025 05:15:00 - 22/10/2025 05:30:00","BZN|FR","Without Sequence","26.88","",""
"22/10/2025 05:30:00 - 22/10/2025 05:45:00","BZN|FR","Sequence Sequence 2","49.89","",""
"22/10/2025 05:30:00 - 22/10/2025 05:45:00","BZN|FR","Without Sequence","49.89","",""
"22/10/2025 05:45:00 - 22/10/2025 06:00:00","BZN|FR","Sequence Sequence 2","36.52","",""
"22/10/2025 05:45:00 - 22/10/2025 06:00:00","BZN|FR","Without Sequence","36.52","",""
"22/10/2025 06:00:00 - 22/10/2025 06:15:00","BZN|FR","Sequence Sequence 2","54.50","",""
"22/10/2025 06:00:00 - 22/10/2025 06:15:00","BZN|FR","Without Sequence","54.50","",""
"22/10/2025 06:15:00 - 22/10/2025 06:30:00","BZN|FR","Sequence Sequence 2","65.15","",""
"22/10/2025 06:15:00 - 22/10/2025 06:30:00","BZN|FR","Without Sequence","65.15","",""
"22/10/2025 06:30:00 - 22/10/2025 06:45:00","BZN|FR","Sequence Sequence 2","66.91","",""
"22/10/2025 06:30:00 - 22/10/2025 06:45:00","BZN|FR","Without Sequence","66.91","",""
"22/10/2025 06:45:00 - 22/10/2025 07:00:00","BZN|FR","Sequence Sequence 2","81.01","",""
"22/10/2025 06:45:00 - 22/10/2025 07:00:00","BZN|FR","Without Sequence","81.01","",""
"22/10/2025 07:00:00 - 22/10/2025 07:15:00","BZN|FR","Sequence Sequence 2","76.32","",""
"22/10/2025 07:00:00 - 22/10/2025 07:15:00","BZN|FR","Without Sequence","76.32","",""
"22/10/2025 07:15:00 - 22/10/2025 07:30:00","BZN|FR","Sequence Sequence 2","100.07","",""
"22/10/2025 07:15:00 - 22/10/2025 07:30:00","BZN|FR","Without Sequence","100.07","",""
"22/10/2025 07:30:00 - 22/10/2025 07:45:00","BZN|FR","Sequence Sequence 2","98.56","",""
"22/10/2025 07:30:00 - 22/10/2025 07:45:00","BZN|FR","Without Sequence","98.56","",""
"22/10/2025 07:45:00 - 22/10/2025 08:00:00","BZN|FR","Sequence Sequence 2","105.09","",""
"22/10/2025 07:45:00 - 22/10/2025 08:00:00","BZN|FR","Without Sequence","105.09","",""
"22/10/2025 08:00:00 - 22/10/2025 08:15:00","BZN|FR","Sequence Sequence 2","92.87","",""
"22/10/2025 08:00:00 - 22/10/2025 08:15:00","BZN|FR","Without Sequence","92.87","",""
"22/10/2025 08:15:00 - 22/10/2025 08:30:00","BZN|FR","Sequence Sequence 2","113.00","",""
"22/10/2025 08:15:00 - 22/10/2025 08:30:00","BZN|FR","Without Sequence","113.00","",""
"22/10/2025 08:30:00 - 22/10/2025 08:45:00","BZN|FR","Sequence Sequence 2","108.77","",""
"22/10/2025 08:30:00 - 22/10/2025 08:45:00","BZN|FR","Without Sequence","108.77","",""
"22/10/2025 08:45:00 - 22/10/2025 09:00:00","BZN|FR","Sequence Sequence 2","96.79","",""
"22/10/2025 08:45:00 - 22/10/2025 09:00:00","BZN|FR","Without Sequence","96.79","",""
"22/10/2025 09:00:00 - 22/10/2025 09:15:00","BZN|FR","Sequence Sequence 2","148.00","",""
"22/10/2025 09:00:00 - 22/10/2025 09:15:00","BZN|FR","Without Sequence","148.00","",""
"22/10/2025 09:15:00 - 22/10/2025 09:30:00","BZN|FR","Sequence Sequence 2","131.72","",""
"22/10/2025 09:15:00 - 22/10/2025 09:30:00","BZN|FR","Without Sequence","131.72","",""
"22/10/2025 09:30:00 - 22/10/2025 09:45:00","BZN|FR","Sequence Sequence 2","115.64","",""
"22/10/2025 09:30:00 - 22/10/2025 09:45:00","BZN|FR","Without Sequence","115.64","",""
"22/10/2025 09:45:00 - 22/10/2025 10:00:00","BZN|FR","Sequence Sequence 2","77.79","",""
"22/10/2025 09:45:00 - 22/10/2025 10:00:00","BZN|FR","Without Sequence","77.79","",""
"22/10/2025 10:00:00 - 22/10/2025 10:15:00","BZN|FR","Sequence Sequence 2","130.54","",""
"22/10/2025 10:00:00 - 22/10/2025 10:15:00","BZN|FR","Without Sequence","130.54","",""
"22/10/2025 10:15:00 - 22/10/2025 10:30:00","BZN|FR","Sequence Sequence 2","102.28","",""
"22/10/2025 10:15:00 - 22/10/2025 10:30:00","BZN|FR","Without Sequence","102.28","",""
"22/10/2025 10:30:00 - 22/10/2025 10:45:00","BZN|FR","Sequence Sequence 2","96.34","",""
"22/10/2025 10:30:00 - 22/10/2025 10:45:00","BZN|FR","Without Sequence","96.34","",""
"22/10/2025 10:45:00 - 22/10/2025 11:00:00","BZN|FR","Sequence Sequence 2","79.96","",""
"22/10/2025 10:45:00 - 22/10/2025 11:00:00","BZN|FR","Without Sequence","79.96","",""
"22/10/2025 11:00:00 - 22/10/2025 11:15:00","BZN|FR","Sequence Sequence 2","98.40","",""
"22/10/2025 11:00:00 - 22/10/2025 11:15:00","BZN|FR","Without Sequence","98.40","",""
"22/10/2025 11:15:00 - 22/10/2025 11:30:00","BZN|FR","Sequence Sequence 2","93.48","",""
"22/10/2025 11:15:00 - 22/10/2025 11:30:00","BZN|FR","Without Sequence","93.48","",""
"22/10/2025 11:30:00 - 22/10/2025 11:45:00","BZN|FR","Sequence Sequence 2","89.62","",""
"22/10/2025 11:30:00 - 22/10/2025 11:45:00","BZN|FR","Without Sequence","89.62","",""
"22/10/2025 11:45:00 - 22/10/2025 12:00:00","BZN|FR","Sequence Sequence 2","81.96","",""
"22/10/2025 11:45:00 - 22/10/2025 12:00:00","BZN|FR","Without Sequence","81.96","",""
"22/10/2025 12:00:00 - 22/10/2025 12:15:00","BZN|FR","Sequence Sequence 2","94.43","",""
"22/10/2025 12:00:00 - 22/10/2025 12:15:00","BZN|FR","Without Sequence","94.43","",""
"22/10/2025 12:15:00 - 22/10/2025 12:30:00","BZN|FR","Sequence Sequence 2","83.83","",""
"22/10/2025 12:15:00 - 22/10/2025 12:30:00","BZN|FR","Without Sequence","83.83","",""
"22/10/2025 12:30:00 - 22/10/2025 12:45:00","BZN|FR","Sequence Sequence 2","84.54","",""
"22/10/2025 12:30:00 - 22/10/2025 12:45:00","BZN|FR","Without Sequence","84.54","",""
"22/10/2025 12:45:00 - 22/10/2025 13:00:00","BZN|FR","Sequence Sequence 2","85.60","",""
"22/10/2025 12:45:00 - 22/10/2025 13:00:00","BZN|FR","Without Sequence","85.60","",""
"22/10/2025 13:00:00 - 22/10/2025 13:15:00","BZN|FR","Sequence Sequence 2","92.73","",""
"22/10/2025 13:00:00 - 22/10/2025 13:15:00","BZN|FR","Without Sequence","92.73","",""
"22/10/2025 13:15:00 - 22/10/2025 13:30:00","BZN|FR","Sequence Sequence 2","81.67","",""
"22/10/2025 13:15:00 - 22/10/2025 13:30:00","BZN|FR","Without Sequence","81.67","",""
"22/10/2025 13:30:00 - 22/10/2025 13:45:00","BZN|FR","Sequence Sequence 2","76.89","",""
"22/10/2025 13:30:00 - 22/10/2025 13:45:00","BZN|FR","Without Sequence","76.89","",""
"22/10/2025 13:45:00 - 22/10/2025 14:00:00","BZN|FR","Sequence Sequence 2","78.16","",""
"22/10/2025 13:45:00 - 22/10/2025 14:00:00","BZN|FR","Without Sequence","78.16","",""
"22/10/2025 14:00:00 - 22/10/2025 14:15:00","BZN|FR","Sequence Sequence 2","80.78","",""
"22/10/2025 14:00:00 - 22/10/2025 14:15:00","BZN|FR","Without Sequence","80.78","",""
"22/10/2025 14:15:00 - 22/10/2025 14:30:00","BZN|FR","Sequence Sequence 2","87.06","",""
"22/10/2025 14:15:00 - 22/10/2025 14:30:00","BZN|FR","Without Sequence","87.06","",""
"22/10/2025 14:30:00 - 22/10/2025 14:45:00","BZN|FR","Sequence Sequence 2","82.33","",""
"22/10/2025 14:30:00 - 22/10/2025 14:45:00","BZN|FR","Without Sequence","82.33","",""
"22/10/2025 14:45:00 - 22/10/2025 15:00:00","BZN|FR","Sequence Sequence 2","85.53","",""
"22/10/2025 14:45:00 - 22/10/2025 15:00:00","BZN|FR","Without Sequence","85.53","",""
"22/10/2025 15:00:00 - 22/10/2025 15:15:00","BZN|FR","Sequence Sequence 2","83.68","",""
"22/10/2025 15:00:00 - 22/10/2025 15:15:00","BZN|FR","Without Sequence","83.68","",""
"22/10/2025 15:15:00 - 22/10/2025 15:30:00","BZN|FR","Sequence Sequence 2","78.99","",""
"22/10/2025 15:15:00 - 22/10/2025 15:30:00","BZN|FR","Without Sequence","78.99","",""
"22/10/2025 15:30:00 - 22/10/2025 15:45:00","BZN|FR","Sequence Sequence 2","56.95","",""
"22/10/2025 15:30:00 - 22/10/2025 15:45:00","BZN|FR","Without Sequence","56.95","",""
"22/10/2025 15:45:00 - 22/10/2025 16:00:00","BZN|FR","Sequence Sequence 2","83.34","",""
"22/10/2025 15:45:00 - 22/10/2025 16:00:00","BZN|FR","Without Sequence","83.34","",""
"22/10/2025 16:00:00 - 22/10/2025 16:15:00","BZN|FR","Sequence Sequence 2","65.89","",""
"22/10/2025 16:00:00 - 22/10/2025 16:15:00","BZN|FR","Without Sequence","65.89","",""
"22/10/2025 16:15:00 - 22/10/2025 16:30:00","BZN|FR","Sequence Sequence 2","66.05","",""
"22/10/2025 16:15:00 - 22/10/2025 16:30:00","BZN|FR","Without Sequence","66.05","",""
"22/10/2025 16:30:00 - 22/10/2025 16:45:00","BZN|FR","Sequence Sequence 2","57.82","",""
"22/10/2025 16:30:00 - 22/10/2025 16:45:00","BZN|FR","Without Sequence","57.82","",""
"22/10/2025 16:45:00 - 22/10/2025 17:00:00","BZN|FR","Sequence Sequence 2","57.83","",""
"22/10/2025 16:45:00 - 22/10/2025 17:00:00","BZN|FR","Without Sequence","57.83","",""
"22/10/2025 17:00:00 - 22/10/2025 17:15:00","BZN|FR","Sequence Sequence 2","50.57","",""
"22/10/2025 17:00:00 - 22/10/2025 17:15:00","BZN|FR","Without Sequence","50.57","",""
"22/10/2025 17:15:00 - 22/10/2025 17:30:00","BZN|FR","Sequence Sequence 2","56.12","",""
"22/10/2025 17:15:00 - 22/10/2025 17:30:00","BZN|FR","Without Sequence","56.12","",""
"22/10/2025 17:30:00 - 22/10/2025 17:45:00","BZN|FR","Sequence Sequence 2","82.25","",""
"22/10/2025 17:30:00 - 22/10/2025 17:45:00","BZN|FR","Without Sequence","82.25","",""
"22/10/2025 17:45:00 - 22/10/2025 18:00:00","BZN|FR","Sequence Sequence 2","112.37","",""
"22/10/2025 17:45:00 - 22/10/2025 18:00:00","BZN|FR","Without Sequence","112.37","",""
"22/10/2025 18:00:00 - 22/10/2025 18:15:00","BZN|FR","Sequence Sequence 2","46.75","",""
"22/10/2025 18:00:00 - 22/10/2025 18:15:00","BZN|FR","Without Sequence","46.75","",""
"22/10/2025 18:15:00 - 22/10/2025 18:30:00","BZN|FR","Sequence Sequence 2","52.33","",""
"22/10/2025 18:15:00 - 22/10/2025 18:30:00","BZN|FR","Without Sequence","52.33","",""
"22/10/2025 18:30:00 - 22/10/2025 18:45:00","BZN|FR","Sequence Sequence 2","129.96","",""
"22/10/2025 18:30:00 - 22/10/2025 18:45:00","BZN|FR","Without Sequence","129.96","",""
"22/10/2025 18:45:00 - 22/10/2025 19:00:00","BZN|FR","Sequence Sequence 2","135.00","",""
"22/10/2025 18:45:00 - 22/10/2025 19:00:00","BZN|FR","Without Sequence","135.00","",""
"22/10/2025 19:00:00 - 22/10/2025 19:15:00","BZN|FR","Sequence Sequence 2","162.06","",""
"22/10/2025 19:00:00 - 22/10/2025 19:15:00","BZN|FR","Without Sequence","162.06","",""
"22/10/2025 19:15:00 - 22/10/2025 19:30:00","BZN|FR","Sequence Sequence 2","148.43","",""
"22/10/2025 19:15:00 - 22/10/2025 19:30:00","BZN|FR","Without Sequence","148.43","",""
"22/10/2025 19:30:00 - 22/10/2025 19:45:00","BZN|FR","Sequence Sequence 2","151.34","",""
"22/10/2025 19:30:00 - 22/10/2025 19:45:00","BZN|FR","Without Sequence","151.34","",""
"22/10/2025 19:45:00 - 22/10/2025 20:00:00","BZN|FR","Sequence Sequence 2","83.51","",""
"22/10/2025 19:45:00 - 22/10/2025 20:00:00","BZN|FR","Without Sequence","83.51","",""
"22/10/2025 20:00:00 - 22/10/2025 20:15:00","BZN|FR","Sequence Sequence 2","87.87","",""
"22/10/2025 20:00:00 - 22/10/2025 20:15:00","BZN|FR","Without Sequence","87.87","",""
"22/10/2025 20:15:00 - 22/10/2025 20:30:00","BZN|FR","Sequence Sequence 2","71.43","",""
"22/10/2025 20:15:00 - 22/10/2025 20:30:00","BZN|FR","Without Sequence","71.43","",""
"22/10/2025 20:30:00 - 22/10/2025 20:45:00","BZN|FR","Sequence Sequence 2","65.00","",""
"22/10/2025 20:30:00 - 22/10/2025 20:45:00","BZN|FR","Without Sequence","65.00","",""
"22/10/2025 20:45:00 - 22/10/2025 21:00:00","BZN|FR","Sequence Sequence 2","59.50","",""
"22/10/2025 20:45:00 - 22/10/2025 21:00:00","BZN|FR","Without Sequence","59.50","",""
"22/10/2025 21:00:00 - 22/10/2025 21:15:00","BZN|FR","Sequence Sequence 2","51.93","",""
"22/10/2025 21:00:00 - 22/10/2025 21:15:00","BZN|FR","Without Sequence","51.93","",""
"22/10/2025 21:15:00 - 22/10/2025 21:30:00","BZN|FR","Sequence Sequence 2","48.31","",""
"22/10/2025 21:15:00 - 22/10/2025 21:30:00","BZN|FR","Without Sequence","48.31","",""
"22/10/2025 21:30:00 - 22/10/2025 21:45:00","BZN|FR","Sequence Sequence 2","42.95","",""
"22/10/2025 21:30:00 - 22/10/2025 21:45:00","BZN|FR","Without Sequence","42.95","",""
"22/10/2025 21:45:00 - 22/10/2025 22:00:00","BZN|FR","Sequence Sequence 2","29.57","",""
"22/10/2025 21:45:00 - 22/10/2025 22:00:00","BZN|FR","Without Sequence","29.57","",""
"22/10/2025 22:00:00 - 22/10/2025 22:15:00","BZN|FR","Sequence Sequence 2","31.10","",""
"22/10/2025 22:00:00 - 22/10/2025 22:15:00","BZN|FR","Without Sequence","31.10","",""
"22/10/2025 22:15:00 - 22/10/2025 22:30:00","BZN|FR","Sequence Sequence 2","25.50","",""
"22/10/2025 22:15:00 - 22/10/2025 22:30:00","BZN|FR","Without Sequence","25.50","",""
"22/10/2025 22:30:00 - 22/10/2025 22:45:00","BZN|FR","Sequence Sequence 2","28.94","",""
"22/10/2025 22:30:00 - 22/10/2025 22:45:00","BZN|FR","Without Sequence","28.94","",""
"22/10/2025 22:45:00 - 22/10/2025 23:00:00","BZN|FR","Sequence Sequence 2","19.50","",""
"22/10/2025 22:45:00 - 22/10/2025 23:00:00","BZN|FR","Without Sequence","19.50","",""
"22/10/2025 23:00:00 - 22/10/2025 23:15:00","BZN|FR","Sequence Sequence 2","34.58","",""
"22/10/2025 23:00:00 - 22/10/2025 23:15:00","BZN|FR","Without Sequence","34.58","",""
"22/10/2025 23:15:00 - 22/10/2025 23:30:00","BZN|FR","Sequence Sequence 2","20.00","",""
"22/10/2025 23:15:00 - 22/10/2025 23:30:00","BZN|FR","Without Sequence","20.00","",""
"22/10/2025 23:30:00 - 22/10/2025 23:45:00","BZN|FR","Sequence Sequence 2","18.36","",""
"22/10/2025 23:30:00 - 22/10/2025 23:45:00","BZN|FR","Without Sequence","18.36","",""
"22/10/2025 23:45:00 - 23/10/2025 00:00:00","BZN|FR","Sequence Sequence 2","7.05","",""
"22/10/2025 23:45:00 - 23/10/2025 00:00:00","BZN|FR","Without Sequence","7.05","",""
"23/10/2025 00:00:00 - 23/10/2025 00:15:00","BZN|FR","Sequence Sequence 2","14.00","",""
"23/10/2025 00:00:00 - 23/10/2025 00:15:00","BZN|FR","Without Sequence","14.00","",""
"23/10/2025 00:15:00 - 23/10/2025 00:30:00","BZN|FR","Sequence Sequence 2","10.00","",""
"23/10/2025 00:15:00 - 23/10/2025 00:30:00","BZN|FR","Without Sequence","10.00","",""
"23/10/2025 00:30:00 - 23/10/2025 00:45:00","BZN|FR","Sequence Sequence 2","2.47","",""
"23/10/2025 00:30:00 - 23/10/2025 00:45:00","BZN|FR","Without Sequence","2.47","",""
"23/10/2025 00:45:00 - 23/10/2025 01:00:00","BZN|FR","Sequence Sequence 2","2.40","",""
"23/10/2025 00:45:00 - 23/10/2025 01:00:00","BZN|FR","Without Sequence","2.40","",""
"23/10/2025 01:00:00 - 23/10/2025 01:15:00","BZN|FR","Sequence Sequence 2","3.52","",""
"23/10/2025 01:00:00 - 23/10/2025 01:15:00","BZN|FR","Without Sequence","3.52","",""
"23/10/2025 01:15:00 - 23/10/2025 01:30:00","BZN|FR","Sequence Sequence 2","1.99","",""
"23/10/2025 01:15:00 - 23/10/2025 01:30:00","BZN|FR","Without Sequence","1.99","",""
"23/10/2025 01:30:00 - 23/10/2025 01:45:00","BZN|FR","Sequence Sequence 2","0.16","",""
"23/10/2025 01:30:00 - 23/10/2025 01:45:00","BZN|FR","Without Sequence","0.16","",""
"23/10/2025 01:45:00 - 23/10/2025 02:00:00","BZN|FR","Sequence Sequence 2","0.16","",""
"23/10/2025 01:45:00 - 23/10/2025 02:00:00","BZN|FR","Without Sequence","0.16","",""
"23/10/2025 02:00:00 - 23/10/2025 02:15:00","BZN|FR","Sequence Sequence 2","0.66","",""
"23/10/2025 02:00:00 - 23/10/2025 02:15:00","BZN|FR","Without Sequence","0.66","",""
"23/10/2025 02:15:00 - 23/10/2025 02:30:00","BZN|FR","Sequence Sequence 2","0.16","",""
"23/10/2025 02:15:00 - 23/10/2025 02:30:00","BZN|FR","Without Sequence","0.16","",""
"23/10/2025 02:30:00 - 23/10/2025 02:45:00","BZN|FR","Sequence Sequence 2","0.05","",""
"23/10/2025 02:30:00 - 23/10/2025 02:45:00","BZN|FR","Without Sequence","0.05","",""
"23/10/2025 02:45:00 - 23/10/2025 03:00:00","BZN|FR","Sequence Sequence 2","0.01","",""
"23/10/2025 02:45:00 - 23/10/2025 03:00:00","BZN|FR","Without Sequence","0.01","",""
"23/10/2025 03:00:00 - 23/10/2025 03:15:00","BZN|FR","Sequence Sequence 2","0.00","",""
"23/10/2025 03:00:00 - 23/10/2025 03:15:00","BZN|FR","Without Sequence","0.00","",""
"23/10/2025 03:15:00 - 23/10/2025 03:30:00","BZN|FR","Sequence Sequence 2","0.00","",""
"23/10/2025 03:15:00 - 23/10/2025 03:30:00","BZN|FR","Without Sequence","0.00","",""
"23/10/2025 03:30:00 - 23/10/2025 03:45:00","BZN|FR","Sequence Sequence 2","0.00","",""
"23/10/2025 03:30:00 - 23/10/2025 03:45:00","BZN|FR","Without Sequence","0.00","",""
"23/10/2025 03:45:00 - 23/10/2025 04:00:00","BZN|FR","Sequence Sequence 2","-0.01","",""
"23/10/2025 03:45:00 - 23/10/2025 04:00:00","BZN|FR","Without Sequence","-0.01","",""
"23/10/2025 04:00:00 - 23/10/2025 04:15:00","BZN|FR","Sequence Sequence 2","-0.01","",""
"23/10/2025 04:00:00 - 23/10/2025 04:15:00","BZN|FR","Without Sequence","-0.01","",""
"23/10/2025 04:15:00 - 23/10/2025 04:30:00","BZN|FR","Sequence Sequence 2","-0.01","",""
"23/10/2025 04:15:00 - 23/10/2025 04:30:00","BZN|FR","Without Sequence","-0.01","",""
"23/10/2025 04:30:00 - 23/10/2025 04:45:00","BZN|FR","Sequence Sequence 2","-0.01","",""
"23/10/2025 04:30:00 - 23/10/2025 04:45:00","BZN|FR","Without Sequence","-0.01","",""
"23/10/2025 04:45:00 - 23/10/2025 05:00:00","BZN|FR","Sequence Sequence 2","0.00","",""
"23/10/2025 04:45:00 - 23/10/2025 05:00:00","BZN|FR","Without Sequence","0.00","",""
"23/10/2025 05:00:00 - 23/10/2025 05:15:00","BZN|FR","Sequence Sequence 2","0.00","",""
"23/10/2025 05:00:00 - 23/10/2025 05:15:00","BZN|FR","Without Sequence","0.00","",""
"23/10/2025 05:15:00 - 23/10/2025 05:30:00","BZN|FR","Sequence Sequence 2","0.00","",""
"23/10/2025 05:15:00 - 23/10/2025 05:30:00","BZN|FR","Without Sequence","0.00","",""
"23/10/2025 05:30:00 - 23/10/2025 05:45:00","BZN|FR","Sequence Sequence 2","0.00","",""
"23/10/2025 05:30:00 - 23/10/2025 05:45:00","BZN|FR","Without Sequence","0.00","",""
"23/10/2025 05:45:00 - 23/10/2025 06:00:00","BZN|FR","Sequence Sequence 2","0.01","",""
"23/10/2025 05:45:00 - 23/10/2025 06:00:00","BZN|FR","Without Sequence","0.01","",""
"23/10/2025 06:00:00 - 23/10/2025 06:15:00","BZN|FR","Sequence Sequence 2","0.16","",""
"23/10/2025 06:00:00 - 23/10/2025 06:15:00","BZN|FR","Without Sequence","0.16","",""
"23/10/2025 06:15:00 - 23/10/2025 06:30:00","BZN|FR","Sequence Sequence 2","0.79","",""
"23/10/2025 06:15:00 - 23/10/2025 06:30:00","BZN|FR","Without Sequence","0.79","",""
"23/10/2025 06:30:00 - 23/10/2025 06:45:00","BZN|FR","Sequence Sequence 2","3.52","",""
"23/10/2025 06:30:00 - 23/10/2025 06:45:00","BZN|FR","Without Sequence","3.52","",""
"23/10/2025 06:45:00 - 23/10/2025 07:00:00","BZN|FR","Sequence Sequence 2","6.00","",""
"23/10/2025 06:45:00 - 23/10/2025 07:00:00","BZN|FR","Without Sequence","6.00","",""
"23/10/2025 07:00:00 - 23/10/2025 07:15:00","BZN|FR","Sequence Sequence 2","6.00","",""
"23/10/2025 07:00:00 - 23/10/2025 07:15:00","BZN|FR","Without Sequence","6.00","",""
"23/10/2025 07:15:00 - 23/10/2025 07:30:00","BZN|FR","Sequence Sequence 2","14.00","",""
"23/10/2025 07:15:00 - 23/10/2025 07:30:00","BZN|FR","Without Sequence","14.00","",""
"23/10/2025 07:30:00 - 23/10/2025 07:45:00","BZN|FR","Sequence Sequence 2","20.46","",""
"23/10/2025 07:30:00 - 23/10/2025 07:45:00","BZN|FR","Without Sequence","20.46","",""
"23/10/2025 07:45:00 - 23/10/2025 08:00:00","BZN|FR","Sequence Sequence 2","25.50","",""
"23/10/2025 07:45:00 - 23/10/2025 08:00:00","BZN|FR","Without Sequence","25.50","",""
"23/10/2025 08:00:00 - 23/10/2025 08:15:00","BZN|FR","Sequence Sequence 2","21.25","",""
"23/10/2025 08:00:00 - 23/10/2025 08:15:00","BZN|FR","Without Sequence","21.25","",""
"23/10/2025 08:15:00 - 23/10/2025 08:30:00","BZN|FR","Sequence Sequence 2","25.10","",""
"23/10/2025 08:15:00 - 23/10/2025 08:30:00","BZN|FR","Without Sequence","25.10","",""
"23/10/2025 08:30:00 - 23/10/2025 08:45:00","BZN|FR","Sequence Sequence 2","25.10","",""
"23/10/2025 08:30:00 - 23/10/2025 08:45:00","BZN|FR","Without Sequence","25.10","",""
"23/10/2025 08:45:00 - 23/10/2025 09:00:00","BZN|FR","Sequence Sequence 2","22.50","",""
"23/10/2025 08:45:00 - 23/10/2025 09:00:00","BZN|FR","Without Sequence","22.50","",""
"23/10/2025 09:00:00 - 23/10/2025 09:15:00","BZN|FR","Sequence Sequence 2","25.33","",""
"23/10/2025 09:00:00 - 23/10/2025 09:15:00","BZN|FR","Without Sequence","25.33","",""
"23/10/2025 09:15:00 - 23/10/2025 09:30:00","BZN|FR","Sequence Sequence 2","20.49","",""
"23/10/2025 09:15:00 - 23/10/2025 09:30:00","BZN|FR","Without Sequence","20.49","",""
"23/10/2025 09:30:00 - 23/10/2025 09:45:00","BZN|FR","Sequence Sequence 2","32.58","",""
"23/10/2025 09:30:00 - 23/10/2025 09:45:00","BZN|FR","Without Sequence","32.58","",""
"23/10/2025 09:45:00 - 23/10/2025 10:00:00","BZN|FR","Sequence Sequence 2","21.32","",""
"23/10/2025 09:45:00 - 23/10/2025 10:00:00","BZN|FR","Without Sequence","21.32","",""
"23/10/2025 10:00:00 - 23/10/2025 10:15:00","BZN|FR","Sequence Sequence 2","19.99","",""
"23/10/2025 10:00:00 - 23/10/2025 10:15:00","BZN|FR","Without Sequence","19.99","",""
"23/10/2025 10:15:00 - 23/10/2025 10:30:00","BZN|FR","Sequence Sequence 2","14.97","",""
"23/10/2025 10:15:00 - 23/10/2025 10:30:00","BZN|FR","Without Sequence","14.97","",""
"23/10/2025 10:30:00 - 23/10/2025 10:45:00","BZN|FR","Sequence Sequence 2","5.37","",""
"23/10/2025 10:30:00 - 23/10/2025 10:45:00","BZN|FR","Without Sequence","5.37","",""
"23/10/2025 10:45:00 - 23/10/2025 11:00:00","BZN|FR","Sequence Sequence 2","0.00","",""
"23/10/2025 10:45:00 - 23/10/2025 11:00:00","BZN|FR","Without Sequence","0.00","",""
"23/10/2025 11:00:00 - 23/10/2025 11:15:00","BZN|FR","Sequence Sequence 2","20.31","",""
"23/10/2025 11:00:00 - 23/10/2025 11:15:00","BZN|FR","Without Sequence","20.31","",""
"23/10/2025 11:15:00 - 23/10/2025 11:30:00","BZN|FR","Sequence Sequence 2","6.72","",""
"23/10/2025 11:15:00 - 23/10/2025 11:30:00","BZN|FR","Without Sequence","6.72","",""
"23/10/2025 11:30:00 - 23/10/2025 11:45:00","BZN|FR","Sequence Sequence 2","7.03","",""
"23/10/2025 11:30:00 - 23/10/2025 11:45:00","BZN|FR","Without Sequence","7.03","",""
"23/10/2025 11:45:00 - 23/10/2025 12:00:00","BZN|FR","Sequence Sequence 2","3.61","",""
"23/10/2025 11:45:00 - 23/10/2025 12:00:00","BZN|FR","Without Sequence","3.61","",""
"23/10/2025 12:00:00 - 23/10/2025 12:15:00","BZN|FR","Sequence Sequence 2","2.89","",""
"23/10/2025 12:00:00 - 23/10/2025 12:15:00","BZN|FR","Without Sequence","2.89","",""
"23/10/2025 12:15:00 - 23/10/2025 12:30:00","BZN|FR","Sequence Sequence 2","0.05","",""
"23/10/2025 12:15:00 - 23/10/2025 12:30:00","BZN|FR","Without Sequence","0.05","",""
"23/10/2025 12:30:00 - 23/10/2025 12:45:00","BZN|FR","Sequence Sequence 2","2.76","",""
"23/10/2025 12:30:00 - 23/10/2025 12:45:00","BZN|FR","Without Sequence","2.76","",""
"23/10/2025 12:45:00 - 23/10/2025 13:00:00","BZN|FR","Sequence Sequence 2","5.92","",""
"23/10/2025 12:45:00 - 23/10/2025 13:00:00","BZN|FR","Without Sequence","5.92","",""
"23/10/2025 13:00:00 - 23/10/2025 13:15:00","BZN|FR","Sequence Sequence 2","0.01","",""
"23/10/2025 13:00:00 - 23/10/2025 13:15:00","BZN|FR","Without Sequence","0.01","",""
"23/10/2025 13:15:00 - 23/10/2025 13:30:00","BZN|FR","Sequence Sequence 2","0.00","",""
"23/10/2025 13:15:00 - 23/10/2025 13:30:00","BZN|FR","Without Sequence","0.00","",""
"23/10/2025 13:30:00 - 23/10/2025 13:45:00","BZN|FR","Sequence Sequence 2","0.00","",""
"23/10/2025 13:30:00 - 23/10/2025 13:45:00","BZN|FR","Without Sequence","0.00","",""
"23/10/2025 13:45:00 - 23/10/2025 14:00:00","BZN|FR","Sequence Sequence 2","0.00","",""
"23/10/2025 13:45:00 - 23/10/2025 14:00:00","BZN|FR","Without Sequence","0.00","",""
"23/10/2025 14:00:00 - 23/10/2025 14:15:00","BZN|FR","Sequence Sequence 2","0.00","",""
"23/10/2025 14:00:00 - 23/10/2025 14:15:00","BZN|FR","Without Sequence","0.00","",""
"23/10/2025 14:15:00 - 23/10/2025 14:30:00","BZN|FR","Sequence Sequence 2","0.00","",""
"23/10/2025 14:15:00 - 23/10/2025 14:30:00","BZN|FR","Without Sequence","0.00","",""
"23/10/2025 14:30:00 - 23/10/2025 14:45:00","BZN|FR","Sequence Sequence 2","-0.01","",""
"23/10/2025 14:30:00 - 23/10/2025 14:45:00","BZN|FR","Without Sequence","-0.01","",""
"23/10/2025 14:45:00 - 23/10/2025 15:00:00","BZN|FR","Sequence Sequence 2","-0.01","",""
"23/10/2025 14:45:00 - 23/10/2025 15:00:00","BZN|FR","Without Sequence","-0.01","",""
"23/10/2025 15:00:00 - 23/10/2025 15:15:00","BZN|FR","Sequence Sequence 2","-0.01","",""
"23/10/2025 15:00:00 - 23/10/2025 15:15:00","BZN|FR","Without Sequence","-0.01","",""
"23/10/2025 15:15:00 - 23/10/2025 15:30:00","BZN|FR","Sequence Sequence 2","0.00","",""
"23/10/2025 15:15:00 - 23/10/2025 15:30:00","BZN|FR","Without Sequence","0.00","",""
"23/10/2025 15:30:00 - 23/10/2025 15:45:00","BZN|FR","Sequence Sequence 2","0.00","",""
"23/10/2025 15:30:00 - 23/10/2025 15:45:00","BZN|FR","Without Sequence","0.00","",""
"23/10/2025 15:45:00 - 23/10/2025 16:00:00","BZN|FR","Sequence Sequence 2","0.00","",""
"23/10/2025 15:45:00 - 23/10/2025 16:00:00","BZN|FR","Without Sequence","0.00","",""
"23/10/2025 16:00:00 - 23/10/2025 16:15:00","BZN|FR","Sequence Sequence 2","0.00","",""
"23/10/2025 16:00:00 - 23/10/2025 16:15:00","BZN|FR","Without Sequence","0.00","",""
"23/10/2025 16:15:00 - 23/10/2025 16:30:00","BZN|FR","Sequence Sequence 2","-0.01","",""
"23/10/2025 16:15:00 - 23/10/2025 16:30:00","BZN|FR","Without Sequence","-0.01","",""
"23/10/2025 16:30:00 - 23/10/2025 16:45:00","BZN|FR","Sequence Sequence 2","0.00","",""
"23/10/2025 16:30:00 - 23/10/2025 16:45:00","BZN|FR","Without Sequence","0.00","",""
"23/10/2025 16:45:00 - 23/10/2025 17:00:00","BZN|FR","Sequence Sequence 2","0.00","",""
"23/10/2025 16:45:00 - 23/10/2025 17:00:00","BZN|FR","Without Sequence","0.00","",""
"23/10/2025 17:00:00 - 23/10/2025 17:15:00","BZN|FR","Sequence Sequence 2","0.00","",""
"23/10/2025 17:00:00 - 23/10/2025 17:15:00","BZN|FR","Without Sequence","0.00","",""
"23/10/2025 17:15:00 - 23/10/2025 17:30:00","BZN|FR","Sequence Sequence 2","0.09","",""
"23/10/2025 17:15:00 - 23/10/2025 17:30:00","BZN|FR","Without Sequence","0.09","",""
"23/10/2025 17:30:00 - 23/10/2025 17:45:00","BZN|FR","Sequence Sequence 2","3.52","",""
"23/10/2025 17:30:00 - 23/10/2025 17:45:00","BZN|FR","Without Sequence","3.52","",""
"23/10/2025 17:45:00 - 23/10/2025 18:00:00","BZN|FR","Sequence Sequence 2","4.39","",""
"23/10/2025 17:45:00 - 23/10/2025 18:00:00","BZN|FR","Without Sequence","4.39","",""
"23/10/2025 18:00:00 - 23/10/2025 18:15:00","BZN|FR","Sequence Sequence 2","2.40","",""
"23/10/2025 18:00:00 - 23/10/2025 18:15:00","BZN|FR","Without Sequence","2.40","",""
"23/10/2025 18:15:00 - 23/10/2025 18:30:00","BZN|FR","Sequence Sequence 2","10.01","",""
"23/10/2025 18:15:00 - 23/10/2025 18:30:00","BZN|FR","Without Sequence","10.01","",""
"23/10/2025 18:30:00 - 23/10/2025 18:45:00","BZN|FR","Sequence Sequence 2","28.46","",""
"23/10/2025 18:30:00 - 23/10/2025 18:45:00","BZN|FR","Without Sequence","28.46","",""
"23/10/2025 18:45:00 - 23/10/2025 19:00:00","BZN|FR","Sequence Sequence 2","35.02","",""
"23/10/2025 18:45:00 - 23/10/2025 19:00:00","BZN|FR","Without Sequence","35.02","",""
"23/10/2025 19:00:00 - 23/10/2025 19:15:00","BZN|FR","Sequence Sequence 2","54.14","",""
"23/10/2025 19:00:00 - 23/10/2025 19:15:00","BZN|FR","Without Sequence","54.14","",""
"23/10/2025 19:15:00 - 23/10/2025 19:30:00","BZN|FR","Sequence Sequence 2","61.28","",""
"23/10/2025 19:15:00 - 23/10/2025 19:30:00","BZN|FR","Without Sequence","61.28","",""
"23/10/2025 19:30:00 - 23/10/2025 19:45:00","BZN|FR","Sequence Sequence 2","60.12","",""
"23/10/2025 19:30:00 - 23/10/2025 19:45:00","BZN|FR","Without Sequence","60.12","",""
"23/10/2025 19:45:00 - 23/10/2025 20:00:00","BZN|FR","Sequence Sequence 2","7.69","",""
"23/10/2025 19:45:00 - 23/10/2025 20:00:00","BZN|FR","Without Sequence","7.69","",""
"23/10/2025 20:00:00 - 23/10/2025 20:15:00","BZN|FR","Sequence Sequence 2","41.97","",""
"23/10/2025 20:00:00 - 23/10/2025 20:15:00","BZN|FR","Without Sequence","41.97","",""
"23/10/2025 20:15:00 - 23/10/2025 20:30:00","BZN|FR","Sequence Sequence 2","27.96","",""
"23/10/2025 20:15:00 - 23/10/2025 20:30:00","BZN|FR","Without Sequence","27.96","",""
"23/10/2025 20:30:00 - 23/10/2025 20:45:00","BZN|FR","Sequence Sequence 2","27.47","",""
"23/10/2025 20:30:00 - 23/10/2025 20:45:00","BZN|FR","Without Sequence","27.47","",""
"23/10/2025 20:45:00 - 23/10/2025 21:00:00","BZN|FR","Sequence Sequence 2","5.26","",""
"23/10/2025 20:45:00 - 23/10/2025 21:00:00","BZN|FR","Without Sequence","5.26","",""
"23/10/2025 21:00:00 - 23/10/2025 21:15:00","BZN|FR","Sequence Sequence 2","31.72","",""
"23/10/2025 21:00:00 - 23/10/2025 21:15:00","BZN|FR","Without Sequence","31.72","",""
"23/10/2025 21:15:00 - 23/10/2025 21:30:00","BZN|FR","Sequence Sequence 2","30.09","",""
"23/10/2025 21:15:00 - 23/10/2025 21:30:00","BZN|FR","Without Sequence","30.09","",""
"23/10/2025 21:30:00 - 23/10/2025 21:45:00","BZN|FR","Sequence Sequence 2","8.53","",""
"23/10/2025 21:30:00 - 23/10/2025 21:45:00","BZN|FR","Without Sequence","8.53","",""
"23/10/2025 21:45:00 - 23/10/2025 22:00:00","BZN|FR","Sequence Sequence 2","0.00","",""
"23/10/2025 21:45:00 - 23/10/2025 22:00:00","BZN|FR","Without Sequence","0.00","",""
"23/10/2025 22:00:00 - 23/10/2025 22:15:00","BZN|FR","Sequence Sequence 2","10.83","",""
"23/10/2025 22:00:00 - 23/10/2025 22:15:00","BZN|FR","Without Sequence","10.83","",""
"23/10/2025 22:15:00 - 23/10/2025 22:30:00","BZN|FR","Sequence Sequence 2","20.88","",""
"23/10/2025 22:15:00 - 23/10/2025 22:30:00","BZN|FR","Without Sequence","20.88","",""
"23/10/2025 22:30:00 - 23/10/2025 22:45:00","BZN|FR","Sequence Sequence 2","35.41","",""
"23/10/2025 22:30:00 - 23/10/2025 22:45:00","BZN|FR","Without Sequence","35.41","",""
"23/10/2025 22:45:00 - 23/10/2025 23:00:00","BZN|FR","Sequence Sequence 2","31.00","",""
"23/10/2025 22:45:00 - 23/10/2025 23:00:00","BZN|FR","Without Sequence","31.00","",""
"23/10/2025 23:00:00 - 23/10/2025 23:15:00","BZN|FR","Sequence Sequence 2","21.92","",""
"23/10/2025 23:00:00 - 23/10/2025 23:15:00","BZN|FR","Without Sequence","21.92","",""
"23/10/2025 23:15:00 - 23/10/2025 23:30:00","BZN|FR","Sequence Sequence 2","10.99","",""
"23/10/2025 23:15:00 - 23/10/2025 23:30:00","BZN|FR","Without Sequence","10.99","",""
"23/10/2025 23:30:00 - 23/10/2025 23:45:00","BZN|FR","Sequence Sequence 2","19.36","",""
"23/10/2025 23:30:00 - 23/10/2025 23:45:00","BZN|FR","Without Sequence","19.36","",""
"23/10/2025 23:45:00 - 24/10/2025 00:00:00","BZN|FR","Sequence Sequence 2","17.59","",""
"23/10/2025 23:45:00 - 24/10/2025 00:00:00","BZN|FR","Without Sequence","17.59","",""
"24/10/2025 00:00:00 - 24/10/2025 00:15:00","BZN|FR","Sequence Sequence 2","16.32","",""
"24/10/2025 00:00:00 - 24/10/2025 00:15:00","BZN|FR","Without Sequence","16.32","",""
"24/10/2025 00:15:00 - 24/10/2025 00:30:00","BZN|FR","Sequence Sequence 2","22.39","",""
"24/10/2025 00:15:00 - 24/10/2025 00:30:00","BZN|FR","Without Sequence","22.39","",""
"24/10/2025 00:30:00 - 24/10/2025 00:45:00","BZN|FR","Sequence Sequence 2","13.26","",""
"24/10/2025 00:30:00 - 24/10/2025 00:45:00","BZN|FR","Without Sequence","13.26","",""
"24/10/2025 00:45:00 - 24/10/2025 01:00:00","BZN|FR","Sequence Sequence 2","11.62","",""
"24/10/2025 00:45:00 - 24/10/2025 01:00:00","BZN|FR","Without Sequence","11.62","",""
"24/10/2025 01:00:00 - 24/10/2025 01:15:00","BZN|FR","Sequence Sequence 2","12.33","",""
"24/10/2025 01:00:00 - 24/10/2025 01:15:00","BZN|FR","Without Sequence","12.33","",""
"24/10/2025 01:15:00 - 24/10/2025 01:30:00","BZN|FR","Sequence Sequence 2","12.47","",""
"24/10/2025 01:15:00 - 24/10/2025 01:30:00","BZN|FR","Without Sequence","12.47","",""
"24/10/2025 01:30:00 - 24/10/2025 01:45:00","BZN|FR","Sequence Sequence 2","11.00","",""
"24/10/2025 01:30:00 - 24/10/2025 01:45:00","BZN|FR","Without Sequence","11.00","",""
"24/10/2025 01:45:00 - 24/10/2025 02:00:00","BZN|FR","Sequence Sequence 2","7.89","",""
"24/10/2025 01:45:00 - 24/10/2025 02:00:00","BZN|FR","Without Sequence","7.89","",""
"24/10/2025 02:00:00 - 24/10/2025 02:15:00","BZN|FR","Sequence Sequence 2","12.31","",""
"24/10/2025 02:00:00 - 24/10/2025 02:15:00","BZN|FR","Without Sequence","12.31","",""
"24/10/2025 02:15:00 - 24/10/2025 02:30:00","BZN|FR","Sequence Sequence 2","9.23","",""
"24/10/2025 02:15:00 - 24/10/2025 02:30:00","BZN|FR","Without Sequence","9.23","",""
"24/10/2025 02:30:00 - 24/10/2025 02:45:00","BZN|FR","Sequence Sequence 2","6.68","",""
"24/10/2025 02:30:00 - 24/10/2025 02:45:00","BZN|FR","Without Sequence","6.68","",""
"24/10/2025 02:45:00 - 24/10/2025 03:00:00","BZN|FR","Sequence Sequence 2","5.50","",""
"24/10/2025 02:45:00 - 24/10/2025 03:00:00","BZN|FR","Without Sequence","5.50","",""
"24/10/2025 03:00:00 - 24/10/2025 03:15:00","BZN|FR","Sequence Sequence 2","5.30","",""
"24/10/2025 03:00:00 - 24/10/2025 03:15:00","BZN|FR","Without Sequence","5.30","",""
"24/10/2025 03:15:00 - 24/10/2025 03:30:00","BZN|FR","Sequence Sequence 2","3.95","",""
"24/10/2025 03:15:00 - 24/10/2025 03:30:00","BZN|FR","Without Sequence","3.95","",""
"24/10/2025 03:30:00 - 24/10/2025 03:45:00","BZN|FR","Sequence Sequence 2","2.38","",""
"24/10/2025 03:30:00 - 24/10/2025 03:45:00","BZN|FR","Without Sequence","2.38","",""
"24/10/2025 03:45:00 - 24/10/2025 04:00:00","BZN|FR","Sequence Sequence 2","2.38","",""
"24/10/2025 03:45:00 - 24/10/2025 04:00:00","BZN|FR","Without Sequence","2.38","",""
"24/10/2025 04:00:00 - 24/10/2025 04:15:00","BZN|FR","Sequence Sequence 2","2.86","",""
"24/10/2025 04:00:00 - 24/10/2025 04:15:00","BZN|FR","Without Sequence","2.86","",""
"24/10/2025 04:15:00 - 24/10/2025 04:30:00","BZN|FR","Sequence Sequence 2","4.75","",""
"24/10/2025 04:15:00 - 24/10/2025 04:30:00","BZN|FR","Without Sequence","4.75","",""
"24/10/2025 04:30:00 - 24/10/2025 04:45:00","BZN|FR","Sequence Sequence 2","5.36","",""
"24/10/2025 04:30:00 - 24/10/2025 04:45:00","BZN|FR","Without Sequence","5.36","",""
"24/10/2025 04:45:00 - 24/10/2025 05:00:00","BZN|FR","Sequence Sequence 2","6.67","",""
"24/10/2025 04:45:00 - 24/10/2025 05:00:00","BZN|FR","Without Sequence","6.67","",""
"24/10/2025 05:00:00 - 24/10/2025 05:15:00","BZN|FR","Sequence Sequence 2","4.13","",""
"24/10/2025 05:00:00 - 24/10/2025 05:15:00","BZN|FR","Without Sequence","4.13","",""
"24/10/2025 05:15:00 - 24/10/2025 05:30:00","BZN|FR","Sequence Sequence 2","5.84","",""
"24/10/2025 05:15:00 - 24/10/2025 05:30:00","BZN|FR","Without Sequence","5.84","",""
"24/10/2025 05:30:00 - 24/10/2025 05:45:00","BZN|FR","Sequence Sequence 2","11.34","",""
"24/10/2025 05:30:00 - 24/10/2025 05:45:00","BZN|FR","Without Sequence","11.34","",""
"24/10/2025 05:45:00 - 24/10/2025 06:00:00","BZN|FR","Sequence Sequence 2","14.40","",""
"24/10/2025 05:45:00 - 24/10/2025 06:00:00","BZN|FR","Without Sequence","14.40","",""
"24/10/2025 06:00:00 - 24/10/2025 06:15:00","BZN|FR","Sequence Sequence 2","9.74","",""
"24/10/2025 06:00:00 - 24/10/2025 06:15:00","BZN|FR","Without Sequence","9.74","",""
"24/10/2025 06:15:00 - 24/10/2025 06:30:00","BZN|FR","Sequence Sequence 2","20.74","",""
"24/10/2025 06:15:00 - 24/10/2025 06:30:00","BZN|FR","Without Sequence","20.74","",""
"24/10/2025 06:30:00 - 24/10/2025 06:45:00","BZN|FR","Sequence Sequence 2","15.43","",""
"24/10/2025 06:30:00 - 24/10/2025 06:45:00","BZN|FR","Without Sequence","15.43","",""
"24/10/2025 06:45:00 - 24/10/2025 07:00:00","BZN|FR","Sequence Sequence 2","24.50","",""
"24/10/2025 06:45:00 - 24/10/2025 07:00:00","BZN|FR","Without Sequence","24.50","",""
"24/10/2025 07:00:00 - 24/10/2025 07:15:00","BZN|FR","Sequence Sequence 2","26.90","",""
"24/10/2025 07:00:00 - 24/10/2025 07:15:00","BZN|FR","Without Sequence","26.90","",""
"24/10/2025 07:15:00 - 24/10/2025 07:30:00","BZN|FR","Sequence Sequence 2","66.84","",""
"24/10/2025 07:15:00 - 24/10/2025 07:30:00","BZN|FR","Without Sequence","66.84","",""
"24/10/2025 07:30:00 - 24/10/2025 07:45:00","BZN|FR","Sequence Sequence 2","81.26","",""
"24/10/2025 07:30:00 - 24/10/2025 07:45:00","BZN|FR","Without Sequence","81.26","",""
"24/10/2025 07:45:00 - 24/10/2025 08:00:00","BZN|FR","Sequence Sequence 2","87.90","",""
"24/10/2025 07:45:00 - 24/10/2025 08:00:00","BZN|FR","Without Sequence","87.90","",""
"24/10/2025 08:00:00 - 24/10/2025 08:15:00","BZN|FR","Sequence Sequence 2","97.73","",""
"24/10/2025 08:00:00 - 24/10/2025 08:15:00","BZN|FR","Without Sequence","97.73","",""
"24/10/2025 08:15:00 - 24/10/2025 08:30:00","BZN|FR","Sequence Sequence 2","100.97","",""
"24/10/2025 08:15:00 - 24/10/2025 08:30:00","BZN|FR","Without Sequence","100.97","",""
"24/10/2025 08:30:00 - 24/10/2025 08:45:00","BZN|FR","Sequence Sequence 2","97.82","",""
"24/10/2025 08:30:00 - 24/10/2025 08:45:00","BZN|FR","Without Sequence","97.82","",""
"24/10/2025 08:45:00 - 24/10/2025 09:00:00","BZN|FR","Sequence Sequence 2","91.30","",""
"24/10/2025 08:45:00 - 24/10/2025 09:00:00","BZN|FR","Without Sequence","91.30","",""
"24/10/2025 09:00:00 - 24/10/2025 09:15:00","BZN|FR","Sequence Sequence 2","101.73","",""
"24/10/2025 09:00:00 - 24/10/2025 09:15:00","BZN|FR","Without Sequence","101.73","",""
"24/10/2025 09:15:00 - 24/10/2025 09:30:00","BZN|FR","Sequence Sequence 2","94.07","",""
"24/10/2025 09:15:00 - 24/10/2025 09:30:00","BZN|FR","Without Sequence","94.07","",""
"24/10/2025 09:30:00 - 24/10/2025 09:45:00","BZN|FR","Sequence Sequence 2","85.90","",""
"24/10/2025 09:30:00 - 24/10/2025 09:45:00","BZN|FR","Without Sequence","85.90","",""
"24/10/2025 09:45:00 - 24/10/2025 10:00:00","BZN|FR","Sequence Sequence 2","71.64","",""
"24/10/2025 09:45:00 - 24/10/2025 10:00:00","BZN|FR","Without Sequence","71.64","",""
"24/10/2025 10:00:00 - 24/10/2025 10:15:00","BZN|FR","Sequence Sequence 2","88.46","",""
"24/10/2025 10:00:00 - 24/10/2025 10:15:00","BZN|FR","Without Sequence","88.46","",""
"24/10/2025 10:15:00 - 24/10/2025 10:30:00","BZN|FR","Sequence Sequence 2","75.02","",""
"24/10/2025 10:15:00 - 24/10/2025 10:30:00","BZN|FR","Without Sequence","75.02","",""
"24/10/2025 10:30:00 - 24/10/2025 10:45:00","BZN|FR","Sequence Sequence 2","59.22","",""
"24/10/2025 10:30:00 - 24/10/2025 10:45:00","BZN|FR","Without Sequence","59.22","",""
"24/10/2025 10:45:00 - 24/10/2025 11:00:00","BZN|FR","Sequence Sequence 2","45.62","",""
"24/10/2025 10:45:00 - 24/10/2025 11:00:00","BZN|FR","Without Sequence","45.62","",""
"24/10/2025 11:00:00 - 24/10/2025 11:15:00","BZN|FR","Sequence Sequence 2","63.58","",""
"24/10/2025 11:00:00 - 24/10/2025 11:15:00","BZN|FR","Without Sequence","63.58","",""
"24/10/2025 11:15:00 - 24/10/2025 11:30:00","BZN|FR","Sequence Sequence 2","53.99","",""
"24/10/2025 11:15:00 - 24/10/2025 11:30:00","BZN|FR","Without Sequence","53.99","",""
"24/10/2025 11:30:00 - 24/10/2025 11:45:00","BZN|FR","Sequence Sequence 2","37.67","",""
"24/10/2025 11:30:00 - 24/10/2025 11:45:00","BZN|FR","Without Sequence","37.67","",""
"24/10/2025 11:45:00 - 24/10/2025 12:00:00","BZN|FR","Sequence Sequence 2","24.88","",""
"24/10/2025 11:45:00 - 24/10/2025 12:00:00","BZN|FR","Without Sequence","24.88","",""
"24/10/2025 12:00:00 - 24/10/2025 12:15:00","BZN|FR","Sequence Sequence 2","27.57","",""
"24/10/2025 12:00:00 - 24/10/2025 12:15:00","BZN|FR","Without Sequence","27.57","",""
"24/10/2025 12:15:00 - 24/10/2025 12:30:00","BZN|FR","Sequence Sequence 2","19.58","",""
"24/10/2025 12:15:00 - 24/10/2025 12:30:00","BZN|FR","Without Sequence","19.58","",""
"24/10/2025 12:30:00 - 24/10/2025 12:45:00","BZN|FR","Sequence Sequence 2","17.62","",""
"24/10/2025 12:30:00 - 24/10/2025 12:45:00","BZN|FR","Without Sequence","17.62","",""
"24/10/2025 12:45:00 - 24/10/2025 13:00:00","BZN|FR","Sequence Sequence 2","14.73","",""
"24/10/2025 12:45:00 - 24/10/2025 13:00:00","BZN|FR","Without Sequence","14.73","",""
"24/10/2025 13:00:00 - 24/10/2025 13:15:00","BZN|FR","Sequence Sequence 2","15.66","",""
"24/10/2025 13:00:00 - 24/10/2025 13:15:00","BZN|FR","Without Sequence","15.66","",""
"24/10/2025 13:15:00 - 24/10/2025 13:30:00","BZN|FR","Sequence Sequence 2","13.57","",""
"24/10/2025 13:15:00 - 24/10/2025 13:30:00","BZN|FR","Without Sequence","13.57","",""
"24/10/2025 13:30:00 - 24/10/2025 13:45:00","BZN|FR","Sequence Sequence 2","8.02","",""
"24/10/2025 13:30:00 - 24/10/2025 13:45:00","BZN|FR","Without Sequence","8.02","",""
"24/10/2025 13:45:00 - 24/10/2025 14:00:00","BZN|FR","Sequence Sequence 2","7.24","",""
"24/10/2025 13:45:00 - 24/10/2025 14:00:00","BZN|FR","Without Sequence","7.24","",""
"24/10/2025 14:00:00 - 24/10/2025 14:15:00","BZN|FR","Sequence Sequence 2","9.65","",""
"24/10/2025 14:00:00 - 24/10/2025 14:15:00","BZN|FR","Without Sequence","9.65","",""
"24/10/2025 14:15:00 - 24/10/2025 14:30:00","BZN|FR","Sequence Sequence 2","10.12","",""
"24/10/2025 14:15:00 - 24/10/2025 14:30:00","BZN|FR","Without Sequence","10.12","",""
"24/10/2025 14:30:00 - 24/10/2025 14:45:00","BZN|FR","Sequence Sequence 2","10.03","",""
"24/10/2025 14:30:00 - 24/10/2025 14:45:00","BZN|FR","Without Sequence","10.03","",""
"24/10/2025 14:45:00 - 24/10/2025 15:00:00","BZN|FR","Sequence Sequence 2","11.39","",""
"24/10/2025 14:45:00 - 24/10/2025 15:00:00","BZN|FR","Without Sequence","11.39","",""
"24/10/2025 15:00:00 - 24/10/2025 15:15:00","BZN|FR","Sequence Sequence 2","9.22","",""
"24/10/2025 15:00:00 - 24/10/2025 15:15:00","BZN|FR","Without Sequence","9.22","",""
"24/10/2025 15:15:00 - 24/10/2025 15:30:00","BZN|FR","Sequence Sequence 2","12.60","",""
"24/10/2025 15:15:00 - 24/10/2025 15:30:00","BZN|FR","Without Sequence","12.60","",""
"24/10/2025 15:30:00 - 24/10/2025 15:45:00","BZN|FR","Sequence Sequence 2","16.59","",""
"24/10/2025 15:30:00 - 24/10/2025 15:45:00","BZN|FR","Without Sequence","16.59","",""
"24/10/2025 15:45:00 - 24/10/2025 16:00:00","BZN|FR","Sequence Sequence 2","22.20","",""
"24/10/2025 15:45:00 - 24/10/2025 16:00:00","BZN|FR","Without Sequence","22.20","",""
"24/10/2025 16:00:00 - 24/10/2025 16:15:00","BZN|FR","Sequence Sequence 2","11.84","",""
"24/10/2025 16:00:00 - 24/10/2025 16:15:00","BZN|FR","Without Sequence","11.84","",""
"24/10/2025 16:15:00 - 24/10/2025 16:30:00","BZN|FR","Sequence Sequence 2","25.00","",""
"24/10/2025 16:15:00 - 24/10/2025 16:30:00","BZN|FR","Without Sequence","25.00","",""
"24/10/2025 16:30:00 - 24/10/2025 16:45:00","BZN|FR","Sequence Sequence 2","40.03","",""
"24/10/2025 16:30:00 - 24/10/2025 16:45:00","BZN|FR","Without Sequence","40.03","",""
"24/10/2025 16:45:00 - 24/10/2025 17:00:00","BZN|FR","Sequence Sequence 2","45.94","",""
"24/10/2025 16:45:00 - 24/10/2025 17:00:00","BZN|FR","Without Sequence","45.94","",""
"24/10/2025 17:00:00 - 24/10/2025 17:15:00","BZN|FR","Sequence Sequence 2","47.70","",""
"24/10/2025 17:00:00 - 24/10/2025 17:15:00","BZN|FR","Without Sequence","47.70","",""
"24/10/2025 17:15:00 - 24/10/2025 17:30:00","BZN|FR","Sequence Sequence 2","55.81","",""
"24/10/2025 17:15:00 - 24/10/2025 17:30:00","BZN|FR","Without Sequence","55.81","",""
"24/10/2025 17:30:00 - 24/10/2025 17:45:00","BZN|FR","Sequence Sequence 2","41.83","",""
"24/10/2025 17:30:00 - 24/10/2025 17:45:00","BZN|FR","Without Sequence","41.83","",""
"24/10/2025 17:45:00 - 24/10/2025 18:00:00","BZN|FR","Sequence Sequence 2","64.13","",""
"24/10/2025 17:45:00 - 24/10/2025 18:00:00","BZN|FR","Without Sequence","64.13","",""
"24/10/2025 18:00:00 - 24/10/2025 18:15:00","BZN|FR","Sequence Sequence 2","73.82","",""
"24/10/2025 18:00:00 - 24/10/2025 18:15:00","BZN|FR","Without Sequence","73.82","",""
"24/10/2025 18:15:00 - 24/10/2025 18:30:00","BZN|FR","Sequence Sequence 2","82.97","",""
"24/10/2025 18:15:00 - 24/10/2025 18:30:00","BZN|FR","Without Sequence","82.97","",""
"24/10/2025 18:30:00 - 24/10/2025 18:45:00","BZN|FR","Sequence Sequence 2","89.56","",""
"24/10/2025 18:30:00 - 24/10/2025 18:45:00","BZN|FR","Without Sequence","89.56","",""
"24/10/2025 18:45:00 - 24/10/2025 19:00:00","BZN|FR","Sequence Sequence 2","97.12","",""
"24/10/2025 18:45:00 - 24/10/2025 19:00:00","BZN|FR","Without Sequence","97.12","",""
"24/10/2025 19:00:00 - 24/10/2025 19:15:00","BZN|FR","Sequence Sequence 2","98.55","",""
"24/10/2025 19:00:00 - 24/10/2025 19:15:00","BZN|FR","Without Sequence","98.55","",""
"24/10/2025 19:15:00 - 24/10/2025 19:30:00","BZN|FR","Sequence Sequence 2","87.97","",""
"24/10/2025 19:15:00 - 24/10/2025 19:30:00","BZN|FR","Without Sequence","87.97","",""
"24/10/2025 19:30:00 - 24/10/2025 19:45:00","BZN|FR","Sequence Sequence 2","83.57","",""
"24/10/2025 19:30:00 - 24/10/2025 19:45:00","BZN|FR","Without Sequence","83.57","",""
"24/10/2025 19:45:00 - 24/10/2025 20:00:00","BZN|FR","Sequence Sequence 2","78.63","",""
"24/10/2025 19:45:00 - 24/10/2025 20:00:00","BZN|FR","Without Sequence","78.63","",""
"24/10/2025 20:00:00 - 24/10/2025 20:15:00","BZN|FR","Sequence Sequence 2","84.58","",""
"24/10/2025 20:00:00 - 24/10/2025 20:15:00","BZN|FR","Without Sequence","84.58","",""
"24/10/2025 20:15:00 - 24/10/2025 20:30:00","BZN|FR","Sequence Sequence 2","71.49","",""
"24/10/2025 20:15:00 - 24/10/2025 20:30:00","BZN|FR","Without Sequence","71.49","",""
"24/10/2025 20:30:00 - 24/10/2025 20:45:00","BZN|FR","Sequence Sequence 2","54.23","",""
"24/10/2025 20:30:00 - 24/10/2025 20:45:00","BZN|FR","Without Sequence","54.23","",""
"24/10/2025 20:45:00 - 24/10/2025 21:00:00","BZN|FR","Sequence Sequence 2","51.30","",""
"24/10/2025 20:45:00 - 24/10/2025 21:00:00","BZN|FR","Without Sequence","51.30","",""
"24/10/2025 21:00:00 - 24/10/2025 21:15:00","BZN|FR","Sequence Sequence 2","69.29","",""
"24/10/2025 21:00:00 - 24/10/2025 21:15:00","BZN|FR","Without Sequence","69.29","",""
"24/10/2025 21:15:00 - 24/10/2025 21:30:00","BZN|FR","Sequence Sequence 2","51.66","",""
"24/10/2025 21:15:00 - 24/10/2025 21:30:00","BZN|FR","Without Sequence","51.66","",""
"24/10/2025 21:30:00 - 24/10/2025 21:45:00","BZN|FR","Sequence Sequence 2","37.17","",""
"24/10/2025 21:30:00 - 24/10/2025 21:45:00","BZN|FR","Without Sequence","37.17","",""
"24/10/2025 21:45:00 - 24/10/2025 22:00:00","BZN|FR","Sequence Sequence 2","15.56","",""
"24/10/2025 21:45:00 - 24/10/2025 22:00:00","BZN|FR","Without Sequence","15.56","",""
"24/10/2025 22:00:00 - 24/10/2025 22:15:00","BZN|FR","Sequence Sequence 2","34.65","",""
"24/10/2025 22:00:00 - 24/10/2025 22:15:00","BZN|FR","Without Sequence","34.65","",""
"24/10/2025 22:15:00 - 24/10/2025 22:30:00","BZN|FR","Sequence Sequence 2","24.56","",""
"24/10/2025 22:15:00 - 24/10/2025 22:30:00","BZN|FR","Without Sequence","24.56","",""
"24/10/2025 22:30:00 - 24/10/2025 22:45:00","BZN|FR","Sequence Sequence 2","34.45","",""
"24/10/2025 22:30:00 - 24/10/2025 22:45:00","BZN|FR","Without Sequence","34.45","",""
"24/10/2025 22:45:00 - 24/10/2025 23:00:00","BZN|FR","Sequence Sequence 2","23.73","",""
"24/10/2025 22:45:00 - 24/10/2025 23:00:00","BZN|FR","Without Sequence","23.73","",""
"24/10/2025 23:00:00 - 24/10/2025 23:15:00","BZN|FR","Sequence Sequence 2","27.27","",""
"24/10/2025 23:00:00 - 24/10/2025 23:15:00","BZN|FR","Without Sequence","27.27","",""
"24/10/2025 23:15:00 - 24/10/2025 23:30:00","BZN|FR","Sequence Sequence 2","11.69","",""
"24/10/2025 23:15:00 - 24/10/2025 23:30:00","BZN|FR","Without Sequence","11.69","",""
"24/10/2025 23:30:00 - 24/10/2025 23:45:00","BZN|FR","Sequence Sequence 2","9.75","",""
"24/10/2025 23:30:00 - 24/10/2025 23:45:00","BZN|FR","Without Sequence","9.75","",""
"24/10/2025 23:45:00 - 25/10/2025 00:00:00","BZN|FR","Sequence Sequence 2","7.71","",""
"24/10/2025 23:45:00 - 25/10/2025 00:00:00","BZN|FR","Without Sequence","7.71","",""
"25/10/2025 00:00:00 - 25/10/2025 00:15:00","BZN|FR","Sequence Sequence 2","7.58","",""
"25/10/2025 00:00:00 - 25/10/2025 00:15:00","BZN|FR","Without Sequence","7.58","",""
"25/10/2025 00:15:00 - 25/10/2025 00:30:00","BZN|FR","Sequence Sequence 2","8.41","",""
"25/10/2025 00:15:00 - 25/10/2025 00:30:00","BZN|FR","Without Sequence","8.41","",""
"25/10/2025 00:30:00 - 25/10/2025 00:45:00","BZN|FR","Sequence Sequence 2","7.59","",""
"25/10/2025 00:30:00 - 25/10/2025 00:45:00","BZN|FR","Without Sequence","7.59","",""
"25/10/2025 00:45:00 - 25/10/2025 01:00:00","BZN|FR","Sequence Sequence 2","6.42","",""
"25/10/2025 00:45:00 - 25/10/2025 01:00:00","BZN|FR","Without Sequence","6.42","",""
"25/10/2025 01:00:00 - 25/10/2025 01:15:00","BZN|FR","Sequence Sequence 2","6.13","",""
"25/10/2025 01:00:00 - 25/10/2025 01:15:00","BZN|FR","Without Sequence","6.13","",""
"25/10/2025 01:15:00 - 25/10/2025 01:30:00","BZN|FR","Sequence Sequence 2","5.82","",""
"25/10/2025 01:15:00 - 25/10/2025 01:30:00","BZN|FR","Without Sequence","5.82","",""
"25/10/2025 01:30:00 - 25/10/2025 01:45:00","BZN|FR","Sequence Sequence 2","4.54","",""
"25/10/2025 01:30:00 - 25/10/2025 01:45:00","BZN|FR","Without Sequence","4.54","",""
"25/10/2025 01:45:00 - 25/10/2025 02:00:00","BZN|FR","Sequence Sequence 2","3.87","",""
"25/10/2025 01:45:00 - 25/10/2025 02:00:00","BZN|FR","Without Sequence","3.87","",""
"25/10/2025 02:00:00 - 25/10/2025 02:15:00","BZN|FR","Sequence Sequence 2","6.20","",""
"25/10/2025 02:00:00 - 25/10/2025 02:15:00","BZN|FR","Without Sequence","6.20","",""
"25/10/2025 02:15:00 - 25/10/2025 02:30:00","BZN|FR","Sequence Sequence 2","5.00","",""
"25/10/2025 02:15:00 - 25/10/2025 02:30:00","BZN|FR","Without Sequence","5.00","",""
"25/10/2025 02:30:00 - 25/10/2025 02:45:00","BZN|FR","Sequence Sequence 2","3.80","",""
"25/10/2025 02:30:00 - 25/10/2025 02:45:00","BZN|FR","Without Sequence","3.80","",""
"25/10/2025 02:45:00 - 25/10/2025 03:00:00","BZN|FR","Sequence Sequence 2","3.59","",""
"25/10/2025 02:45:00 - 25/10/2025 03:00:00","BZN|FR","Without Sequence","3.59","",""
"25/10/2025 03:00:00 - 25/10/2025 03:15:00","BZN|FR","Sequence Sequence 2","4.16","",""
"25/10/2025 03:00:00 - 25/10/2025 03:15:00","BZN|FR","Without Sequence","4.16","",""
"25/10/2025 03:15:00 - 25/10/2025 03:30:00","BZN|FR","Sequence Sequence 2","4.13","",""
"25/10/2025 03:15:00 - 25/10/2025 03:30:00","BZN|FR","Without Sequence","4.13","",""
"25/10/2025 03:30:00 - 25/10/2025 03:45:00","BZN|FR","Sequence Sequence 2","4.10","",""
"25/10/2025 03:30:00 - 25/10/2025 03:45:00","BZN|FR","Without Sequence","4.10","",""
"25/10/2025 03:45:00 - 25/10/2025 04:00:00","BZN|FR","Sequence Sequence 2","3.91","",""
"25/10/2025 03:45:00 - 25/10/2025 04:00:00","BZN|FR","Without Sequence","3.91","",""
"25/10/2025 04:00:00 - 25/10/2025 04:15:00","BZN|FR","Sequence Sequence 2","4.15","",""
"25/10/2025 04:00:00 - 25/10/2025 04:15:00","BZN|FR","Without Sequence","4.15","",""
"25/10/2025 04:15:00 - 25/10/2025 04:30:00","BZN|FR","Sequence Sequence 2","4.06","",""
"25/10/2025 04:15:00 - 25/10/2025 04:30:00","BZN|FR","Without Sequence","4.06","",""
"25/10/2025 04:30:00 - 25/10/2025 04:45:00","BZN|FR","Sequence Sequence 2","4.06","",""
"25/10/2025 04:30:00 - 25/10/2025 04:45:00","BZN|FR","Without Sequence","4.06","",""
"25/10/2025 04:45:00 - 25/10/2025 05:00:00","BZN|FR","Sequence Sequence 2","4.21","",""
"25/10/2025 04:45:00 - 25/10/2025 05:00:00","BZN|FR","Without Sequence","4.21","",""
"25/10/2025 05:00:00 - 25/10/2025 05:15:00","BZN|FR","Sequence Sequence 2","3.95","",""
"25/10/2025 05:00:00 - 25/10/2025 05:15:00","BZN|FR","Without Sequence","3.95","",""
"25/10/2025 05:15:00 - 25/10/2025 05:30:00","BZN|FR","Sequence Sequence 2","4.22","",""
"25/10/2025 05:15:00 - 25/10/2025 05:30:00","BZN|FR","Without Sequence","4.22","",""
"25/10/2025 05:30:00 - 25/10/2025 05:45:00","BZN|FR","Sequence Sequence 2","4.89","",""
"25/10/2025 05:30:00 - 25/10/2025 05:45:00","BZN|FR","Without Sequence","4.89","",""
"25/10/2025 05:45:00 - 25/10/2025 06:00:00","BZN|FR","Sequence Sequence 2","5.54","",""
"25/10/2025 05:45:00 - 25/10/2025 06:00:00","BZN|FR","Without Sequence","5.54","",""
"25/10/2025 06:00:00 - 25/10/2025 06:15:00","BZN|FR","Sequence Sequence 2","4.03","",""
"25/10/2025 06:00:00 - 25/10/2025 06:15:00","BZN|FR","Without Sequence","4.03","",""
"25/10/2025 06:15:00 - 25/10/2025 06:30:00","BZN|FR","Sequence Sequence 2","5.00","",""
"25/10/2025 06:15:00 - 25/10/2025 06:30:00","BZN|FR","Without Sequence","5.00","",""
"25/10/2025 06:30:00 - 25/10/2025 06:45:00","BZN|FR","Sequence Sequence 2","6.11","",""
"25/10/2025 06:30:00 - 25/10/2025 06:45:00","BZN|FR","Without Sequence","6.11","",""
"25/10/2025 06:45:00 - 25/10/2025 07:00:00","BZN|FR","Sequence Sequence 2","8.18","",""
"25/10/2025 06:45:00 - 25/10/2025 07:00:00","BZN|FR","Without Sequence","8.18","",""
"25/10/2025 07:00:00 - 25/10/2025 07:15:00","BZN|FR","Sequence Sequence 2","10.93","",""
"25/10/2025 07:00:00 - 25/10/2025 07:15:00","BZN|FR","Without Sequence","10.93","",""
"25/10/2025 07:15:00 - 25/10/2025 07:30:00","BZN|FR","Sequence Sequence 2","11.80","",""
"25/10/2025 07:15:00 - 25/10/2025 07:30:00","BZN|FR","Without Sequence","11.80","",""
"25/10/2025 07:30:00 - 25/10/2025 07:45:00","BZN|FR","Sequence Sequence 2","12.91","",""
"25/10/2025 07:30:00 - 25/10/2025 07:45:00","BZN|FR","Without Sequence","12.91","",""
"25/10/2025 07:45:00 - 25/10/2025 08:00:00","BZN|FR","Sequence Sequence 2","11.10","",""
"25/10/2025 07:45:00 - 25/10/2025 08:00:00","BZN|FR","Without Sequence","11.10","",""
"25/10/2025 08:00:00 - 25/10/2025 08:15:00","BZN|FR","Sequence Sequence 2","13.62","",""
"25/10/2025 08:00:00 - 25/10/2025 08:15:00","BZN|FR","Without Sequence","13.62","",""
"25/10/2025 08:15:00 - 25/10/2025 08:30:00","BZN|FR","Sequence Sequence 2","13.86","",""
"25/10/2025 08:15:00 - 25/10/2025 08:30:00","BZN|FR","Without Sequence","13.86","",""
"25/10/2025 08:30:00 - 25/10/2025 08:45:00","BZN|FR","Sequence Sequence 2","13.70","",""
"25/10/2025 08:30:00 - 25/10/2025 08:45:00","BZN|FR","Without Sequence","13.70","",""
"25/10/2025 08:45:00 - 25/10/2025 09:00:00","BZN|FR","Sequence Sequence 2","13.56","",""
"25/10/2025 08:45:00 - 25/10/2025 09:00:00","BZN|FR","Without Sequence","13.56","",""
"25/10/2025 09:00:00 - 25/10/2025 09:15:00","BZN|FR","Sequence Sequence 2","19.21","",""
"25/10/2025 09:00:00 - 25/10/2025 09:15:00","BZN|FR","Without Sequence","19.21","",""
"25/10/2025 09:15:00 - 25/10/2025 09:30:00","BZN|FR","Sequence Sequence 2","16.09","",""
"25/10/2025 09:15:00 - 25/10/2025 09:30:00","BZN|FR","Without Sequence","16.09","",""
"25/10/2025 09:30:00 - 25/10/2025 09:45:00","BZN|FR","Sequence Sequence 2","13.96","",""
"25/10/2025 09:30:00 - 25/10/2025 09:45:00","BZN|FR","Without Sequence","13.96","",""
"25/10/2025 09:45:00 - 25/10/2025 10:00:00","BZN|FR","Sequence Sequence 2","9.83","",""
"25/10/2025 09:45:00 - 25/10/2025 10:00:00","BZN|FR","Without Sequence","9.83","",""
"25/10/2025 10:00:00 - 25/10/2025 10:15:00","BZN|FR","Sequence Sequence 2","15.90","",""
"25/10/2025 10:00:00 - 25/10/2025 10:15:00","BZN|FR","Without Sequence","15.90","",""
"25/10/2025 10:15:00 - 25/10/2025 10:30:00","BZN|FR","Sequence Sequence 2","14.12","",""
"25/10/2025 10:15:00 - 25/10/2025 10:30:00","BZN|FR","Without Sequence","14.12","",""
"25/10/2025 10:30:00 - 25/10/2025 10:45:00","BZN|FR","Sequence Sequence 2","12.64","",""
"25/10/2025 10:30:00 - 25/10/2025 10:45:00","BZN|FR","Without Sequence","12.64","",""
"25/10/2025 10:45:00 - 25/10/2025 11:00:00","BZN|FR","Sequence Sequence 2","8.73","",""
"25/10/2025 10:45:00 - 25/10/2025 11:00:00","BZN|FR","Without Sequence","8.73","",""
"25/10/2025 11:00:00 - 25/10/2025 11:15:00","BZN|FR","Sequence Sequence 2","12.28","",""
"25/10/2025 11:00:00 - 25/10/2025 11:15:00","BZN|FR","Without Sequence","12.28","",""
"25/10/2025 11:15:00 - 25/10/2025 11:30:00","BZN|FR","Sequence Sequence 2","8.47","",""
"25/10/2025 11:15:00 - 25/10/2025 11:30:00","BZN|FR","Without Sequence","8.47","",""
"25/10/2025 11:30:00 - 25/10/2025 11:45:00","BZN|FR","Sequence Sequence 2","9.84","",""
"25/10/2025 11:30:00 - 25/10/2025 11:45:00","BZN|FR","Without Sequence","9.84","",""
"25/10/2025 11:45:00 - 25/10/2025 12:00:00","BZN|FR","Sequence Sequence 2","6.27","",""
"25/10/2025 11:45:00 - 25/10/2025 12:00:00","BZN|FR","Without Sequence","6.27","",""
"25/10/2025 12:00:00 - 25/10/2025 12:15:00","BZN|FR","Sequence Sequence 2","7.67","",""
"25/10/2025 12:00:00 - 25/10/2025 12:15:00","BZN|FR","Without Sequence","7.67","",""
"25/10/2025 12:15:00 - 25/10/2025 12:30:00","BZN|FR","Sequence Sequence 2","7.03","",""
"25/10/2025 12:15:00 - 25/10/2025 12:30:00","BZN|FR","Without Sequence","7.03","",""
"25/10/2025 12:30:00 - 25/10/2025 12:45:00","BZN|FR","Sequence Sequence 2","8.22","",""
"25/10/2025 12:30:00 - 25/10/2025 12:45:00","BZN|FR","Without Sequence","8.22","",""
"25/10/2025 12:45:00 - 25/10/2025 13:00:00","BZN|FR","Sequence Sequence 2","6.77","",""
"25/10/2025 12:45:00 - 25/10/2025 13:00:00","BZN|FR","Without Sequence","6.77","",""
"25/10/2025 13:00:00 - 25/10/2025 13:15:00","BZN|FR","Sequence Sequence 2","8.01","",""
"25/10/2025 13:00:00 - 25/10/2025 13:15:00","BZN|FR","Without Sequence","8.01","",""
"25/10/2025 13:15:00 - 25/10/2025 13:30:00","BZN|FR","Sequence Sequence 2","6.85","",""
"25/10/2025 13:15:00 - 25/10/2025 13:30:00","BZN|FR","Without Sequence","6.85","",""
"25/10/2025 13:30:00 - 25/10/2025 13:45:00","BZN|FR","Sequence Sequence 2","6.34","",""
"25/10/2025 13:30:00 - 25/10/2025 13:45:00","BZN|FR","Without Sequence","6.34","",""
"25/10/2025 13:45:00 - 25/10/2025 14:00:00","BZN|FR","Sequence Sequence 2","6.98","",""
"25/10/2025 13:45:00 - 25/10/2025 14:00:00","BZN|FR","Without Sequence","6.98","",""
"25/10/2025 14:00:00 - 25/10/2025 14:15:00","BZN|FR","Sequence Sequence 2","3.91","",""
"25/10/2025 14:00:00 - 25/10/2025 14:15:00","BZN|FR","Without Sequence","3.91","",""
"25/10/2025 14:15:00 - 25/10/2025 14:30:00","BZN|FR","Sequence Sequence 2","6.71","",""
"25/10/2025 14:15:00 - 25/10/2025 14:30:00","BZN|FR","Without Sequence","6.71","",""
"25/10/2025 14:30:00 - 25/10/2025 14:45:00","BZN|FR","Sequence Sequence 2","8.35","",""
"25/10/2025 14:30:00 - 25/10/2025 14:45:00","BZN|FR","Without Sequence","8.35","",""
"25/10/2025 14:45:00 - 25/10/2025 15:00:00","BZN|FR","Sequence Sequence 2","12.67","",""
"25/10/2025 14:45:00 - 25/10/2025 15:00:00","BZN|FR","Without Sequence","12.67","",""
"25/10/2025 15:00:00 - 25/10/2025 15:15:00","BZN|FR","Sequence Sequence 2","5.94","",""
"25/10/2025 15:00:00 - 25/10/2025 15:15:00","BZN|FR","Without Sequence","5.94","",""
"25/10/2025 15:15:00 - 25/10/2025 15:30:00","BZN|FR","Sequence Sequence 2","10.76","",""
"25/10/2025 15:15:00 - 25/10/2025 15:30:00","BZN|FR","Without Sequence","10.76","",""
"25/10/2025 15:30:00 - 25/10/2025 15:45:00","BZN|FR","Sequence Sequence 2","12.20","",""
"25/10/2025 15:30:00 - 25/10/2025 15:45:00","BZN|FR","Without Sequence","12.20","",""
"25/10/2025 15:45:00 - 25/10/2025 16:00:00","BZN|FR","Sequence Sequence 2","12.26","",""
"25/10/2025 15:45:00 - 25/10/2025 16:00:00","BZN|FR","Without Sequence","12.26","",""
"25/10/2025 16:00:00 - 25/10/2025 16:15:00","BZN|FR","Sequence Sequence 2","7.32","",""
"25/10/2025 16:00:00 - 25/10/2025 16:15:00","BZN|FR","Without Sequence","7.32","",""
"25/10/2025 16:15:00 - 25/10/2025 16:30:00","BZN|FR","Sequence Sequence 2","11.21","",""
"25/10/2025 16:15:00 - 25/10/2025 16:30:00","BZN|FR","Without Sequence","11.21","",""
"25/10/2025 16:30:00 - 25/10/2025 16:45:00","BZN|FR","Sequence Sequence 2","10.94","",""
"25/10/2025 16:30:00 - 25/10/2025 16:45:00","BZN|FR","Without Sequence","10.94","",""
"25/10/2025 16:45:00 - 25/10/2025 17:00:00","BZN|FR","Sequence Sequence 2","19.87","",""
"25/10/2025 16:45:00 - 25/10/2025 17:00:00","BZN|FR","Without Sequence","19.87","",""
"25/10/2025 17:00:00 - 25/10/2025 17:15:00","BZN|FR","Sequence Sequence 2","13.19","",""
"25/10/2025 17:00:00 - 25/10/2025 17:15:00","BZN|FR","Without Sequence","13.19","",""
"25/10/2025 17:15:00 - 25/10/2025 17:30:00","BZN|FR","Sequence Sequence 2","23.06","",""
"25/10/2025 17:15:00 - 25/10/2025 17:30:00","BZN|FR","Without Sequence","23.06","",""
"25/10/2025 17:30:00 - 25/10/2025 17:45:00","BZN|FR","Sequence Sequence 2","20.07","",""
"25/10/2025 17:30:00 - 25/10/2025 17:45:00","BZN|FR","Without Sequence","20.07","",""
"25/10/2025 17:45:00 - 25/10/2025 18:00:00","BZN|FR","Sequence Sequence 2","41.66","",""
"25/10/2025 17:45:00 - 25/10/2025 18:00:00","BZN|FR","Without Sequence","41.66","",""
"25/10/2025 18:00:00 - 25/10/2025 18:15:00","BZN|FR","Sequence Sequence 2","43.92","",""
"25/10/2025 18:00:00 - 25/10/2025 18:15:00","BZN|FR","Without Sequence","43.92","",""
"25/10/2025 18:15:00 - 25/10/2025 18:30:00","BZN|FR","Sequence Sequence 2","63.32","",""
"25/10/2025 18:15:00 - 25/10/2025 18:30:00","BZN|FR","Without Sequence","63.32","",""
"25/10/2025 18:30:00 - 25/10/2025 18:45:00","BZN|FR","Sequence Sequence 2","73.60","",""
"25/10/2025 18:30:00 - 25/10/2025 18:45:00","BZN|FR","Without Sequence","73.60","",""
"25/10/2025 18:45:00 - 25/10/2025 19:00:00","BZN|FR","Sequence Sequence 2","79.30","",""
"25/10/2025 18:45:00 - 25/10/2025 19:00:00","BZN|FR","Without Sequence","79.30","",""
"25/10/2025 19:00:00 - 25/10/2025 19:15:00","BZN|FR","Sequence Sequence 2","79.93","",""
"25/10/2025 19:00:00 - 25/10/2025 19:15:00","BZN|FR","Without Sequence","79.93","",""
"25/10/2025 19:15:00 - 25/10/2025 19:30:00","BZN|FR","Sequence Sequence 2","78.09","",""
"25/10/2025 19:15:00 - 25/10/2025 19:30:00","BZN|FR","Without Sequence","78.09","",""
"25/10/2025 19:30:00 - 25/10/2025 19:45:00","BZN|FR","Sequence Sequence 2","73.13","",""
"25/10/2025 19:30:00 - 25/10/2025 19:45:00","BZN|FR","Without Sequence","73.13","",""
"25/10/2025 19:45:00 - 25/10/2025 20:00:00","BZN|FR","Sequence Sequence 2","67.70","",""
"25/10/2025 19:45:00 - 25/10/2025 20:00:00","BZN|FR","Without Sequence","67.70","",""
"25/10/2025 20:00:00 - 25/10/2025 20:15:00","BZN|FR","Sequence Sequence 2","72.72","",""
"25/10/2025 20:00:00 - 25/10/2025 20:15:00","BZN|FR","Without Sequence","72.72","",""
"25/10/2025 20:15:00 - 25/10/2025 20:30:00","BZN|FR","Sequence Sequence 2","54.01","",""
"25/10/2025 20:15:00 - 25/10/2025 20:30:00","BZN|FR","Without Sequence","54.01","",""
"25/10/2025 20:30:00 - 25/10/2025 20:45:00","BZN|FR","Sequence Sequence 2","40.80","",""
"25/10/2025 20:30:00 - 25/10/2025 20:45:00","BZN|FR","Without Sequence","40.80","",""
"25/10/2025 20:45:00 - 25/10/2025 21:00:00","BZN|FR","Sequence Sequence 2","17.12","",""
"25/10/2025 20:45:00 - 25/10/2025 21:00:00","BZN|FR","Without Sequence","17.12","",""
"25/10/2025 21:00:00 - 25/10/2025 21:15:00","BZN|FR","Sequence Sequence 2","43.63","",""
"25/10/2025 21:00:00 - 25/10/2025 21:15:00","BZN|FR","Without Sequence","43.63","",""
"25/10/2025 21:15:00 - 25/10/2025 21:30:00","BZN|FR","Sequence Sequence 2","28.70","",""
"25/10/2025 21:15:00 - 25/10/2025 21:30:00","BZN|FR","Without Sequence","28.70","",""
"25/10/2025 21:30:00 - 25/10/2025 21:45:00","BZN|FR","Sequence Sequence 2","17.27","",""
"25/10/2025 21:30:00 - 25/10/2025 21:45:00","BZN|FR","Without Sequence","17.27","",""
"25/10/2025 21:45:00 - 25/10/2025 22:00:00","BZN|FR","Sequence Sequence 2","12.23","",""
"25/10/2025 21:45:00 - 25/10/2025 22:00:00","BZN|FR","Without Sequence","12.23","",""
"25/10/2025 22:00:00 - 25/10/2025 22:15:00","BZN|FR","Sequence Sequence 2","29.44","",""
"25/10/2025 22:00:00 - 25/10/2025 22:15:00","BZN|FR","Without Sequence","29.44","",""
"25/10/2025 22:15:00 - 25/10/2025 22:30:00","BZN|FR","Sequence Sequence 2","21.27","",""
"25/10/2025 22:15:00 - 25/10/2025 22:30:00","BZN|FR","Without Sequence","21.27","",""
"25/10/2025 22:30:00 - 25/10/2025 22:45:00","BZN|FR","Sequence Sequence 2","24.07","",""
"25/10/2025 22:30:00 - 25/10/2025 22:45:00","BZN|FR","Without Sequence","24.07","",""
"25/10/2025 22:45:00 - 25/10/2025 23:00:00","BZN|FR","Sequence Sequence 2","20.43","",""
"25/10/2025 22:45:00 - 25/10/2025 23:00:00","BZN|FR","Without Sequence","20.43","",""
"25/10/2025 23:00:00 - 25/10/2025 23:15:00","BZN|FR","Sequence Sequence 2","19.27","",""
"25/10/2025 23:00:00 - 25/10/2025 23:15:00","BZN|FR","Without Sequence","19.27","",""
"25/10/2025 23:15:00 - 25/10/2025 23:30:00","BZN|FR","Sequence Sequence 2","12.76","",""
"25/10/2025 23:15:00 - 25/10/2025 23:30:00","BZN|FR","Without Sequence","12.76","",""
"25/10/2025 23:30:00 - 25/10/2025 23:45:00","BZN|FR","Sequence Sequence 2","11.31","",""
"25/10/2025 23:30:00 - 25/10/2025 23:45:00","BZN|FR","Without Sequence","11.31","",""
"25/10/2025 23:45:00 - 26/10/2025 00:00:00","BZN|FR","Sequence Sequence 2","8.19","",""
"25/10/2025 23:45:00 - 26/10/2025 00:00:00","BZN|FR","Without Sequence","8.19","",""
"26/10/2025 00:00:00 - 26/10/2025 00:15:00","BZN|FR","Sequence Sequence 2","19.33","",""
"26/10/2025 00:00:00 - 26/10/2025 00:15:00","BZN|FR","Without Sequence","19.33","",""
"26/10/2025 00:15:00 - 26/10/2025 00:30:00","BZN|FR","Sequence Sequence 2","16.04","",""
"26/10/2025 00:15:00 - 26/10/2025 00:30:00","BZN|FR","Without Sequence","16.04","",""
"26/10/2025 00:30:00 - 26/10/2025 00:45:00","BZN|FR","Sequence Sequence 2","11.48","",""
"26/10/2025 00:30:00 - 26/10/2025 00:45:00","BZN|FR","Without Sequence","11.48","",""
"26/10/2025 00:45:00 - 26/10/2025 01:00:00","BZN|FR","Sequence Sequence 2","7.97","",""
"26/10/2025 00:45:00 - 26/10/2025 01:00:00","BZN|FR","Without Sequence","7.97","",""
"26/10/2025 01:00:00 - 26/10/2025 01:15:00","BZN|FR","Sequence Sequence 2","13.22","",""
"26/10/2025 01:00:00 - 26/10/2025 01:15:00","BZN|FR","Without Sequence","13.22","",""
"26/10/2025 01:15:00 - 26/10/2025 01:30:00","BZN|FR","Sequence Sequence 2","12.67","",""
"26/10/2025 01:15:00 - 26/10/2025 01:30:00","BZN|FR","Without Sequence","12.67","",""
"26/10/2025 01:30:00 - 26/10/2025 01:45:00","BZN|FR","Sequence Sequence 2","12.75","",""
"26/10/2025 01:30:00 - 26/10/2025 01:45:00","BZN|FR","Without Sequence","12.75","",""
"26/10/2025 01:45:00 - 26/10/2025 02:00:00 (CEST)","BZN|FR","Sequence Sequence 2","10.36","",""
"26/10/2025 01:45:00 - 26/10/2025 02:00:00 (CEST)","BZN|FR","Without Sequence","10.36","",""
"26/10/2025 02:00:00 (CEST) - 26/10/2025 02:15:00 (CEST)","BZN|FR","Sequence Sequence 2","43.68","",""
"26/10/2025 02:00:00 (CEST) - 26/10/2025 02:15:00 (CEST)","BZN|FR","Without Sequence","43.68","",""
"26/10/2025 02:15:00 (CEST) - 26/10/2025 02:30:00 (CEST)","BZN|FR","Sequence Sequence 2","10.88","",""
"26/10/2025 02:15:00 (CEST) - 26/10/2025 02:30:00 (CEST)","BZN|FR","Without Sequence","10.88","",""
"26/10/2025 02:30:00 (CEST) - 26/10/2025 02:45:00 (CEST)","BZN|FR","Sequence Sequence 2","5.15","",""
"26/10/2025 02:30:00 (CEST) - 26/10/2025 02:45:00 (CEST)","BZN|FR","Without Sequence","5.15","",""
"26/10/2025 02:45:00 (CEST) - 26/10/2025 02:00:00 (CET)","BZN|FR","Sequence Sequence 2","4.29","",""
"26/10/2025 02:45:00 (CEST) - 26/10/2025 02:00:00 (CET)","BZN|FR","Without Sequence","4.29","",""
"26/10/2025 02:00:00 (CET) - 26/10/2025 02:15:00 (CET)","BZN|FR","Sequence Sequence 2","18.13","",""
"26/10/2025 02:00:00 (CET) - 26/10/2025 02:15:00 (CET)","BZN|FR","Without Sequence","18.13","",""
"26/10/2025 02:15:00 (CET) - 26/10/2025 02:30:00 (CET)","BZN|FR","Sequence Sequence 2","4.88","",""
"26/10/2025 02:15:00 (CET) - 26/10/2025 02:30:00 (CET)","BZN|FR","Without Sequence","4.88","",""
"26/10/2025 02:30:00 (CET) - 26/10/2025 02:45:00 (CET)","BZN|FR","Sequence Sequence 2","4.40","",""
"26/10/2025 02:30:00 (CET) - 26/10/2025 02:45:00 (CET)","BZN|FR","Without Sequence","4.40","",""
"26/10/2025 02:45:00 (CET) - 26/10/2025 03:00:00","BZN|FR","Sequence Sequence 2","2.72","",""
"26/10/2025 02:45:00 (CET) - 26/10/2025 03:00:00","BZN|FR","Without Sequence","2.72","",""
"26/10/2025 03:00:00 - 26/10/2025 03:15:00","BZN|FR","Sequence Sequence 2","3.40","",""
"26/10/2025 03:00:00 - 26/10/2025 03:15:00","BZN|FR","Without Sequence","3.40","",""
"26/10/2025 03:15:00 - 26/10/2025 03:30:00","BZN|FR","Sequence Sequence 2","2.18","",""
"26/10/2025 03:15:00 - 26/10/2025 03:30:00","BZN|FR","Without Sequence","2.18","",""
"26/10/2025 03:30:00 - 26/10/2025 03:45:00","BZN|FR","Sequence Sequence 2","2.36","",""
"26/10/2025 03:30:00 - 26/10/2025 03:45:00","BZN|FR","Without Sequence","2.36","",""
"26/10/2025 03:45:00 - 26/10/2025 04:00:00","BZN|FR","Sequence Sequence 2","2.45","",""
"26/10/2025 03:45:00 - 26/10/2025 04:00:00","BZN|FR","Without Sequence","2.45","",""
"26/10/2025 04:00:00 - 26/10/2025 04:15:00","BZN|FR","Sequence Sequence 2","2.68","",""
"26/10/2025 04:00:00 - 26/10/2025 04:15:00","BZN|FR","Without Sequence","2.68","",""
"26/10/2025 04:15:00 - 26/10/2025 04:30:00","BZN|FR","Sequence Sequence 2","2.74","",""
"26/10/2025 04:15:00 - 26/10/2025 04:30:00","BZN|FR","Without Sequence","2.74","",""
"26/10/2025 04:30:00 - 26/10/2025 04:45:00","BZN|FR","Sequence Sequence 2","2.56","",""
"26/10/2025 04:30:00 - 26/10/2025 04:45:00","BZN|FR","Without Sequence","2.56","",""
"26/10/2025 04:45:00 - 26/10/2025 05:00:00","BZN|FR","Sequence Sequence 2","3.65","",""
"26/10/2025 04:45:00 - 26/10/2025 05:00:00","BZN|FR","Without Sequence","3.65","",""
"26/10/2025 05:00:00 - 26/10/2025 05:15:00","BZN|FR","Sequence Sequence 2","2.48","",""
"26/10/2025 05:00:00 - 26/10/2025 05:15:00","BZN|FR","Without Sequence","2.48","",""
"26/10/2025 05:15:00 - 26/10/2025 05:30:00","BZN|FR","Sequence Sequence 2","2.52","",""
"26/10/2025 05:15:00 - 26/10/2025 05:30:00","BZN|FR","Without Sequence","2.52","",""
"26/10/2025 05:30:00 - 26/10/2025 05:45:00","BZN|FR","Sequence Sequence 2","3.73","",""
"26/10/2025 05:30:00 - 26/10/2025 05:45:00","BZN|FR","Without Sequence","3.73","",""
"26/10/2025 05:45:00 - 26/10/2025 06:00:00","BZN|FR","Sequence Sequence 2","4.78","",""
"26/10/2025 05:45:00 - 26/10/2025 06:00:00","BZN|FR","Without Sequence","4.78","",""
"26/10/2025 06:00:00 - 26/10/2025 06:15:00","BZN|FR","Sequence Sequence 2","5.00","",""
"26/10/2025 06:00:00 - 26/10/2025 06:15:00","BZN|FR","Without Sequence","5.00","",""
"26/10/2025 06:15:00 - 26/10/2025 06:30:00","BZN|FR","Sequence Sequence 2","7.49","",""
"26/10/2025 06:15:00 - 26/10/2025 06:30:00","BZN|FR","Without Sequence","7.49","",""
"26/10/2025 06:30:00 - 26/10/2025 06:45:00","BZN|FR","Sequence Sequence 2","8.79","",""
"26/10/2025 06:30:00 - 26/10/2025 06:45:00","BZN|FR","Without Sequence","8.79","",""
"26/10/2025 06:45:00 - 26/10/2025 07:00:00","BZN|FR","Sequence Sequence 2","8.60","",""
"26/10/2025 06:45:00 - 26/10/2025 07:00:00","BZN|FR","Without Sequence","8.60","",""
"26/10/2025 07:00:00 - 26/10/2025 07:15:00","BZN|FR","Sequence Sequence 2","15.13","",""
"26/10/2025 07:00:00 - 26/10/2025 07:15:00","BZN|FR","Without Sequence","15.13","",""
"26/10/2025 07:15:00 - 26/10/2025 07:30:00","BZN|FR","Sequence Sequence 2","7.16","",""
"26/10/2025 07:15:00 - 26/10/2025 07:30:00","BZN|FR","Without Sequence","7.16","",""
"26/10/2025 07:30:00 - 26/10/2025 07:45:00","BZN|FR","Sequence Sequence 2","7.26","",""
"26/10/2025 07:30:00 - 26/10/2025 07:45:00","BZN|FR","Without Sequence","7.26","",""
"26/10/2025 07:45:00 - 26/10/2025 08:00:00","BZN|FR","Sequence Sequence 2","4.78","",""
"26/10/2025 07:45:00 - 26/10/2025 08:00:00","BZN|FR","Without Sequence","4.78","",""
"26/10/2025 08:00:00 - 26/10/2025 08:15:00","BZN|FR","Sequence Sequence 2","18.81","",""
"26/10/2025 08:00:00 - 26/10/2025 08:15:00","BZN|FR","Without Sequence","18.81","",""
"26/10/2025 08:15:00 - 26/10/2025 08:30:00","BZN|FR","Sequence Sequence 2","14.05","",""
"26/10/2025 08:15:00 - 26/10/2025 08:30:00","BZN|FR","Without Sequence","14.05","",""
"26/10/2025 08:30:00 - 26/10/2025 08:45:00","BZN|FR","Sequence Sequence 2","15.84","",""
"26/10/2025 08:30:00 - 26/10/2025 08:45:00","BZN|FR","Without Sequence","15.84","",""
"26/10/2025 08:45:00 - 26/10/2025 09:00:00","BZN|FR","Sequence Sequence 2","8.11","",""
"26/10/2025 08:45:00 - 26/10/2025 09:00:00","BZN|FR","Without Sequence","8.11","",""
"26/10/2025 09:00:00 - 26/10/2025 09:15:00","BZN|FR","Sequence Sequence 2","19.85","",""
"26/10/2025 09:00:00 - 26/10/2025 09:15:00","BZN|FR","Without Sequence","19.85","",""
"26/10/2025 09:15:00 - 26/10/2025 09:30:00","BZN|FR","Sequence Sequence 2","16.05","",""
"26/10/2025 09:15:00 - 26/10/2025 09:30:00","BZN|FR","Without Sequence","16.05","",""
"26/10/2025 09:30:00 - 26/10/2025 09:45:00","BZN|FR","Sequence Sequence 2","11.86","",""
"26/10/2025 09:30:00 - 26/10/2025 09:45:00","BZN|FR","Without Sequence","11.86","",""
"26/10/2025 09:45:00 - 26/10/2025 10:00:00","BZN|FR","Sequence Sequence 2","8.93","",""
"26/10/2025 09:45:00 - 26/10/2025 10:00:00","BZN|FR","Without Sequence","8.93","",""
"26/10/2025 10:00:00 - 26/10/2025 10:15:00","BZN|FR","Sequence Sequence 2","9.98","",""
"26/10/2025 10:00:00 - 26/10/2025 10:15:00","BZN|FR","Without Sequence","9.98","",""
"26/10/2025 10:15:00 - 26/10/2025 10:30:00","BZN|FR","Sequence Sequence 2","6.29","",""
"26/10/2025 10:15:00 - 26/10/2025 10:30:00","BZN|FR","Without Sequence","6.29","",""
"26/10/2025 10:30:00 - 26/10/2025 10:45:00","BZN|FR","Sequence Sequence 2","3.52","",""
"26/10/2025 10:30:00 - 26/10/2025 10:45:00","BZN|FR","Without Sequence","3.52","",""
"26/10/2025 10:45:00 - 26/10/2025 11:00:00","BZN|FR","Sequence Sequence 2","1.23","",""
"26/10/2025 10:45:00 - 26/10/2025 11:00:00","BZN|FR","Without Sequence","1.23","",""
"26/10/2025 11:00:00 - 26/10/2025 11:15:00","BZN|FR","Sequence Sequence 2","3.52","",""
"26/10/2025 11:00:00 - 26/10/2025 11:15:00","BZN|FR","Without Sequence","3.52","",""
"26/10/2025 11:15:00 - 26/10/2025 11:30:00","BZN|FR","Sequence Sequence 2","2.80","",""
"26/10/2025 11:15:00 - 26/10/2025 11:30:00","BZN|FR","Without Sequence","2.80","",""
"26/10/2025 11:30:00 - 26/10/2025 11:45:00","BZN|FR","Sequence Sequence 2","1.71","",""
"26/10/2025 11:30:00 - 26/10/2025 11:45:00","BZN|FR","Without Sequence","1.71","",""
"26/10/2025 11:45:00 - 26/10/2025 12:00:00","BZN|FR","Sequence Sequence 2","0.99","",""
"26/10/2025 11:45:00 - 26/10/2025 12:00:00","BZN|FR","Without Sequence","0.99","",""
"26/10/2025 12:00:00 - 26/10/2025 12:15:00","BZN|FR","Sequence Sequence 2","1.93","",""
"26/10/2025 12:00:00 - 26/10/2025 12:15:00","BZN|FR","Without Sequence","1.93","",""
"26/10/2025 12:15:00 - 26/10/2025 12:30:00","BZN|FR","Sequence Sequence 2","1.58","",""
"26/10/2025 12:15:00 - 26/10/2025 12:30:00","BZN|FR","Without Sequence","1.58","",""
"26/10/2025 12:30:00 - 26/10/2025 12:45:00","BZN|FR","Sequence Sequence 2","1.59","",""
"26/10/2025 12:30:00 - 26/10/2025 12:45:00","BZN|FR","Without Sequence","1.59","",""
"26/10/2025 12:45:00 - 26/10/2025 13:00:00","BZN|FR","Sequence Sequence 2","1.58","",""
"26/10/2025 12:45:00 - 26/10/2025 13:00:00","BZN|FR","Without Sequence","1.58","",""
"26/10/2025 13:00:00 - 26/10/2025 13:15:00","BZN|FR","Sequence Sequence 2","1.44","",""
"26/10/2025 13:00:00 - 26/10/2025 13:15:00","BZN|FR","Without Sequence","1.44","",""
"26/10/2025 13:15:00 - 26/10/2025 13:30:00","BZN|FR","Sequence Sequence 2","1.72","",""
"26/10/2025 13:15:00 - 26/10/2025 13:30:00","BZN|FR","Without Sequence","1.72","",""
"26/10/2025 13:30:00 - 26/10/2025 13:45:00","BZN|FR","Sequence Sequence 2","3.00","",""
"26/10/2025 13:30:00 - 26/10/2025 13:45:00","BZN|FR","Without Sequence","3.00","",""
"26/10/2025 13:45:00 - 26/10/2025 14:00:00","BZN|FR","Sequence Sequence 2","3.52","",""
"26/10/2025 13:45:00 - 26/10/2025 14:00:00","BZN|FR","Without Sequence","3.52","",""
"26/10/2025 14:00:00 - 26/10/2025 14:15:00","BZN|FR","Sequence Sequence 2","3.52","",""
"26/10/2025 14:00:00 - 26/10/2025 14:15:00","BZN|FR","Without Sequence","3.52","",""
"26/10/2025 14:15:00 - 26/10/2025 14:30:00","BZN|FR","Sequence Sequence 2","4.81","",""
"26/10/2025 14:15:00 - 26/10/2025 14:30:00","BZN|FR","Without Sequence","4.81","",""
"26/10/2025 14:30:00 - 26/10/2025 14:45:00","BZN|FR","Sequence Sequence 2","5.38","",""
"26/10/2025 14:30:00 - 26/10/2025 14:45:00","BZN|FR","Without Sequence","5.38","",""
"26/10/2025 14:45:00 - 26/10/2025 15:00:00","BZN|FR","Sequence Sequence 2","6.20","",""
"26/10/2025 14:45:00 - 26/10/2025 15:00:00","BZN|FR","Without Sequence","6.20","",""
"26/10/2025 15:00:00 - 26/10/2025 15:15:00","BZN|FR","Sequence Sequence 2","4.09","",""
"26/10/2025 15:00:00 - 26/10/2025 15:15:00","BZN|FR","Without Sequence","4.09","",""
"26/10/2025 15:15:00 - 26/10/2025 15:30:00","BZN|FR","Sequence Sequence 2","6.53","",""
"26/10/2025 15:15:00 - 26/10/2025 15:30:00","BZN|FR","Without Sequence","6.53","",""
"26/10/2025 15:30:00 - 26/10/2025 15:45:00","BZN|FR","Sequence Sequence 2","9.86","",""
"26/10/2025 15:30:00 - 26/10/2025 15:45:00","BZN|FR","Without Sequence","9.86","",""
"26/10/2025 15:45:00 - 26/10/2025 16:00:00","BZN|FR","Sequence Sequence 2","18.39","",""
"26/10/2025 15:45:00 - 26/10/2025 16:00:00","BZN|FR","Without Sequence","18.39","",""
"26/10/2025 16:00:00 - 26/10/2025 16:15:00","BZN|FR","Sequence Sequence 2","8.71","",""
"26/10/2025 16:00:00 - 26/10/2025 16:15:00","BZN|FR","Without Sequence","8.71","",""
"26/10/2025 16:15:00 - 26/10/2025 16:30:00","BZN|FR","Sequence Sequence 2","14.81","",""
"26/10/2025 16:15:00 - 26/10/2025 16:30:00","BZN|FR","Without Sequence","14.81","",""
"26/10/2025 16:30:00 - 26/10/2025 16:45:00","BZN|FR","Sequence Sequence 2","20.00","",""
"26/10/2025 16:30:00 - 26/10/2025 16:45:00","BZN|FR","Without Sequence","20.00","",""
"26/10/2025 16:45:00 - 26/10/2025 17:00:00","BZN|FR","Sequence Sequence 2","35.01","",""
"26/10/2025 16:45:00 - 26/10/2025 17:00:00","BZN|FR","Without Sequence","35.01","",""
"26/10/2025 17:00:00 - 26/10/2025 17:15:00","BZN|FR","Sequence Sequence 2","21.83","",""
"26/10/2025 17:00:00 - 26/10/2025 17:15:00","BZN|FR","Without Sequence","21.83","",""
"26/10/2025 17:15:00 - 26/10/2025 17:30:00","BZN|FR","Sequence Sequence 2","31.47","",""
"26/10/2025 17:15:00 - 26/10/2025 17:30:00","BZN|FR","Without Sequence","31.47","",""
"26/10/2025 17:30:00 - 26/10/2025 17:45:00","BZN|FR","Sequence Sequence 2","58.07","",""
"26/10/2025 17:30:00 - 26/10/2025 17:45:00","BZN|FR","Without Sequence","58.07","",""
"26/10/2025 17:45:00 - 26/10/2025 18:00:00","BZN|FR","Sequence Sequence 2","69.68","",""
"26/10/2025 17:45:00 - 26/10/2025 18:00:00","BZN|FR","Without Sequence","69.68","",""
"26/10/2025 18:00:00 - 26/10/2025 18:15:00","BZN|FR","Sequence Sequence 2","63.48","",""
"26/10/2025 18:00:00 - 26/10/2025 18:15:00","BZN|FR","Without Sequence","63.48","",""
"26/10/2025 18:15:00 - 26/10/2025 18:30:00","BZN|FR","Sequence Sequence 2","68.71","",""
"26/10/2025 18:15:00 - 26/10/2025 18:30:00","BZN|FR","Without Sequence","68.71","",""
"26/10/2025 18:30:00 - 26/10/2025 18:45:00","BZN|FR","Sequence Sequence 2","75.61","",""
"26/10/2025 18:30:00 - 26/10/2025 18:45:00","BZN|FR","Without Sequence","75.61","",""
"26/10/2025 18:45:00 - 26/10/2025 19:00:00","BZN|FR","Sequence Sequence 2","58.84","",""
"26/10/2025 18:45:00 - 26/10/2025 19:00:00","BZN|FR","Without Sequence","58.84","",""
"26/10/2025 19:00:00 - 26/10/2025 19:15:00","BZN|FR","Sequence Sequence 2","71.79","",""
"26/10/2025 19:00:00 - 26/10/2025 19:15:00","BZN|FR","Without Sequence","71.79","",""
"26/10/2025 19:15:00 - 26/10/2025 19:30:00","BZN|FR","Sequence Sequence 2","62.69","",""
"26/10/2025 19:15:00 - 26/10/2025 19:30:00","BZN|FR","Without Sequence","62.69","",""
"26/10/2025 19:30:00 - 26/10/2025 19:45:00","BZN|FR","Sequence Sequence 2","53.37","",""
"26/10/2025 19:30:00 - 26/10/2025 19:45:00","BZN|FR","Without Sequence","53.37","",""
"26/10/2025 19:45:00 - 26/10/2025 20:00:00","BZN|FR","Sequence Sequence 2","45.34","",""
"26/10/2025 19:45:00 - 26/10/2025 20:00:00","BZN|FR","Without Sequence","45.34","",""
"26/10/2025 20:00:00 - 26/10/2025 20:15:00","BZN|FR","Sequence Sequence 2","63.56","",""
"26/10/2025 20:00:00 - 26/10/2025 20:15:00","BZN|FR","Without Sequence","63.56","",""
"26/10/2025 20:15:00 - 26/10/2025 20:30:00","BZN|FR","Sequence Sequence 2","42.97","",""
"26/10/2025 20:15:00 - 26/10/2025 20:30:00","BZN|FR","Without Sequence","42.97","",""
"26/10/2025 20:30:00 - 26/10/2025 20:45:00","BZN|FR","Sequence Sequence 2","27.85","",""
"26/10/2025 20:30:00 - 26/10/2025 20:45:00","BZN|FR","Without Sequence","27.85","",""
"26/10/2025 20:45:00 - 26/10/2025 21:00:00","BZN|FR","Sequence Sequence 2","14.82","",""
"26/10/2025 20:45:00 - 26/10/2025 21:00:00","BZN|FR","Without Sequence","14.82","",""
"26/10/2025 21:00:00 - 26/10/2025 21:15:00","BZN|FR","Sequence Sequence 2","28.75","",""
"26/10/2025 21:00:00 - 26/10/2025 21:15:00","BZN|FR","Without Sequence","28.75","",""
"26/10/2025 21:15:00 - 26/10/2025 21:30:00","BZN|FR","Sequence Sequence 2","16.40","",""
"26/10/2025 21:15:00 - 26/10/2025 21:30:00","BZN|FR","Without Sequence","16.40","",""
"26/10/2025 21:30:00 - 26/10/2025 21:45:00","BZN|FR","Sequence Sequence 2","12.95","",""
"26/10/2025 21:30:00 - 26/10/2025 21:45:00","BZN|FR","Without Sequence","12.95","",""
"26/10/2025 21:45:00 - 26/10/2025 22:00:00","BZN|FR","Sequence Sequence 2","9.04","",""
"26/10/2025 21:45:00 - 26/10/2025 22:00:00","BZN|FR","Without Sequence","9.04","",""
"26/10/2025 22:00:00 - 26/10/2025 22:15:00","BZN|FR","Sequence Sequence 2","20.90","",""
"26/10/2025 22:00:00 - 26/10/2025 22:15:00","BZN|FR","Without Sequence","20.90","",""
"26/10/2025 22:15:00 - 26/10/2025 22:30:00","BZN|FR","Sequence Sequence 2","15.90","",""
"26/10/2025 22:15:00 - 26/10/2025 22:30:00","BZN|FR","Without Sequence","15.90","",""
"26/10/2025 22:30:00 - 26/10/2025 22:45:00","BZN|FR","Sequence Sequence 2","24.87","",""
"26/10/2025 22:30:00 - 26/10/2025 22:45:00","BZN|FR","Without Sequence","24.87","",""
"26/10/2025 22:45:00 - 26/10/2025 23:00:00","BZN|FR","Sequence Sequence 2","12.50","",""
"26/10/2025 22:45:00 - 26/10/2025 23:00:00","BZN|FR","Without Sequence","12.50","",""
"26/10/2025 23:00:00 - 26/10/2025 23:15:00","BZN|FR","Sequence Sequence 2","20.58","",""
"26/10/2025 23:00:00 - 26/10/2025 23:15:00","BZN|FR","Without Sequence","20.58","",""
"26/10/2025 23:15:00 - 26/10/2025 23:30:00","BZN|FR","Sequence Sequence 2","10.26","",""
"26/10/2025 23:15:00 - 26/10/2025 23:30:00","BZN|FR","Without Sequence","10.26","",""
"26/10/2025 23:30:00 - 26/10/2025 23:45:00","BZN|FR","Sequence Sequence 2","5.84","",""
"26/10/2025 23:30:00 - 26/10/2025 23:45:00","BZN|FR","Without Sequence","5.84","",""
"26/10/2025 23:45:00 - 27/10/2025 00:00:00","BZN|FR","Sequence Sequence 2","3.32","",""
"26/10/2025 23:45:00 - 27/10/2025 00:00:00","BZN|FR","Without Sequence","3.32","",""
"27/10/2025 00:00:00 - 27/10/2025 00:15:00","BZN|FR","Sequence Sequence 2","7.49","",""
"27/10/2025 00:00:00 - 27/10/2025 00:15:00","BZN|FR","Without Sequence","7.49","",""
"27/10/2025 00:15:00 - 27/10/2025 00:30:00","BZN|FR","Sequence Sequence 2","6.54","",""
"27/10/2025 00:15:00 - 27/10/2025 00:30:00","BZN|FR","Without Sequence","6.54","",""
"27/10/2025 00:30:00 - 27/10/2025 00:45:00","BZN|FR","Sequence Sequence 2","3.41","",""
"27/10/2025 00:30:00 - 27/10/2025 00:45:00","BZN|FR","Without Sequence","3.41","",""
"27/10/2025 00:45:00 - 27/10/2025 01:00:00","BZN|FR","Sequence Sequence 2","1.73","",""
"27/10/2025 00:45:00 - 27/10/2025 01:00:00","BZN|FR","Without Sequence","1.73","",""
"27/10/2025 01:00:00 - 27/10/2025 01:15:00","BZN|FR","Sequence Sequence 2","4.92","",""
"27/10/2025 01:00:00 - 27/10/2025 01:15:00","BZN|FR","Without Sequence","4.92","",""
"27/10/2025 01:15:00 - 27/10/2025 01:30:00","BZN|FR","Sequence Sequence 2","3.66","",""
"27/10/2025 01:15:00 - 27/10/2025 01:30:00","BZN|FR","Without Sequence","3.66","",""
"27/10/2025 01:30:00 - 27/10/2025 01:45:00","BZN|FR","Sequence Sequence 2","2.34","",""
"27/10/2025 01:30:00 - 27/10/2025 01:45:00","BZN|FR","Without Sequence","2.34","",""
"27/10/2025 01:45:00 - 27/10/2025 02:00:00","BZN|FR","Sequence Sequence 2","2.03","",""
"27/10/2025 01:45:00 - 27/10/2025 02:00:00","BZN|FR","Without Sequence","2.03","",""
"27/10/2025 02:00:00 - 27/10/2025 02:15:00","BZN|FR","Sequence Sequence 2","3.80","",""
"27/10/2025 02:00:00 - 27/10/2025 02:15:00","BZN|FR","Without Sequence","3.80","",""
"27/10/2025 02:15:00 - 27/10/2025 02:30:00","BZN|FR","Sequence Sequence 2","2.79","",""
"27/10/2025 02:15:00 - 27/10/2025 02:30:00","BZN|FR","Without Sequence","2.79","",""
"27/10/2025 02:30:00 - 27/10/2025 02:45:00","BZN|FR","Sequence Sequence 2","2.00","",""
"27/10/2025 02:30:00 - 27/10/2025 02:45:00","BZN|FR","Without Sequence","2.00","",""
"27/10/2025 02:45:00 - 27/10/2025 03:00:00","BZN|FR","Sequence Sequence 2","1.39","",""
"27/10/2025 02:45:00 - 27/10/2025 03:00:00","BZN|FR","Without Sequence","1.39","",""
"27/10/2025 03:00:00 - 27/10/2025 03:15:00","BZN|FR","Sequence Sequence 2","1.92","",""
"27/10/2025 03:00:00 - 27/10/2025 03:15:00","BZN|FR","Without Sequence","1.92","",""
"27/10/2025 03:15:00 - 27/10/2025 03:30:00","BZN|FR","Sequence Sequence 2","2.22","",""
"27/10/2025 03:15:00 - 27/10/2025 03:30:00","BZN|FR","Without Sequence","2.22","",""
"27/10/2025 03:30:00 - 27/10/2025 03:45:00","BZN|FR","Sequence Sequence 2","2.28","",""
"27/10/2025 03:30:00 - 27/10/2025 03:45:00","BZN|FR","Without Sequence","2.28","",""
"27/10/2025 03:45:00 - 27/10/2025 04:00:00","BZN|FR","Sequence Sequence 2","2.27","",""
"27/10/2025 03:45:00 - 27/10/2025 04:00:00","BZN|FR","Without Sequence","2.27","",""
"27/10/2025 04:00:00 - 27/10/2025 04:15:00","BZN|FR","Sequence Sequence 2","1.89","",""
"27/10/2025 04:00:00 - 27/10/2025 04:15:00","BZN|FR","Without Sequence","1.89","",""
"27/10/2025 04:15:00 - 27/10/2025 04:30:00","BZN|FR","Sequence Sequence 2","1.43","",""
"27/10/2025 04:15:00 - 27/10/2025 04:30:00","BZN|FR","Without Sequence","1.43","",""
"27/10/2025 04:30:00 - 27/10/2025 04:45:00","BZN|FR","Sequence Sequence 2","3.89","",""
"27/10/2025 04:30:00 - 27/10/2025 04:45:00","BZN|FR","Without Sequence","3.89","",""
"27/10/2025 04:45:00 - 27/10/2025 05:00:00","BZN|FR","Sequence Sequence 2","6.81","",""
"27/10/2025 04:45:00 - 27/10/2025 05:00:00","BZN|FR","Without Sequence","6.81","",""
"27/10/2025 05:00:00 - 27/10/2025 05:15:00","BZN|FR","Sequence Sequence 2","6.35","",""
"27/10/2025 05:00:00 - 27/10/2025 05:15:00","BZN|FR","Without Sequence","6.35","",""
"27/10/2025 05:15:00 - 27/10/2025 05:30:00","BZN|FR","Sequence Sequence 2","7.05","",""
"27/10/2025 05:15:00 - 27/10/2025 05:30:00","BZN|FR","Without Sequence","7.05","",""
"27/10/2025 05:30:00 - 27/10/2025 05:45:00","BZN|FR","Sequence Sequence 2","10.26","",""
"27/10/2025 05:30:00 - 27/10/2025 05:45:00","BZN|FR","Without Sequence","10.26","",""
"27/10/2025 05:45:00 - 27/10/2025 06:00:00","BZN|FR","Sequence Sequence 2","16.30","",""
"27/10/2025 05:45:00 - 27/10/2025 06:00:00","BZN|FR","Without Sequence","16.30","",""
"27/10/2025 06:00:00 - 27/10/2025 06:15:00","BZN|FR","Sequence Sequence 2","10.99","",""
"27/10/2025 06:00:00 - 27/10/2025 06:15:00","BZN|FR","Without Sequence","10.99","",""
"27/10/2025 06:15:00 - 27/10/2025 06:30:00","BZN|FR","Sequence Sequence 2","19.05","",""
"27/10/2025 06:15:00 - 27/10/2025 06:30:00","BZN|FR","Without Sequence","19.05","",""
"27/10/2025 06:30:00 - 27/10/2025 06:45:00","BZN|FR","Sequence Sequence 2","33.47","",""
"27/10/2025 06:30:00 - 27/10/2025 06:45:00","BZN|FR","Without Sequence","33.47","",""
"27/10/2025 06:45:00 - 27/10/2025 07:00:00","BZN|FR","Sequence Sequence 2","38.35","",""
"27/10/2025 06:45:00 - 27/10/2025 07:00:00","BZN|FR","Without Sequence","38.35","",""
"27/10/2025 07:00:00 - 27/10/2025 07:15:00","BZN|FR","Sequence Sequence 2","58.99","",""
"27/10/2025 07:00:00 - 27/10/2025 07:15:00","BZN|FR","Without Sequence","58.99","",""
"27/10/2025 07:15:00 - 27/10/2025 07:30:00","BZN|FR","Sequence Sequence 2","63.37","",""
"27/10/2025 07:15:00 - 27/10/2025 07:30:00","BZN|FR","Without Sequence","63.37","",""
"27/10/2025 07:30:00 - 27/10/2025 07:45:00","BZN|FR","Sequence Sequence 2","54.23","",""
"27/10/2025 07:30:00 - 27/10/2025 07:45:00","BZN|FR","Without Sequence","54.23","",""
"27/10/2025 07:45:00 - 27/10/2025 08:00:00","BZN|FR","Sequence Sequence 2","32.10","",""
"27/10/2025 07:45:00 - 27/10/2025 08:00:00","BZN|FR","Without Sequence","32.10","",""
"27/10/2025 08:00:00 - 27/10/2025 08:15:00","BZN|FR","Sequence Sequence 2","64.77","",""
"27/10/2025 08:00:00 - 27/10/2025 08:15:00","BZN|FR","Without Sequence","64.77","",""
"27/10/2025 08:15:00 - 27/10/2025 08:30:00","BZN|FR","Sequence Sequence 2","63.50","",""
"27/10/2025 08:15:00 - 27/10/2025 08:30:00","BZN|FR","Without Sequence","63.50","",""
"27/10/2025 08:30:00 - 27/10/2025 08:45:00","BZN|FR","Sequence Sequence 2","75.45","",""
"27/10/2025 08:30:00 - 27/10/2025 08:45:00","BZN|FR","Without Sequence","75.45","",""
"27/10/2025 08:45:00 - 27/10/2025 09:00:00","BZN|FR","Sequence Sequence 2","65.99","",""
"27/10/2025 08:45:00 - 27/10/2025 09:00:00","BZN|FR","Without Sequence","65.99","",""
"27/10/2025 09:00:00 - 27/10/2025 09:15:00","BZN|FR","Sequence Sequence 2","70.48","",""
"27/10/2025 09:00:00 - 27/10/2025 09:15:00","BZN|FR","Without Sequence","70.48","",""
"27/10/2025 09:15:00 - 27/10/2025 09:30:00","BZN|FR","Sequence Sequence 2","77.80","",""
"27/10/2025 09:15:00 - 27/10/2025 09:30:00","BZN|FR","Without Sequence","77.80","",""
"27/10/2025 09:30:00 - 27/10/2025 09:45:00","BZN|FR","Sequence Sequence 2","71.47","",""
"27/10/2025 09:30:00 - 27/10/2025 09:45:00","BZN|FR","Without Sequence","71.47","",""
"27/10/2025 09:45:00 - 27/10/2025 10:00:00","BZN|FR","Sequence Sequence 2","23.86","",""
"27/10/2025 09:45:00 - 27/10/2025 10:00:00","BZN|FR","Without Sequence","23.86","",""
"27/10/2025 10:00:00 - 27/10/2025 10:15:00","BZN|FR","Sequence Sequence 2","70.00","",""
"27/10/2025 10:00:00 - 27/10/2025 10:15:00","BZN|FR","Without Sequence","70.00","",""
"27/10/2025 10:15:00 - 27/10/2025 10:30:00","BZN|FR","Sequence Sequence 2","55.00","",""
"27/10/2025 10:15:00 - 27/10/2025 10:30:00","BZN|FR","Without Sequence","55.00","",""
"27/10/2025 10:30:00 - 27/10/2025 10:45:00","BZN|FR","Sequence Sequence 2","40.19","",""
"27/10/2025 10:30:00 - 27/10/2025 10:45:00","BZN|FR","Without Sequence","40.19","",""
"27/10/2025 10:45:00 - 27/10/2025 11:00:00","BZN|FR","Sequence Sequence 2","37.01","",""
"27/10/2025 10:45:00 - 27/10/2025 11:00:00","BZN|FR","Without Sequence","37.01","",""
"27/10/2025 11:00:00 - 27/10/2025 11:15:00","BZN|FR","Sequence Sequence 2","32.48","",""
"27/10/2025 11:00:00 - 27/10/2025 11:15:00","BZN|FR","Without Sequence","32.48","",""
"27/10/2025 11:15:00 - 27/10/2025 11:30:00","BZN|FR","Sequence Sequence 2","27.02","",""
"27/10/2025 11:15:00 - 27/10/2025 11:30:00","BZN|FR","Without Sequence","27.02","",""
"27/10/2025 11:30:00 - 27/10/2025 11:45:00","BZN|FR","Sequence Sequence 2","23.58","",""
"27/10/2025 11:30:00 - 27/10/2025 11:45:00","BZN|FR","Without Sequence","23.58","",""
"27/10/2025 11:45:00 - 27/10/2025 12:00:00","BZN|FR","Sequence Sequence 2","22.20","",""
"27/10/2025 11:45:00 - 27/10/2025 12:00:00","BZN|FR","Without Sequence","22.20","",""
"27/10/2025 12:00:00 - 27/10/2025 12:15:00","BZN|FR","Sequence Sequence 2","40.00","",""
"27/10/2025 12:00:00 - 27/10/2025 12:15:00","BZN|FR","Without Sequence","40.00","",""
"27/10/2025 12:15:00 - 27/10/2025 12:30:00","BZN|FR","Sequence Sequence 2","28.00","",""
"27/10/2025 12:15:00 - 27/10/2025 12:30:00","BZN|FR","Without Sequence","28.00","",""
"27/10/2025 12:30:00 - 27/10/2025 12:45:00","BZN|FR","Sequence Sequence 2","27.06","",""
"27/10/2025 12:30:00 - 27/10/2025 12:45:00","BZN|FR","Without Sequence","27.06","",""
"27/10/2025 12:45:00 - 27/10/2025 13:00:00","BZN|FR","Sequence Sequence 2","24.02","",""
"27/10/2025 12:45:00 - 27/10/2025 13:00:00","BZN|FR","Without Sequence","24.02","",""
"27/10/2025 13:00:00 - 27/10/2025 13:15:00","BZN|FR","Sequence Sequence 2","23.00","",""
"27/10/2025 13:00:00 - 27/10/2025 13:15:00","BZN|FR","Without Sequence","23.00","",""
"27/10/2025 13:15:00 - 27/10/2025 13:30:00","BZN|FR","Sequence Sequence 2","22.05","",""
"27/10/2025 13:15:00 - 27/10/2025 13:30:00","BZN|FR","Without Sequence","22.05","",""
"27/10/2025 13:30:00 - 27/10/2025 13:45:00","BZN|FR","Sequence Sequence 2","21.02","",""
"27/10/2025 13:30:00 - 27/10/2025 13:45:00","BZN|FR","Without Sequence","21.02","",""
"27/10/2025 13:45:00 - 27/10/2025 14:00:00","BZN|FR","Sequence Sequence 2","21.02","",""
"27/10/2025 13:45:00 - 27/10/2025 14:00:00","BZN|FR","Without Sequence","21.02","",""
"27/10/2025 14:00:00 - 27/10/2025 14:15:00","BZN|FR","Sequence Sequence 2","20.00","",""
"27/10/2025 14:00:00 - 27/10/2025 14:15:00","BZN|FR","Without Sequence","20.00","",""
"27/10/2025 14:15:00 - 27/10/2025 14:30:00","BZN|FR","Sequence Sequence 2","18.02","",""
"27/10/2025 14:15:00 - 27/10/2025 14:30:00","BZN|FR","Without Sequence","18.02","",""
"27/10/2025 14:30:00 - 27/10/2025 14:45:00","BZN|FR","Sequence Sequence 2","20.00","",""
"27/10/2025 14:30:00 - 27/10/2025 14:45:00","BZN|FR","Without Sequence","20.00","",""
"27/10/2025 14:45:00 - 27/10/2025 15:00:00","BZN|FR","Sequence Sequence 2","22.08","",""
"27/10/2025 14:45:00 - 27/10/2025 15:00:00","BZN|FR","Without Sequence","22.08","",""
"27/10/2025 15:00:00 - 27/10/2025 15:15:00","BZN|FR","Sequence Sequence 2","24.07","",""
"27/10/2025 15:00:00 - 27/10/2025 15:15:00","BZN|FR","Without Sequence","24.07","",""
"27/10/2025 15:15:00 - 27/10/2025 15:30:00","BZN|FR","Sequence Sequence 2","38.35","",""
"27/10/2025 15:15:00 - 27/10/2025 15:30:00","BZN|FR","Without Sequence","38.35","",""
"27/10/2025 15:30:00 - 27/10/2025 15:45:00","BZN|FR","Sequence Sequence 2","47.91","",""
"27/10/2025 15:30:00 - 27/10/2025 15:45:00","BZN|FR","Without Sequence","47.91","",""
"27/10/2025 15:45:00 - 27/10/2025 16:00:00","BZN|FR","Sequence Sequence 2","60.88","",""
"27/10/2025 15:45:00 - 27/10/2025 16:00:00","BZN|FR","Without Sequence","60.88","",""
"27/10/2025 16:00:00 - 27/10/2025 16:15:00","BZN|FR","Sequence Sequence 2","39.09","",""
"27/10/2025 16:00:00 - 27/10/2025 16:15:00","BZN|FR","Without Sequence","39.09","",""
"27/10/2025 16:15:00 - 27/10/2025 16:30:00","BZN|FR","Sequence Sequence 2","57.88","",""
"27/10/2025 16:15:00 - 27/10/2025 16:30:00","BZN|FR","Without Sequence","57.88","",""
"27/10/2025 16:30:00 - 27/10/2025 16:45:00","BZN|FR","Sequence Sequence 2","65.88","",""
"27/10/2025 16:30:00 - 27/10/2025 16:45:00","BZN|FR","Without Sequence","65.88","",""
"27/10/2025 16:45:00 - 27/10/2025 17:00:00","BZN|FR","Sequence Sequence 2","81.66","",""
"27/10/2025 16:45:00 - 27/10/2025 17:00:00","BZN|FR","Without Sequence","81.66","",""
"27/10/2025 17:00:00 - 27/10/2025 17:15:00","BZN|FR","Sequence Sequence 2","23.36","",""
"27/10/2025 17:00:00 - 27/10/2025 17:15:00","BZN|FR","Without Sequence","23.36","",""
"27/10/2025 17:15:00 - 27/10/2025 17:30:00","BZN|FR","Sequence Sequence 2","57.25","",""
"27/10/2025 17:15:00 - 27/10/2025 17:30:00","BZN|FR","Without Sequence","57.25","",""
"27/10/2025 17:30:00 - 27/10/2025 17:45:00","BZN|FR","Sequence Sequence 2","120.00","",""
"27/10/2025 17:30:00 - 27/10/2025 17:45:00","BZN|FR","Without Sequence","120.00","",""
"27/10/2025 17:45:00 - 27/10/2025 18:00:00","BZN|FR","Sequence Sequence 2","129.87","",""
"27/10/2025 17:45:00 - 27/10/2025 18:00:00","BZN|FR","Without Sequence","129.87","",""
"27/10/2025 18:00:00 - 27/10/2025 18:15:00","BZN|FR","Sequence Sequence 2","118.01","",""
"27/10/2025 18:00:00 - 27/10/2025 18:15:00","BZN|FR","Without Sequence","118.01","",""
"27/10/2025 18:15:00 - 27/10/2025 18:30:00","BZN|FR","Sequence Sequence 2","123.37","",""
"27/10/2025 18:15:00 - 27/10/2025 18:30:00","BZN|FR","Without Sequence","123.37","",""
"27/10/2025 18:30:00 - 27/10/2025 18:45:00","BZN|FR","Sequence Sequence 2","137.70","",""
"27/10/2025 18:30:00 - 27/10/2025 18:45:00","BZN|FR","Without Sequence","137.70","",""
"27/10/2025 18:45:00 - 27/10/2025 19:00:00","BZN|FR","Sequence Sequence 2","137.18","",""
"27/10/2025 18:45:00 - 27/10/2025 19:00:00","BZN|FR","Without Sequence","137.18","",""
"27/10/2025 19:00:00 - 27/10/2025 19:15:00","BZN|FR","Sequence Sequence 2","138.08","",""
"27/10/2025 19:00:00 - 27/10/2025 19:15:00","BZN|FR","Without Sequence","138.08","",""
"27/10/2025 19:15:00 - 27/10/2025 19:30:00","BZN|FR","Sequence Sequence 2","127.00","",""
"27/10/2025 19:15:00 - 27/10/2025 19:30:00","BZN|FR","Without Sequence","127.00","",""
"27/10/2025 19:30:00 - 27/10/2025 19:45:00","BZN|FR","Sequence Sequence 2","111.25","",""
"27/10/2025 19:30:00 - 27/10/2025 19:45:00","BZN|FR","Without Sequence","111.25","",""
"27/10/2025 19:45:00 - 27/10/2025 20:00:00","BZN|FR","Sequence Sequence 2","97.29","",""
"27/10/2025 19:45:00 - 27/10/2025 20:00:00","BZN|FR","Without Sequence","97.29","",""
"27/10/2025 20:00:00 - 27/10/2025 20:15:00","BZN|FR","Sequence Sequence 2","111.99","",""
"27/10/2025 20:00:00 - 27/10/2025 20:15:00","BZN|FR","Without Sequence","111.99","",""
"27/10/2025 20:15:00 - 27/10/2025 20:30:00","BZN|FR","Sequence Sequence 2","111.28","",""
"27/10/2025 20:15:00 - 27/10/2025 20:30:00","BZN|FR","Without Sequence","111.28","",""
"27/10/2025 20:30:00 - 27/10/2025 20:45:00","BZN|FR","Sequence Sequence 2","95.10","",""
"27/10/2025 20:30:00 - 27/10/2025 20:45:00","BZN|FR","Without Sequence","95.10","",""
"27/10/2025 20:45:00 - 27/10/2025 21:00:00","BZN|FR","Sequence Sequence 2","78.50","",""
"27/10/2025 20:45:00 - 27/10/2025 21:00:00","BZN|FR","Without Sequence","78.50","",""
"27/10/2025 21:00:00 - 27/10/2025 21:15:00","BZN|FR","Sequence Sequence 2","99.25","",""
"27/10/2025 21:00:00 - 27/10/2025 21:15:00","BZN|FR","Without Sequence","99.25","",""
"27/10/2025 21:15:00 - 27/10/2025 21:30:00","BZN|FR","Sequence Sequence 2","90.57","",""
"27/10/2025 21:15:00 - 27/10/2025 21:30:00","BZN|FR","Without Sequence","90.57","",""
"27/10/2025 21:30:00 - 27/10/2025 21:45:00","BZN|FR","Sequence Sequence 2","75.80","",""
"27/10/2025 21:30:00 - 27/10/2025 21:45:00","BZN|FR","Without Sequence","75.80","",""
"27/10/2025 21:45:00 - 27/10/2025 22:00:00","BZN|FR","Sequence Sequence 2","68.64","",""
"27/10/2025 21:45:00 - 27/10/2025 22:00:00","BZN|FR","Without Sequence","68.64","",""
"27/10/2025 22:00:00 - 27/10/2025 22:15:00","BZN|FR","Sequence Sequence 2","92.50","",""
"27/10/2025 22:00:00 - 27/10/2025 22:15:00","BZN|FR","Without Sequence","92.50","",""
"27/10/2025 22:15:00 - 27/10/2025 22:30:00","BZN|FR","Sequence Sequence 2","80.09","",""
"27/10/2025 22:15:00 - 27/10/2025 22:30:00","BZN|FR","Without Sequence","80.09","",""
"27/10/2025 22:30:00 - 27/10/2025 22:45:00","BZN|FR","Sequence Sequence 2","79.41","",""
"27/10/2025 22:30:00 - 27/10/2025 22:45:00","BZN|FR","Without Sequence","79.41","",""
"27/10/2025 22:45:00 - 27/10/2025 23:00:00","BZN|FR","Sequence Sequence 2","65.17","",""
"27/10/2025 22:45:00 - 27/10/2025 23:00:00","BZN|FR","Without Sequence","65.17","",""
"27/10/2025 23:00:00 - 27/10/2025 23:15:00","BZN|FR","Sequence Sequence 2","81.24","",""
"27/10/2025 23:00:00 - 27/10/2025 23:15:00","BZN|FR","Without Sequence","81.24","",""
"27/10/2025 23:15:00 - 27/10/2025 23:30:00","BZN|FR","Sequence Sequence 2","71.20","",""
"27/10/2025 23:15:00 - 27/10/2025 23:30:00","BZN|FR","Without Sequence","71.20","",""
"27/10/2025 23:30:00 - 27/10/2025 23:45:00","BZN|FR","Sequence Sequence 2","62.26","",""
"27/10/2025 23:30:00 - 27/10/2025 23:45:00","BZN|FR","Without Sequence","62.26","",""
"27/10/2025 23:45:00 - 28/10/2025 00:00:00","BZN|FR","Sequence Sequence 2","54.34","",""
"27/10/2025 23:45:00 - 28/10/2025 00:00:00","BZN|FR","Without Sequence","54.34","",""
"28/10/2025 00:00:00 - 28/10/2025 00:15:00","BZN|FR","Sequence Sequence 2","61.24","",""
"28/10/2025 00:00:00 - 28/10/2025 00:15:00","BZN|FR","Without Sequence","61.24","",""
"28/10/2025 00:15:00 - 28/10/2025 00:30:00","BZN|FR","Sequence Sequence 2","54.14","",""
"28/10/2025 00:15:00 - 28/10/2025 00:30:00","BZN|FR","Without Sequence","54.14","",""
"28/10/2025 00:30:00 - 28/10/2025 00:45:00","BZN|FR","Sequence Sequence 2","45.14","",""
"28/10/2025 00:30:00 - 28/10/2025 00:45:00","BZN|FR","Without Sequence","45.14","",""
"28/10/2025 00:45:00 - 28/10/2025 01:00:00","BZN|FR","Sequence Sequence 2","33.52","",""
"28/10/2025 00:45:00 - 28/10/2025 01:00:00","BZN|FR","Without Sequence","33.52","",""
"28/10/2025 01:00:00 - 28/10/2025 01:15:00","BZN|FR","Sequence Sequence 2","42.55","",""
"28/10/2025 01:00:00 - 28/10/2025 01:15:00","BZN|FR","Without Sequence","42.55","",""
"28/10/2025 01:15:00 - 28/10/2025 01:30:00","BZN|FR","Sequence Sequence 2","31.05","",""
"28/10/2025 01:15:00 - 28/10/2025 01:30:00","BZN|FR","Without Sequence","31.05","",""
"28/10/2025 01:30:00 - 28/10/2025 01:45:00","BZN|FR","Sequence Sequence 2","29.15","",""
"28/10/2025 01:30:00 - 28/10/2025 01:45:00","BZN|FR","Without Sequence","29.15","",""
"28/10/2025 01:45:00 - 28/10/2025 02:00:00","BZN|FR","Sequence Sequence 2","23.00","",""
"28/10/2025 01:45:00 - 28/10/2025 02:00:00","BZN|FR","Without Sequence","23.00","",""
"28/10/2025 02:00:00 - 28/10/2025 02:15:00","BZN|FR","Sequence Sequence 2","25.21","",""
"28/10/2025 02:00:00 - 28/10/2025 02:15:00","BZN|FR","Without Sequence","25.21","",""
"28/10/2025 02:15:00 - 28/10/2025 02:30:00","BZN|FR","Sequence Sequence 2","20.97","",""
"28/10/2025 02:15:00 - 28/10/2025 02:30:00","BZN|FR","Without Sequence","20.97","",""
"28/10/2025 02:30:00 - 28/10/2025 02:45:00","BZN|FR","Sequence Sequence 2","20.32","",""
"28/10/2025 02:30:00 - 28/10/2025 02:45:00","BZN|FR","Without Sequence","20.32","",""
"28/10/2025 02:45:00 - 28/10/2025 03:00:00","BZN|FR","Sequence Sequence 2","19.67","",""
"28/10/2025 02:45:00 - 28/10/2025 03:00:00","BZN|FR","Without Sequence","19.67","",""
"28/10/2025 03:00:00 - 28/10/2025 03:15:00","BZN|FR","Sequence Sequence 2","16.01","",""
"28/10/2025 03:00:00 - 28/10/2025 03:15:00","BZN|FR","Without Sequence","16.01","",""
"28/10/2025 03:15:00 - 28/10/2025 03:30:00","BZN|FR","Sequence Sequence 2","13.11","",""
"28/10/2025 03:15:00 - 28/10/2025 03:30:00","BZN|FR","Without Sequence","13.11","",""
"28/10/2025 03:30:00 - 28/10/2025 03:45:00","BZN|FR","Sequence Sequence 2","12.10","",""
"28/10/2025 03:30:00 - 28/10/2025 03:45:00","BZN|FR","Without Sequence","12.10","",""
"28/10/2025 03:45:00 - 28/10/2025 04:00:00","BZN|FR","Sequence Sequence 2","12.21","",""
"28/10/2025 03:45:00 - 28/10/2025 04:00:00","BZN|FR","Without Sequence","12.21","",""
"28/10/2025 04:00:00 - 28/10/2025 04:15:00","BZN|FR","Sequence Sequence 2","8.16","",""
"28/10/2025 04:00:00 - 28/10/2025 04:15:00","BZN|FR","Without Sequence","8.16","",""
"28/10/2025 04:15:00 - 28/10/2025 04:30:00","BZN|FR","Sequence Sequence 2","9.74","",""
"28/10/2025 04:15:00 - 28/10/2025 04:30:00","BZN|FR","Without Sequence","9.74","",""
"28/10/2025 04:30:00 - 28/10/2025 04:45:00","BZN|FR","Sequence Sequence 2","15.53","",""
"28/10/2025 04:30:00 - 28/10/2025 04:45:00","BZN|FR","Without Sequence","15.53","",""
"28/10/2025 04:45:00 - 28/10/2025 05:00:00","BZN|FR","Sequence Sequence 2","21.78","",""
"28/10/2025 04:45:00 - 28/10/2025 05:00:00","BZN|FR","Without Sequence","21.78","",""
"28/10/2025 05:00:00 - 28/10/2025 05:15:00","BZN|FR","Sequence Sequence 2","14.64","",""
"28/10/2025 05:00:00 - 28/10/2025 05:15:00","BZN|FR","Without Sequence","14.64","",""
"28/10/2025 05:15:00 - 28/10/2025 05:30:00","BZN|FR","Sequence Sequence 2","17.57","",""
"28/10/2025 05:15:00 - 28/10/2025 05:30:00","BZN|FR","Without Sequence","17.57","",""
"28/10/2025 05:30:00 - 28/10/2025 05:45:00","BZN|FR","Sequence Sequence 2","27.51","",""
"28/10/2025 05:30:00 - 28/10/2025 05:45:00","BZN|FR","Without Sequence","27.51","",""
"28/10/2025 05:45:00 - 28/10/2025 06:00:00","BZN|FR","Sequence Sequence 2","30.99","",""
"28/10/2025 05:45:00 - 28/10/2025 06:00:00","BZN|FR","Without Sequence","30.99","",""
"28/10/2025 06:00:00 - 28/10/2025 06:15:00","BZN|FR","Sequence Sequence 2","20.97","",""
"28/10/2025 06:00:00 - 28/10/2025 06:15:00","BZN|FR","Without Sequence","20.97","",""
"28/10/2025 06:15:00 - 28/10/2025 06:30:00","BZN|FR","Sequence Sequence 2","45.75","",""
"28/10/2025 06:15:00 - 28/10/2025 06:30:00","BZN|FR","Without Sequence","45.75","",""
"28/10/2025 06:30:00 - 28/10/2025 06:45:00","BZN|FR","Sequence Sequence 2","58.53","",""
"28/10/2025 06:30:00 - 28/10/2025 06:45:00","BZN|FR","Without Sequence","58.53","",""
"28/10/2025 06:45:00 - 28/10/2025 07:00:00","BZN|FR","Sequence Sequence 2","48.62","",""
"28/10/2025 06:45:00 - 28/10/2025 07:00:00","BZN|FR","Without Sequence","48.62","",""
"28/10/2025 07:00:00 - 28/10/2025 07:15:00","BZN|FR","Sequence Sequence 2","49.64","",""
"28/10/2025 07:00:00 - 28/10/2025 07:15:00","BZN|FR","Without Sequence","49.64","",""
"28/10/2025 07:15:00 - 28/10/2025 07:30:00","BZN|FR","Sequence Sequence 2","55.82","",""
"28/10/2025 07:15:00 - 28/10/2025 07:30:00","BZN|FR","Without Sequence","55.82","",""
"28/10/2025 07:30:00 - 28/10/2025 07:45:00","BZN|FR","Sequence Sequence 2","70.20","",""
"28/10/2025 07:30:00 - 28/10/2025 07:45:00","BZN|FR","Without Sequence","70.20","",""
"28/10/2025 07:45:00 - 28/10/2025 08:00:00","BZN|FR","Sequence Sequence 2","36.33","",""
"28/10/2025 07:45:00 - 28/10/2025 08:00:00","BZN|FR","Without Sequence","36.33","",""
"28/10/2025 08:00:00 - 28/10/2025 08:15:00","BZN|FR","Sequence Sequence 2","95.77","",""
"28/10/2025 08:00:00 - 28/10/2025 08:15:00","BZN|FR","Without Sequence","95.77","",""
"28/10/2025 08:15:00 - 28/10/2025 08:30:00","BZN|FR","Sequence Sequence 2","74.35","",""
"28/10/2025 08:15:00 - 28/10/2025 08:30:00","BZN|FR","Without Sequence","74.35","",""
"28/10/2025 08:30:00 - 28/10/2025 08:45:00","BZN|FR","Sequence Sequence 2","73.93","",""
"28/10/2025 08:30:00 - 28/10/2025 08:45:00","BZN|FR","Without Sequence","73.93","",""
"28/10/2025 08:45:00 - 28/10/2025 09:00:00","BZN|FR","Sequence Sequence 2","42.46","",""
"28/10/2025 08:45:00 - 28/10/2025 09:00:00","BZN|FR","Without Sequence","42.46","",""
"28/10/2025 09:00:00 - 28/10/2025 09:15:00","BZN|FR","Sequence Sequence 2","98.48","",""
"28/10/2025 09:00:00 - 28/10/2025 09:15:00","BZN|FR","Without Sequence","98.48","",""
"28/10/2025 09:15:00 - 28/10/2025 09:30:00","BZN|FR","Sequence Sequence 2","74.16","",""
"28/10/2025 09:15:00 - 28/10/2025 09:30:00","BZN|FR","Without Sequence","74.16","",""
"28/10/2025 09:30:00 - 28/10/2025 09:45:00","BZN|FR","Sequence Sequence 2","68.98","",""
"28/10/2025 09:30:00 - 28/10/2025 09:45:00","BZN|FR","Without Sequence","68.98","",""
"28/10/2025 09:45:00 - 28/10/2025 10:00:00","BZN|FR","Sequence Sequence 2","46.47","",""
"28/10/2025 09:45:00 - 28/10/2025 10:00:00","BZN|FR","Without Sequence","46.47","",""
"28/10/2025 10:00:00 - 28/10/2025 10:15:00","BZN|FR","Sequence Sequence 2","68.00","",""
"28/10/2025 10:00:00 - 28/10/2025 10:15:00","BZN|FR","Without Sequence","68.00","",""
"28/10/2025 10:15:00 - 28/10/2025 10:30:00","BZN|FR","Sequence Sequence 2","48.83","",""
"28/10/2025 10:15:00 - 28/10/2025 10:30:00","BZN|FR","Without Sequence","48.83","",""
"28/10/2025 10:30:00 - 28/10/2025 10:45:00","BZN|FR","Sequence Sequence 2","50.84","",""
"28/10/2025 10:30:00 - 28/10/2025 10:45:00","BZN|FR","Without Sequence","50.84","",""
"28/10/2025 10:45:00 - 28/10/2025 11:00:00","BZN|FR","Sequence Sequence 2","39.80","",""
"28/10/2025 10:45:00 - 28/10/2025 11:00:00","BZN|FR","Without Sequence","39.80","",""
"28/10/2025 11:00:00 - 28/10/2025 11:15:00","BZN|FR","Sequence Sequence 2","51.83","",""
"28/10/2025 11:00:00 - 28/10/2025 11:15:00","BZN|FR","Without Sequence","51.83","",""
"28/10/2025 11:15:00 - 28/10/2025 11:30:00","BZN|FR","Sequence Sequence 2","46.25","",""
"28/10/2025 11:15:00 - 28/10/2025 11:30:00","BZN|FR","Without Sequence","46.25","",""
"28/10/2025 11:30:00 - 28/10/2025 11:45:00","BZN|FR","Sequence Sequence 2","36.70","",""
"28/10/2025 11:30:00 - 28/10/2025 11:45:00","BZN|FR","Without Sequence","36.70","",""
"28/10/2025 11:45:00 - 28/10/2025 12:00:00","BZN|FR","Sequence Sequence 2","22.42","",""
"28/10/2025 11:45:00 - 28/10/2025 12:00:00","BZN|FR","Without Sequence","22.42","",""
"28/10/2025 12:00:00 - 28/10/2025 12:15:00","BZN|FR","Sequence Sequence 2","37.95","",""
"28/10/2025 12:00:00 - 28/10/2025 12:15:00","BZN|FR","Without Sequence","37.95","",""
"28/10/2025 12:15:00 - 28/10/2025 12:30:00","BZN|FR","Sequence Sequence 2","22.73","",""
"28/10/2025 12:15:00 - 28/10/2025 12:30:00","BZN|FR","Without Sequence","22.73","",""
"28/10/2025 12:30:00 - 28/10/2025 12:45:00","BZN|FR","Sequence Sequence 2","42.34","",""
"28/10/2025 12:30:00 - 28/10/2025 12:45:00","BZN|FR","Without Sequence","42.34","",""
"28/10/2025 12:45:00 - 28/10/2025 13:00:00","BZN|FR","Sequence Sequence 2","31.30","",""
"28/10/2025 12:45:00 - 28/10/2025 13:00:00","BZN|FR","Without Sequence","31.30","",""
"28/10/2025 13:00:00 - 28/10/2025 13:15:00","BZN|FR","Sequence Sequence 2","36.10","",""
"28/10/2025 13:00:00 - 28/10/2025 13:15:00","BZN|FR","Without Sequence","36.10","",""
"28/10/2025 13:15:00 - 28/10/2025 13:30:00","BZN|FR","Sequence Sequence 2","32.01","",""
"28/10/2025 13:15:00 - 28/10/2025 13:30:00","BZN|FR","Without Sequence","32.01","",""
"28/10/2025 13:30:00 - 28/10/2025 13:45:00","BZN|FR","Sequence Sequence 2","4.57","",""
"28/10/2025 13:30:00 - 28/10/2025 13:45:00","BZN|FR","Without Sequence","4.57","",""
"28/10/2025 13:45:00 - 28/10/2025 14:00:00","BZN|FR","Sequence Sequence 2","28.50","",""
"28/10/2025 13:45:00 - 28/10/2025 14:00:00","BZN|FR","Without Sequence","28.50","",""
"28/10/2025 14:00:00 - 28/10/2025 14:15:00","BZN|FR","Sequence Sequence 2","5.96","",""
"28/10/2025 14:00:00 - 28/10/2025 14:15:00","BZN|FR","Without Sequence","5.96","",""
"28/10/2025 14:15:00 - 28/10/2025 14:30:00","BZN|FR","Sequence Sequence 2","32.00","",""
"28/10/2025 14:15:00 - 28/10/2025 14:30:00","BZN|FR","Without Sequence","32.00","",""
"28/10/2025 14:30:00 - 28/10/2025 14:45:00","BZN|FR","Sequence Sequence 2","41.11","",""
"28/10/2025 14:30:00 - 28/10/2025 14:45:00","BZN|FR","Without Sequence","41.11","",""
"28/10/2025 14:45:00 - 28/10/2025 15:00:00","BZN|FR","Sequence Sequence 2","64.28","",""
"28/10/2025 14:45:00 - 28/10/2025 15:00:00","BZN|FR","Without Sequence","64.28","",""
"28/10/2025 15:00:00 - 28/10/2025 15:15:00","BZN|FR","Sequence Sequence 2","36.51","",""
"28/10/2025 15:00:00 - 28/10/2025 15:15:00","BZN|FR","Without Sequence","36.51","",""
"28/10/2025 15:15:00 - 28/10/2025 15:30:00","BZN|FR","Sequence Sequence 2","47.61","",""
"28/10/2025 15:15:00 - 28/10/2025 15:30:00","BZN|FR","Without Sequence","47.61","",""
"28/10/2025 15:30:00 - 28/10/2025 15:45:00","BZN|FR","Sequence Sequence 2","32.46","",""
"28/10/2025 15:30:00 - 28/10/2025 15:45:00","BZN|FR","Without Sequence","32.46","",""
"28/10/2025 15:45:00 - 28/10/2025 16:00:00","BZN|FR","Sequence Sequence 2","61.47","",""
"28/10/2025 15:45:00 - 28/10/2025 16:00:00","BZN|FR","Without Sequence","61.47","",""
"28/10/2025 16:00:00 - 28/10/2025 16:15:00","BZN|FR","Sequence Sequence 2","40.12","",""
"28/10/2025 16:00:00 - 28/10/2025 16:15:00","BZN|FR","Without Sequence","40.12","",""
"28/10/2025 16:15:00 - 28/10/2025 16:30:00","BZN|FR","Sequence Sequence 2","66.79","",""
"28/10/2025 16:15:00 - 28/10/2025 16:30:00","BZN|FR","Without Sequence","66.79","",""
"28/10/2025 16:30:00 - 28/10/2025 16:45:00","BZN|FR","Sequence Sequence 2","68.57","",""
"28/10/2025 16:30:00 - 28/10/2025 16:45:00","BZN|FR","Without Sequence","68.57","",""
"28/10/2025 16:45:00 - 28/10/2025 17:00:00","BZN|FR","Sequence Sequence 2","96.64","",""
"28/10/2025 16:45:00 - 28/10/2025 17:00:00","BZN|FR","Without Sequence","96.64","",""
"28/10/2025 17:00:00 - 28/10/2025 17:15:00","BZN|FR","Sequence Sequence 2","76.01","",""
"28/10/2025 17:00:00 - 28/10/2025 17:15:00","BZN|FR","Without Sequence","76.01","",""
"28/10/2025 17:15:00 - 28/10/2025 17:30:00","BZN|FR","Sequence Sequence 2","93.35","",""
"28/10/2025 17:15:00 - 28/10/2025 17:30:00","BZN|FR","Without Sequence","93.35","",""
"28/10/2025 17:30:00 - 28/10/2025 17:45:00","BZN|FR","Sequence Sequence 2","105.62","",""
"28/10/2025 17:30:00 - 28/10/2025 17:45:00","BZN|FR","Without Sequence","105.62","",""
"28/10/2025 17:45:00 - 28/10/2025 18:00:00","BZN|FR","Sequence Sequence 2","116.14","",""
"28/10/2025 17:45:00 - 28/10/2025 18:00:00","BZN|FR","Without Sequence","116.14","",""
"28/10/2025 18:00:00 - 28/10/2025 18:15:00","BZN|FR","Sequence Sequence 2","111.24","",""
"28/10/2025 18:00:00 - 28/10/2025 18:15:00","BZN|FR","Without Sequence","111.24","",""
"28/10/2025 18:15:00 - 28/10/2025 18:30:00","BZN|FR","Sequence Sequence 2","112.24","",""
"28/10/2025 18:15:00 - 28/10/2025 18:30:00","BZN|FR","Without Sequence","112.24","",""
"28/10/2025 18:30:00 - 28/10/2025 18:45:00","BZN|FR","Sequence Sequence 2","119.34","",""
"28/10/2025 18:30:00 - 28/10/2025 18:45:00","BZN|FR","Without Sequence","119.34","",""
"28/10/2025 18:45:00 - 28/10/2025 19:00:00","BZN|FR","Sequence Sequence 2","122.60","",""
"28/10/2025 18:45:00 - 28/10/2025 19:00:00","BZN|FR","Without Sequence","122.60","",""
"28/10/2025 19:00:00 - 28/10/2025 19:15:00","BZN|FR","Sequence Sequence 2","121.75","",""
"28/10/2025 19:00:00 - 28/10/2025 19:15:00","BZN|FR","Without Sequence","121.75","",""
"28/10/2025 19:15:00 - 28/10/2025 19:30:00","BZN|FR","Sequence Sequence 2","111.69","",""
"28/10/2025 19:15:00 - 28/10/2025 19:30:00","BZN|FR","Without Sequence","111.69","",""
"28/10/2025 19:30:00 - 28/10/2025 19:45:00","BZN|FR","Sequence Sequence 2","108.29","",""
"28/10/2025 19:30:00 - 28/10/2025 19:45:00","BZN|FR","Without Sequence","108.29","",""
"28/10/2025 19:45:00 - 28/10/2025 20:00:00","BZN|FR","Sequence Sequence 2","104.11","",""
"28/10/2025 19:45:00 - 28/10/2025 20:00:00","BZN|FR","Without Sequence","104.11","",""
"28/10/2025 20:00:00 - 28/10/2025 20:15:00","BZN|FR","Sequence Sequence 2","103.31","",""
"28/10/2025 20:00:00 - 28/10/2025 20:15:00","BZN|FR","Without Sequence","103.31","",""
"28/10/2025 20:15:00 - 28/10/2025 20:30:00","BZN|FR","Sequence Sequence 2","96.01","",""
"28/10/2025 20:15:00 - 28/10/2025 20:30:00","BZN|FR","Without Sequence","96.01","",""
"28/10/2025 20:30:00 - 28/10/2025 20:45:00","BZN|FR","Sequence Sequence 2","89.66","",""
"28/10/2025 20:30:00 - 28/10/2025 20:45:00","BZN|FR","Without Sequence","89.66","",""
"28/10/2025 20:45:00 - 28/10/2025 21:00:00","BZN|FR","Sequence Sequence 2","87.47","",""
"28/10/2025 20:45:00 - 28/10/2025 21:00:00","BZN|FR","Without Sequence","87.47","",""
"28/10/2025 21:00:00 - 28/10/2025 21:15:00","BZN|FR","Sequence Sequence 2","91.65","",""
"28/10/2025 21:00:00 - 28/10/2025 21:15:00","BZN|FR","Without Sequence","91.65","",""
"28/10/2025 21:15:00 - 28/10/2025 21:30:00","BZN|FR","Sequence Sequence 2","87.58","",""
"28/10/2025 21:15:00 - 28/10/2025 21:30:00","BZN|FR","Without Sequence","87.58","",""
"28/10/2025 21:30:00 - 28/10/2025 21:45:00","BZN|FR","Sequence Sequence 2","79.81","",""
"28/10/2025 21:30:00 - 28/10/2025 21:45:00","BZN|FR","Without Sequence","79.81","",""
"28/10/2025 21:45:00 - 28/10/2025 22:00:00","BZN|FR","Sequence Sequence 2","71.54","",""
"28/10/2025 21:45:00 - 28/10/2025 22:00:00","BZN|FR","Without Sequence","71.54","",""
"28/10/2025 22:00:00 - 28/10/2025 22:15:00","BZN|FR","Sequence Sequence 2","88.64","",""
"28/10/2025 22:00:00 - 28/10/2025 22:15:00","BZN|FR","Without Sequence","88.64","",""
"28/10/2025 22:15:00 - 28/10/2025 22:30:00","BZN|FR","Sequence Sequence 2","78.74","",""
"28/10/2025 22:15:00 - 28/10/2025 22:30:00","BZN|FR","Without Sequence","78.74","",""
"28/10/2025 22:30:00 - 28/10/2025 22:45:00","BZN|FR","Sequence Sequence 2","79.83","",""
"28/10/2025 22:30:00 - 28/10/2025 22:45:00","BZN|FR","Without Sequence","79.83","",""
"28/10/2025 22:45:00 - 28/10/2025 23:00:00","BZN|FR","Sequence Sequence 2","78.90","",""
"28/10/2025 22:45:00 - 28/10/2025 23:00:00","BZN|FR","Without Sequence","78.90","",""
"28/10/2025 23:00:00 - 28/10/2025 23:15:00","BZN|FR","Sequence Sequence 2","79.46","",""
"28/10/2025 23:00:00 - 28/10/2025 23:15:00","BZN|FR","Without Sequence","79.46","",""
"28/10/2025 23:15:00 - 28/10/2025 23:30:00","BZN|FR","Sequence Sequence 2","74.60","",""
"28/10/2025 23:15:00 - 28/10/2025 23:30:00","BZN|FR","Without Sequence","74.60","",""
"28/10/2025 23:30:00 - 28/10/2025 23:45:00","BZN|FR","Sequence Sequence 2","75.48","",""
"28/10/2025 23:30:00 - 28/10/2025 23:45:00","BZN|FR","Without Sequence","75.48","",""
"28/10/2025 23:45:00 - 29/10/2025 00:00:00","BZN|FR","Sequence Sequence 2","67.70","",""
"28/10/2025 23:45:00 - 29/10/2025 00:00:00","BZN|FR","Without Sequence","67.70","",""
"29/10/2025 00:00:00 - 29/10/2025 00:15:00","BZN|FR","Sequence Sequence 2","66.61","",""
"29/10/2025 00:00:00 - 29/10/2025 00:15:00","BZN|FR","Without Sequence","66.61","",""
"29/10/2025 00:15:00 - 29/10/2025 00:30:00","BZN|FR","Sequence Sequence 2","63.30","",""
"29/10/2025 00:15:00 - 29/10/2025 00:30:00","BZN|FR","Without Sequence","63.30","",""
"29/10/2025 00:30:00 - 29/10/2025 00:45:00","BZN|FR","Sequence Sequence 2","57.55","",""
"29/10/2025 00:30:00 - 29/10/2025 00:45:00","BZN|FR","Without Sequence","57.55","",""
"29/10/2025 00:45:00 - 29/10/2025 01:00:00","BZN|FR","Sequence Sequence 2","52.87","",""
"29/10/2025 00:45:00 - 29/10/2025 01:00:00","BZN|FR","Without Sequence","52.87","",""
"29/10/2025 01:00:00 - 29/10/2025 01:15:00","BZN|FR","Sequence Sequence 2","57.96","",""
"29/10/2025 01:00:00 - 29/10/2025 01:15:00","BZN|FR","Without Sequence","57.96","",""
"29/10/2025 01:15:00 - 29/10/2025 01:30:00","BZN|FR","Sequence Sequence 2","53.66","",""
"29/10/2025 01:15:00 - 29/10/2025 01:30:00","BZN|FR","Without Sequence","53.66","",""
"29/10/2025 01:30:00 - 29/10/2025 01:45:00","BZN|FR","Sequence Sequence 2","54.46","",""
"29/10/2025 01:30:00 - 29/10/2025 01:45:00","BZN|FR","Without Sequence","54.46","",""
"29/10/2025 01:45:00 - 29/10/2025 02:00:00","BZN|FR","Sequence Sequence 2","52.96","",""
"29/10/2025 01:45:00 - 29/10/2025 02:00:00","BZN|FR","Without Sequence","52.96","",""
"29/10/2025 02:00:00 - 29/10/2025 02:15:00","BZN|FR","Sequence Sequence 2","54.17","",""
"29/10/2025 02:00:00 - 29/10/2025 02:15:00","BZN|FR","Without Sequence","54.17","",""
"29/10/2025 02:15:00 - 29/10/2025 02:30:00","BZN|FR","Sequence Sequence 2","52.79","",""
"29/10/2025 02:15:00 - 29/10/2025 02:30:00","BZN|FR","Without Sequence","52.79","",""
"29/10/2025 02:30:00 - 29/10/2025 02:45:00","BZN|FR","Sequence Sequence 2","55.54","",""
"29/10/2025 02:30:00 - 29/10/2025 02:45:00","BZN|FR","Without Sequence","55.54","",""
"29/10/2025 02:45:00 - 29/10/2025 03:00:00","BZN|FR","Sequence Sequence 2","50.66","",""
"29/10/2025 02:45:00 - 29/10/2025 03:00:00","BZN|FR","Without Sequence","50.66","",""
"29/10/2025 03:00:00 - 29/10/2025 03:15:00","BZN|FR","Sequence Sequence 2","58.35","",""
"29/10/2025 03:00:00 - 29/10/2025 03:15:00","BZN|FR","Without Sequence","58.35","",""
"29/10/2025 03:15:00 - 29/10/2025 03:30:00","BZN|FR","Sequence Sequence 2","58.35","",""
"29/10/2025 03:15:00 - 29/10/2025 03:30:00","BZN|FR","Without Sequence","58.35","",""
"29/10/2025 03:30:00 - 29/10/2025 03:45:00","BZN|FR","Sequence Sequence 2","56.98","",""
"29/10/2025 03:30:00 - 29/10/2025 03:45:00","BZN|FR","Without Sequence","56.98","",""
"29/10/2025 03:45:00 - 29/10/2025 04:00:00","BZN|FR","Sequence Sequence 2","51.43","",""
"29/10/2025 03:45:00 - 29/10/2025 04:00:00","BZN|FR","Without Sequence","51.43","",""
"29/10/2025 04:00:00 - 29/10/2025 04:15:00","BZN|FR","Sequence Sequence 2","48.73","",""
"29/10/2025 04:00:00 - 29/10/2025 04:15:00","BZN|FR","Without Sequence","48.73","",""
"29/10/2025 04:15:00 - 29/10/2025 04:30:00","BZN|FR","Sequence Sequence 2","49.42","",""
"29/10/2025 04:15:00 - 29/10/2025 04:30:00","BZN|FR","Without Sequence","49.42","",""
"29/10/2025 04:30:00 - 29/10/2025 04:45:00","BZN|FR","Sequence Sequence 2","53.92","",""
"29/10/2025 04:30:00 - 29/10/2025 04:45:00","BZN|FR","Without Sequence","53.92","",""
"29/10/2025 04:45:00 - 29/10/2025 05:00:00","BZN|FR","Sequence Sequence 2","54.46","",""
"29/10/2025 04:45:00 - 29/10/2025 05:00:00","BZN|FR","Without Sequence","54.46","",""
"29/10/2025 05:00:00 - 29/10/2025 05:15:00","BZN|FR","Sequence Sequence 2","53.29","",""
"29/10/2025 05:00:00 - 29/10/2025 05:15:00","BZN|FR","Without Sequence","53.29","",""
"29/10/2025 05:15:00 - 29/10/2025 05:30:00","BZN|FR","Sequence Sequence 2","58.84","",""
"29/10/2025 05:15:00 - 29/10/2025 05:30:00","BZN|FR","Without Sequence","58.84","",""
"29/10/2025 05:30:00 - 29/10/2025 05:45:00","BZN|FR","Sequence Sequence 2","52.74","",""
"29/10/2025 05:30:00 - 29/10/2025 05:45:00","BZN|FR","Without Sequence","52.74","",""
"29/10/2025 05:45:00 - 29/10/2025 06:00:00","BZN|FR","Sequence Sequence 2","64.56","",""
"29/10/2025 05:45:00 - 29/10/2025 06:00:00","BZN|FR","Without Sequence","64.56","",""
"29/10/2025 06:00:00 - 29/10/2025 06:15:00","BZN|FR","Sequence Sequence 2","64.35","",""
"29/10/2025 06:00:00 - 29/10/2025 06:15:00","BZN|FR","Without Sequence","64.35","",""
"29/10/2025 06:15:00 - 29/10/2025 06:30:00","BZN|FR","Sequence Sequence 2","87.04","",""
"29/10/2025 06:15:00 - 29/10/2025 06:30:00","BZN|FR","Without Sequence","87.04","",""
"29/10/2025 06:30:00 - 29/10/2025 06:45:00","BZN|FR","Sequence Sequence 2","89.29","",""
"29/10/2025 06:30:00 - 29/10/2025 06:45:00","BZN|FR","Without Sequence","89.29","",""
"29/10/2025 06:45:00 - 29/10/2025 07:00:00","BZN|FR","Sequence Sequence 2","99.00","",""
"29/10/2025 06:45:00 - 29/10/2025 07:00:00","BZN|FR","Without Sequence","99.00","",""
"29/10/2025 07:00:00 - 29/10/2025 07:15:00","BZN|FR","Sequence Sequence 2","94.40","",""
"29/10/2025 07:00:00 - 29/10/2025 07:15:00","BZN|FR","Without Sequence","94.40","",""
"29/10/2025 07:15:00 - 29/10/2025 07:30:00","BZN|FR","Sequence Sequence 2","106.00","",""
"29/10/2025 07:15:00 - 29/10/2025 07:30:00","BZN|FR","Without Sequence","106.00","",""
"29/10/2025 07:30:00 - 29/10/2025 07:45:00","BZN|FR","Sequence Sequence 2","110.41","",""
"29/10/2025 07:30:00 - 29/10/2025 07:45:00","BZN|FR","Without Sequence","110.41","",""
"29/10/2025 07:45:00 - 29/10/2025 08:00:00","BZN|FR","Sequence Sequence 2","103.96","",""
"29/10/2025 07:45:00 - 29/10/2025 08:00:00","BZN|FR","Without Sequence","103.96","",""
"29/10/2025 08:00:00 - 29/10/2025 08:15:00","BZN|FR","Sequence Sequence 2","116.49","",""
"29/10/2025 08:00:00 - 29/10/2025 08:15:00","BZN|FR","Without Sequence","116.49","",""
"29/10/2025 08:15:00 - 29/10/2025 08:30:00","BZN|FR","Sequence Sequence 2","108.57","",""
"29/10/2025 08:15:00 - 29/10/2025 08:30:00","BZN|FR","Without Sequence","108.57","",""
"29/10/2025 08:30:00 - 29/10/2025 08:45:00","BZN|FR","Sequence Sequence 2","97.15","",""
"29/10/2025 08:30:00 - 29/10/2025 08:45:00","BZN|FR","Without Sequence","97.15","",""
"29/10/2025 08:45:00 - 29/10/2025 09:00:00","BZN|FR","Sequence Sequence 2","75.00","",""
"29/10/2025 08:45:00 - 29/10/2025 09:00:00","BZN|FR","Without Sequence","75.00","",""
"29/10/2025 09:00:00 - 29/10/2025 09:15:00","BZN|FR","Sequence Sequence 2","108.78","",""
"29/10/2025 09:00:00 - 29/10/2025 09:15:00","BZN|FR","Without Sequence","108.78","",""
"29/10/2025 09:15:00 - 29/10/2025 09:30:00","BZN|FR","Sequence Sequence 2","91.25","",""
"29/10/2025 09:15:00 - 29/10/2025 09:30:00","BZN|FR","Without Sequence","91.25","",""
"29/10/2025 09:30:00 - 29/10/2025 09:45:00","BZN|FR","Sequence Sequence 2","76.75","",""
"29/10/2025 09:30:00 - 29/10/2025 09:45:00","BZN|FR","Without Sequence","76.75","",""
"29/10/2025 09:45:00 - 29/10/2025 10:00:00","BZN|FR","Sequence Sequence 2","70.17","",""
"29/10/2025 09:45:00 - 29/10/2025 10:00:00","BZN|FR","Without Sequence","70.17","",""
"29/10/2025 10:00:00 - 29/10/2025 10:15:00","BZN|FR","Sequence Sequence 2","84.47","",""
"29/10/2025 10:00:00 - 29/10/2025 10:15:00","BZN|FR","Without Sequence","84.47","",""
"29/10/2025 10:15:00 - 29/10/2025 10:30:00","BZN|FR","Sequence Sequence 2","73.65","",""
"29/10/2025 10:15:00 - 29/10/2025 10:30:00","BZN|FR","Without Sequence","73.65","",""
"29/10/2025 10:30:00 - 29/10/2025 10:45:00","BZN|FR","Sequence Sequence 2","71.20","",""
"29/10/2025 10:30:00 - 29/10/2025 10:45:00","BZN|FR","Without Sequence","71.20","",""
"29/10/2025 10:45:00 - 29/10/2025 11:00:00","BZN|FR","Sequence Sequence 2","67.78","",""
"29/10/2025 10:45:00 - 29/10/2025 11:00:00","BZN|FR","Without Sequence","67.78","",""
"29/10/2025 11:00:00 - 29/10/2025 11:15:00","BZN|FR","Sequence Sequence 2","76.26","",""
"29/10/2025 11:00:00 - 29/10/2025 11:15:00","BZN|FR","Without Sequence","76.26","",""
"29/10/2025 11:15:00 - 29/10/2025 11:30:00","BZN|FR","Sequence Sequence 2","71.64","",""
"29/10/2025 11:15:00 - 29/10/2025 11:30:00","BZN|FR","Without Sequence","71.64","",""
"29/10/2025 11:30:00 - 29/10/2025 11:45:00","BZN|FR","Sequence Sequence 2","71.77","",""
"29/10/2025 11:30:00 - 29/10/2025 11:45:00","BZN|FR","Without Sequence","71.77","",""
"29/10/2025 11:45:00 - 29/10/2025 12:00:00","BZN|FR","Sequence Sequence 2","71.72","",""
"29/10/2025 11:45:00 - 29/10/2025 12:00:00","BZN|FR","Without Sequence","71.72","",""
"29/10/2025 12:00:00 - 29/10/2025 12:15:00","BZN|FR","Sequence Sequence 2","70.93","",""
"29/10/2025 12:00:00 - 29/10/2025 12:15:00","BZN|FR","Without Sequence","70.93","",""
"29/10/2025 12:15:00 - 29/10/2025 12:30:00","BZN|FR","Sequence Sequence 2","73.30","",""
"29/10/2025 12:15:00 - 29/10/2025 12:30:00","BZN|FR","Without Sequence","73.30","",""
"29/10/2025 12:30:00 - 29/10/2025 12:45:00","BZN|FR","Sequence Sequence 2","76.02","",""
"29/10/2025 12:30:00 - 29/10/2025 12:45:00","BZN|FR","Without Sequence","76.02","",""
"29/10/2025 12:45:00 - 29/10/2025 13:00:00","BZN|FR","Sequence Sequence 2","82.87","",""
"29/10/2025 12:45:00 - 29/10/2025 13:00:00","BZN|FR","Without Sequence","82.87","",""
"29/10/2025 13:00:00 - 29/10/2025 13:15:00","BZN|FR","Sequence Sequence 2","73.31","",""
"29/10/2025 13:00:00 - 29/10/2025 13:15:00","BZN|FR","Without Sequence","73.31","",""
"29/10/2025 13:15:00 - 29/10/2025 13:30:00","BZN|FR","Sequence Sequence 2","77.39","",""
"29/10/2025 13:15:00 - 29/10/2025 13:30:00","BZN|FR","Without Sequence","77.39","",""
"29/10/2025 13:30:00 - 29/10/2025 13:45:00","BZN|FR","Sequence Sequence 2","75.64","",""
"29/10/2025 13:30:00 - 29/10/2025 13:45:00","BZN|FR","Without Sequence","75.64","",""
"29/10/2025 13:45:00 - 29/10/2025 14:00:00","BZN|FR","Sequence Sequence 2","87.86","",""
"29/10/2025 13:45:00 - 29/10/2025 14:00:00","BZN|FR","Without Sequence","87.86","",""
"29/10/2025 14:00:00 - 29/10/2025 14:15:00","BZN|FR","Sequence Sequence 2","60.03","",""
"29/10/2025 14:00:00 - 29/10/2025 14:15:00","BZN|FR","Without Sequence","60.03","",""
"29/10/2025 14:15:00 - 29/10/2025 14:30:00","BZN|FR","Sequence Sequence 2","80.00","",""
"29/10/2025 14:15:00 - 29/10/2025 14:30:00","BZN|FR","Without Sequence","80.00","",""
"29/10/2025 14:30:00 - 29/10/2025 14:45:00","BZN|FR","Sequence Sequence 2","100.20","",""
"29/10/2025 14:30:00 - 29/10/2025 14:45:00","BZN|FR","Without Sequence","100.20","",""
"29/10/2025 14:45:00 - 29/10/2025 15:00:00","BZN|FR","Sequence Sequence 2","106.12","",""
"29/10/2025 14:45:00 - 29/10/2025 15:00:00","BZN|FR","Without Sequence","106.12","",""
"29/10/2025 15:00:00 - 29/10/2025 15:15:00","BZN|FR","Sequence Sequence 2","95.00","",""
"29/10/2025 15:00:00 - 29/10/2025 15:15:00","BZN|FR","Without Sequence","95.00","",""
"29/10/2025 15:15:00 - 29/10/2025 15:30:00","BZN|FR","Sequence Sequence 2","103.77","",""
"29/10/2025 15:15:00 - 29/10/2025 15:30:00","BZN|FR","Without Sequence","103.77","",""
"29/10/2025 15:30:00 - 29/10/2025 15:45:00","BZN|FR","Sequence Sequence 2","106.09","",""
"29/10/2025 15:30:00 - 29/10/2025 15:45:00","BZN|FR","Without Sequence","106.09","",""
"29/10/2025 15:45:00 - 29/10/2025 16:00:00","BZN|FR","Sequence Sequence 2","107.20","",""
"29/10/2025 15:45:00 - 29/10/2025 16:00:00","BZN|FR","Without Sequence","107.20","",""
"29/10/2025 16:00:00 - 29/10/2025 16:15:00","BZN|FR","Sequence Sequence 2","101.97","",""
"29/10/2025 16:00:00 - 29/10/2025 16:15:00","BZN|FR","Without Sequence","101.97","",""
"29/10/2025 16:15:00 - 29/10/2025 16:30:00","BZN|FR","Sequence Sequence 2","102.19","",""
"29/10/2025 16:15:00 - 29/10/2025 16:30:00","BZN|FR","Without Sequence","102.19","",""
"29/10/2025 16:30:00 - 29/10/2025 16:45:00","BZN|FR","Sequence Sequence 2","98.93","",""
"29/10/2025 16:30:00 - 29/10/2025 16:45:00","BZN|FR","Without Sequence","98.93","",""
"29/10/2025 16:45:00 - 29/10/2025 17:00:00","BZN|FR","Sequence Sequence 2","104.12","",""
"29/10/2025 16:45:00 - 29/10/2025 17:00:00","BZN|FR","Without Sequence","104.12","",""
"29/10/2025 17:00:00 - 29/10/2025 17:15:00","BZN|FR","Sequence Sequence 2","82.76","",""
"29/10/2025 17:00:00 - 29/10/2025 17:15:00","BZN|FR","Without Sequence","82.76","",""
"29/10/2025 17:15:00 - 29/10/2025 17:30:00","BZN|FR","Sequence Sequence 2","98.00","",""
"29/10/2025 17:15:00 - 29/10/2025 17:30:00","BZN|FR","Without Sequence","98.00","",""
"29/10/2025 17:30:00 - 29/10/2025 17:45:00","BZN|FR","Sequence Sequence 2","132.00","",""
"29/10/2025 17:30:00 - 29/10/2025 17:45:00","BZN|FR","Without Sequence","132.00","",""
"29/10/2025 17:45:00 - 29/10/2025 18:00:00","BZN|FR","Sequence Sequence 2","131.73","",""
"29/10/2025 17:45:00 - 29/10/2025 18:00:00","BZN|FR","Without Sequence","131.73","",""
"29/10/2025 18:00:00 - 29/10/2025 18:15:00","BZN|FR","Sequence Sequence 2","124.02","",""
"29/10/2025 18:00:00 - 29/10/2025 18:15:00","BZN|FR","Without Sequence","124.02","",""
"29/10/2025 18:15:00 - 29/10/2025 18:30:00","BZN|FR","Sequence Sequence 2","126.00","",""
"29/10/2025 18:15:00 - 29/10/2025 18:30:00","BZN|FR","Without Sequence","126.00","",""
"29/10/2025 18:30:00 - 29/10/2025 18:45:00","BZN|FR","Sequence Sequence 2","133.63","",""
"29/10/2025 18:30:00 - 29/10/2025 18:45:00","BZN|FR","Without Sequence","133.63","",""
"29/10/2025 18:45:00 - 29/10/2025 19:00:00","BZN|FR","Sequence Sequence 2","136.06","",""
"29/10/2025 18:45:00 - 29/10/2025 19:00:00","BZN|FR","Without Sequence","136.06","",""
"29/10/2025 19:00:00 - 29/10/2025 19:15:00","BZN|FR","Sequence Sequence 2","130.16","",""
"29/10/2025 19:00:00 - 29/10/2025 19:15:00","BZN|FR","Without Sequence","130.16","",""
"29/10/2025 19:15:00 - 29/10/2025 19:30:00","BZN|FR","Sequence Sequence 2","117.52","",""
"29/10/2025 19:15:00 - 29/10/2025 19:30:00","BZN|FR","Without Sequence","117.52","",""
"29/10/2025 19:30:00 - 29/10/2025 19:45:00","BZN|FR","Sequence Sequence 2","114.13","",""
"29/10/2025 19:30:00 - 29/10/2025 19:45:00","BZN|FR","Without Sequence","114.13","",""
"29/10/2025 19:45:00 - 29/10/2025 20:00:00","BZN|FR","Sequence Sequence 2","101.47","",""
"29/10/2025 19:45:00 - 29/10/2025 20:00:00","BZN|FR","Without Sequence","101.47","",""
"29/10/2025 20:00:00 - 29/10/2025 20:15:00","BZN|FR","Sequence Sequence 2","111.53","",""
"29/10/2025 20:00:00 - 29/10/2025 20:15:00","BZN|FR","Without Sequence","111.53","",""
"29/10/2025 20:15:00 - 29/10/2025 20:30:00","BZN|FR","Sequence Sequence 2","103.95","",""
"29/10/2025 20:15:00 - 29/10/2025 20:30:00","BZN|FR","Without Sequence","103.95","",""
"29/10/2025 20:30:00 - 29/10/2025 20:45:00","BZN|FR","Sequence Sequence 2","87.57","",""
"29/10/2025 20:30:00 - 29/10/2025 20:45:00","BZN|FR","Without Sequence","87.57","",""
"29/10/2025 20:45:00 - 29/10/2025 21:00:00","BZN|FR","Sequence Sequence 2","93.16","",""
"29/10/2025 20:45:00 - 29/10/2025 21:00:00","BZN|FR","Without Sequence","93.16","",""
"29/10/2025 21:00:00 - 29/10/2025 21:15:00","BZN|FR","Sequence Sequence 2","101.74","",""
"29/10/2025 21:00:00 - 29/10/2025 21:15:00","BZN|FR","Without Sequence","101.74","",""
"29/10/2025 21:15:00 - 29/10/2025 21:30:00","BZN|FR","Sequence Sequence 2","93.93","",""
"29/10/2025 21:15:00 - 29/10/2025 21:30:00","BZN|FR","Without Sequence","93.93","",""
"29/10/2025 21:30:00 - 29/10/2025 21:45:00","BZN|FR","Sequence Sequence 2","76.01","",""
"29/10/2025 21:30:00 - 29/10/2025 21:45:00","BZN|FR","Without Sequence","76.01","",""
"29/10/2025 21:45:00 - 29/10/2025 22:00:00","BZN|FR","Sequence Sequence 2","74.43","",""
"29/10/2025 21:45:00 - 29/10/2025 22:00:00","BZN|FR","Without Sequence","74.43","",""
"29/10/2025 22:00:00 - 29/10/2025 22:15:00","BZN|FR","Sequence Sequence 2","73.93","",""
"29/10/2025 22:00:00 - 29/10/2025 22:15:00","BZN|FR","Without Sequence","73.93","",""
"29/10/2025 22:15:00 - 29/10/2025 22:30:00","BZN|FR","Sequence Sequence 2","100.47","",""
"29/10/2025 22:15:00 - 29/10/2025 22:30:00","BZN|FR","Without Sequence","100.47","",""
"29/10/2025 22:30:00 - 29/10/2025 22:45:00","BZN|FR","Sequence Sequence 2","76.40","",""
"29/10/2025 22:30:00 - 29/10/2025 22:45:00","BZN|FR","Without Sequence","76.40","",""
"29/10/2025 22:45:00 - 29/10/2025 23:00:00","BZN|FR","Sequence Sequence 2","78.56","",""
"29/10/2025 22:45:00 - 29/10/2025 23:00:00","BZN|FR","Without Sequence","78.56","",""
"29/10/2025 23:00:00 - 29/10/2025 23:15:00","BZN|FR","Sequence Sequence 2","87.44","",""
"29/10/2025 23:00:00 - 29/10/2025 23:15:00","BZN|FR","Without Sequence","87.44","",""
"29/10/2025 23:15:00 - 29/10/2025 23:30:00","BZN|FR","Sequence Sequence 2","69.80","",""
"29/10/2025 23:15:00 - 29/10/2025 23:30:00","BZN|FR","Without Sequence","69.80","",""
"29/10/2025 23:30:00 - 29/10/2025 23:45:00","BZN|FR","Sequence Sequence 2","80.86","",""
"29/10/2025 23:30:00 - 29/10/2025 23:45:00","BZN|FR","Without Sequence","80.86","",""
"29/10/2025 23:45:00 - 30/10/2025 00:00:00","BZN|FR","Sequence Sequence 2","65.94","",""
"29/10/2025 23:45:00 - 30/10/2025 00:00:00","BZN|FR","Without Sequence","65.94","",""
"30/10/2025 00:00:00 - 30/10/2025 00:15:00","BZN|FR","Sequence Sequence 2","34.38","",""
"30/10/2025 00:00:00 - 30/10/2025 00:15:00","BZN|FR","Without Sequence","34.38","",""
"30/10/2025 00:15:00 - 30/10/2025 00:30:00","BZN|FR","Sequence Sequence 2","37.48","",""
"30/10/2025 00:15:00 - 30/10/2025 00:30:00","BZN|FR","Without Sequence","37.48","",""
"30/10/2025 00:30:00 - 30/10/2025 00:45:00","BZN|FR","Sequence Sequence 2","19.68","",""
"30/10/2025 00:30:00 - 30/10/2025 00:45:00","BZN|FR","Without Sequence","19.68","",""
"30/10/2025 00:45:00 - 30/10/2025 01:00:00","BZN|FR","Sequence Sequence 2","11.02","",""
"30/10/2025 00:45:00 - 30/10/2025 01:00:00","BZN|FR","Without Sequence","11.02","",""
"30/10/2025 01:00:00 - 30/10/2025 01:15:00","BZN|FR","Sequence Sequence 2","38.85","",""
"30/10/2025 01:00:00 - 30/10/2025 01:15:00","BZN|FR","Without Sequence","38.85","",""
"30/10/2025 01:15:00 - 30/10/2025 01:30:00","BZN|FR","Sequence Sequence 2","29.71","",""
"30/10/2025 01:15:00 - 30/10/2025 01:30:00","BZN|FR","Without Sequence","29.71","",""
"30/10/2025 01:30:00 - 30/10/2025 01:45:00","BZN|FR","Sequence Sequence 2","32.61","",""
"30/10/2025 01:30:00 - 30/10/2025 01:45:00","BZN|FR","Without Sequence","32.61","",""
"30/10/2025 01:45:00 - 30/10/2025 02:00:00","BZN|FR","Sequence Sequence 2","22.83","",""
"30/10/2025 01:45:00 - 30/10/2025 02:00:00","BZN|FR","Without Sequence","22.83","",""
"30/10/2025 02:00:00 - 30/10/2025 02:15:00","BZN|FR","Sequence Sequence 2","39.88","",""
"30/10/2025 02:00:00 - 30/10/2025 02:15:00","BZN|FR","Without Sequence","39.88","",""
"30/10/2025 02:15:00 - 30/10/2025 02:30:00","BZN|FR","Sequence Sequence 2","34.56","",""
"30/10/2025 02:15:00 - 30/10/2025 02:30:00","BZN|FR","Without Sequence","34.56","",""
"30/10/2025 02:30:00 - 30/10/2025 02:45:00","BZN|FR","Sequence Sequence 2","26.22","",""
"30/10/2025 02:30:00 - 30/10/2025 02:45:00","BZN|FR","Without Sequence","26.22","",""
"30/10/2025 02:45:00 - 30/10/2025 03:00:00","BZN|FR","Sequence Sequence 2","14.80","",""
"30/10/2025 02:45:00 - 30/10/2025 03:00:00","BZN|FR","Without Sequence","14.80","",""
"30/10/2025 03:00:00 - 30/10/2025 03:15:00","BZN|FR","Sequence Sequence 2","28.74","",""
"30/10/2025 03:00:00 - 30/10/2025 03:15:00","BZN|FR","Without Sequence","28.74","",""
"30/10/2025 03:15:00 - 30/10/2025 03:30:00","BZN|FR","Sequence Sequence 2","20.37","",""
"30/10/2025 03:15:00 - 30/10/2025 03:30:00","BZN|FR","Without Sequence","20.37","",""
"30/10/2025 03:30:00 - 30/10/2025 03:45:00","BZN|FR","Sequence Sequence 2","28.62","",""
"30/10/2025 03:30:00 - 30/10/2025 03:45:00","BZN|FR","Without Sequence","28.62","",""
"30/10/2025 03:45:00 - 30/10/2025 04:00:00","BZN|FR","Sequence Sequence 2","24.01","",""
"30/10/2025 03:45:00 - 30/10/2025 04:00:00","BZN|FR","Without Sequence","24.01","",""
"30/10/2025 04:00:00 - 30/10/2025 04:15:00","BZN|FR","Sequence Sequence 2","6.86","",""
"30/10/2025 04:00:00 - 30/10/2025 04:15:00","BZN|FR","Without Sequence","6.86","",""
"30/10/2025 04:15:00 - 30/10/2025 04:30:00","BZN|FR","Sequence Sequence 2","19.71","",""
"30/10/2025 04:15:00 - 30/10/2025 04:30:00","BZN|FR","Without Sequence","19.71","",""
"30/10/2025 04:30:00 - 30/10/2025 04:45:00","BZN|FR","Sequence Sequence 2","43.39","",""
"30/10/2025 04:30:00 - 30/10/2025 04:45:00","BZN|FR","Without Sequence","43.39","",""
"30/10/2025 04:45:00 - 30/10/2025 05:00:00","BZN|FR","Sequence Sequence 2","57.47","",""
"30/10/2025 04:45:00 - 30/10/2025 05:00:00","BZN|FR","Without Sequence","57.47","",""
"30/10/2025 05:00:00 - 30/10/2025 05:15:00","BZN|FR","Sequence Sequence 2","52.32","",""
"30/10/2025 05:00:00 - 30/10/2025 05:15:00","BZN|FR","Without Sequence","52.32","",""
"30/10/2025 05:15:00 - 30/10/2025 05:30:00","BZN|FR","Sequence Sequence 2","61.42","",""
"30/10/2025 05:15:00 - 30/10/2025 05:30:00","BZN|FR","Without Sequence","61.42","",""
"30/10/2025 05:30:00 - 30/10/2025 05:45:00","BZN|FR","Sequence Sequence 2","56.85","",""
"30/10/2025 05:30:00 - 30/10/2025 05:45:00","BZN|FR","Without Sequence","56.85","",""
"30/10/2025 05:45:00 - 30/10/2025 06:00:00","BZN|FR","Sequence Sequence 2","65.93","",""
"30/10/2025 05:45:00 - 30/10/2025 06:00:00","BZN|FR","Without Sequence","65.93","",""
"30/10/2025 06:00:00 - 30/10/2025 06:15:00","BZN|FR","Sequence Sequence 2","60.90","",""
"30/10/2025 06:00:00 - 30/10/2025 06:15:00","BZN|FR","Without Sequence","60.90","",""
"30/10/2025 06:15:00 - 30/10/2025 06:30:00","BZN|FR","Sequence Sequence 2","70.08","",""
"30/10/2025 06:15:00 - 30/10/2025 06:30:00","BZN|FR","Without Sequence","70.08","",""
"30/10/2025 06:30:00 - 30/10/2025 06:45:00","BZN|FR","Sequence Sequence 2","76.67","",""
"30/10/2025 06:30:00 - 30/10/2025 06:45:00","BZN|FR","Without Sequence","76.67","",""
"30/10/2025 06:45:00 - 30/10/2025 07:00:00","BZN|FR","Sequence Sequence 2","76.94","",""
"30/10/2025 06:45:00 - 30/10/2025 07:00:00","BZN|FR","Without Sequence","76.94","",""
"30/10/2025 07:00:00 - 30/10/2025 07:15:00","BZN|FR","Sequence Sequence 2","74.46","",""
"30/10/2025 07:00:00 - 30/10/2025 07:15:00","BZN|FR","Without Sequence","74.46","",""
"30/10/2025 07:15:00 - 30/10/2025 07:30:00","BZN|FR","Sequence Sequence 2","84.81","",""
"30/10/2025 07:15:00 - 30/10/2025 07:30:00","BZN|FR","Without Sequence","84.81","",""
"30/10/2025 07:30:00 - 30/10/2025 07:45:00","BZN|FR","Sequence Sequence 2","90.97","",""
"30/10/2025 07:30:00 - 30/10/2025 07:45:00","BZN|FR","Without Sequence","90.97","",""
"30/10/2025 07:45:00 - 30/10/2025 08:00:00","BZN|FR","Sequence Sequence 2","87.23","",""
"30/10/2025 07:45:00 - 30/10/2025 08:00:00","BZN|FR","Without Sequence","87.23","",""
"30/10/2025 08:00:00 - 30/10/2025 08:15:00","BZN|FR","Sequence Sequence 2","117.13","",""
"30/10/2025 08:00:00 - 30/10/2025 08:15:00","BZN|FR","Without Sequence","117.13","",""
"30/10/2025 08:15:00 - 30/10/2025 08:30:00","BZN|FR","Sequence Sequence 2","92.17","",""
"30/10/2025 08:15:00 - 30/10/2025 08:30:00","BZN|FR","Without Sequence","92.17","",""
"30/10/2025 08:30:00 - 30/10/2025 08:45:00","BZN|FR","Sequence Sequence 2","90.10","",""
"30/10/2025 08:30:00 - 30/10/2025 08:45:00","BZN|FR","Without Sequence","90.10","",""
"30/10/2025 08:45:00 - 30/10/2025 09:00:00","BZN|FR","Sequence Sequence 2","67.71","",""
"30/10/2025 08:45:00 - 30/10/2025 09:00:00","BZN|FR","Without Sequence","67.71","",""
"30/10/2025 09:00:00 - 30/10/2025 09:15:00","BZN|FR","Sequence Sequence 2","95.80","",""
"30/10/2025 09:00:00 - 30/10/2025 09:15:00","BZN|FR","Without Sequence","95.80","",""
"30/10/2025 09:15:00 - 30/10/2025 09:30:00","BZN|FR","Sequence Sequence 2","76.59","",""
"30/10/2025 09:15:00 - 30/10/2025 09:30:00","BZN|FR","Without Sequence","76.59","",""
"30/10/2025 09:30:00 - 30/10/2025 09:45:00","BZN|FR","Sequence Sequence 2","60.28","",""
"30/10/2025 09:30:00 - 30/10/2025 09:45:00","BZN|FR","Without Sequence","60.28","",""
"30/10/2025 09:45:00 - 30/10/2025 10:00:00","BZN|FR","Sequence Sequence 2","45.75","",""
"30/10/2025 09:45:00 - 30/10/2025 10:00:00","BZN|FR","Without Sequence","45.75","",""
"30/10/2025 10:00:00 - 30/10/2025 10:15:00","BZN|FR","Sequence Sequence 2","77.57","",""
"30/10/2025 10:00:00 - 30/10/2025 10:15:00","BZN|FR","Without Sequence","77.57","",""
"30/10/2025 10:15:00 - 30/10/2025 10:30:00","BZN|FR","Sequence Sequence 2","60.40","",""
"30/10/2025 10:15:00 - 30/10/2025 10:30:00","BZN|FR","Without Sequence","60.40","",""
"30/10/2025 10:30:00 - 30/10/2025 10:45:00","BZN|FR","Sequence Sequence 2","35.33","",""
"30/10/2025 10:30:00 - 30/10/2025 10:45:00","BZN|FR","Without Sequence","35.33","",""
"30/10/2025 10:45:00 - 30/10/2025 11:00:00","BZN|FR","Sequence Sequence 2","20.18","",""
"30/10/2025 10:45:00 - 30/10/2025 11:00:00","BZN|FR","Without Sequence","20.18","",""
"30/10/2025 11:00:00 - 30/10/2025 11:15:00","BZN|FR","Sequence Sequence 2","25.67","",""
"30/10/2025 11:00:00 - 30/10/2025 11:15:00","BZN|FR","Without Sequence","25.67","",""
"30/10/2025 11:15:00 - 30/10/2025 11:30:00","BZN|FR","Sequence Sequence 2","26.03","",""
"30/10/2025 11:15:00 - 30/10/2025 11:30:00","BZN|FR","Without Sequence","26.03","",""
"30/10/2025 11:30:00 - 30/10/2025 11:45:00","BZN|FR","Sequence Sequence 2","23.98","",""
"30/10/2025 11:30:00 - 30/10/2025 11:45:00","BZN|FR","Without Sequence","23.98","",""
"30/10/2025 11:45:00 - 30/10/2025 12:00:00","BZN|FR","Sequence Sequence 2","18.59","",""
"30/10/2025 11:45:00 - 30/10/2025 12:00:00","BZN|FR","Without Sequence","18.59","",""
"30/10/2025 12:00:00 - 30/10/2025 12:15:00","BZN|FR","Sequence Sequence 2","16.55","",""
"30/10/2025 12:00:00 - 30/10/2025 12:15:00","BZN|FR","Without Sequence","16.55","",""
"30/10/2025 12:15:00 - 30/10/2025 12:30:00","BZN|FR","Sequence Sequence 2","16.15","",""
"30/10/2025 12:15:00 - 30/10/2025 12:30:00","BZN|FR","Without Sequence","16.15","",""
"30/10/2025 12:30:00 - 30/10/2025 12:45:00","BZN|FR","Sequence Sequence 2","16.46","",""
"30/10/2025 12:30:00 - 30/10/2025 12:45:00","BZN|FR","Without Sequence","16.46","",""
"30/10/2025 12:45:00 - 30/10/2025 13:00:00","BZN|FR","Sequence Sequence 2","17.16","",""
"30/10/2025 12:45:00 - 30/10/2025 13:00:00","BZN|FR","Without Sequence","17.16","",""
"30/10/2025 13:00:00 - 30/10/2025 13:15:00","BZN|FR","Sequence Sequence 2","17.94","",""
"30/10/2025 13:00:00 - 30/10/2025 13:15:00","BZN|FR","Without Sequence","17.94","",""
"30/10/2025 13:15:00 - 30/10/2025 13:30:00","BZN|FR","Sequence Sequence 2","18.10","",""
"30/10/2025 13:15:00 - 30/10/2025 13:30:00","BZN|FR","Without Sequence","18.10","",""
"30/10/2025 13:30:00 - 30/10/2025 13:45:00","BZN|FR","Sequence Sequence 2","17.10","",""
"30/10/2025 13:30:00 - 30/10/2025 13:45:00","BZN|FR","Without Sequence","17.10","",""
"30/10/2025 13:45:00 - 30/10/2025 14:00:00","BZN|FR","Sequence Sequence 2","25.92","",""
"30/10/2025 13:45:00 - 30/10/2025 14:00:00","BZN|FR","Without Sequence","25.92","",""
"30/10/2025 14:00:00 - 30/10/2025 14:15:00","BZN|FR","Sequence Sequence 2","16.04","",""
"30/10/2025 14:00:00 - 30/10/2025 14:15:00","BZN|FR","Without Sequence","16.04","",""
"30/10/2025 14:15:00 - 30/10/2025 14:30:00","BZN|FR","Sequence Sequence 2","19.66","",""
"30/10/2025 14:15:00 - 30/10/2025 14:30:00","BZN|FR","Without Sequence","19.66","",""
"30/10/2025 14:30:00 - 30/10/2025 14:45:00","BZN|FR","Sequence Sequence 2","21.38","",""
"30/10/2025 14:30:00 - 30/10/2025 14:45:00","BZN|FR","Without Sequence","21.38","",""
"30/10/2025 14:45:00 - 30/10/2025 15:00:00","BZN|FR","Sequence Sequence 2","45.94","",""
"30/10/2025 14:45:00 - 30/10/2025 15:00:00","BZN|FR","Without Sequence","45.94","",""
"30/10/2025 15:00:00 - 30/10/2025 15:15:00","BZN|FR","Sequence Sequence 2","27.40","",""
"30/10/2025 15:00:00 - 30/10/2025 15:15:00","BZN|FR","Without Sequence","27.40","",""
"30/10/2025 15:15:00 - 30/10/2025 15:30:00","BZN|FR","Sequence Sequence 2","34.01","",""
"30/10/2025 15:15:00 - 30/10/2025 15:30:00","BZN|FR","Without Sequence","34.01","",""
"30/10/2025 15:30:00 - 30/10/2025 15:45:00","BZN|FR","Sequence Sequence 2","27.74","",""
"30/10/2025 15:30:00 - 30/10/2025 15:45:00","BZN|FR","Without Sequence","27.74","",""
"30/10/2025 15:45:00 - 30/10/2025 16:00:00","BZN|FR","Sequence Sequence 2","65.65","",""
"30/10/2025 15:45:00 - 30/10/2025 16:00:00","BZN|FR","Without Sequence","65.65","",""
"30/10/2025 16:00:00 - 30/10/2025 16:15:00","BZN|FR","Sequence Sequence 2","43.76","",""
"30/10/2025 16:00:00 - 30/10/2025 16:15:00","BZN|FR","Without Sequence","43.76","",""
"30/10/2025 16:15:00 - 30/10/2025 16:30:00","BZN|FR","Sequence Sequence 2","52.10","",""
"30/10/2025 16:15:00 - 30/10/2025 16:30:00","BZN|FR","Without Sequence","52.10","",""
"30/10/2025 16:30:00 - 30/10/2025 16:45:00","BZN|FR","Sequence Sequence 2","70.00","",""
"30/10/2025 16:30:00 - 30/10/2025 16:45:00","BZN|FR","Without Sequence","70.00","",""
"30/10/2025 16:45:00 - 30/10/2025 17:00:00","BZN|FR","Sequence Sequence 2","90.94","",""
"30/10/2025 16:45:00 - 30/10/2025 17:00:00","BZN|FR","Without Sequence","90.94","",""
"30/10/2025 17:00:00 - 30/10/2025 17:15:00","BZN|FR","Sequence Sequence 2","90.50","",""
"30/10/2025 17:00:00 - 30/10/2025 17:15:00","BZN|FR","Without Sequence","90.50","",""
"30/10/2025 17:15:00 - 30/10/2025 17:30:00","BZN|FR","Sequence Sequence 2","104.31","",""
"30/10/2025 17:15:00 - 30/10/2025 17:30:00","BZN|FR","Without Sequence","104.31","",""
"30/10/2025 17:30:00 - 30/10/2025 17:45:00","BZN|FR","Sequence Sequence 2","119.80","",""
"30/10/2025 17:30:00 - 30/10/2025 17:45:00","BZN|FR","Without Sequence","119.80","",""
"30/10/2025 17:45:00 - 30/10/2025 18:00:00","BZN|FR","Sequence Sequence 2","121.64","",""
"30/10/2025 17:45:00 - 30/10/2025 18:00:00","BZN|FR","Without Sequence","121.64","",""
"30/10/2025 18:00:00 - 30/10/2025 18:15:00","BZN|FR","Sequence Sequence 2","113.24","",""
"30/10/2025 18:00:00 - 30/10/2025 18:15:00","BZN|FR","Without Sequence","113.24","",""
"30/10/2025 18:15:00 - 30/10/2025 18:30:00","BZN|FR","Sequence Sequence 2","118.55","",""
"30/10/2025 18:15:00 - 30/10/2025 18:30:00","BZN|FR","Without Sequence","118.55","",""
"30/10/2025 18:30:00 - 30/10/2025 18:45:00","BZN|FR","Sequence Sequence 2","120.69","",""
"30/10/2025 18:30:00 - 30/10/2025 18:45:00","BZN|FR","Without Sequence","120.69","",""
"30/10/2025 18:45:00 - 30/10/2025 19:00:00","BZN|FR","Sequence Sequence 2","121.16","",""
"30/10/2025 18:45:00 - 30/10/2025 19:00:00","BZN|FR","Without Sequence","121.16","",""
"30/10/2025 19:00:00 - 30/10/2025 19:15:00","BZN|FR","Sequence Sequence 2","121.16","",""
"30/10/2025 19:00:00 - 30/10/2025 19:15:00","BZN|FR","Without Sequence","121.16","",""
"30/10/2025 19:15:00 - 30/10/2025 19:30:00","BZN|FR","Sequence Sequence 2","120.45","",""
"30/10/2025 19:15:00 - 30/10/2025 19:30:00","BZN|FR","Without Sequence","120.45","",""
"30/10/2025 19:30:00 - 30/10/2025 19:45:00","BZN|FR","Sequence Sequence 2","85.37","",""
"30/10/2025 19:30:00 - 30/10/2025 19:45:00","BZN|FR","Without Sequence","85.37","",""
"30/10/2025 19:45:00 - 30/10/2025 20:00:00","BZN|FR","Sequence Sequence 2","47.29","",""
"30/10/2025 19:45:00 - 30/10/2025 20:00:00","BZN|FR","Without Sequence","47.29","",""
"30/10/2025 20:00:00 - 30/10/2025 20:15:00","BZN|FR","Sequence Sequence 2","116.90","",""
"30/10/2025 20:00:00 - 30/10/2025 20:15:00","BZN|FR","Without Sequence","116.90","",""
"30/10/2025 20:15:00 - 30/10/2025 20:30:00","BZN|FR","Sequence Sequence 2","62.88","",""
"30/10/2025 20:15:00 - 30/10/2025 20:30:00","BZN|FR","Without Sequence","62.88","",""
"30/10/2025 20:30:00 - 30/10/2025 20:45:00","BZN|FR","Sequence Sequence 2","85.40","",""
"30/10/2025 20:30:00 - 30/10/2025 20:45:00","BZN|FR","Without Sequence","85.40","",""
"30/10/2025 20:45:00 - 30/10/2025 21:00:00","BZN|FR","Sequence Sequence 2","54.79","",""
"30/10/2025 20:45:00 - 30/10/2025 21:00:00","BZN|FR","Without Sequence","54.79","",""
"30/10/2025 21:00:00 - 30/10/2025 21:15:00","BZN|FR","Sequence Sequence 2","71.24","",""
"30/10/2025 21:00:00 - 30/10/2025 21:15:00","BZN|FR","Without Sequence","71.24","",""
"30/10/2025 21:15:00 - 30/10/2025 21:30:00","BZN|FR","Sequence Sequence 2","53.00","",""
"30/10/2025 21:15:00 - 30/10/2025 21:30:00","BZN|FR","Without Sequence","53.00","",""
"30/10/2025 21:30:00 - 30/10/2025 21:45:00","BZN|FR","Sequence Sequence 2","40.71","",""
"30/10/2025 21:30:00 - 30/10/2025 21:45:00","BZN|FR","Without Sequence","40.71","",""
"30/10/2025 21:45:00 - 30/10/2025 22:00:00","BZN|FR","Sequence Sequence 2","34.75","",""
"30/10/2025 21:45:00 - 30/10/2025 22:00:00","BZN|FR","Without Sequence","34.75","",""
"30/10/2025 22:00:00 - 30/10/2025 22:15:00","BZN|FR","Sequence Sequence 2","37.18","",""
"30/10/2025 22:00:00 - 30/10/2025 22:15:00","BZN|FR","Without Sequence","37.18","",""
"30/10/2025 22:15:00 - 30/10/2025 22:30:00","BZN|FR","Sequence Sequence 2","38.00","",""
"30/10/2025 22:15:00 - 30/10/2025 22:30:00","BZN|FR","Without Sequence","38.00","",""
"30/10/2025 22:30:00 - 30/10/2025 22:45:00","BZN|FR","Sequence Sequence 2","61.08","",""
"30/10/2025 22:30:00 - 30/10/2025 22:45:00","BZN|FR","Without Sequence","61.08","",""
"30/10/2025 22:45:00 - 30/10/2025 23:00:00","BZN|FR","Sequence Sequence 2","47.31","",""
"30/10/2025 22:45:00 - 30/10/2025 23:00:00","BZN|FR","Without Sequence","47.31","",""
"30/10/2025 23:00:00 - 30/10/2025 23:15:00","BZN|FR","Sequence Sequence 2","35.53","",""
"30/10/2025 23:00:00 - 30/10/2025 23:15:00","BZN|FR","Without Sequence","35.53","",""
"30/10/2025 23:15:00 - 30/10/2025 23:30:00","BZN|FR","Sequence Sequence 2","17.37","",""
"30/10/2025 23:15:00 - 30/10/2025 23:30:00","BZN|FR","Without Sequence","17.37","",""
"30/10/2025 23:30:00 - 30/10/2025 23:45:00","BZN|FR","Sequence Sequence 2","27.13","",""
"30/10/2025 23:30:00 - 30/10/2025 23:45:00","BZN|FR","Without Sequence","27.13","",""
"30/10/2025 23:45:00 - 31/10/2025 00:00:00","BZN|FR","Sequence Sequence 2","22.30","",""
"30/10/2025 23:45:00 - 31/10/2025 00:00:00","BZN|FR","Without Sequence","22.30","",""
"31/10/2025 00:00:00 - 31/10/2025 00:15:00","BZN|FR","Sequence Sequence 2","33.05","",""
"31/10/2025 00:00:00 - 31/10/2025 00:15:00","BZN|FR","Without Sequence","33.05","",""
"31/10/2025 00:15:00 - 31/10/2025 00:30:00","BZN|FR","Sequence Sequence 2","20.51","",""
"31/10/2025 00:15:00 - 31/10/2025 00:30:00","BZN|FR","Without Sequence","20.51","",""
"31/10/2025 00:30:00 - 31/10/2025 00:45:00","BZN|FR","Sequence Sequence 2","13.44","",""
"31/10/2025 00:30:00 - 31/10/2025 00:45:00","BZN|FR","Without Sequence","13.44","",""
"31/10/2025 00:45:00 - 31/10/2025 01:00:00","BZN|FR","Sequence Sequence 2","7.16","",""
"31/10/2025 00:45:00 - 31/10/2025 01:00:00","BZN|FR","Without Sequence","7.16","",""
"31/10/2025 01:00:00 - 31/10/2025 01:15:00","BZN|FR","Sequence Sequence 2","21.21","",""
"31/10/2025 01:00:00 - 31/10/2025 01:15:00","BZN|FR","Without Sequence","21.21","",""
"31/10/2025 01:15:00 - 31/10/2025 01:30:00","BZN|FR","Sequence Sequence 2","17.18","",""
"31/10/2025 01:15:00 - 31/10/2025 01:30:00","BZN|FR","Without Sequence","17.18","",""
"31/10/2025 01:30:00 - 31/10/2025 01:45:00","BZN|FR","Sequence Sequence 2","18.03","",""
"31/10/2025 01:30:00 - 31/10/2025 01:45:00","BZN|FR","Without Sequence","18.03","",""
"31/10/2025 01:45:00 - 31/10/2025 02:00:00","BZN|FR","Sequence Sequence 2","13.53","",""
"31/10/2025 01:45:00 - 31/10/2025 02:00:00","BZN|FR","Without Sequence","13.53","",""
"31/10/2025 02:00:00 - 31/10/2025 02:15:00","BZN|FR","Sequence Sequence 2","19.41","",""
"31/10/2025 02:00:00 - 31/10/2025 02:15:00","BZN|FR","Without Sequence","19.41","",""
"31/10/2025 02:15:00 - 31/10/2025 02:30:00","BZN|FR","Sequence Sequence 2","19.43","",""
"31/10/2025 02:15:00 - 31/10/2025 02:30:00","BZN|FR","Without Sequence","19.43","",""
"31/10/2025 02:30:00 - 31/10/2025 02:45:00","BZN|FR","Sequence Sequence 2","16.80","",""
"31/10/2025 02:30:00 - 31/10/2025 02:45:00","BZN|FR","Without Sequence","16.80","",""
"31/10/2025 02:45:00 - 31/10/2025 03:00:00","BZN|FR","Sequence Sequence 2","16.09","",""
"31/10/2025 02:45:00 - 31/10/2025 03:00:00","BZN|FR","Without Sequence","16.09","",""
"31/10/2025 03:00:00 - 31/10/2025 03:15:00","BZN|FR","Sequence Sequence 2","17.91","",""
"31/10/2025 03:00:00 - 31/10/2025 03:15:00","BZN|FR","Without Sequence","17.91","",""
"31/10/2025 03:15:00 - 31/10/2025 03:30:00","BZN|FR","Sequence Sequence 2","17.31","",""
"31/10/2025 03:15:00 - 31/10/2025 03:30:00","BZN|FR","Without Sequence","17.31","",""
"31/10/2025 03:30:00 - 31/10/2025 03:45:00","BZN|FR","Sequence Sequence 2","11.99","",""
"31/10/2025 03:30:00 - 31/10/2025 03:45:00","BZN|FR","Without Sequence","11.99","",""
"31/10/2025 03:45:00 - 31/10/2025 04:00:00","BZN|FR","Sequence Sequence 2","5.76","",""
"31/10/2025 03:45:00 - 31/10/2025 04:00:00","BZN|FR","Without Sequence","5.76","",""
"31/10/2025 04:00:00 - 31/10/2025 04:15:00","BZN|FR","Sequence Sequence 2","10.80","",""
"31/10/2025 04:00:00 - 31/10/2025 04:15:00","BZN|FR","Without Sequence","10.80","",""
"31/10/2025 04:15:00 - 31/10/2025 04:30:00","BZN|FR","Sequence Sequence 2","12.57","",""
"31/10/2025 04:15:00 - 31/10/2025 04:30:00","BZN|FR","Without Sequence","12.57","",""
"31/10/2025 04:30:00 - 31/10/2025 04:45:00","BZN|FR","Sequence Sequence 2","9.54","",""
"31/10/2025 04:30:00 - 31/10/2025 04:45:00","BZN|FR","Without Sequence","9.54","",""
"31/10/2025 04:45:00 - 31/10/2025 05:00:00","BZN|FR","Sequence Sequence 2","13.29","",""
"31/10/2025 04:45:00 - 31/10/2025 05:00:00","BZN|FR","Without Sequence","13.29","",""
"31/10/2025 05:00:00 - 31/10/2025 05:15:00","BZN|FR","Sequence Sequence 2","16.77","",""
"31/10/2025 05:00:00 - 31/10/2025 05:15:00","BZN|FR","Without Sequence","16.77","",""
"31/10/2025 05:15:00 - 31/10/2025 05:30:00","BZN|FR","Sequence Sequence 2","17.78","",""
"31/10/2025 05:15:00 - 31/10/2025 05:30:00","BZN|FR","Without Sequence","17.78","",""
"31/10/2025 05:30:00 - 31/10/2025 05:45:00","BZN|FR","Sequence Sequence 2","19.95","",""
"31/10/2025 05:30:00 - 31/10/2025 05:45:00","BZN|FR","Without Sequence","19.95","",""
"31/10/2025 05:45:00 - 31/10/2025 06:00:00","BZN|FR","Sequence Sequence 2","16.34","",""
"31/10/2025 05:45:00 - 31/10/2025 06:00:00","BZN|FR","Without Sequence","16.34","",""
"31/10/2025 06:00:00 - 31/10/2025 06:15:00","BZN|FR","Sequence Sequence 2","23.18","",""
"31/10/2025 06:00:00 - 31/10/2025 06:15:00","BZN|FR","Without Sequence","23.18","",""
"31/10/2025 06:15:00 - 31/10/2025 06:30:00","BZN|FR","Sequence Sequence 2","20.53","",""
"31/10/2025 06:15:00 - 31/10/2025 06:30:00","BZN|FR","Without Sequence","20.53","",""
"31/10/2025 06:30:00 - 31/10/2025 06:45:00","BZN|FR","Sequence Sequence 2","28.54","",""
"31/10/2025 06:30:00 - 31/10/2025 06:45:00","BZN|FR","Without Sequence","28.54","",""
"31/10/2025 06:45:00 - 31/10/2025 07:00:00","BZN|FR","Sequence Sequence 2","15.09","",""
"31/10/2025 06:45:00 - 31/10/2025 07:00:00","BZN|FR","Without Sequence","15.09","",""
"31/10/2025 07:00:00 - 31/10/2025 07:15:00","BZN|FR","Sequence Sequence 2","59.87","",""
"31/10/2025 07:00:00 - 31/10/2025 07:15:00","BZN|FR","Without Sequence","59.87","",""
"31/10/2025 07:15:00 - 31/10/2025 07:30:00","BZN|FR","Sequence Sequence 2","29.39","",""
"31/10/2025 07:15:00 - 31/10/2025 07:30:00","BZN|FR","Without Sequence","29.39","",""
"31/10/2025 07:30:00 - 31/10/2025 07:45:00","BZN|FR","Sequence Sequence 2","33.10","",""
"31/10/2025 07:30:00 - 31/10/2025 07:45:00","BZN|FR","Without Sequence","33.10","",""
"31/10/2025 07:45:00 - 31/10/2025 08:00:00","BZN|FR","Sequence Sequence 2","10.06","",""
"31/10/2025 07:45:00 - 31/10/2025 08:00:00","BZN|FR","Without Sequence","10.06","",""
"31/10/2025 08:00:00 - 31/10/2025 08:15:00","BZN|FR","Sequence Sequence 2","40.33","",""
"31/10/2025 08:00:00 - 31/10/2025 08:15:00","BZN|FR","Without Sequence","40.33","",""
"31/10/2025 08:15:00 - 31/10/2025 08:30:00","BZN|FR","Sequence Sequence 2","40.16","",""
"31/10/2025 08:15:00 - 31/10/2025 08:30:00","BZN|FR","Without Sequence","40.16","",""
"31/10/2025 08:30:00 - 31/10/2025 08:45:00","BZN|FR","Sequence Sequence 2","30.83","",""
"31/10/2025 08:30:00 - 31/10/2025 08:45:00","BZN|FR","Without Sequence","30.83","",""
"31/10/2025 08:45:00 - 31/10/2025 09:00:00","BZN|FR","Sequence Sequence 2","35.39","",""
"31/10/2025 08:45:00 - 31/10/2025 09:00:00","BZN|FR","Without Sequence","35.39","",""
"31/10/2025 09:00:00 - 31/10/2025 09:15:00","BZN|FR","Sequence Sequence 2","33.60","",""
"31/10/2025 09:00:00 - 31/10/2025 09:15:00","BZN|FR","Without Sequence","33.60","",""
"31/10/2025 09:15:00 - 31/10/2025 09:30:00","BZN|FR","Sequence Sequence 2","35.09","",""
"31/10/2025 09:15:00 - 31/10/2025 09:30:00","BZN|FR","Without Sequence","35.09","",""
"31/10/2025 09:30:00 - 31/10/2025 09:45:00","BZN|FR","Sequence Sequence 2","33.72","",""
"31/10/2025 09:30:00 - 31/10/2025 09:45:00","BZN|FR","Without Sequence","33.72","",""
"31/10/2025 09:45:00 - 31/10/2025 10:00:00","BZN|FR","Sequence Sequence 2","20.57","",""
"31/10/2025 09:45:00 - 31/10/2025 10:00:00","BZN|FR","Without Sequence","20.57","",""
"31/10/2025 10:00:00 - 31/10/2025 10:15:00","BZN|FR","Sequence Sequence 2","29.65","",""
"31/10/2025 10:00:00 - 31/10/2025 10:15:00","BZN|FR","Without Sequence","29.65","",""
"31/10/2025 10:15:00 - 31/10/2025 10:30:00","BZN|FR","Sequence Sequence 2","31.48","",""
"31/10/2025 10:15:00 - 31/10/2025 10:30:00","BZN|FR","Without Sequence","31.48","",""
"31/10/2025 10:30:00 - 31/10/2025 10:45:00","BZN|FR","Sequence Sequence 2","22.06","",""
"31/10/2025 10:30:00 - 31/10/2025 10:45:00","BZN|FR","Without Sequence","22.06","",""
"31/10/2025 10:45:00 - 31/10/2025 11:00:00","BZN|FR","Sequence Sequence 2","14.02","",""
"31/10/2025 10:45:00 - 31/10/2025 11:00:00","BZN|FR","Without Sequence","14.02","",""
"31/10/2025 11:00:00 - 31/10/2025 11:15:00","BZN|FR","Sequence Sequence 2","20.10","",""
"31/10/2025 11:00:00 - 31/10/2025 11:15:00","BZN|FR","Without Sequence","20.10","",""
"31/10/2025 11:15:00 - 31/10/2025 11:30:00","BZN|FR","Sequence Sequence 2","19.01","",""
"31/10/2025 11:15:00 - 31/10/2025 11:30:00","BZN|FR","Without Sequence","19.01","",""
"31/10/2025 11:30:00 - 31/10/2025 11:45:00","BZN|FR","Sequence Sequence 2","16.46","",""
"31/10/2025 11:30:00 - 31/10/2025 11:45:00","BZN|FR","Without Sequence","16.46","",""
"31/10/2025 11:45:00 - 31/10/2025 12:00:00","BZN|FR","Sequence Sequence 2","16.90","",""
"31/10/2025 11:45:00 - 31/10/2025 12:00:00","BZN|FR","Without Sequence","16.90","",""
"31/10/2025 12:00:00 - 31/10/2025 12:15:00","BZN|FR","Sequence Sequence 2","14.37","",""
"31/10/2025 12:00:00 - 31/10/2025 12:15:00","BZN|FR","Without Sequence","14.37","",""
"31/10/2025 12:15:00 - 31/10/2025 12:30:00","BZN|FR","Sequence Sequence 2","12.60","",""
"31/10/2025 12:15:00 - 31/10/2025 12:30:00","BZN|FR","Without Sequence","12.60","",""
"31/10/2025 12:30:00 - 31/10/2025 12:45:00","BZN|FR","Sequence Sequence 2","37.69","",""
"31/10/2025 12:30:00 - 31/10/2025 12:45:00","BZN|FR","Without Sequence","37.69","",""
"31/10/2025 12:45:00 - 31/10/2025 13:00:00","BZN|FR","Sequence Sequence 2","20.00","",""
"31/10/2025 12:45:00 - 31/10/2025 13:00:00","BZN|FR","Without Sequence","20.00","",""
"31/10/2025 13:00:00 - 31/10/2025 13:15:00","BZN|FR","Sequence Sequence 2","16.62","",""
"31/10/2025 13:00:00 - 31/10/2025 13:15:00","BZN|FR","Without Sequence","16.62","",""
"31/10/2025 13:15:00 - 31/10/2025 13:30:00","BZN|FR","Sequence Sequence 2","16.79","",""
"31/10/2025 13:15:00 - 31/10/2025 13:30:00","BZN|FR","Without Sequence","16.79","",""
"31/10/2025 13:30:00 - 31/10/2025 13:45:00","BZN|FR","Sequence Sequence 2","14.54","",""
"31/10/2025 13:30:00 - 31/10/2025 13:45:00","BZN|FR","Without Sequence","14.54","",""
"31/10/2025 13:45:00 - 31/10/2025 14:00:00","BZN|FR","Sequence Sequence 2","15.71","",""
"31/10/2025 13:45:00 - 31/10/2025 14:00:00","BZN|FR","Without Sequence","15.71","",""
"31/10/2025 14:00:00 - 31/10/2025 14:15:00","BZN|FR","Sequence Sequence 2","15.00","",""
"31/10/2025 14:00:00 - 31/10/2025 14:15:00","BZN|FR","Without Sequence","15.00","",""
"31/10/2025 14:15:00 - 31/10/2025 14:30:00","BZN|FR","Sequence Sequence 2","15.00","",""
"31/10/2025 14:15:00 - 31/10/2025 14:30:00","BZN|FR","Without Sequence","15.00","",""
"31/10/2025 14:30:00 - 31/10/2025 14:45:00","BZN|FR","Sequence Sequence 2","16.01","",""
"31/10/2025 14:30:00 - 31/10/2025 14:45:00","BZN|FR","Without Sequence","16.01","",""
"31/10/2025 14:45:00 - 31/10/2025 15:00:00","BZN|FR","Sequence Sequence 2","16.79","",""
"31/10/2025 14:45:00 - 31/10/2025 15:00:00","BZN|FR","Without Sequence","16.79","",""
"31/10/2025 15:00:00 - 31/10/2025 15:15:00","BZN|FR","Sequence Sequence 2","16.47","",""
"31/10/2025 15:00:00 - 31/10/2025 15:15:00","BZN|FR","Without Sequence","16.47","",""
"31/10/2025 15:15:00 - 31/10/2025 15:30:00","BZN|FR","Sequence Sequence 2","21.25","",""
"31/10/2025 15:15:00 - 31/10/2025 15:30:00","BZN|FR","Without Sequence","21.25","",""
"31/10/2025 15:30:00 - 31/10/2025 15:45:00","BZN|FR","Sequence Sequence 2","20.00","",""
"31/10/2025 15:30:00 - 31/10/2025 15:45:00","BZN|FR","Without Sequence","20.00","",""
"31/10/2025 15:45:00 - 31/10/2025 16:00:00","BZN|FR","Sequence Sequence 2","29.27","",""
"31/10/2025 15:45:00 - 31/10/2025 16:00:00","BZN|FR","Without Sequence","29.27","",""
"31/10/2025 16:00:00 - 31/10/2025 16:15:00","BZN|FR","Sequence Sequence 2","21.01","",""
"31/10/2025 16:00:00 - 31/10/2025 16:15:00","BZN|FR","Without Sequence","21.01","",""
"31/10/2025 16:15:00 - 31/10/2025 16:30:00","BZN|FR","Sequence Sequence 2","30.40","",""
"31/10/2025 16:15:00 - 31/10/2025 16:30:00","BZN|FR","Without Sequence","30.40","",""
"31/10/2025 16:30:00 - 31/10/2025 16:45:00","BZN|FR","Sequence Sequence 2","19.73","",""
"31/10/2025 16:30:00 - 31/10/2025 16:45:00","BZN|FR","Without Sequence","19.73","",""
"31/10/2025 16:45:00 - 31/10/2025 17:00:00","BZN|FR","Sequence Sequence 2","27.69","",""
"31/10/2025 16:45:00 - 31/10/2025 17:00:00","BZN|FR","Without Sequence","27.69","",""
"31/10/2025 17:00:00 - 31/10/2025 17:15:00","BZN|FR","Sequence Sequence 2","26.09","",""
"31/10/2025 17:00:00 - 31/10/2025 17:15:00","BZN|FR","Without Sequence","26.09","",""
"31/10/2025 17:15:00 - 31/10/2025 17:30:00","BZN|FR","Sequence Sequence 2","20.81","",""
"31/10/2025 17:15:00 - 31/10/2025 17:30:00","BZN|FR","Without Sequence","20.81","",""
"31/10/2025 17:30:00 - 31/10/2025 17:45:00","BZN|FR","Sequence Sequence 2","27.33","",""
"31/10/2025 17:30:00 - 31/10/2025 17:45:00","BZN|FR","Without Sequence","27.33","",""
"31/10/2025 17:45:00 - 31/10/2025 18:00:00","BZN|FR","Sequence Sequence 2","18.35","",""
"31/10/2025 17:45:00 - 31/10/2025 18:00:00","BZN|FR","Without Sequence","18.35","",""
"31/10/2025 18:00:00 - 31/10/2025 18:15:00","BZN|FR","Sequence Sequence 2","40.77","",""
"31/10/2025 18:00:00 - 31/10/2025 18:15:00","BZN|FR","Without Sequence","40.77","",""
"31/10/2025 18:15:00 - 31/10/2025 18:30:00","BZN|FR","Sequence Sequence 2","11.52","",""
"31/10/2025 18:15:00 - 31/10/2025 18:30:00","BZN|FR","Without Sequence","11.52","",""
"31/10/2025 18:30:00 - 31/10/2025 18:45:00","BZN|FR","Sequence Sequence 2","42.31","",""
"31/10/2025 18:30:00 - 31/10/2025 18:45:00","BZN|FR","Without Sequence","42.31","",""
"31/10/2025 18:45:00 - 31/10/2025 19:00:00","BZN|FR","Sequence Sequence 2","55.17","",""
"31/10/2025 18:45:00 - 31/10/2025 19:00:00","BZN|FR","Without Sequence","55.17","",""
"31/10/2025 19:00:00 - 31/10/2025 19:15:00","BZN|FR","Sequence Sequence 2","41.66","",""
"31/10/2025 19:00:00 - 31/10/2025 19:15:00","BZN|FR","Without Sequence","41.66","",""
"31/10/2025 19:15:00 - 31/10/2025 19:30:00","BZN|FR","Sequence Sequence 2","21.24","",""
"31/10/2025 19:15:00 - 31/10/2025 19:30:00","BZN|FR","Without Sequence","21.24","",""
"31/10/2025 19:30:00 - 31/10/2025 19:45:00","BZN|FR","Sequence Sequence 2","44.70","",""
"31/10/2025 19:30:00 - 31/10/2025 19:45:00","BZN|FR","Without Sequence","44.70","",""
"31/10/2025 19:45:00 - 31/10/2025 20:00:00","BZN|FR","Sequence Sequence 2","41.60","",""
"31/10/2025 19:45:00 - 31/10/2025 20:00:00","BZN|FR","Without Sequence","41.60","",""
"31/10/2025 20:00:00 - 31/10/2025 20:15:00","BZN|FR","Sequence Sequence 2","20.35","",""
"31/10/2025 20:00:00 - 31/10/2025 20:15:00","BZN|FR","Without Sequence","20.35","",""
"31/10/2025 20:15:00 - 31/10/2025 20:30:00","BZN|FR","Sequence Sequence 2","31.35","",""
"31/10/2025 20:15:00 - 31/10/2025 20:30:00","BZN|FR","Without Sequence","31.35","",""
"31/10/2025 20:30:00 - 31/10/2025 20:45:00","BZN|FR","Sequence Sequence 2","24.86","",""
"31/10/2025 20:30:00 - 31/10/2025 20:45:00","BZN|FR","Without Sequence","24.86","",""
"31/10/2025 20:45:00 - 31/10/2025 21:00:00","BZN|FR","Sequence Sequence 2","17.34","",""
"31/10/2025 20:45:00 - 31/10/2025 21:00:00","BZN|FR","Without Sequence","17.34","",""
"31/10/2025 21:00:00 - 31/10/2025 21:15:00","BZN|FR","Sequence Sequence 2","22.60","",""
"31/10/2025 21:00:00 - 31/10/2025 21:15:00","BZN|FR","Without Sequence","22.60","",""
"31/10/2025 21:15:00 - 31/10/2025 21:30:00","BZN|FR","Sequence Sequence 2","29.89","",""
"31/10/2025 21:15:00 - 31/10/2025 21:30:00","BZN|FR","Without Sequence","29.89","",""
"31/10/2025 21:30:00 - 31/10/2025 21:45:00","BZN|FR","Sequence Sequence 2","6.63","",""
"31/10/2025 21:30:00 - 31/10/2025 21:45:00","BZN|FR","Without Sequence","6.63","",""
"31/10/2025 21:45:00 - 31/10/2025 22:00:00","BZN|FR","Sequence Sequence 2","10.40","",""
"31/10/2025 21:45:00 - 31/10/2025 22:00:00","BZN|FR","Without Sequence","10.40","",""
"31/10/2025 22:00:00 - 31/10/2025 22:15:00","BZN|FR","Sequence Sequence 2","8.92","",""
"31/10/2025 22:00:00 - 31/10/2025 22:15:00","BZN|FR","Without Sequence","8.92","",""
"31/10/2025 22:15:00 - 31/10/2025 22:30:00","BZN|FR","Sequence Sequence 2","16.05","",""
"31/10/2025 22:15:00 - 31/10/2025 22:30:00","BZN|FR","Without Sequence","16.05","",""
"31/10/2025 22:30:00 - 31/10/2025 22:45:00","BZN|FR","Sequence Sequence 2","34.11","",""
"31/10/2025 22:30:00 - 31/10/2025 22:45:00","BZN|FR","Without Sequence","34.11","",""
"31/10/2025 22:45:00 - 31/10/2025 23:00:00","BZN|FR","Sequence Sequence 2","34.76","",""
"31/10/2025 22:45:00 - 31/10/2025 23:00:00","BZN|FR","Without Sequence","34.76","",""
"31/10/2025 23:00:00 - 31/10/2025 23:15:00","BZN|FR","Sequence Sequence 2","18.00","",""
"31/10/2025 23:00:00 - 31/10/2025 23:15:00","BZN|FR","Without Sequence","18.00","",""
"31/10/2025 23:15:00 - 31/10/2025 23:30:00","BZN|FR","Sequence Sequence 2","8.38","",""
"31/10/2025 23:15:00 - 31/10/2025 23:30:00","BZN|FR","Without Sequence","8.38","",""
"31/10/2025 23:30:00 - 31/10/2025 23:45:00","BZN|FR","Sequence Sequence 2","20.59","",""
"31/10/2025 23:30:00 - 31/10/2025 23:45:00","BZN|FR","Without Sequence","20.59","",""
"31/10/2025 23:45:00 - 01/11/2025 00:00:00","BZN|FR","Sequence Sequence 2","3.71","",""
"31/10/2025 23:45:00 - 01/11/2025 00:00:00","BZN|FR","Without Sequence","3.71","",""
"01/11/2025 00:00:00 - 01/11/2025 00:15:00","BZN|FR","Sequence Sequence 2","24.79","",""
"01/11/2025 00:00:00 - 01/11/2025 00:15:00","BZN|FR","Without Sequence","24.79","",""
"01/11/2025 00:15:00 - 01/11/2025 00:30:00","BZN|FR","Sequence Sequence 2","33.12","",""
"01/11/2025 00:15:00 - 01/11/2025 00:30:00","BZN|FR","Without Sequence","33.12","",""
"01/11/2025 00:30:00 - 01/11/2025 00:45:00","BZN|FR","Sequence Sequence 2","14.96","",""
"01/11/2025 00:30:00 - 01/11/2025 00:45:00","BZN|FR","Without Sequence","14.96","",""
"01/11/2025 00:45:00 - 01/11/2025 01:00:00","BZN|FR","Sequence Sequence 2","5.75","",""
"01/11/2025 00:45:00 - 01/11/2025 01:00:00","BZN|FR","Without Sequence","5.75","",""
"01/11/2025 01:00:00 - 01/11/2025 01:15:00","BZN|FR","Sequence Sequence 2","20.62","",""
"01/11/2025 01:00:00 - 01/11/2025 01:15:00","BZN|FR","Without Sequence","20.62","",""
"01/11/2025 01:15:00 - 01/11/2025 01:30:00","BZN|FR","Sequence Sequence 2","15.58","",""
"01/11/2025 01:15:00 - 01/11/2025 01:30:00","BZN|FR","Without Sequence","15.58","",""
"01/11/2025 01:30:00 - 01/11/2025 01:45:00","BZN|FR","Sequence Sequence 2","16.47","",""
"01/11/2025 01:30:00 - 01/11/2025 01:45:00","BZN|FR","Without Sequence","16.47","",""
"01/11/2025 01:45:00 - 01/11/2025 02:00:00","BZN|FR","Sequence Sequence 2","9.09","",""
"01/11/2025 01:45:00 - 01/11/2025 02:00:00","BZN|FR","Without Sequence","9.09","",""
"01/11/2025 02:00:00 - 01/11/2025 02:15:00","BZN|FR","Sequence Sequence 2","18.45","",""
"01/11/2025 02:00:00 - 01/11/2025 02:15:00","BZN|FR","Without Sequence","18.45","",""
"01/11/2025 02:15:00 - 01/11/2025 02:30:00","BZN|FR","Sequence Sequence 2","11.75","",""
"01/11/2025 02:15:00 - 01/11/2025 02:30:00","BZN|FR","Without Sequence","11.75","",""
"01/11/2025 02:30:00 - 01/11/2025 02:45:00","BZN|FR","Sequence Sequence 2","10.42","",""
"01/11/2025 02:30:00 - 01/11/2025 02:45:00","BZN|FR","Without Sequence","10.42","",""
"01/11/2025 02:45:00 - 01/11/2025 03:00:00","BZN|FR","Sequence Sequence 2","10.77","",""
"01/11/2025 02:45:00 - 01/11/2025 03:00:00","BZN|FR","Without Sequence","10.77","",""
"01/11/2025 03:00:00 - 01/11/2025 03:15:00","BZN|FR","Sequence Sequence 2","14.47","",""
"01/11/2025 03:00:00 - 01/11/2025 03:15:00","BZN|FR","Without Sequence","14.47","",""
"01/11/2025 03:15:00 - 01/11/2025 03:30:00","BZN|FR","Sequence Sequence 2","12.07","",""
"01/11/2025 03:15:00 - 01/11/2025 03:30:00","BZN|FR","Without Sequence","12.07","",""
"01/11/2025 03:30:00 - 01/11/2025 03:45:00","BZN|FR","Sequence Sequence 2","10.58","",""
"01/11/2025 03:30:00 - 01/11/2025 03:45:00","BZN|FR","Without Sequence","10.58","",""
"01/11/2025 03:45:00 - 01/11/2025 04:00:00","BZN|FR","Sequence Sequence 2","7.68","",""
"01/11/2025 03:45:00 - 01/11/2025 04:00:00","BZN|FR","Without Sequence","7.68","",""
"01/11/2025 04:00:00 - 01/11/2025 04:15:00","BZN|FR","Sequence Sequence 2","12.68","",""
"01/11/2025 04:00:00 - 01/11/2025 04:15:00","BZN|FR","Without Sequence","12.68","",""
"01/11/2025 04:15:00 - 01/11/2025 04:30:00","BZN|FR","Sequence Sequence 2","6.65","",""
"01/11/2025 04:15:00 - 01/11/2025 04:30:00","BZN|FR","Without Sequence","6.65","",""
"01/11/2025 04:30:00 - 01/11/2025 04:45:00","BZN|FR","Sequence Sequence 2","6.21","",""
"01/11/2025 04:30:00 - 01/11/2025 04:45:00","BZN|FR","Without Sequence","6.21","",""
"01/11/2025 04:45:00 - 01/11/2025 05:00:00","BZN|FR","Sequence Sequence 2","10.25","",""
"01/11/2025 04:45:00 - 01/11/2025 05:00:00","BZN|FR","Without Sequence","10.25","",""
"01/11/2025 05:00:00 - 01/11/2025 05:15:00","BZN|FR","Sequence Sequence 2","11.83","",""
"01/11/2025 05:00:00 - 01/11/2025 05:15:00","BZN|FR","Without Sequence","11.83","",""
"01/11/2025 05:15:00 - 01/11/2025 05:30:00","BZN|FR","Sequence Sequence 2","9.91","",""
"01/11/2025 05:15:00 - 01/11/2025 05:30:00","BZN|FR","Without Sequence","9.91","",""
"01/11/2025 05:30:00 - 01/11/2025 05:45:00","BZN|FR","Sequence Sequence 2","10.43","",""
"01/11/2025 05:30:00 - 01/11/2025 05:45:00","BZN|FR","Without Sequence","10.43","",""
"01/11/2025 05:45:00 - 01/11/2025 06:00:00","BZN|FR","Sequence Sequence 2","11.30","",""
"01/11/2025 05:45:00 - 01/11/2025 06:00:00","BZN|FR","Without Sequence","11.30","",""
"01/11/2025 06:00:00 - 01/11/2025 06:15:00","BZN|FR","Sequence Sequence 2","14.01","",""
"01/11/2025 06:00:00 - 01/11/2025 06:15:00","BZN|FR","Without Sequence","14.01","",""
"01/11/2025 06:15:00 - 01/11/2025 06:30:00","BZN|FR","Sequence Sequence 2","12.77","",""
"01/11/2025 06:15:00 - 01/11/2025 06:30:00","BZN|FR","Without Sequence","12.77","",""
"01/11/2025 06:30:00 - 01/11/2025 06:45:00","BZN|FR","Sequence Sequence 2","13.01","",""
"01/11/2025 06:30:00 - 01/11/2025 06:45:00","BZN|FR","Without Sequence","13.01","",""
"01/11/2025 06:45:00 - 01/11/2025 07:00:00","BZN|FR","Sequence Sequence 2","12.51","",""
"01/11/2025 06:45:00 - 01/11/2025 07:00:00","BZN|FR","Without Sequence","12.51","",""
"01/11/2025 07:00:00 - 01/11/2025 07:15:00","BZN|FR","Sequence Sequence 2","14.92","",""
"01/11/2025 07:00:00 - 01/11/2025 07:15:00","BZN|FR","Without Sequence","14.92","",""
"01/11/2025 07:15:00 - 01/11/2025 07:30:00","BZN|FR","Sequence Sequence 2","14.63","",""
"01/11/2025 07:15:00 - 01/11/2025 07:30:00","BZN|FR","Without Sequence","14.63","",""
"01/11/2025 07:30:00 - 01/11/2025 07:45:00","BZN|FR","Sequence Sequence 2","14.77","",""
"01/11/2025 07:30:00 - 01/11/2025 07:45:00","BZN|FR","Without Sequence","14.77","",""
"01/11/2025 07:45:00 - 01/11/2025 08:00:00","BZN|FR","Sequence Sequence 2","10.67","",""
"01/11/2025 07:45:00 - 01/11/2025 08:00:00","BZN|FR","Without Sequence","10.67","",""
"01/11/2025 08:00:00 - 01/11/2025 08:15:00","BZN|FR","Sequence Sequence 2","16.22","",""
"01/11/2025 08:00:00 - 01/11/2025 08:15:00","BZN|FR","Without Sequence","16.22","",""
"01/11/2025 08:15:00 - 01/11/2025 08:30:00","BZN|FR","Sequence Sequence 2","16.67","",""
"01/11/2025 08:15:00 - 01/11/2025 08:30:00","BZN|FR","Without Sequence","16.67","",""
"01/11/2025 08:30:00 - 01/11/2025 08:45:00","BZN|FR","Sequence Sequence 2","16.32","",""
"01/11/2025 08:30:00 - 01/11/2025 08:45:00","BZN|FR","Without Sequence","16.32","",""
"01/11/2025 08:45:00 - 01/11/2025 09:00:00","BZN|FR","Sequence Sequence 2","14.40","",""
"01/11/2025 08:45:00 - 01/11/2025 09:00:00","BZN|FR","Without Sequence","14.40","",""
"01/11/2025 09:00:00 - 01/11/2025 09:15:00","BZN|FR","Sequence Sequence 2","36.11","",""
"01/11/2025 09:00:00 - 01/11/2025 09:15:00","BZN|FR","Without Sequence","36.11","",""
"01/11/2025 09:15:00 - 01/11/2025 09:30:00","BZN|FR","Sequence Sequence 2","25.29","",""
"01/11/2025 09:15:00 - 01/11/2025 09:30:00","BZN|FR","Without Sequence","25.29","",""
"01/11/2025 09:30:00 - 01/11/2025 09:45:00","BZN|FR","Sequence Sequence 2","20.10","",""
"01/11/2025 09:30:00 - 01/11/2025 09:45:00","BZN|FR","Without Sequence","20.10","",""
"01/11/2025 09:45:00 - 01/11/2025 10:00:00","BZN|FR","Sequence Sequence 2","13.48","",""
"01/11/2025 09:45:00 - 01/11/2025 10:00:00","BZN|FR","Without Sequence","13.48","",""
"01/11/2025 10:00:00 - 01/11/2025 10:15:00","BZN|FR","Sequence Sequence 2","23.72","",""
"01/11/2025 10:00:00 - 01/11/2025 10:15:00","BZN|FR","Without Sequence","23.72","",""
"01/11/2025 10:15:00 - 01/11/2025 10:30:00","BZN|FR","Sequence Sequence 2","18.08","",""
"01/11/2025 10:15:00 - 01/11/2025 10:30:00","BZN|FR","Without Sequence","18.08","",""
"01/11/2025 10:30:00 - 01/11/2025 10:45:00","BZN|FR","Sequence Sequence 2","16.40","",""
"01/11/2025 10:30:00 - 01/11/2025 10:45:00","BZN|FR","Without Sequence","16.40","",""
"01/11/2025 10:45:00 - 01/11/2025 11:00:00","BZN|FR","Sequence Sequence 2","15.00","",""
"01/11/2025 10:45:00 - 01/11/2025 11:00:00","BZN|FR","Without Sequence","15.00","",""
"01/11/2025 11:00:00 - 01/11/2025 11:15:00","BZN|FR","Sequence Sequence 2","15.00","",""
"01/11/2025 11:00:00 - 01/11/2025 11:15:00","BZN|FR","Without Sequence","15.00","",""
"01/11/2025 11:15:00 - 01/11/2025 11:30:00","BZN|FR","Sequence Sequence 2","15.06","",""
"01/11/2025 11:15:00 - 01/11/2025 11:30:00","BZN|FR","Without Sequence","15.06","",""
"01/11/2025 11:30:00 - 01/11/2025 11:45:00","BZN|FR","Sequence Sequence 2","15.00","",""
"01/11/2025 11:30:00 - 01/11/2025 11:45:00","BZN|FR","Without Sequence","15.00","",""
"01/11/2025 11:45:00 - 01/11/2025 12:00:00","BZN|FR","Sequence Sequence 2","17.97","",""
"01/11/2025 11:45:00 - 01/11/2025 12:00:00","BZN|FR","Without Sequence","17.97","",""
"01/11/2025 12:00:00 - 01/11/2025 12:15:00","BZN|FR","Sequence Sequence 2","14.85","",""
"01/11/2025 12:00:00 - 01/11/2025 12:15:00","BZN|FR","Without Sequence","14.85","",""
"01/11/2025 12:15:00 - 01/11/2025 12:30:00","BZN|FR","Sequence Sequence 2","18.00","",""
"01/11/2025 12:15:00 - 01/11/2025 12:30:00","BZN|FR","Without Sequence","18.00","",""
"01/11/2025 12:30:00 - 01/11/2025 12:45:00","BZN|FR","Sequence Sequence 2","24.78","",""
"01/11/2025 12:30:00 - 01/11/2025 12:45:00","BZN|FR","Without Sequence","24.78","",""
"01/11/2025 12:45:00 - 01/11/2025 13:00:00","BZN|FR","Sequence Sequence 2","26.43","",""
"01/11/2025 12:45:00 - 01/11/2025 13:00:00","BZN|FR","Without Sequence","26.43","",""
"01/11/2025 13:00:00 - 01/11/2025 13:15:00","BZN|FR","Sequence Sequence 2","20.25","",""
"01/11/2025 13:00:00 - 01/11/2025 13:15:00","BZN|FR","Without Sequence","20.25","",""
"01/11/2025 13:15:00 - 01/11/2025 13:30:00","BZN|FR","Sequence Sequence 2","18.22","",""
"01/11/2025 13:15:00 - 01/11/2025 13:30:00","BZN|FR","Without Sequence","18.22","",""
"01/11/2025 13:30:00 - 01/11/2025 13:45:00","BZN|FR","Sequence Sequence 2","15.75","",""
"01/11/2025 13:30:00 - 01/11/2025 13:45:00","BZN|FR","Without Sequence","15.75","",""
"01/11/2025 13:45:00 - 01/11/2025 14:00:00","BZN|FR","Sequence Sequence 2","16.09","",""
"01/11/2025 13:45:00 - 01/11/2025 14:00:00","BZN|FR","Without Sequence","16.09","",""
"01/11/2025 14:00:00 - 01/11/2025 14:15:00","BZN|FR","Sequence Sequence 2","15.00","",""
"01/11/2025 14:00:00 - 01/11/2025 14:15:00","BZN|FR","Without Sequence","15.00","",""
"01/11/2025 14:15:00 - 01/11/2025 14:30:00","BZN|FR","Sequence Sequence 2","14.74","",""
"01/11/2025 14:15:00 - 01/11/2025 14:30:00","BZN|FR","Without Sequence","14.74","",""
"01/11/2025 14:30:00 - 01/11/2025 14:45:00","BZN|FR","Sequence Sequence 2","15.36","",""
"01/11/2025 14:30:00 - 01/11/2025 14:45:00","BZN|FR","Without Sequence","15.36","",""
"01/11/2025 14:45:00 - 01/11/2025 15:00:00","BZN|FR","Sequence Sequence 2","15.75","",""
"01/11/2025 14:45:00 - 01/11/2025 15:00:00","BZN|FR","Without Sequence","15.75","",""
"01/11/2025 15:00:00 - 01/11/2025 15:15:00","BZN|FR","Sequence Sequence 2","16.39","",""
"01/11/2025 15:00:00 - 01/11/2025 15:15:00","BZN|FR","Without Sequence","16.39","",""
"01/11/2025 15:15:00 - 01/11/2025 15:30:00","BZN|FR","Sequence Sequence 2","17.62","",""
"01/11/2025 15:15:00 - 01/11/2025 15:30:00","BZN|FR","Without Sequence","17.62","",""
"01/11/2025 15:30:00 - 01/11/2025 15:45:00","BZN|FR","Sequence Sequence 2","20.10","",""
"01/11/2025 15:30:00 - 01/11/2025 15:45:00","BZN|FR","Without Sequence","20.10","",""
"01/11/2025 15:45:00 - 01/11/2025 16:00:00","BZN|FR","Sequence Sequence 2","29.92","",""
"01/11/2025 15:45:00 - 01/11/2025 16:00:00","BZN|FR","Without Sequence","29.92","",""
"01/11/2025 16:00:00 - 01/11/2025 16:15:00","BZN|FR","Sequence Sequence 2","16.90","",""
"01/11/2025 16:00:00 - 01/11/2025 16:15:00","BZN|FR","Without Sequence","16.90","",""
"01/11/2025 16:15:00 - 01/11/2025 16:30:00","BZN|FR","Sequence Sequence 2","36.00","",""
"01/11/2025 16:15:00 - 01/11/2025 16:30:00","BZN|FR","Without Sequence","36.00","",""
"01/11/2025 16:30:00 - 01/11/2025 16:45:00","BZN|FR","Sequence Sequence 2","41.30","",""
"01/11/2025 16:30:00 - 01/11/2025 16:45:00","BZN|FR","Without Sequence","41.30","",""
"01/11/2025 16:45:00 - 01/11/2025 17:00:00","BZN|FR","Sequence Sequence 2","50.68","",""
"01/11/2025 16:45:00 - 01/11/2025 17:00:00","BZN|FR","Without Sequence","50.68","",""
"01/11/2025 17:00:00 - 01/11/2025 17:15:00","BZN|FR","Sequence Sequence 2","25.29","",""
"01/11/2025 17:00:00 - 01/11/2025 17:15:00","BZN|FR","Without Sequence","25.29","",""
"01/11/2025 17:15:00 - 01/11/2025 17:30:00","BZN|FR","Sequence Sequence 2","46.64","",""
"01/11/2025 17:15:00 - 01/11/2025 17:30:00","BZN|FR","Without Sequence","46.64","",""
"01/11/2025 17:30:00 - 01/11/2025 17:45:00","BZN|FR","Sequence Sequence 2","71.92","",""
"01/11/2025 17:30:00 - 01/11/2025 17:45:00","BZN|FR","Without Sequence","71.92","",""
"01/11/2025 17:45:00 - 01/11/2025 18:00:00","BZN|FR","Sequence Sequence 2","76.56","",""
"01/11/2025 17:45:00 - 01/11/2025 18:00:00","BZN|FR","Without Sequence","76.56","",""
"01/11/2025 18:00:00 - 01/11/2025 18:15:00","BZN|FR","Sequence Sequence 2","78.75","",""
"01/11/2025 18:00:00 - 01/11/2025 18:15:00","BZN|FR","Without Sequence","78.75","",""
"01/11/2025 18:15:00 - 01/11/2025 18:30:00","BZN|FR","Sequence Sequence 2","79.96","",""
"01/11/2025 18:15:00 - 01/11/2025 18:30:00","BZN|FR","Without Sequence","79.96","",""
"01/11/2025 18:30:00 - 01/11/2025 18:45:00","BZN|FR","Sequence Sequence 2","85.00","",""
"01/11/2025 18:30:00 - 01/11/2025 18:45:00","BZN|FR","Without Sequence","85.00","",""
"01/11/2025 18:45:00 - 01/11/2025 19:00:00","BZN|FR","Sequence Sequence 2","85.88","",""
"01/11/2025 18:45:00 - 01/11/2025 19:00:00","BZN|FR","Without Sequence","85.88","",""
"01/11/2025 19:00:00 - 01/11/2025 19:15:00","BZN|FR","Sequence Sequence 2","85.71","",""
"01/11/2025 19:00:00 - 01/11/2025 19:15:00","BZN|FR","Without Sequence","85.71","",""
"01/11/2025 19:15:00 - 01/11/2025 19:30:00","BZN|FR","Sequence Sequence 2","87.59","",""
"01/11/2025 19:15:00 - 01/11/2025 19:30:00","BZN|FR","Without Sequence","87.59","",""
"01/11/2025 19:30:00 - 01/11/2025 19:45:00","BZN|FR","Sequence Sequence 2","74.48","",""
"01/11/2025 19:30:00 - 01/11/2025 19:45:00","BZN|FR","Without Sequence","74.48","",""
"01/11/2025 19:45:00 - 01/11/2025 20:00:00","BZN|FR","Sequence Sequence 2","49.10","",""
"01/11/2025 19:45:00 - 01/11/2025 20:00:00","BZN|FR","Without Sequence","49.10","",""
"01/11/2025 20:00:00 - 01/11/2025 20:15:00","BZN|FR","Sequence Sequence 2","45.50","",""
"01/11/2025 20:00:00 - 01/11/2025 20:15:00","BZN|FR","Without Sequence","45.50","",""
"01/11/2025 20:15:00 - 01/11/2025 20:30:00","BZN|FR","Sequence Sequence 2","50.00","",""
"01/11/2025 20:15:00 - 01/11/2025 20:30:00","BZN|FR","Without Sequence","50.00","",""
"01/11/2025 20:30:00 - 01/11/2025 20:45:00","BZN|FR","Sequence Sequence 2","26.70","",""
"01/11/2025 20:30:00 - 01/11/2025 20:45:00","BZN|FR","Without Sequence","26.70","",""
"01/11/2025 20:45:00 - 01/11/2025 21:00:00","BZN|FR","Sequence Sequence 2","21.17","",""
"01/11/2025 20:45:00 - 01/11/2025 21:00:00","BZN|FR","Without Sequence","21.17","",""
"01/11/2025 21:00:00 - 01/11/2025 21:15:00","BZN|FR","Sequence Sequence 2","29.27","",""
"01/11/2025 21:00:00 - 01/11/2025 21:15:00","BZN|FR","Without Sequence","29.27","",""
"01/11/2025 21:15:00 - 01/11/2025 21:30:00","BZN|FR","Sequence Sequence 2","28.41","",""
"01/11/2025 21:15:00 - 01/11/2025 21:30:00","BZN|FR","Without Sequence","28.41","",""
"01/11/2025 21:30:00 - 01/11/2025 21:45:00","BZN|FR","Sequence Sequence 2","22.25","",""
"01/11/2025 21:30:00 - 01/11/2025 21:45:00","BZN|FR","Without Sequence","22.25","",""
"01/11/2025 21:45:00 - 01/11/2025 22:00:00","BZN|FR","Sequence Sequence 2","15.22","",""
"01/11/2025 21:45:00 - 01/11/2025 22:00:00","BZN|FR","Without Sequence","15.22","",""
"01/11/2025 22:00:00 - 01/11/2025 22:15:00","BZN|FR","Sequence Sequence 2","19.48","",""
"01/11/2025 22:00:00 - 01/11/2025 22:15:00","BZN|FR","Without Sequence","19.48","",""
"01/11/2025 22:15:00 - 01/11/2025 22:30:00","BZN|FR","Sequence Sequence 2","23.77","",""
"01/11/2025 22:15:00 - 01/11/2025 22:30:00","BZN|FR","Without Sequence","23.77","",""
"01/11/2025 22:30:00 - 01/11/2025 22:45:00","BZN|FR","Sequence Sequence 2","68.56","",""
"01/11/2025 22:30:00 - 01/11/2025 22:45:00","BZN|FR","Without Sequence","68.56","",""
"01/11/2025 22:45:00 - 01/11/2025 23:00:00","BZN|FR","Sequence Sequence 2","62.23","",""
"01/11/2025 22:45:00 - 01/11/2025 23:00:00","BZN|FR","Without Sequence","62.23","",""
"01/11/2025 23:00:00 - 01/11/2025 23:15:00","BZN|FR","Sequence Sequence 2","52.73","",""
"01/11/2025 23:00:00 - 01/11/2025 23:15:00","BZN|FR","Without Sequence","52.73","",""
"01/11/2025 23:15:00 - 01/11/2025 23:30:00","BZN|FR","Sequence Sequence 2","35.28","",""
"01/11/2025 23:15:00 - 01/11/2025 23:30:00","BZN|FR","Without Sequence","35.28","",""
"01/11/2025 23:30:00 - 01/11/2025 23:45:00","BZN|FR","Sequence Sequence 2","57.02","",""
"01/11/2025 23:30:00 - 01/11/2025 23:45:00","BZN|FR","Without Sequence","57.02","",""
"01/11/2025 23:45:00 - 02/11/2025 00:00:00","BZN|FR","Sequence Sequence 2","36.94","",""
"01/11/2025 23:45:00 - 02/11/2025 00:00:00","BZN|FR","Without Sequence","36.94","",""
"02/11/2025 00:00:00 - 02/11/2025 00:15:00","BZN|FR","Sequence Sequence 2","24.71","",""
"02/11/2025 00:00:00 - 02/11/2025 00:15:00","BZN|FR","Without Sequence","24.71","",""
"02/11/2025 00:15:00 - 02/11/2025 00:30:00","BZN|FR","Sequence Sequence 2","34.65","",""
"02/11/2025 00:15:00 - 02/11/2025 00:30:00","BZN|FR","Without Sequence","34.65","",""
"02/11/2025 00:30:00 - 02/11/2025 00:45:00","BZN|FR","Sequence Sequence 2","12.85","",""
"02/11/2025 00:30:00 - 02/11/2025 00:45:00","BZN|FR","Without Sequence","12.85","",""
"02/11/2025 00:45:00 - 02/11/2025 01:00:00","BZN|FR","Sequence Sequence 2","0.00","",""
"02/11/2025 00:45:00 - 02/11/2025 01:00:00","BZN|FR","Without Sequence","0.00","",""
"02/11/2025 01:00:00 - 02/11/2025 01:15:00","BZN|FR","Sequence Sequence 2","29.74","",""
"02/11/2025 01:00:00 - 02/11/2025 01:15:00","BZN|FR","Without Sequence","29.74","",""
"02/11/2025 01:15:00 - 02/11/2025 01:30:00","BZN|FR","Sequence Sequence 2","13.86","",""
"02/11/2025 01:15:00 - 02/11/2025 01:30:00","BZN|FR","Without Sequence","13.86","",""
"02/11/2025 01:30:00 - 02/11/2025 01:45:00","BZN|FR","Sequence Sequence 2","32.55","",""
"02/11/2025 01:30:00 - 02/11/2025 01:45:00","BZN|FR","Without Sequence","32.55","",""
"02/11/2025 01:45:00 - 02/11/2025 02:00:00","BZN|FR","Sequence Sequence 2","11.43","",""
"02/11/2025 01:45:00 - 02/11/2025 02:00:00","BZN|FR","Without Sequence","11.43","",""
"02/11/2025 02:00:00 - 02/11/2025 02:15:00","BZN|FR","Sequence Sequence 2","30.00","",""
"02/11/2025 02:00:00 - 02/11/2025 02:15:00","BZN|FR","Without Sequence","30.00","",""
"02/11/2025 02:15:00 - 02/11/2025 02:30:00","BZN|FR","Sequence Sequence 2","13.59","",""
"02/11/2025 02:15:00 - 02/11/2025 02:30:00","BZN|FR","Without Sequence","13.59","",""
"02/11/2025 02:30:00 - 02/11/2025 02:45:00","BZN|FR","Sequence Sequence 2","22.96","",""
"02/11/2025 02:30:00 - 02/11/2025 02:45:00","BZN|FR","Without Sequence","22.96","",""
"02/11/2025 02:45:00 - 02/11/2025 03:00:00","BZN|FR","Sequence Sequence 2","10.37","",""
"02/11/2025 02:45:00 - 02/11/2025 03:00:00","BZN|FR","Without Sequence","10.37","",""
"02/11/2025 03:00:00 - 02/11/2025 03:15:00","BZN|FR","Sequence Sequence 2","23.27","",""
"02/11/2025 03:00:00 - 02/11/2025 03:15:00","BZN|FR","Without Sequence","23.27","",""
"02/11/2025 03:15:00 - 02/11/2025 03:30:00","BZN|FR","Sequence Sequence 2","13.29","",""
"02/11/2025 03:15:00 - 02/11/2025 03:30:00","BZN|FR","Without Sequence","13.29","",""
"02/11/2025 03:30:00 - 02/11/2025 03:45:00","BZN|FR","Sequence Sequence 2","16.62","",""
"02/11/2025 03:30:00 - 02/11/2025 03:45:00","BZN|FR","Without Sequence","16.62","",""
"02/11/2025 03:45:00 - 02/11/2025 04:00:00","BZN|FR","Sequence Sequence 2","11.93","",""
"02/11/2025 03:45:00 - 02/11/2025 04:00:00","BZN|FR","Without Sequence","11.93","",""
"02/11/2025 04:00:00 - 02/11/2025 04:15:00","BZN|FR","Sequence Sequence 2","14.30","",""
"02/11/2025 04:00:00 - 02/11/2025 04:15:00","BZN|FR","Without Sequence","14.30","",""
"02/11/2025 04:15:00 - 02/11/2025 04:30:00","BZN|FR","Sequence Sequence 2","12.08","",""
"02/11/2025 04:15:00 - 02/11/2025 04:30:00","BZN|FR","Without Sequence","12.08","",""
"02/11/2025 04:30:00 - 02/11/2025 04:45:00","BZN|FR","Sequence Sequence 2","8.82","",""
"02/11/2025 04:30:00 - 02/11/2025 04:45:00","BZN|FR","Without Sequence","8.82","",""
"02/11/2025 04:45:00 - 02/11/2025 05:00:00","BZN|FR","Sequence Sequence 2","15.55","",""
"02/11/2025 04:45:00 - 02/11/2025 05:00:00","BZN|FR","Without Sequence","15.55","",""
"02/11/2025 05:00:00 - 02/11/2025 05:15:00","BZN|FR","Sequence Sequence 2","20.58","",""
"02/11/2025 05:00:00 - 02/11/2025 05:15:00","BZN|FR","Without Sequence","20.58","",""
"02/11/2025 05:15:00 - 02/11/2025 05:30:00","BZN|FR","Sequence Sequence 2","15.26","",""
"02/11/2025 05:15:00 - 02/11/2025 05:30:00","BZN|FR","Without Sequence","15.26","",""
"02/11/2025 05:30:00 - 02/11/2025 05:45:00","BZN|FR","Sequence Sequence 2","11.87","",""
"02/11/2025 05:30:00 - 02/11/2025 05:45:00","BZN|FR","Without Sequence","11.87","",""
"02/11/2025 05:45:00 - 02/11/2025 06:00:00","BZN|FR","Sequence Sequence 2","13.70","",""
"02/11/2025 05:45:00 - 02/11/2025 06:00:00","BZN|FR","Without Sequence","13.70","",""
"02/11/2025 06:00:00 - 02/11/2025 06:15:00","BZN|FR","Sequence Sequence 2","22.08","",""
"02/11/2025 06:00:00 - 02/11/2025 06:15:00","BZN|FR","Without Sequence","22.08","",""
"02/11/2025 06:15:00 - 02/11/2025 06:30:00","BZN|FR","Sequence Sequence 2","16.87","",""
"02/11/2025 06:15:00 - 02/11/2025 06:30:00","BZN|FR","Without Sequence","16.87","",""
"02/11/2025 06:30:00 - 02/11/2025 06:45:00","BZN|FR","Sequence Sequence 2","19.53","",""
"02/11/2025 06:30:00 - 02/11/2025 06:45:00","BZN|FR","Without Sequence","19.53","",""
"02/11/2025 06:45:00 - 02/11/2025 07:00:00","BZN|FR","Sequence Sequence 2","18.77","",""
"02/11/2025 06:45:00 - 02/11/2025 07:00:00","BZN|FR","Without Sequence","18.77","",""
"02/11/2025 07:00:00 - 02/11/2025 07:15:00","BZN|FR","Sequence Sequence 2","20.83","",""
"02/11/2025 07:00:00 - 02/11/2025 07:15:00","BZN|FR","Without Sequence","20.83","",""
"02/11/2025 07:15:00 - 02/11/2025 07:30:00","BZN|FR","Sequence Sequence 2","14.98","",""
"02/11/2025 07:15:00 - 02/11/2025 07:30:00","BZN|FR","Without Sequence","14.98","",""
"02/11/2025 07:30:00 - 02/11/2025 07:45:00","BZN|FR","Sequence Sequence 2","14.91","",""
"02/11/2025 07:30:00 - 02/11/2025 07:45:00","BZN|FR","Without Sequence","14.91","",""
"02/11/2025 07:45:00 - 02/11/2025 08:00:00","BZN|FR","Sequence Sequence 2","13.01","",""
"02/11/2025 07:45:00 - 02/11/2025 08:00:00","BZN|FR","Without Sequence","13.01","",""
"02/11/2025 08:00:00 - 02/11/2025 08:15:00","BZN|FR","Sequence Sequence 2","38.10","",""
"02/11/2025 08:00:00 - 02/11/2025 08:15:00","BZN|FR","Without Sequence","38.10","",""
"02/11/2025 08:15:00 - 02/11/2025 08:30:00","BZN|FR","Sequence Sequence 2","26.45","",""
"02/11/2025 08:15:00 - 02/11/2025 08:30:00","BZN|FR","Without Sequence","26.45","",""
"02/11/2025 08:30:00 - 02/11/2025 08:45:00","BZN|FR","Sequence Sequence 2","16.79","",""
"02/11/2025 08:30:00 - 02/11/2025 08:45:00","BZN|FR","Without Sequence","16.79","",""
"02/11/2025 08:45:00 - 02/11/2025 09:00:00","BZN|FR","Sequence Sequence 2","14.00","",""
"02/11/2025 08:45:00 - 02/11/2025 09:00:00","BZN|FR","Without Sequence","14.00","",""
"02/11/2025 09:00:00 - 02/11/2025 09:15:00","BZN|FR","Sequence Sequence 2","17.87","",""
"02/11/2025 09:00:00 - 02/11/2025 09:15:00","BZN|FR","Without Sequence","17.87","",""
"02/11/2025 09:15:00 - 02/11/2025 09:30:00","BZN|FR","Sequence Sequence 2","14.19","",""
"02/11/2025 09:15:00 - 02/11/2025 09:30:00","BZN|FR","Without Sequence","14.19","",""
"02/11/2025 09:30:00 - 02/11/2025 09:45:00","BZN|FR","Sequence Sequence 2","15.57","",""
"02/11/2025 09:30:00 - 02/11/2025 09:45:00","BZN|FR","Without Sequence","15.57","",""
"02/11/2025 09:45:00 - 02/11/2025 10:00:00","BZN|FR","Sequence Sequence 2","8.30","",""
"02/11/2025 09:45:00 - 02/11/2025 10:00:00","BZN|FR","Without Sequence","8.30","",""
"02/11/2025 10:00:00 - 02/11/2025 10:15:00","BZN|FR","Sequence Sequence 2","23.78","",""
"02/11/2025 10:00:00 - 02/11/2025 10:15:00","BZN|FR","Without Sequence","23.78","",""
"02/11/2025 10:15:00 - 02/11/2025 10:30:00","BZN|FR","Sequence Sequence 2","15.30","",""
"02/11/2025 10:15:00 - 02/11/2025 10:30:00","BZN|FR","Without Sequence","15.30","",""
"02/11/2025 10:30:00 - 02/11/2025 10:45:00","BZN|FR","Sequence Sequence 2","12.43","",""
"02/11/2025 10:30:00 - 02/11/2025 10:45:00","BZN|FR","Without Sequence","12.43","",""
"02/11/2025 10:45:00 - 02/11/2025 11:00:00","BZN|FR","Sequence Sequence 2","6.92","",""
"02/11/2025 10:45:00 - 02/11/2025 11:00:00","BZN|FR","Without Sequence","6.92","",""
"02/11/2025 11:00:00 - 02/11/2025 11:15:00","BZN|FR","Sequence Sequence 2","15.41","",""
"02/11/2025 11:00:00 - 02/11/2025 11:15:00","BZN|FR","Without Sequence","15.41","",""
"02/11/2025 11:15:00 - 02/11/2025 11:30:00","BZN|FR","Sequence Sequence 2","6.60","",""
"02/11/2025 11:15:00 - 02/11/2025 11:30:00","BZN|FR","Without Sequence","6.60","",""
"02/11/2025 11:30:00 - 02/11/2025 11:45:00","BZN|FR","Sequence Sequence 2","4.31","",""
"02/11/2025 11:30:00 - 02/11/2025 11:45:00","BZN|FR","Without Sequence","4.31","",""
"02/11/2025 11:45:00 - 02/11/2025 12:00:00","BZN|FR","Sequence Sequence 2","7.95","",""
"02/11/2025 11:45:00 - 02/11/2025 12:00:00","BZN|FR","Without Sequence","7.95","",""
"02/11/2025 12:00:00 - 02/11/2025 12:15:00","BZN|FR","Sequence Sequence 2","9.69","",""
"02/11/2025 12:00:00 - 02/11/2025 12:15:00","BZN|FR","Without Sequence","9.69","",""
"02/11/2025 12:15:00 - 02/11/2025 12:30:00","BZN|FR","Sequence Sequence 2","10.54","",""
"02/11/2025 12:15:00 - 02/11/2025 12:30:00","BZN|FR","Without Sequence","10.54","",""
"02/11/2025 12:30:00 - 02/11/2025 12:45:00","BZN|FR","Sequence Sequence 2","22.55","",""
"02/11/2025 12:30:00 - 02/11/2025 12:45:00","BZN|FR","Without Sequence","22.55","",""
"02/11/2025 12:45:00 - 02/11/2025 13:00:00","BZN|FR","Sequence Sequence 2","11.57","",""
"02/11/2025 12:45:00 - 02/11/2025 13:00:00","BZN|FR","Without Sequence","11.57","",""
"02/11/2025 13:00:00 - 02/11/2025 13:15:00","BZN|FR","Sequence Sequence 2","19.62","",""
"02/11/2025 13:00:00 - 02/11/2025 13:15:00","BZN|FR","Without Sequence","19.62","",""
"02/11/2025 13:15:00 - 02/11/2025 13:30:00","BZN|FR","Sequence Sequence 2","10.00","",""
"02/11/2025 13:15:00 - 02/11/2025 13:30:00","BZN|FR","Without Sequence","10.00","",""
"02/11/2025 13:30:00 - 02/11/2025 13:45:00","BZN|FR","Sequence Sequence 2","7.09","",""
"02/11/2025 13:30:00 - 02/11/2025 13:45:00","BZN|FR","Without Sequence","7.09","",""
"02/11/2025 13:45:00 - 02/11/2025 14:00:00","BZN|FR","Sequence Sequence 2","4.78","",""
"02/11/2025 13:45:00 - 02/11/2025 14:00:00","BZN|FR","Without Sequence","4.78","",""
"02/11/2025 14:00:00 - 02/11/2025 14:15:00","BZN|FR","Sequence Sequence 2","6.46","",""
"02/11/2025 14:00:00 - 02/11/2025 14:15:00","BZN|FR","Without Sequence","6.46","",""
"02/11/2025 14:15:00 - 02/11/2025 14:30:00","BZN|FR","Sequence Sequence 2","3.52","",""
"02/11/2025 14:15:00 - 02/11/2025 14:30:00","BZN|FR","Without Sequence","3.52","",""
"02/11/2025 14:30:00 - 02/11/2025 14:45:00","BZN|FR","Sequence Sequence 2","8.13","",""
"02/11/2025 14:30:00 - 02/11/2025 14:45:00","BZN|FR","Without Sequence","8.13","",""
"02/11/2025 14:45:00 - 02/11/2025 15:00:00","BZN|FR","Sequence Sequence 2","12.96","",""
"02/11/2025 14:45:00 - 02/11/2025 15:00:00","BZN|FR","Without Sequence","12.96","",""
"02/11/2025 15:00:00 - 02/11/2025 15:15:00","BZN|FR","Sequence Sequence 2","3.84","",""
"02/11/2025 15:00:00 - 02/11/2025 15:15:00","BZN|FR","Without Sequence","3.84","",""
"02/11/2025 15:15:00 - 02/11/2025 15:30:00","BZN|FR","Sequence Sequence 2","8.99","",""
"02/11/2025 15:15:00 - 02/11/2025 15:30:00","BZN|FR","Without Sequence","8.99","",""
"02/11/2025 15:30:00 - 02/11/2025 15:45:00","BZN|FR","Sequence Sequence 2","11.97","",""
"02/11/2025 15:30:00 - 02/11/2025 15:45:00","BZN|FR","Without Sequence","11.97","",""
"02/11/2025 15:45:00 - 02/11/2025 16:00:00","BZN|FR","Sequence Sequence 2","21.14","",""
"02/11/2025 15:45:00 - 02/11/2025 16:00:00","BZN|FR","Without Sequence","21.14","",""
"02/11/2025 16:00:00 - 02/11/2025 16:15:00","BZN|FR","Sequence Sequence 2","5.59","",""
"02/11/2025 16:00:00 - 02/11/2025 16:15:00","BZN|FR","Without Sequence","5.59","",""
"02/11/2025 16:15:00 - 02/11/2025 16:30:00","BZN|FR","Sequence Sequence 2","9.54","",""
"02/11/2025 16:15:00 - 02/11/2025 16:30:00","BZN|FR","Without Sequence","9.54","",""
"02/11/2025 16:30:00 - 02/11/2025 16:45:00","BZN|FR","Sequence Sequence 2","9.76","",""
"02/11/2025 16:30:00 - 02/11/2025 16:45:00","BZN|FR","Without Sequence","9.76","",""
"02/11/2025 16:45:00 - 02/11/2025 17:00:00","BZN|FR","Sequence Sequence 2","15.00","",""
"02/11/2025 16:45:00 - 02/11/2025 17:00:00","BZN|FR","Without Sequence","15.00","",""
"02/11/2025 17:00:00 - 02/11/2025 17:15:00","BZN|FR","Sequence Sequence 2","10.38","",""
"02/11/2025 17:00:00 - 02/11/2025 17:15:00","BZN|FR","Without Sequence","10.38","",""
"02/11/2025 17:15:00 - 02/11/2025 17:30:00","BZN|FR","Sequence Sequence 2","20.24","",""
"02/11/2025 17:15:00 - 02/11/2025 17:30:00","BZN|FR","Without Sequence","20.24","",""
"02/11/2025 17:30:00 - 02/11/2025 17:45:00","BZN|FR","Sequence Sequence 2","51.93","",""
"02/11/2025 17:30:00 - 02/11/2025 17:45:00","BZN|FR","Without Sequence","51.93","",""
"02/11/2025 17:45:00 - 02/11/2025 18:00:00","BZN|FR","Sequence Sequence 2","71.92","",""
"02/11/2025 17:45:00 - 02/11/2025 18:00:00","BZN|FR","Without Sequence","71.92","",""
"02/11/2025 18:00:00 - 02/11/2025 18:15:00","BZN|FR","Sequence Sequence 2","72.40","",""
"02/11/2025 18:00:00 - 02/11/2025 18:15:00","BZN|FR","Without Sequence","72.40","",""
"02/11/2025 18:15:00 - 02/11/2025 18:30:00","BZN|FR","Sequence Sequence 2","80.00","",""
"02/11/2025 18:15:00 - 02/11/2025 18:30:00","BZN|FR","Without Sequence","80.00","",""
"02/11/2025 18:30:00 - 02/11/2025 18:45:00","BZN|FR","Sequence Sequence 2","70.21","",""
"02/11/2025 18:30:00 - 02/11/2025 18:45:00","BZN|FR","Without Sequence","70.21","",""
"02/11/2025 18:45:00 - 02/11/2025 19:00:00","BZN|FR","Sequence Sequence 2","85.64","",""
"02/11/2025 18:45:00 - 02/11/2025 19:00:00","BZN|FR","Without Sequence","85.64","",""
"02/11/2025 19:00:00 - 02/11/2025 19:15:00","BZN|FR","Sequence Sequence 2","81.02","",""
"02/11/2025 19:00:00 - 02/11/2025 19:15:00","BZN|FR","Without Sequence","81.02","",""
"02/11/2025 19:15:00 - 02/11/2025 19:30:00","BZN|FR","Sequence Sequence 2","68.74","",""
"02/11/2025 19:15:00 - 02/11/2025 19:30:00","BZN|FR","Without Sequence","68.74","",""
"02/11/2025 19:30:00 - 02/11/2025 19:45:00","BZN|FR","Sequence Sequence 2","65.76","",""
"02/11/2025 19:30:00 - 02/11/2025 19:45:00","BZN|FR","Without Sequence","65.76","",""
"02/11/2025 19:45:00 - 02/11/2025 20:00:00","BZN|FR","Sequence Sequence 2","52.77","",""
"02/11/2025 19:45:00 - 02/11/2025 20:00:00","BZN|FR","Without Sequence","52.77","",""
"02/11/2025 20:00:00 - 02/11/2025 20:15:00","BZN|FR","Sequence Sequence 2","37.12","",""
"02/11/2025 20:00:00 - 02/11/2025 20:15:00","BZN|FR","Without Sequence","37.12","",""
"02/11/2025 20:15:00 - 02/11/2025 20:30:00","BZN|FR","Sequence Sequence 2","81.39","",""
"02/11/2025 20:15:00 - 02/11/2025 20:30:00","BZN|FR","Without Sequence","81.39","",""
"02/11/2025 20:30:00 - 02/11/2025 20:45:00","BZN|FR","Sequence Sequence 2","47.81","",""
"02/11/2025 20:30:00 - 02/11/2025 20:45:00","BZN|FR","Without Sequence","47.81","",""
"02/11/2025 20:45:00 - 02/11/2025 21:00:00","BZN|FR","Sequence Sequence 2","25.65","",""
"02/11/2025 20:45:00 - 02/11/2025 21:00:00","BZN|FR","Without Sequence","25.65","",""
"02/11/2025 21:00:00 - 02/11/2025 21:15:00","BZN|FR","Sequence Sequence 2","44.78","",""
"02/11/2025 21:00:00 - 02/11/2025 21:15:00","BZN|FR","Without Sequence","44.78","",""
"02/11/2025 21:15:00 - 02/11/2025 21:30:00","BZN|FR","Sequence Sequence 2","31.73","",""
"02/11/2025 21:15:00 - 02/11/2025 21:30:00","BZN|FR","Without Sequence","31.73","",""
"02/11/2025 21:30:00 - 02/11/2025 21:45:00","BZN|FR","Sequence Sequence 2","26.34","",""
"02/11/2025 21:30:00 - 02/11/2025 21:45:00","BZN|FR","Without Sequence","26.34","",""
"02/11/2025 21:45:00 - 02/11/2025 22:00:00","BZN|FR","Sequence Sequence 2","33.62","",""
"02/11/2025 21:45:00 - 02/11/2025 22:00:00","BZN|FR","Without Sequence","33.62","",""
"02/11/2025 22:00:00 - 02/11/2025 22:15:00","BZN|FR","Sequence Sequence 2","25.23","",""
"02/11/2025 22:00:00 - 02/11/2025 22:15:00","BZN|FR","Without Sequence","25.23","",""
"02/11/2025 22:15:00 - 02/11/2025 22:30:00","BZN|FR","Sequence Sequence 2","35.53","",""
"02/11/2025 22:15:00 - 02/11/2025 22:30:00","BZN|FR","Without Sequence","35.53","",""
"02/11/2025 22:30:00 - 02/11/2025 22:45:00","BZN|FR","Sequence Sequence 2","51.20","",""
"02/11/2025 22:30:00 - 02/11/2025 22:45:00","BZN|FR","Without Sequence","51.20","",""
"02/11/2025 22:45:00 - 02/11/2025 23:00:00","BZN|FR","Sequence Sequence 2","49.94","",""
"02/11/2025 22:45:00 - 02/11/2025 23:00:00","BZN|FR","Without Sequence","49.94","",""
"02/11/2025 23:00:00 - 02/11/2025 23:15:00","BZN|FR","Sequence Sequence 2","59.44","",""
"02/11/2025 23:00:00 - 02/11/2025 23:15:00","BZN|FR","Without Sequence","59.44","",""
"02/11/2025 23:15:00 - 02/11/2025 23:30:00","BZN|FR","Sequence Sequence 2","33.97","",""
"02/11/2025 23:15:00 - 02/11/2025 23:30:00","BZN|FR","Without Sequence","33.97","",""
"02/11/2025 23:30:00 - 02/11/2025 23:45:00","BZN|FR","Sequence Sequence 2","56.23","",""
"02/11/2025 23:30:00 - 02/11/2025 23:45:00","BZN|FR","Without Sequence","56.23","",""
"02/11/2025 23:45:00 - 03/11/2025 00:00:00","BZN|FR","Sequence Sequence 2","26.54","",""
"02/11/2025 23:45:00 - 03/11/2025 00:00:00","BZN|FR","Without Sequence","26.54","",""
"03/11/2025 00:00:00 - 03/11/2025 00:15:00","BZN|FR","Sequence Sequence 2","69.32","",""
"03/11/2025 00:00:00 - 03/11/2025 00:15:00","BZN|FR","Without Sequence","69.32","",""
"03/11/2025 00:15:00 - 03/11/2025 00:30:00","BZN|FR","Sequence Sequence 2","75.80","",""
"03/11/2025 00:15:00 - 03/11/2025 00:30:00","BZN|FR","Without Sequence","75.80","",""
"03/11/2025 00:30:00 - 03/11/2025 00:45:00","BZN|FR","Sequence Sequence 2","29.89","",""
"03/11/2025 00:30:00 - 03/11/2025 00:45:00","BZN|FR","Without Sequence","29.89","",""
"03/11/2025 00:45:00 - 03/11/2025 01:00:00","BZN|FR","Sequence Sequence 2","16.37","",""
"03/11/2025 00:45:00 - 03/11/2025 01:00:00","BZN|FR","Without Sequence","16.37","",""
"03/11/2025 01:00:00 - 03/11/2025 01:15:00","BZN|FR","Sequence Sequence 2","45.75","",""
"03/11/2025 01:00:00 - 03/11/2025 01:15:00","BZN|FR","Without Sequence","45.75","",""
"03/11/2025 01:15:00 - 03/11/2025 01:30:00","BZN|FR","Sequence Sequence 2","33.99","",""
"03/11/2025 01:15:00 - 03/11/2025 01:30:00","BZN|FR","Without Sequence","33.99","",""
"03/11/2025 01:30:00 - 03/11/2025 01:45:00","BZN|FR","Sequence Sequence 2","25.27","",""
"03/11/2025 01:30:00 - 03/11/2025 01:45:00","BZN|FR","Without Sequence","25.27","",""
"03/11/2025 01:45:00 - 03/11/2025 02:00:00","BZN|FR","Sequence Sequence 2","37.75","",""
"03/11/2025 01:45:00 - 03/11/2025 02:00:00","BZN|FR","Without Sequence","37.75","",""
"03/11/2025 02:00:00 - 03/11/2025 02:15:00","BZN|FR","Sequence Sequence 2","52.53","",""
"03/11/2025 02:00:00 - 03/11/2025 02:15:00","BZN|FR","Without Sequence","52.53","",""
"03/11/2025 02:15:00 - 03/11/2025 02:30:00","BZN|FR","Sequence Sequence 2","39.14","",""
"03/11/2025 02:15:00 - 03/11/2025 02:30:00","BZN|FR","Without Sequence","39.14","",""
"03/11/2025 02:30:00 - 03/11/2025 02:45:00","BZN|FR","Sequence Sequence 2","28.59","",""
"03/11/2025 02:30:00 - 03/11/2025 02:45:00","BZN|FR","Without Sequence","28.59","",""
"03/11/2025 02:45:00 - 03/11/2025 03:00:00","BZN|FR","Sequence Sequence 2","24.50","",""
"03/11/2025 02:45:00 - 03/11/2025 03:00:00","BZN|FR","Without Sequence","24.50","",""
"03/11/2025 03:00:00 - 03/11/2025 03:15:00","BZN|FR","Sequence Sequence 2","23.00","",""
"03/11/2025 03:00:00 - 03/11/2025 03:15:00","BZN|FR","Without Sequence","23.00","",""
"03/11/2025 03:15:00 - 03/11/2025 03:30:00","BZN|FR","Sequence Sequence 2","21.92","",""
"03/11/2025 03:15:00 - 03/11/2025 03:30:00","BZN|FR","Without Sequence","21.92","",""
"03/11/2025 03:30:00 - 03/11/2025 03:45:00","BZN|FR","Sequence Sequence 2","20.86","",""
"03/11/2025 03:30:00 - 03/11/2025 03:45:00","BZN|FR","Without Sequence","20.86","",""
"03/11/2025 03:45:00 - 03/11/2025 04:00:00","BZN|FR","Sequence Sequence 2","22.11","",""
"03/11/2025 03:45:00 - 03/11/2025 04:00:00","BZN|FR","Without Sequence","22.11","",""
"03/11/2025 04:00:00 - 03/11/2025 04:15:00","BZN|FR","Sequence Sequence 2","26.58","",""
"03/11/2025 04:00:00 - 03/11/2025 04:15:00","BZN|FR","Without Sequence","26.58","",""
"03/11/2025 04:15:00 - 03/11/2025 04:30:00","BZN|FR","Sequence Sequence 2","13.41","",""
"03/11/2025 04:15:00 - 03/11/2025 04:30:00","BZN|FR","Without Sequence","13.41","",""
"03/11/2025 04:30:00 - 03/11/2025 04:45:00","BZN|FR","Sequence Sequence 2","9.15","",""
"03/11/2025 04:30:00 - 03/11/2025 04:45:00","BZN|FR","Without Sequence","9.15","",""
"03/11/2025 04:45:00 - 03/11/2025 05:00:00","BZN|FR","Sequence Sequence 2","20.43","",""
"03/11/2025 04:45:00 - 03/11/2025 05:00:00","BZN|FR","Without Sequence","20.43","",""
"03/11/2025 05:00:00 - 03/11/2025 05:15:00","BZN|FR","Sequence Sequence 2","12.13","",""
"03/11/2025 05:00:00 - 03/11/2025 05:15:00","BZN|FR","Without Sequence","12.13","",""
"03/11/2025 05:15:00 - 03/11/2025 05:30:00","BZN|FR","Sequence Sequence 2","22.70","",""
"03/11/2025 05:15:00 - 03/11/2025 05:30:00","BZN|FR","Without Sequence","22.70","",""
"03/11/2025 05:30:00 - 03/11/2025 05:45:00","BZN|FR","Sequence Sequence 2","23.15","",""
"03/11/2025 05:30:00 - 03/11/2025 05:45:00","BZN|FR","Without Sequence","23.15","",""
"03/11/2025 05:45:00 - 03/11/2025 06:00:00","BZN|FR","Sequence Sequence 2","33.71","",""
"03/11/2025 05:45:00 - 03/11/2025 06:00:00","BZN|FR","Without Sequence","33.71","",""
"03/11/2025 06:00:00 - 03/11/2025 06:15:00","BZN|FR","Sequence Sequence 2","17.08","",""
"03/11/2025 06:00:00 - 03/11/2025 06:15:00","BZN|FR","Without Sequence","17.08","",""
"03/11/2025 06:15:00 - 03/11/2025 06:30:00","BZN|FR","Sequence Sequence 2","33.28","",""
"03/11/2025 06:15:00 - 03/11/2025 06:30:00","BZN|FR","Without Sequence","33.28","",""
"03/11/2025 06:30:00 - 03/11/2025 06:45:00","BZN|FR","Sequence Sequence 2","22.56","",""
"03/11/2025 06:30:00 - 03/11/2025 06:45:00","BZN|FR","Without Sequence","22.56","",""
"03/11/2025 06:45:00 - 03/11/2025 07:00:00","BZN|FR","Sequence Sequence 2","49.49","",""
"03/11/2025 06:45:00 - 03/11/2025 07:00:00","BZN|FR","Without Sequence","49.49","",""
"03/11/2025 07:00:00 - 03/11/2025 07:15:00","BZN|FR","Sequence Sequence 2","69.04","",""
"03/11/2025 07:00:00 - 03/11/2025 07:15:00","BZN|FR","Without Sequence","69.04","",""
"03/11/2025 07:15:00 - 03/11/2025 07:30:00","BZN|FR","Sequence Sequence 2","59.48","",""
"03/11/2025 07:15:00 - 03/11/2025 07:30:00","BZN|FR","Without Sequence","59.48","",""
"03/11/2025 07:30:00 - 03/11/2025 07:45:00","BZN|FR","Sequence Sequence 2","63.98","",""
"03/11/2025 07:30:00 - 03/11/2025 07:45:00","BZN|FR","Without Sequence","63.98","",""
"03/11/2025 07:45:00 - 03/11/2025 08:00:00","BZN|FR","Sequence Sequence 2","48.35","",""
"03/11/2025 07:45:00 - 03/11/2025 08:00:00","BZN|FR","Without Sequence","48.35","",""
"03/11/2025 08:00:00 - 03/11/2025 08:15:00","BZN|FR","Sequence Sequence 2","140.14","",""
"03/11/2025 08:00:00 - 03/11/2025 08:15:00","BZN|FR","Without Sequence","140.14","",""
"03/11/2025 08:15:00 - 03/11/2025 08:30:00","BZN|FR","Sequence Sequence 2","102.31","",""
"03/11/2025 08:15:00 - 03/11/2025 08:30:00","BZN|FR","Without Sequence","102.31","",""
"03/11/2025 08:30:00 - 03/11/2025 08:45:00","BZN|FR","Sequence Sequence 2","73.90","",""
"03/11/2025 08:30:00 - 03/11/2025 08:45:00","BZN|FR","Without Sequence","73.90","",""
"03/11/2025 08:45:00 - 03/11/2025 09:00:00","BZN|FR","Sequence Sequence 2","53.03","",""
"03/11/2025 08:45:00 - 03/11/2025 09:00:00","BZN|FR","Without Sequence","53.03","",""
"03/11/2025 09:00:00 - 03/11/2025 09:15:00","BZN|FR","Sequence Sequence 2","90.51","",""
"03/11/2025 09:00:00 - 03/11/2025 09:15:00","BZN|FR","Without Sequence","90.51","",""
"03/11/2025 09:15:00 - 03/11/2025 09:30:00","BZN|FR","Sequence Sequence 2","69.01","",""
"03/11/2025 09:15:00 - 03/11/2025 09:30:00","BZN|FR","Without Sequence","69.01","",""
"03/11/2025 09:30:00 - 03/11/2025 09:45:00","BZN|FR","Sequence Sequence 2","65.00","",""
"03/11/2025 09:30:00 - 03/11/2025 09:45:00","BZN|FR","Without Sequence","65.00","",""
"03/11/2025 09:45:00 - 03/11/2025 10:00:00","BZN|FR","Sequence Sequence 2","45.37","",""
"03/11/2025 09:45:00 - 03/11/2025 10:00:00","BZN|FR","Without Sequence","45.37","",""
"03/11/2025 10:00:00 - 03/11/2025 10:15:00","BZN|FR","Sequence Sequence 2","50.00","",""
"03/11/2025 10:00:00 - 03/11/2025 10:15:00","BZN|FR","Without Sequence","50.00","",""
"03/11/2025 10:15:00 - 03/11/2025 10:30:00","BZN|FR","Sequence Sequence 2","37.77","",""
"03/11/2025 10:15:00 - 03/11/2025 10:30:00","BZN|FR","Without Sequence","37.77","",""
"03/11/2025 10:30:00 - 03/11/2025 10:45:00","BZN|FR","Sequence Sequence 2","30.05","",""
"03/11/2025 10:30:00 - 03/11/2025 10:45:00","BZN|FR","Without Sequence","30.05","",""
"03/11/2025 10:45:00 - 03/11/2025 11:00:00","BZN|FR","Sequence Sequence 2","18.74","",""
"03/11/2025 10:45:00 - 03/11/2025 11:00:00","BZN|FR","Without Sequence","18.74","",""
"03/11/2025 11:00:00 - 03/11/2025 11:15:00","BZN|FR","Sequence Sequence 2","28.54","",""
"03/11/2025 11:00:00 - 03/11/2025 11:15:00","BZN|FR","Without Sequence","28.54","",""
"03/11/2025 11:15:00 - 03/11/2025 11:30:00","BZN|FR","Sequence Sequence 2","19.14","",""
"03/11/2025 11:15:00 - 03/11/2025 11:30:00","BZN|FR","Without Sequence","19.14","",""
"03/11/2025 11:30:00 - 03/11/2025 11:45:00","BZN|FR","Sequence Sequence 2","16.68","",""
"03/11/2025 11:30:00 - 03/11/2025 11:45:00","BZN|FR","Without Sequence","16.68","",""
"03/11/2025 11:45:00 - 03/11/2025 12:00:00","BZN|FR","Sequence Sequence 2","15.52","",""
"03/11/2025 11:45:00 - 03/11/2025 12:00:00","BZN|FR","Without Sequence","15.52","",""
"03/11/2025 12:00:00 - 03/11/2025 12:15:00","BZN|FR","Sequence Sequence 2","16.79","",""
"03/11/2025 12:00:00 - 03/11/2025 12:15:00","BZN|FR","Without Sequence","16.79","",""
"03/11/2025 12:15:00 - 03/11/2025 12:30:00","BZN|FR","Sequence Sequence 2","16.65","",""
"03/11/2025 12:15:00 - 03/11/2025 12:30:00","BZN|FR","Without Sequence","16.65","",""
"03/11/2025 12:30:00 - 03/11/2025 12:45:00","BZN|FR","Sequence Sequence 2","16.79","",""
"03/11/2025 12:30:00 - 03/11/2025 12:45:00","BZN|FR","Without Sequence","16.79","",""
"03/11/2025 12:45:00 - 03/11/2025 13:00:00","BZN|FR","Sequence Sequence 2","15.73","",""
"03/11/2025 12:45:00 - 03/11/2025 13:00:00","BZN|FR","Without Sequence","15.73","",""
"03/11/2025 13:00:00 - 03/11/2025 13:15:00","BZN|FR","Sequence Sequence 2","15.16","",""
"03/11/2025 13:00:00 - 03/11/2025 13:15:00","BZN|FR","Without Sequence","15.16","",""
"03/11/2025 13:15:00 - 03/11/2025 13:30:00","BZN|FR","Sequence Sequence 2","12.86","",""
"03/11/2025 13:15:00 - 03/11/2025 13:30:00","BZN|FR","Without Sequence","12.86","",""
"03/11/2025 13:30:00 - 03/11/2025 13:45:00","BZN|FR","Sequence Sequence 2","12.87","",""
"03/11/2025 13:30:00 - 03/11/2025 13:45:00","BZN|FR","Without Sequence","12.87","",""
"03/11/2025 13:45:00 - 03/11/2025 14:00:00","BZN|FR","Sequence Sequence 2","14.00","",""
"03/11/2025 13:45:00 - 03/11/2025 14:00:00","BZN|FR","Without Sequence","14.00","",""
"03/11/2025 14:00:00 - 03/11/2025 14:15:00","BZN|FR","Sequence Sequence 2","14.25","",""
"03/11/2025 14:00:00 - 03/11/2025 14:15:00","BZN|FR","Without Sequence","14.25","",""
"03/11/2025 14:15:00 - 03/11/2025 14:30:00","BZN|FR","Sequence Sequence 2","16.68","",""
"03/11/2025 14:15:00 - 03/11/2025 14:30:00","BZN|FR","Without Sequence","16.68","",""
"03/11/2025 14:30:00 - 03/11/2025 14:45:00","BZN|FR","Sequence Sequence 2","19.71","",""
"03/11/2025 14:30:00 - 03/11/2025 14:45:00","BZN|FR","Without Sequence","19.71","",""
"03/11/2025 14:45:00 - 03/11/2025 15:00:00","BZN|FR","Sequence Sequence 2","23.84","",""
"03/11/2025 14:45:00 - 03/11/2025 15:00:00","BZN|FR","Without Sequence","23.84","",""
"03/11/2025 15:00:00 - 03/11/2025 15:15:00","BZN|FR","Sequence Sequence 2","18.99","",""
"03/11/2025 15:00:00 - 03/11/2025 15:15:00","BZN|FR","Without Sequence","18.99","",""
"03/11/2025 15:15:00 - 03/11/2025 15:30:00","BZN|FR","Sequence Sequence 2","25.33","",""
"03/11/2025 15:15:00 - 03/11/2025 15:30:00","BZN|FR","Without Sequence","25.33","",""
"03/11/2025 15:30:00 - 03/11/2025 15:45:00","BZN|FR","Sequence Sequence 2","39.72","",""
"03/11/2025 15:30:00 - 03/11/2025 15:45:00","BZN|FR","Without Sequence","39.72","",""
"03/11/2025 15:45:00 - 03/11/2025 16:00:00","BZN|FR","Sequence Sequence 2","50.55","",""
"03/11/2025 15:45:00 - 03/11/2025 16:00:00","BZN|FR","Without Sequence","50.55","",""
"03/11/2025 16:00:00 - 03/11/2025 16:15:00","BZN|FR","Sequence Sequence 2","45.00","",""
"03/11/2025 16:00:00 - 03/11/2025 16:15:00","BZN|FR","Without Sequence","45.00","",""
"03/11/2025 16:15:00 - 03/11/2025 16:30:00","BZN|FR","Sequence Sequence 2","51.07","",""
"03/11/2025 16:15:00 - 03/11/2025 16:30:00","BZN|FR","Without Sequence","51.07","",""
"03/11/2025 16:30:00 - 03/11/2025 16:45:00","BZN|FR","Sequence Sequence 2","61.27","",""
"03/11/2025 16:30:00 - 03/11/2025 16:45:00","BZN|FR","Without Sequence","61.27","",""
"03/11/2025 16:45:00 - 03/11/2025 17:00:00","BZN|FR","Sequence Sequence 2","82.82","",""
"03/11/2025 16:45:00 - 03/11/2025 17:00:00","BZN|FR","Without Sequence","82.82","",""
"03/11/2025 17:00:00 - 03/11/2025 17:15:00","BZN|FR","Sequence Sequence 2","48.43","",""
"03/11/2025 17:00:00 - 03/11/2025 17:15:00","BZN|FR","Without Sequence","48.43","",""
"03/11/2025 17:15:00 - 03/11/2025 17:30:00","BZN|FR","Sequence Sequence 2","80.73","",""
"03/11/2025 17:15:00 - 03/11/2025 17:30:00","BZN|FR","Without Sequence","80.73","",""
"03/11/2025 17:30:00 - 03/11/2025 17:45:00","BZN|FR","Sequence Sequence 2","93.84","",""
"03/11/2025 17:30:00 - 03/11/2025 17:45:00","BZN|FR","Without Sequence","93.84","",""
"03/11/2025 17:45:00 - 03/11/2025 18:00:00","BZN|FR","Sequence Sequence 2","96.89","",""
"03/11/2025 17:45:00 - 03/11/2025 18:00:00","BZN|FR","Without Sequence","96.89","",""
"03/11/2025 18:00:00 - 03/11/2025 18:15:00","BZN|FR","Sequence Sequence 2","96.22","",""
"03/11/2025 18:00:00 - 03/11/2025 18:15:00","BZN|FR","Without Sequence","96.22","",""
"03/11/2025 18:15:00 - 03/11/2025 18:30:00","BZN|FR","Sequence Sequence 2","93.40","",""
"03/11/2025 18:15:00 - 03/11/2025 18:30:00","BZN|FR","Without Sequence","93.40","",""
"03/11/2025 18:30:00 - 03/11/2025 18:45:00","BZN|FR","Sequence Sequence 2","95.86","",""
"03/11/2025 18:30:00 - 03/11/2025 18:45:00","BZN|FR","Without Sequence","95.86","",""
"03/11/2025 18:45:00 - 03/11/2025 19:00:00","BZN|FR","Sequence Sequence 2","94.89","",""
"03/11/2025 18:45:00 - 03/11/2025 19:00:00","BZN|FR","Without Sequence","94.89","",""
"03/11/2025 19:00:00 - 03/11/2025 19:15:00","BZN|FR","Sequence Sequence 2","98.17","",""
"03/11/2025 19:00:00 - 03/11/2025 19:15:00","BZN|FR","Without Sequence","98.17","",""
"03/11/2025 19:15:00 - 03/11/2025 19:30:00","BZN|FR","Sequence Sequence 2","92.32","",""
"03/11/2025 19:15:00 - 03/11/2025 19:30:00","BZN|FR","Without Sequence","92.32","",""
"03/11/2025 19:30:00 - 03/11/2025 19:45:00","BZN|FR","Sequence Sequence 2","86.31","",""
"03/11/2025 19:30:00 - 03/11/2025 19:45:00","BZN|FR","Without Sequence","86.31","",""
"03/11/2025 19:45:00 - 03/11/2025 20:00:00","BZN|FR","Sequence Sequence 2","70.54","",""
"03/11/2025 19:45:00 - 03/11/2025 20:00:00","BZN|FR","Without Sequence","70.54","",""
"03/11/2025 20:00:00 - 03/11/2025 20:15:00","BZN|FR","Sequence Sequence 2","96.53","",""
"03/11/2025 20:00:00 - 03/11/2025 20:15:00","BZN|FR","Without Sequence","96.53","",""
"03/11/2025 20:15:00 - 03/11/2025 20:30:00","BZN|FR","Sequence Sequence 2","75.56","",""
"03/11/2025 20:15:00 - 03/11/2025 20:30:00","BZN|FR","Without Sequence","75.56","",""
"03/11/2025 20:30:00 - 03/11/2025 20:45:00","BZN|FR","Sequence Sequence 2","71.09","",""
"03/11/2025 20:30:00 - 03/11/2025 20:45:00","BZN|FR","Without Sequence","71.09","",""
"03/11/2025 20:45:00 - 03/11/2025 21:00:00","BZN|FR","Sequence Sequence 2","60.47","",""
"03/11/2025 20:45:00 - 03/11/2025 21:00:00","BZN|FR","Without Sequence","60.47","",""
"03/11/2025 21:00:00 - 03/11/2025 21:15:00","BZN|FR","Sequence Sequence 2","69.77","",""
"03/11/2025 21:00:00 - 03/11/2025 21:15:00","BZN|FR","Without Sequence","69.77","",""
"03/11/2025 21:15:00 - 03/11/2025 21:30:00","BZN|FR","Sequence Sequence 2","60.04","",""
"03/11/2025 21:15:00 - 03/11/2025 21:30:00","BZN|FR","Without Sequence","60.04","",""
"03/11/2025 21:30:00 - 03/11/2025 21:45:00","BZN|FR","Sequence Sequence 2","55.41","",""
"03/11/2025 21:30:00 - 03/11/2025 21:45:00","BZN|FR","Without Sequence","55.41","",""
"03/11/2025 21:45:00 - 03/11/2025 22:00:00","BZN|FR","Sequence Sequence 2","46.63","",""
"03/11/2025 21:45:00 - 03/11/2025 22:00:00","BZN|FR","Without Sequence","46.63","",""
"03/11/2025 22:00:00 - 03/11/2025 22:15:00","BZN|FR","Sequence Sequence 2","44.76","",""
"03/11/2025 22:00:00 - 03/11/2025 22:15:00","BZN|FR","Without Sequence","44.76","",""
"03/11/2025 22:15:00 - 03/11/2025 22:30:00","BZN|FR","Sequence Sequence 2","57.96","",""
"03/11/2025 22:15:00 - 03/11/2025 22:30:00","BZN|FR","Without Sequence","57.96","",""
"03/11/2025 22:30:00 - 03/11/2025 22:45:00","BZN|FR","Sequence Sequence 2","51.36","",""
"03/11/2025 22:30:00 - 03/11/2025 22:45:00","BZN|FR","Without Sequence","51.36","",""
"03/11/2025 22:45:00 - 03/11/2025 23:00:00","BZN|FR","Sequence Sequence 2","44.60","",""
"03/11/2025 22:45:00 - 03/11/2025 23:00:00","BZN|FR","Without Sequence","44.60","",""
"03/11/2025 23:00:00 - 03/11/2025 23:15:00","BZN|FR","Sequence Sequence 2","57.33","",""
"03/11/2025 23:00:00 - 03/11/2025 23:15:00","BZN|FR","Without Sequence","57.33","",""
"03/11/2025 23:15:00 - 03/11/2025 23:30:00","BZN|FR","Sequence Sequence 2","31.68","",""
"03/11/2025 23:15:00 - 03/11/2025 23:30:00","BZN|FR","Without Sequence","31.68","",""
"03/11/2025 23:30:00 - 03/11/2025 23:45:00","BZN|FR","Sequence Sequence 2","33.94","",""
"03/11/2025 23:30:00 - 03/11/2025 23:45:00","BZN|FR","Without Sequence","33.94","",""
"03/11/2025 23:45:00 - 04/11/2025 00:00:00","BZN|FR","Sequence Sequence 2","12.35","",""
"03/11/2025 23:45:00 - 04/11/2025 00:00:00","BZN|FR","Without Sequence","12.35","",""
"04/11/2025 00:00:00 - 04/11/2025 00:15:00","BZN|FR","Sequence Sequence 2","15.35","",""
"04/11/2025 00:00:00 - 04/11/2025 00:15:00","BZN|FR","Without Sequence","15.35","",""
"04/11/2025 00:15:00 - 04/11/2025 00:30:00","BZN|FR","Sequence Sequence 2","8.93","",""
"04/11/2025 00:15:00 - 04/11/2025 00:30:00","BZN|FR","Without Sequence","8.93","",""
"04/11/2025 00:30:00 - 04/11/2025 00:45:00","BZN|FR","Sequence Sequence 2","1.73","",""
"04/11/2025 00:30:00 - 04/11/2025 00:45:00","BZN|FR","Without Sequence","1.73","",""
"04/11/2025 00:45:00 - 04/11/2025 01:00:00","BZN|FR","Sequence Sequence 2","-0.01","",""
"04/11/2025 00:45:00 - 04/11/2025 01:00:00","BZN|FR","Without Sequence","-0.01","",""
"04/11/2025 01:00:00 - 04/11/2025 01:15:00","BZN|FR","Sequence Sequence 2","14.34","",""
"04/11/2025 01:00:00 - 04/11/2025 01:15:00","BZN|FR","Without Sequence","14.34","",""
"04/11/2025 01:15:00 - 04/11/2025 01:30:00","BZN|FR","Sequence Sequence 2","4.31","",""
"04/11/2025 01:15:00 - 04/11/2025 01:30:00","BZN|FR","Without Sequence","4.31","",""
"04/11/2025 01:30:00 - 04/11/2025 01:45:00","BZN|FR","Sequence Sequence 2","11.24","",""
"04/11/2025 01:30:00 - 04/11/2025 01:45:00","BZN|FR","Without Sequence","11.24","",""
"04/11/2025 01:45:00 - 04/11/2025 02:00:00","BZN|FR","Sequence Sequence 2","1.74","",""
"04/11/2025 01:45:00 - 04/11/2025 02:00:00","BZN|FR","Without Sequence","1.74","",""
"04/11/2025 02:00:00 - 04/11/2025 02:15:00","BZN|FR","Sequence Sequence 2","15.51","",""
"04/11/2025 02:00:00 - 04/11/2025 02:15:00","BZN|FR","Without Sequence","15.51","",""
"04/11/2025 02:15:00 - 04/11/2025 02:30:00","BZN|FR","Sequence Sequence 2","3.70","",""
"04/11/2025 02:15:00 - 04/11/2025 02:30:00","BZN|FR","Without Sequence","3.70","",""
"04/11/2025 02:30:00 - 04/11/2025 02:45:00","BZN|FR","Sequence Sequence 2","7.05","",""
"04/11/2025 02:30:00 - 04/11/2025 02:45:00","BZN|FR","Without Sequence","7.05","",""
"04/11/2025 02:45:00 - 04/11/2025 03:00:00","BZN|FR","Sequence Sequence 2","0.00","",""
"04/11/2025 02:45:00 - 04/11/2025 03:00:00","BZN|FR","Without Sequence","0.00","",""
"04/11/2025 03:00:00 - 04/11/2025 03:15:00","BZN|FR","Sequence Sequence 2","9.54","",""
"04/11/2025 03:00:00 - 04/11/2025 03:15:00","BZN|FR","Without Sequence","9.54","",""
"04/11/2025 03:15:00 - 04/11/2025 03:30:00","BZN|FR","Sequence Sequence 2","11.18","",""
"04/11/2025 03:15:00 - 04/11/2025 03:30:00","BZN|FR","Without Sequence","11.18","",""
"04/11/2025 03:30:00 - 04/11/2025 03:45:00","BZN|FR","Sequence Sequence 2","5.33","",""
"04/11/2025 03:30:00 - 04/11/2025 03:45:00","BZN|FR","Without Sequence","5.33","",""
"04/11/2025 03:45:00 - 04/11/2025 04:00:00","BZN|FR","Sequence Sequence 2","0.04","",""
"04/11/2025 03:45:00 - 04/11/2025 04:00:00","BZN|FR","Without Sequence","0.04","",""
"04/11/2025 04:00:00 - 04/11/2025 04:15:00","BZN|FR","Sequence Sequence 2","13.36","",""
"04/11/2025 04:00:00 - 04/11/2025 04:15:00","BZN|FR","Without Sequence","13.36","",""
"04/11/2025 04:15:00 - 04/11/2025 04:30:00","BZN|FR","Sequence Sequence 2","10.37","",""
"04/11/2025 04:15:00 - 04/11/2025 04:30:00","BZN|FR","Without Sequence","10.37","",""
"04/11/2025 04:30:00 - 04/11/2025 04:45:00","BZN|FR","Sequence Sequence 2","2.12","",""
"04/11/2025 04:30:00 - 04/11/2025 04:45:00","BZN|FR","Without Sequence","2.12","",""
"04/11/2025 04:45:00 - 04/11/2025 05:00:00","BZN|FR","Sequence Sequence 2","5.64","",""
"04/11/2025 04:45:00 - 04/11/2025 05:00:00","BZN|FR","Without Sequence","5.64","",""
"04/11/2025 05:00:00 - 04/11/2025 05:15:00","BZN|FR","Sequence Sequence 2","5.47","",""
"04/11/2025 05:00:00 - 04/11/2025 05:15:00","BZN|FR","Without Sequence","5.47","",""
"04/11/2025 05:15:00 - 04/11/2025 05:30:00","BZN|FR","Sequence Sequence 2","23.98","",""
"04/11/2025 05:15:00 - 04/11/2025 05:30:00","BZN|FR","Without Sequence","23.98","",""
"04/11/2025 05:30:00 - 04/11/2025 05:45:00","BZN|FR","Sequence Sequence 2","19.60","",""
"04/11/2025 05:30:00 - 04/11/2025 05:45:00","BZN|FR","Without Sequence","19.60","",""
"04/11/2025 05:45:00 - 04/11/2025 06:00:00","BZN|FR","Sequence Sequence 2","21.46","",""
"04/11/2025 05:45:00 - 04/11/2025 06:00:00","BZN|FR","Without Sequence","21.46","",""
"04/11/2025 06:00:00 - 04/11/2025 06:15:00","BZN|FR","Sequence Sequence 2","22.70","",""
"04/11/2025 06:00:00 - 04/11/2025 06:15:00","BZN|FR","Without Sequence","22.70","",""
"04/11/2025 06:15:00 - 04/11/2025 06:30:00","BZN|FR","Sequence Sequence 2","25.64","",""
"04/11/2025 06:15:00 - 04/11/2025 06:30:00","BZN|FR","Without Sequence","25.64","",""
"04/11/2025 06:30:00 - 04/11/2025 06:45:00","BZN|FR","Sequence Sequence 2","7.02","",""
"04/11/2025 06:30:00 - 04/11/2025 06:45:00","BZN|FR","Without Sequence","7.02","",""
"04/11/2025 06:45:00 - 04/11/2025 07:00:00","BZN|FR","Sequence Sequence 2","36.48","",""
"04/11/2025 06:45:00 - 04/11/2025 07:00:00","BZN|FR","Without Sequence","36.48","",""
"04/11/2025 07:00:00 - 04/11/2025 07:15:00","BZN|FR","Sequence Sequence 2","34.80","",""
"04/11/2025 07:00:00 - 04/11/2025 07:15:00","BZN|FR","Without Sequence","34.80","",""
"04/11/2025 07:15:00 - 04/11/2025 07:30:00","BZN|FR","Sequence Sequence 2","59.53","",""
"04/11/2025 07:15:00 - 04/11/2025 07:30:00","BZN|FR","Without Sequence","59.53","",""
"04/11/2025 07:30:00 - 04/11/2025 07:45:00","BZN|FR","Sequence Sequence 2","68.47","",""
"04/11/2025 07:30:00 - 04/11/2025 07:45:00","BZN|FR","Without Sequence","68.47","",""
"04/11/2025 07:45:00 - 04/11/2025 08:00:00","BZN|FR","Sequence Sequence 2","33.20","",""
"04/11/2025 07:45:00 - 04/11/2025 08:00:00","BZN|FR","Without Sequence","33.20","",""
"04/11/2025 08:00:00 - 04/11/2025 08:15:00","BZN|FR","Sequence Sequence 2","87.79","",""
"04/11/2025 08:00:00 - 04/11/2025 08:15:00","BZN|FR","Without Sequence","87.79","",""
"04/11/2025 08:15:00 - 04/11/2025 08:30:00","BZN|FR","Sequence Sequence 2","78.96","",""
"04/11/2025 08:15:00 - 04/11/2025 08:30:00","BZN|FR","Without Sequence","78.96","",""
"04/11/2025 08:30:00 - 04/11/2025 08:45:00","BZN|FR","Sequence Sequence 2","72.20","",""
"04/11/2025 08:30:00 - 04/11/2025 08:45:00","BZN|FR","Without Sequence","72.20","",""
"04/11/2025 08:45:00 - 04/11/2025 09:00:00","BZN|FR","Sequence Sequence 2","27.95","",""
"04/11/2025 08:45:00 - 04/11/2025 09:00:00","BZN|FR","Without Sequence","27.95","",""
"04/11/2025 09:00:00 - 04/11/2025 09:15:00","BZN|FR","Sequence Sequence 2","68.68","",""
"04/11/2025 09:00:00 - 04/11/2025 09:15:00","BZN|FR","Without Sequence","68.68","",""
"04/11/2025 09:15:00 - 04/11/2025 09:30:00","BZN|FR","Sequence Sequence 2","42.00","",""
"04/11/2025 09:15:00 - 04/11/2025 09:30:00","BZN|FR","Without Sequence","42.00","",""
"04/11/2025 09:30:00 - 04/11/2025 09:45:00","BZN|FR","Sequence Sequence 2","20.30","",""
"04/11/2025 09:30:00 - 04/11/2025 09:45:00","BZN|FR","Without Sequence","20.30","",""
"04/11/2025 09:45:00 - 04/11/2025 10:00:00","BZN|FR","Sequence Sequence 2","1.55","",""
"04/11/2025 09:45:00 - 04/11/2025 10:00:00","BZN|FR","Without Sequence","1.55","",""
"04/11/2025 10:00:00 - 04/11/2025 10:15:00","BZN|FR","Sequence Sequence 2","19.81","",""
"04/11/2025 10:00:00 - 04/11/2025 10:15:00","BZN|FR","Without Sequence","19.81","",""
"04/11/2025 10:15:00 - 04/11/2025 10:30:00","BZN|FR","Sequence Sequence 2","14.71","",""
"04/11/2025 10:15:00 - 04/11/2025 10:30:00","BZN|FR","Without Sequence","14.71","",""
"04/11/2025 10:30:00 - 04/11/2025 10:45:00","BZN|FR","Sequence Sequence 2","10.05","",""
"04/11/2025 10:30:00 - 04/11/2025 10:45:00","BZN|FR","Without Sequence","10.05","",""
"04/11/2025 10:45:00 - 04/11/2025 11:00:00","BZN|FR","Sequence Sequence 2","10.05","",""
"04/11/2025 10:45:00 - 04/11/2025 11:00:00","BZN|FR","Without Sequence","10.05","",""
"04/11/2025 11:00:00 - 04/11/2025 11:15:00","BZN|FR","Sequence Sequence 2","5.79","",""
"04/11/2025 11:00:00 - 04/11/2025 11:15:00","BZN|FR","Without Sequence","5.79","",""
"04/11/2025 11:15:00 - 04/11/2025 11:30:00","BZN|FR","Sequence Sequence 2","5.00","",""
"04/11/2025 11:15:00 - 04/11/2025 11:30:00","BZN|FR","Without Sequence","5.00","",""
"04/11/2025 11:30:00 - 04/11/2025 11:45:00","BZN|FR","Sequence Sequence 2","3.83","",""
"04/11/2025 11:30:00 - 04/11/2025 11:45:00","BZN|FR","Without Sequence","3.83","",""
"04/11/2025 11:45:00 - 04/11/2025 12:00:00","BZN|FR","Sequence Sequence 2","3.52","",""
"04/11/2025 11:45:00 - 04/11/2025 12:00:00","BZN|FR","Without Sequence","3.52","",""
"04/11/2025 12:00:00 - 04/11/2025 12:15:00","BZN|FR","Sequence Sequence 2","5.99","",""
"04/11/2025 12:00:00 - 04/11/2025 12:15:00","BZN|FR","Without Sequence","5.99","",""
"04/11/2025 12:15:00 - 04/11/2025 12:30:00","BZN|FR","Sequence Sequence 2","8.84","",""
"04/11/2025 12:15:00 - 04/11/2025 12:30:00","BZN|FR","Without Sequence","8.84","",""
"04/11/2025 12:30:00 - 04/11/2025 12:45:00","BZN|FR","Sequence Sequence 2","14.02","",""
"04/11/2025 12:30:00 - 04/11/2025 12:45:00","BZN|FR","Without Sequence","14.02","",""
"04/11/2025 12:45:00 - 04/11/2025 13:00:00","BZN|FR","Sequence Sequence 2","11.53","",""
"04/11/2025 12:45:00 - 04/11/2025 13:00:00","BZN|FR","Without Sequence","11.53","",""
"04/11/2025 13:00:00 - 04/11/2025 13:15:00","BZN|FR","Sequence Sequence 2","3.52","",""
"04/11/2025 13:00:00 - 04/11/2025 13:15:00","BZN|FR","Without Sequence","3.52","",""
"04/11/2025 13:15:00 - 04/11/2025 13:30:00","BZN|FR","Sequence Sequence 2","3.52","",""
"04/11/2025 13:15:00 - 04/11/2025 13:30:00","BZN|FR","Without Sequence","3.52","",""
"04/11/2025 13:30:00 - 04/11/2025 13:45:00","BZN|FR","Sequence Sequence 2","3.52","",""
"04/11/2025 13:30:00 - 04/11/2025 13:45:00","BZN|FR","Without Sequence","3.52","",""
"04/11/2025 13:45:00 - 04/11/2025 14:00:00","BZN|FR","Sequence Sequence 2","3.52","",""
"04/11/2025 13:45:00 - 04/11/2025 14:00:00","BZN|FR","Without Sequence","3.52","",""
"04/11/2025 14:00:00 - 04/11/2025 14:15:00","BZN|FR","Sequence Sequence 2","3.52","",""
"04/11/2025 14:00:00 - 04/11/2025 14:15:00","BZN|FR","Without Sequence","3.52","",""
"04/11/2025 14:15:00 - 04/11/2025 14:30:00","BZN|FR","Sequence Sequence 2","3.52","",""
"04/11/2025 14:15:00 - 04/11/2025 14:30:00","BZN|FR","Without Sequence","3.52","",""
"04/11/2025 14:30:00 - 04/11/2025 14:45:00","BZN|FR","Sequence Sequence 2","4.31","",""
"04/11/2025 14:30:00 - 04/11/2025 14:45:00","BZN|FR","Without Sequence","4.31","",""
"04/11/2025 14:45:00 - 04/11/2025 15:00:00","BZN|FR","Sequence Sequence 2","16.09","",""
"04/11/2025 14:45:00 - 04/11/2025 15:00:00","BZN|FR","Without Sequence","16.09","",""
"04/11/2025 15:00:00 - 04/11/2025 15:15:00","BZN|FR","Sequence Sequence 2","5.11","",""
"04/11/2025 15:00:00 - 04/11/2025 15:15:00","BZN|FR","Without Sequence","5.11","",""
"04/11/2025 15:15:00 - 04/11/2025 15:30:00","BZN|FR","Sequence Sequence 2","10.00","",""
"04/11/2025 15:15:00 - 04/11/2025 15:30:00","BZN|FR","Without Sequence","10.00","",""
"04/11/2025 15:30:00 - 04/11/2025 15:45:00","BZN|FR","Sequence Sequence 2","13.15","",""
"04/11/2025 15:30:00 - 04/11/2025 15:45:00","BZN|FR","Without Sequence","13.15","",""
"04/11/2025 15:45:00 - 04/11/2025 16:00:00","BZN|FR","Sequence Sequence 2","20.95","",""
"04/11/2025 15:45:00 - 04/11/2025 16:00:00","BZN|FR","Without Sequence","20.95","",""
"04/11/2025 16:00:00 - 04/11/2025 16:15:00","BZN|FR","Sequence Sequence 2","8.84","",""
"04/11/2025 16:00:00 - 04/11/2025 16:15:00","BZN|FR","Without Sequence","8.84","",""
"04/11/2025 16:15:00 - 04/11/2025 16:30:00","BZN|FR","Sequence Sequence 2","16.71","",""
"04/11/2025 16:15:00 - 04/11/2025 16:30:00","BZN|FR","Without Sequence","16.71","",""
"04/11/2025 16:30:00 - 04/11/2025 16:45:00","BZN|FR","Sequence Sequence 2","31.81","",""
"04/11/2025 16:30:00 - 04/11/2025 16:45:00","BZN|FR","Without Sequence","31.81","",""
"04/11/2025 16:45:00 - 04/11/2025 17:00:00","BZN|FR","Sequence Sequence 2","20.18","",""
"04/11/2025 16:45:00 - 04/11/2025 17:00:00","BZN|FR","Without Sequence","20.18","",""
"04/11/2025 17:00:00 - 04/11/2025 17:15:00","BZN|FR","Sequence Sequence 2","1.93","",""
"04/11/2025 17:00:00 - 04/11/2025 17:15:00","BZN|FR","Without Sequence","1.93","",""
"04/11/2025 17:15:00 - 04/11/2025 17:30:00","BZN|FR","Sequence Sequence 2","16.83","",""
"04/11/2025 17:15:00 - 04/11/2025 17:30:00","BZN|FR","Without Sequence","16.83","",""
"04/11/2025 17:30:00 - 04/11/2025 17:45:00","BZN|FR","Sequence Sequence 2","7.15","",""
"04/11/2025 17:30:00 - 04/11/2025 17:45:00","BZN|FR","Without Sequence","7.15","",""
"04/11/2025 17:45:00 - 04/11/2025 18:00:00","BZN|FR","Sequence Sequence 2","36.50","",""
"04/11/2025 17:45:00 - 04/11/2025 18:00:00","BZN|FR","Without Sequence","36.50","",""
"04/11/2025 18:00:00 - 04/11/2025 18:15:00","BZN|FR","Sequence Sequence 2","16.79","",""
"04/11/2025 18:00:00 - 04/11/2025 18:15:00","BZN|FR","Without Sequence","16.79","",""
"04/11/2025 18:15:00 - 04/11/2025 18:30:00","BZN|FR","Sequence Sequence 2","49.05","",""
"04/11/2025 18:15:00 - 04/11/2025 18:30:00","BZN|FR","Without Sequence","49.05","",""
"04/11/2025 18:30:00 - 04/11/2025 18:45:00","BZN|FR","Sequence Sequence 2","32.10","",""
"04/11/2025 18:30:00 - 04/11/2025 18:45:00","BZN|FR","Without Sequence","32.10","",""
"04/11/2025 18:45:00 - 04/11/2025 19:00:00","BZN|FR","Sequence Sequence 2","58.70","",""
"04/11/2025 18:45:00 - 04/11/2025 19:00:00","BZN|FR","Without Sequence","58.70","",""
"04/11/2025 19:00:00 - 04/11/2025 19:15:00","BZN|FR","Sequence Sequence 2","78.35","",""
"04/11/2025 19:00:00 - 04/11/2025 19:15:00","BZN|FR","Without Sequence","78.35","",""
"04/11/2025 19:15:00 - 04/11/2025 19:30:00","BZN|FR","Sequence Sequence 2","35.71","",""
"04/11/2025 19:15:00 - 04/11/2025 19:30:00","BZN|FR","Without Sequence","35.71","",""
"04/11/2025 19:30:00 - 04/11/2025 19:45:00","BZN|FR","Sequence Sequence 2","47.14","",""
"04/11/2025 19:30:00 - 04/11/2025 19:45:00","BZN|FR","Without Sequence","47.14","",""
"04/11/2025 19:45:00 - 04/11/2025 20:00:00","BZN|FR","Sequence Sequence 2","4.52","",""
"04/11/2025 19:45:00 - 04/11/2025 20:00:00","BZN|FR","Without Sequence","4.52","",""
"04/11/2025 20:00:00 - 04/11/2025 20:15:00","BZN|FR","Sequence Sequence 2","60.12","",""
"04/11/2025 20:00:00 - 04/11/2025 20:15:00","BZN|FR","Without Sequence","60.12","",""
"04/11/2025 20:15:00 - 04/11/2025 20:30:00","BZN|FR","Sequence Sequence 2","40.26","",""
"04/11/2025 20:15:00 - 04/11/2025 20:30:00","BZN|FR","Without Sequence","40.26","",""
"04/11/2025 20:30:00 - 04/11/2025 20:45:00","BZN|FR","Sequence Sequence 2","20.58","",""
"04/11/2025 20:30:00 - 04/11/2025 20:45:00","BZN|FR","Without Sequence","20.58","",""
"04/11/2025 20:45:00 - 04/11/2025 21:00:00","BZN|FR","Sequence Sequence 2","1.94","",""
"04/11/2025 20:45:00 - 04/11/2025 21:00:00","BZN|FR","Without Sequence","1.94","",""
"04/11/2025 21:00:00 - 04/11/2025 21:15:00","BZN|FR","Sequence Sequence 2","45.24","",""
"04/11/2025 21:00:00 - 04/11/2025 21:15:00","BZN|FR","Without Sequence","45.24","",""
"04/11/2025 21:15:00 - 04/11/2025 21:30:00","BZN|FR","Sequence Sequence 2","24.96","",""
"04/11/2025 21:15:00 - 04/11/2025 21:30:00","BZN|FR","Without Sequence","24.96","",""
"04/11/2025 21:30:00 - 04/11/2025 21:45:00","BZN|FR","Sequence Sequence 2","16.01","",""
"04/11/2025 21:30:00 - 04/11/2025 21:45:00","BZN|FR","Without Sequence","16.01","",""
"04/11/2025 21:45:00 - 04/11/2025 22:00:00","BZN|FR","Sequence Sequence 2","2.57","",""
"04/11/2025 21:45:00 - 04/11/2025 22:00:00","BZN|FR","Without Sequence","2.57","",""
"04/11/2025 22:00:00 - 04/11/2025 22:15:00","BZN|FR","Sequence Sequence 2","17.50","",""
"04/11/2025 22:00:00 - 04/11/2025 22:15:00","BZN|FR","Without Sequence","17.50","",""
"04/11/2025 22:15:00 - 04/11/2025 22:30:00","BZN|FR","Sequence Sequence 2","25.75","",""
"04/11/2025 22:15:00 - 04/11/2025 22:30:00","BZN|FR","Without Sequence","25.75","",""
"04/11/2025 22:30:00 - 04/11/2025 22:45:00","BZN|FR","Sequence Sequence 2","43.30","",""
"04/11/2025 22:30:00 - 04/11/2025 22:45:00","BZN|FR","Without Sequence","43.30","",""
"04/11/2025 22:45:00 - 04/11/2025 23:00:00","BZN|FR","Sequence Sequence 2","42.55","",""
"04/11/2025 22:45:00 - 04/11/2025 23:00:00","BZN|FR","Without Sequence","42.55","",""
"04/11/2025 23:00:00 - 04/11/2025 23:15:00","BZN|FR","Sequence Sequence 2","30.84","",""
"04/11/2025 23:00:00 - 04/11/2025 23:15:00","BZN|FR","Without Sequence","30.84","",""
"04/11/2025 23:15:00 - 04/11/2025 23:30:00","BZN|FR","Sequence Sequence 2","21.42","",""
"04/11/2025 23:15:00 - 04/11/2025 23:30:00","BZN|FR","Without Sequence","21.42","",""
"04/11/2025 23:30:00 - 04/11/2025 23:45:00","BZN|FR","Sequence Sequence 2","36.24","",""
"04/11/2025 23:30:00 - 04/11/2025 23:45:00","BZN|FR","Without Sequence","36.24","",""
"04/11/2025 23:45:00 - 05/11/2025 00:00:00","BZN|FR","Sequence Sequence 2","16.10","",""
"04/11/2025 23:45:00 - 05/11/2025 00:00:00","BZN|FR","Without Sequence","16.10","",""
"05/11/2025 00:00:00 - 05/11/2025 00:15:00","BZN|FR","Sequence Sequence 2","18.61","",""
"05/11/2025 00:00:00 - 05/11/2025 00:15:00","BZN|FR","Without Sequence","18.61","",""
"05/11/2025 00:15:00 - 05/11/2025 00:30:00","BZN|FR","Sequence Sequence 2","27.22","",""
"05/11/2025 00:15:00 - 05/11/2025 00:30:00","BZN|FR","Without Sequence","27.22","",""
"05/11/2025 00:30:00 - 05/11/2025 00:45:00","BZN|FR","Sequence Sequence 2","12.37","",""
"05/11/2025 00:30:00 - 05/11/2025 00:45:00","BZN|FR","Without Sequence","12.37","",""
"05/11/2025 00:45:00 - 05/11/2025 01:00:00","BZN|FR","Sequence Sequence 2","3.91","",""
"05/11/2025 00:45:00 - 05/11/2025 01:00:00","BZN|FR","Without Sequence","3.91","",""
"05/11/2025 01:00:00 - 05/11/2025 01:15:00","BZN|FR","Sequence Sequence 2","24.74","",""
"05/11/2025 01:00:00 - 05/11/2025 01:15:00","BZN|FR","Without Sequence","24.74","",""
"05/11/2025 01:15:00 - 05/11/2025 01:30:00","BZN|FR","Sequence Sequence 2","17.63","",""
"05/11/2025 01:15:00 - 05/11/2025 01:30:00","BZN|FR","Without Sequence","17.63","",""
"05/11/2025 01:30:00 - 05/11/2025 01:45:00","BZN|FR","Sequence Sequence 2","16.08","",""
"05/11/2025 01:30:00 - 05/11/2025 01:45:00","BZN|FR","Without Sequence","16.08","",""
"05/11/2025 01:45:00 - 05/11/2025 02:00:00","BZN|FR","Sequence Sequence 2","9.14","",""
"05/11/2025 01:45:00 - 05/11/2025 02:00:00","BZN|FR","Without Sequence","9.14","",""
"05/11/2025 02:00:00 - 05/11/2025 02:15:00","BZN|FR","Sequence Sequence 2","20.10","",""
"05/11/2025 02:00:00 - 05/11/2025 02:15:00","BZN|FR","Without Sequence","20.10","",""
"05/11/2025 02:15:00 - 05/11/2025 02:30:00","BZN|FR","Sequence Sequence 2","15.45","",""
"05/11/2025 02:15:00 - 05/11/2025 02:30:00","BZN|FR","Without Sequence","15.45","",""
"05/11/2025 02:30:00 - 05/11/2025 02:45:00","BZN|FR","Sequence Sequence 2","14.45","",""
"05/11/2025 02:30:00 - 05/11/2025 02:45:00","BZN|FR","Without Sequence","14.45","",""
"05/11/2025 02:45:00 - 05/11/2025 03:00:00","BZN|FR","Sequence Sequence 2","10.06","",""
"05/11/2025 02:45:00 - 05/11/2025 03:00:00","BZN|FR","Without Sequence","10.06","",""
"05/11/2025 03:00:00 - 05/11/2025 03:15:00","BZN|FR","Sequence Sequence 2","16.46","",""
"05/11/2025 03:00:00 - 05/11/2025 03:15:00","BZN|FR","Without Sequence","16.46","",""
"05/11/2025 03:15:00 - 05/11/2025 03:30:00","BZN|FR","Sequence Sequence 2","16.46","",""
"05/11/2025 03:15:00 - 05/11/2025 03:30:00","BZN|FR","Without Sequence","16.46","",""
"05/11/2025 03:30:00 - 05/11/2025 03:45:00","BZN|FR","Sequence Sequence 2","12.57","",""
"05/11/2025 03:30:00 - 05/11/2025 03:45:00","BZN|FR","Without Sequence","12.57","",""
"05/11/2025 03:45:00 - 05/11/2025 04:00:00","BZN|FR","Sequence Sequence 2","6.59","",""
"05/11/2025 03:45:00 - 05/11/2025 04:00:00","BZN|FR","Without Sequence","6.59","",""
"05/11/2025 04:00:00 - 05/11/2025 04:15:00","BZN|FR","Sequence Sequence 2","2.08","",""
"05/11/2025 04:00:00 - 05/11/2025 04:15:00","BZN|FR","Without Sequence","2.08","",""
"05/11/2025 04:15:00 - 05/11/2025 04:30:00","BZN|FR","Sequence Sequence 2","2.14","",""
"05/11/2025 04:15:00 - 05/11/2025 04:30:00","BZN|FR","Without Sequence","2.14","",""
"05/11/2025 04:30:00 - 05/11/2025 04:45:00","BZN|FR","Sequence Sequence 2","0.06","",""
"05/11/2025 04:30:00 - 05/11/2025 04:45:00","BZN|FR","Without Sequence","0.06","",""
"05/11/2025 04:45:00 - 05/11/2025 05:00:00","BZN|FR","Sequence Sequence 2","0.10","",""
"05/11/2025 04:45:00 - 05/11/2025 05:00:00","BZN|FR","Without Sequence","0.10","",""
"05/11/2025 05:00:00 - 05/11/2025 05:15:00","BZN|FR","Sequence Sequence 2","8.07","",""
"05/11/2025 05:00:00 - 05/11/2025 05:15:00","BZN|FR","Without Sequence","8.07","",""
"05/11/2025 05:15:00 - 05/11/2025 05:30:00","BZN|FR","Sequence Sequence 2","14.00","",""
"05/11/2025 05:15:00 - 05/11/2025 05:30:00","BZN|FR","Without Sequence","14.00","",""
"05/11/2025 05:30:00 - 05/11/2025 05:45:00","BZN|FR","Sequence Sequence 2","16.68","",""
"05/11/2025 05:30:00 - 05/11/2025 05:45:00","BZN|FR","Without Sequence","16.68","",""
"05/11/2025 05:45:00 - 05/11/2025 06:00:00","BZN|FR","Sequence Sequence 2","12.05","",""
"05/11/2025 05:45:00 - 05/11/2025 06:00:00","BZN|FR","Without Sequence","12.05","",""
"05/11/2025 06:00:00 - 05/11/2025 06:15:00","BZN|FR","Sequence Sequence 2","22.12","",""
"05/11/2025 06:00:00 - 05/11/2025 06:15:00","BZN|FR","Without Sequence","22.12","",""
"05/11/2025 06:15:00 - 05/11/2025 06:30:00","BZN|FR","Sequence Sequence 2","28.55","",""
"05/11/2025 06:15:00 - 05/11/2025 06:30:00","BZN|FR","Without Sequence","28.55","",""
"05/11/2025 06:30:00 - 05/11/2025 06:45:00","BZN|FR","Sequence Sequence 2","29.72","",""
"05/11/2025 06:30:00 - 05/11/2025 06:45:00","BZN|FR","Without Sequence","29.72","",""
"05/11/2025 06:45:00 - 05/11/2025 07:00:00","BZN|FR","Sequence Sequence 2","22.78","",""
"05/11/2025 06:45:00 - 05/11/2025 07:00:00","BZN|FR","Without Sequence","22.78","",""
"05/11/2025 07:00:00 - 05/11/2025 07:15:00","BZN|FR","Sequence Sequence 2","23.93","",""
"05/11/2025 07:00:00 - 05/11/2025 07:15:00","BZN|FR","Without Sequence","23.93","",""
"05/11/2025 07:15:00 - 05/11/2025 07:30:00","BZN|FR","Sequence Sequence 2","35.01","",""
"05/11/2025 07:15:00 - 05/11/2025 07:30:00","BZN|FR","Without Sequence","35.01","",""
"05/11/2025 07:30:00 - 05/11/2025 07:45:00","BZN|FR","Sequence Sequence 2","31.74","",""
"05/11/2025 07:30:00 - 05/11/2025 07:45:00","BZN|FR","Without Sequence","31.74","",""
"05/11/2025 07:45:00 - 05/11/2025 08:00:00","BZN|FR","Sequence Sequence 2","31.59","",""
"05/11/2025 07:45:00 - 05/11/2025 08:00:00","BZN|FR","Without Sequence","31.59","",""
"05/11/2025 08:00:00 - 05/11/2025 08:15:00","BZN|FR","Sequence Sequence 2","39.86","",""
"05/11/2025 08:00:00 - 05/11/2025 08:15:00","BZN|FR","Without Sequence","39.86","",""
"05/11/2025 08:15:00 - 05/11/2025 08:30:00","BZN|FR","Sequence Sequence 2","18.37","",""
"05/11/2025 08:15:00 - 05/11/2025 08:30:00","BZN|FR","Without Sequence","18.37","",""
"05/11/2025 08:30:00 - 05/11/2025 08:45:00","BZN|FR","Sequence Sequence 2","27.63","",""
"05/11/2025 08:30:00 - 05/11/2025 08:45:00","BZN|FR","Without Sequence","27.63","",""
"05/11/2025 08:45:00 - 05/11/2025 09:00:00","BZN|FR","Sequence Sequence 2","21.57","",""
"05/11/2025 08:45:00 - 05/11/2025 09:00:00","BZN|FR","Without Sequence","21.57","",""
"05/11/2025 09:00:00 - 05/11/2025 09:15:00","BZN|FR","Sequence Sequence 2","29.21","",""
"05/11/2025 09:00:00 - 05/11/2025 09:15:00","BZN|FR","Without Sequence","29.21","",""
"05/11/2025 09:15:00 - 05/11/2025 09:30:00","BZN|FR","Sequence Sequence 2","28.81","",""
"05/11/2025 09:15:00 - 05/11/2025 09:30:00","BZN|FR","Without Sequence","28.81","",""
"05/11/2025 09:30:00 - 05/11/2025 09:45:00","BZN|FR","Sequence Sequence 2","16.90","",""
"05/11/2025 09:30:00 - 05/11/2025 09:45:00","BZN|FR","Without Sequence","16.90","",""
"05/11/2025 09:45:00 - 05/11/2025 10:00:00","BZN|FR","Sequence Sequence 2","10.21","",""
"05/11/2025 09:45:00 - 05/11/2025 10:00:00","BZN|FR","Without Sequence","10.21","",""
"05/11/2025 10:00:00 - 05/11/2025 10:15:00","BZN|FR","Sequence Sequence 2","14.87","",""
"05/11/2025 10:00:00 - 05/11/2025 10:15:00","BZN|FR","Without Sequence","14.87","",""
"05/11/2025 10:15:00 - 05/11/2025 10:30:00","BZN|FR","Sequence Sequence 2","10.65","",""
"05/11/2025 10:15:00 - 05/11/2025 10:30:00","BZN|FR","Without Sequence","10.65","",""
"05/11/2025 10:30:00 - 05/11/2025 10:45:00","BZN|FR","Sequence Sequence 2","5.11","",""
"05/11/2025 10:30:00 - 05/11/2025 10:45:00","BZN|FR","Without Sequence","5.11","",""
"05/11/2025 10:45:00 - 05/11/2025 11:00:00","BZN|FR","Sequence Sequence 2","3.60","",""
"05/11/2025 10:45:00 - 05/11/2025 11:00:00","BZN|FR","Without Sequence","3.60","",""
"05/11/2025 11:00:00 - 05/11/2025 11:15:00","BZN|FR","Sequence Sequence 2","4.31","",""
"05/11/2025 11:00:00 - 05/11/2025 11:15:00","BZN|FR","Without Sequence","4.31","",""
"05/11/2025 11:15:00 - 05/11/2025 11:30:00","BZN|FR","Sequence Sequence 2","3.52","",""
"05/11/2025 11:15:00 - 05/11/2025 11:30:00","BZN|FR","Without Sequence","3.52","",""
"05/11/2025 11:30:00 - 05/11/2025 11:45:00","BZN|FR","Sequence Sequence 2","3.52","",""
"05/11/2025 11:30:00 - 05/11/2025 11:45:00","BZN|FR","Without Sequence","3.52","",""
"05/11/2025 11:45:00 - 05/11/2025 12:00:00","BZN|FR","Sequence Sequence 2","3.52","",""
"05/11/2025 11:45:00 - 05/11/2025 12:00:00","BZN|FR","Without Sequence","3.52","",""
"05/11/2025 12:00:00 - 05/11/2025 12:15:00","BZN|FR","Sequence Sequence 2","4.39","",""
"05/11/2025 12:00:00 - 05/11/2025 12:15:00","BZN|FR","Without Sequence","4.39","",""
"05/11/2025 12:15:00 - 05/11/2025 12:30:00","BZN|FR","Sequence Sequence 2","5.11","",""
"05/11/2025 12:15:00 - 05/11/2025 12:30:00","BZN|FR","Without Sequence","5.11","",""
"05/11/2025 12:30:00 - 05/11/2025 12:45:00","BZN|FR","Sequence Sequence 2","5.79","",""
"05/11/2025 12:30:00 - 05/11/2025 12:45:00","BZN|FR","Without Sequence","5.79","",""
"05/11/2025 12:45:00 - 05/11/2025 13:00:00","BZN|FR","Sequence Sequence 2","6.00","",""
"05/11/2025 12:45:00 - 05/11/2025 13:00:00","BZN|FR","Without Sequence","6.00","",""
"05/11/2025 13:00:00 - 05/11/2025 13:15:00","BZN|FR","Sequence Sequence 2","5.00","",""
"05/11/2025 13:00:00 - 05/11/2025 13:15:00","BZN|FR","Without Sequence","5.00","",""
"05/11/2025 13:15:00 - 05/11/2025 13:30:00","BZN|FR","Sequence Sequence 2","5.00","",""
"05/11/2025 13:15:00 - 05/11/2025 13:30:00","BZN|FR","Without Sequence","5.00","",""
"05/11/2025 13:30:00 - 05/11/2025 13:45:00","BZN|FR","Sequence Sequence 2","5.05","",""
"05/11/2025 13:30:00 - 05/11/2025 13:45:00","BZN|FR","Without Sequence","5.05","",""
"05/11/2025 13:45:00 - 05/11/2025 14:00:00","BZN|FR","Sequence Sequence 2","6.00","",""
"05/11/2025 13:45:00 - 05/11/2025 14:00:00","BZN|FR","Without Sequence","6.00","",""
"05/11/2025 14:00:00 - 05/11/2025 14:15:00","BZN|FR","Sequence Sequence 2","5.79","",""
"05/11/2025 14:00:00 - 05/11/2025 14:15:00","BZN|FR","Without Sequence","5.79","",""
"05/11/2025 14:15:00 - 05/11/2025 14:30:00","BZN|FR","Sequence Sequence 2","9.30","",""
"05/11/2025 14:15:00 - 05/11/2025 14:30:00","BZN|FR","Without Sequence","9.30","",""
"05/11/2025 14:30:00 - 05/11/2025 14:45:00","BZN|FR","Sequence Sequence 2","10.14","",""
"05/11/2025 14:30:00 - 05/11/2025 14:45:00","BZN|FR","Without Sequence","10.14","",""
"05/11/2025 14:45:00 - 05/11/2025 15:00:00","BZN|FR","Sequence Sequence 2","13.79","",""
"05/11/2025 14:45:00 - 05/11/2025 15:00:00","BZN|FR","Without Sequence","13.79","",""
"05/11/2025 15:00:00 - 05/11/2025 15:15:00","BZN|FR","Sequence Sequence 2","14.65","",""
"05/11/2025 15:00:00 - 05/11/2025 15:15:00","BZN|FR","Without Sequence","14.65","",""
"05/11/2025 15:15:00 - 05/11/2025 15:30:00","BZN|FR","Sequence Sequence 2","15.83","",""
"05/11/2025 15:15:00 - 05/11/2025 15:30:00","BZN|FR","Without Sequence","15.83","",""
"05/11/2025 15:30:00 - 05/11/2025 15:45:00","BZN|FR","Sequence Sequence 2","16.35","",""
"05/11/2025 15:30:00 - 05/11/2025 15:45:00","BZN|FR","Without Sequence","16.35","",""
"05/11/2025 15:45:00 - 05/11/2025 16:00:00","BZN|FR","Sequence Sequence 2","20.06","",""
"05/11/2025 15:45:00 - 05/11/2025 16:00:00","BZN|FR","Without Sequence","20.06","",""
"05/11/2025 16:00:00 - 05/11/2025 16:15:00","BZN|FR","Sequence Sequence 2","20.00","",""
"05/11/2025 16:00:00 - 05/11/2025 16:15:00","BZN|FR","Without Sequence","20.00","",""
"05/11/2025 16:15:00 - 05/11/2025 16:30:00","BZN|FR","Sequence Sequence 2","28.24","",""
"05/11/2025 16:15:00 - 05/11/2025 16:30:00","BZN|FR","Without Sequence","28.24","",""
"05/11/2025 16:30:00 - 05/11/2025 16:45:00","BZN|FR","Sequence Sequence 2","28.68","",""
"05/11/2025 16:30:00 - 05/11/2025 16:45:00","BZN|FR","Without Sequence","28.68","",""
"05/11/2025 16:45:00 - 05/11/2025 17:00:00","BZN|FR","Sequence Sequence 2","29.72","",""
"05/11/2025 16:45:00 - 05/11/2025 17:00:00","BZN|FR","Without Sequence","29.72","",""
"05/11/2025 17:00:00 - 05/11/2025 17:15:00","BZN|FR","Sequence Sequence 2","29.20","",""
"05/11/2025 17:00:00 - 05/11/2025 17:15:00","BZN|FR","Without Sequence","29.20","",""
"05/11/2025 17:15:00 - 05/11/2025 17:30:00","BZN|FR","Sequence Sequence 2","33.15","",""
"05/11/2025 17:15:00 - 05/11/2025 17:30:00","BZN|FR","Without Sequence","33.15","",""
"05/11/2025 17:30:00 - 05/11/2025 17:45:00","BZN|FR","Sequence Sequence 2","35.02","",""
"05/11/2025 17:30:00 - 05/11/2025 17:45:00","BZN|FR","Without Sequence","35.02","",""
"05/11/2025 17:45:00 - 05/11/2025 18:00:00","BZN|FR","Sequence Sequence 2","36.25","",""
"05/11/2025 17:45:00 - 05/11/2025 18:00:00","BZN|FR","Without Sequence","36.25","",""
"05/11/2025 18:00:00 - 05/11/2025 18:15:00","BZN|FR","Sequence Sequence 2","24.30","",""
"05/11/2025 18:00:00 - 05/11/2025 18:15:00","BZN|FR","Without Sequence","24.30","",""
"05/11/2025 18:15:00 - 05/11/2025 18:30:00","BZN|FR","Sequence Sequence 2","30.00","",""
"05/11/2025 18:15:00 - 05/11/2025 18:30:00","BZN|FR","Without Sequence","30.00","",""
"05/11/2025 18:30:00 - 05/11/2025 18:45:00","BZN|FR","Sequence Sequence 2","50.00","",""
"05/11/2025 18:30:00 - 05/11/2025 18:45:00","BZN|FR","Without Sequence","50.00","",""
"05/11/2025 18:45:00 - 05/11/2025 19:00:00","BZN|FR","Sequence Sequence 2","60.00","",""
"05/11/2025 18:45:00 - 05/11/2025 19:00:00","BZN|FR","Without Sequence","60.00","",""
"05/11/2025 19:00:00 - 05/11/2025 19:15:00","BZN|FR","Sequence Sequence 2","59.52","",""
"05/11/2025 19:00:00 - 05/11/2025 19:15:00","BZN|FR","Without Sequence","59.52","",""
"05/11/2025 19:15:00 - 05/11/2025 19:30:00","BZN|FR","Sequence Sequence 2","56.44","",""
"05/11/2025 19:15:00 - 05/11/2025 19:30:00","BZN|FR","Without Sequence","56.44","",""
"05/11/2025 19:30:00 - 05/11/2025 19:45:00","BZN|FR","Sequence Sequence 2","56.29","",""
"05/11/2025 19:30:00 - 05/11/2025 19:45:00","BZN|FR","Without Sequence","56.29","",""
"05/11/2025 19:45:00 - 05/11/2025 20:00:00","BZN|FR","Sequence Sequence 2","22.52","",""
"05/11/2025 19:45:00 - 05/11/2025 20:00:00","BZN|FR","Without Sequence","22.52","",""
"05/11/2025 20:00:00 - 05/11/2025 20:15:00","BZN|FR","Sequence Sequence 2","51.27","",""
"05/11/2025 20:00:00 - 05/11/2025 20:15:00","BZN|FR","Without Sequence","51.27","",""
"05/11/2025 20:15:00 - 05/11/2025 20:30:00","BZN|FR","Sequence Sequence 2","45.20","",""
"05/11/2025 20:15:00 - 05/11/2025 20:30:00","BZN|FR","Without Sequence","45.20","",""
"05/11/2025 20:30:00 - 05/11/2025 20:45:00","BZN|FR","Sequence Sequence 2","42.83","",""
"05/11/2025 20:30:00 - 05/11/2025 20:45:00","BZN|FR","Without Sequence","42.83","",""
"05/11/2025 20:45:00 - 05/11/2025 21:00:00","BZN|FR","Sequence Sequence 2","25.62","",""
"05/11/2025 20:45:00 - 05/11/2025 21:00:00","BZN|FR","Without Sequence","25.62","",""
"05/11/2025 21:00:00 - 05/11/2025 21:15:00","BZN|FR","Sequence Sequence 2","43.70","",""
"05/11/2025 21:00:00 - 05/11/2025 21:15:00","BZN|FR","Without Sequence","43.70","",""
"05/11/2025 21:15:00 - 05/11/2025 21:30:00","BZN|FR","Sequence Sequence 2","34.23","",""
"05/11/2025 21:15:00 - 05/11/2025 21:30:00","BZN|FR","Without Sequence","34.23","",""
"05/11/2025 21:30:00 - 05/11/2025 21:45:00","BZN|FR","Sequence Sequence 2","16.50","",""
"05/11/2025 21:30:00 - 05/11/2025 21:45:00","BZN|FR","Without Sequence","16.50","",""
"05/11/2025 21:45:00 - 05/11/2025 22:00:00","BZN|FR","Sequence Sequence 2","1.16","",""
"05/11/2025 21:45:00 - 05/11/2025 22:00:00","BZN|FR","Without Sequence","1.16","",""
"05/11/2025 22:00:00 - 05/11/2025 22:15:00","BZN|FR","Sequence Sequence 2","37.92","",""
"05/11/2025 22:00:00 - 05/11/2025 22:15:00","BZN|FR","Without Sequence","37.92","",""
"05/11/2025 22:15:00 - 05/11/2025 22:30:00","BZN|FR","Sequence Sequence 2","30.96","",""
"05/11/2025 22:15:00 - 05/11/2025 22:30:00","BZN|FR","Without Sequence","30.96","",""
"05/11/2025 22:30:00 - 05/11/2025 22:45:00","BZN|FR","Sequence Sequence 2","44.19","",""
"05/11/2025 22:30:00 - 05/11/2025 22:45:00","BZN|FR","Without Sequence","44.19","",""
"05/11/2025 22:45:00 - 05/11/2025 23:00:00","BZN|FR","Sequence Sequence 2","39.58","",""
"05/11/2025 22:45:00 - 05/11/2025 23:00:00","BZN|FR","Without Sequence","39.58","",""
"05/11/2025 23:00:00 - 05/11/2025 23:15:00","BZN|FR","Sequence Sequence 2","39.78","",""
"05/11/2025 23:00:00 - 05/11/2025 23:15:00","BZN|FR","Without Sequence","39.78","",""
"05/11/2025 23:15:00 - 05/11/2025 23:30:00","BZN|FR","Sequence Sequence 2","34.26","",""
"05/11/2025 23:15:00 - 05/11/2025 23:30:00","BZN|FR","Without Sequence","34.26","",""
"05/11/2025 23:30:00 - 05/11/2025 23:45:00","BZN|FR","Sequence Sequence 2","35.01","",""
"05/11/2025 23:30:00 - 05/11/2025 23:45:00","BZN|FR","Without Sequence","35.01","",""
"05/11/2025 23:45:00 - 06/11/2025 00:00:00","BZN|FR","Sequence Sequence 2","26.82","",""
"05/11/2025 23:45:00 - 06/11/2025 00:00:00","BZN|FR","Without Sequence","26.82","",""
"06/11/2025 00:00:00 - 06/11/2025 00:15:00","BZN|FR","Sequence Sequence 2","20.81","",""
"06/11/2025 00:00:00 - 06/11/2025 00:15:00","BZN|FR","Without Sequence","20.81","",""
"06/11/2025 00:15:00 - 06/11/2025 00:30:00","BZN|FR","Sequence Sequence 2","20.55","",""
"06/11/2025 00:15:00 - 06/11/2025 00:30:00","BZN|FR","Without Sequence","20.55","",""
"06/11/2025 00:30:00 - 06/11/2025 00:45:00","BZN|FR","Sequence Sequence 2","21.07","",""
"06/11/2025 00:30:00 - 06/11/2025 00:45:00","BZN|FR","Without Sequence","21.07","",""
"06/11/2025 00:45:00 - 06/11/2025 01:00:00","BZN|FR","Sequence Sequence 2","20.94","",""
"06/11/2025 00:45:00 - 06/11/2025 01:00:00","BZN|FR","Without Sequence","20.94","",""
"06/11/2025 01:00:00 - 06/11/2025 01:15:00","BZN|FR","Sequence Sequence 2","20.00","",""
"06/11/2025 01:00:00 - 06/11/2025 01:15:00","BZN|FR","Without Sequence","20.00","",""
"06/11/2025 01:15:00 - 06/11/2025 01:30:00","BZN|FR","Sequence Sequence 2","16.36","",""
"06/11/2025 01:15:00 - 06/11/2025 01:30:00","BZN|FR","Without Sequence","16.36","",""
"06/11/2025 01:30:00 - 06/11/2025 01:45:00","BZN|FR","Sequence Sequence 2","13.71","",""
"06/11/2025 01:30:00 - 06/11/2025 01:45:00","BZN|FR","Without Sequence","13.71","",""
"06/11/2025 01:45:00 - 06/11/2025 02:00:00","BZN|FR","Sequence Sequence 2","10.28","",""
"06/11/2025 01:45:00 - 06/11/2025 02:00:00","BZN|FR","Without Sequence","10.28","",""
"06/11/2025 02:00:00 - 06/11/2025 02:15:00","BZN|FR","Sequence Sequence 2","20.00","",""
"06/11/2025 02:00:00 - 06/11/2025 02:15:00","BZN|FR","Without Sequence","20.00","",""
"06/11/2025 02:15:00 - 06/11/2025 02:30:00","BZN|FR","Sequence Sequence 2","15.24","",""
"06/11/2025 02:15:00 - 06/11/2025 02:30:00","BZN|FR","Without Sequence","15.24","",""
"06/11/2025 02:30:00 - 06/11/2025 02:45:00","BZN|FR","Sequence Sequence 2","14.00","",""
"06/11/2025 02:30:00 - 06/11/2025 02:45:00","BZN|FR","Without Sequence","14.00","",""
"06/11/2025 02:45:00 - 06/11/2025 03:00:00","BZN|FR","Sequence Sequence 2","12.22","",""
"06/11/2025 02:45:00 - 06/11/2025 03:00:00","BZN|FR","Without Sequence","12.22","",""
"06/11/2025 03:00:00 - 06/11/2025 03:15:00","BZN|FR","Sequence Sequence 2","14.00","",""
"06/11/2025 03:00:00 - 06/11/2025 03:15:00","BZN|FR","Without Sequence","14.00","",""
"06/11/2025 03:15:00 - 06/11/2025 03:30:00","BZN|FR","Sequence Sequence 2","13.08","",""
"06/11/2025 03:15:00 - 06/11/2025 03:30:00","BZN|FR","Without Sequence","13.08","",""
"06/11/2025 03:30:00 - 06/11/2025 03:45:00","BZN|FR","Sequence Sequence 2","10.00","",""
"06/11/2025 03:30:00 - 06/11/2025 03:45:00","BZN|FR","Without Sequence","10.00","",""
"06/11/2025 03:45:00 - 06/11/2025 04:00:00","BZN|FR","Sequence Sequence 2","9.33","",""
"06/11/2025 03:45:00 - 06/11/2025 04:00:00","BZN|FR","Without Sequence","9.33","",""
"06/11/2025 04:00:00 - 06/11/2025 04:15:00","BZN|FR","Sequence Sequence 2","9.49","",""
"06/11/2025 04:00:00 - 06/11/2025 04:15:00","BZN|FR","Without Sequence","9.49","",""
"06/11/2025 04:15:00 - 06/11/2025 04:30:00","BZN|FR","Sequence Sequence 2","8.71","",""
"06/11/2025 04:15:00 - 06/11/2025 04:30:00","BZN|FR","Without Sequence","8.71","",""
"06/11/2025 04:30:00 - 06/11/2025 04:45:00","BZN|FR","Sequence Sequence 2","5.73","",""
"06/11/2025 04:30:00 - 06/11/2025 04:45:00","BZN|FR","Without Sequence","5.73","",""
"06/11/2025 04:45:00 - 06/11/2025 05:00:00","BZN|FR","Sequence Sequence 2","7.50","",""
"06/11/2025 04:45:00 - 06/11/2025 05:00:00","BZN|FR","Without Sequence","7.50","",""
"06/11/2025 05:00:00 - 06/11/2025 05:15:00","BZN|FR","Sequence Sequence 2","13.73","",""
"06/11/2025 05:00:00 - 06/11/2025 05:15:00","BZN|FR","Without Sequence","13.73","",""
"06/11/2025 05:15:00 - 06/11/2025 05:30:00","BZN|FR","Sequence Sequence 2","11.42","",""
"06/11/2025 05:15:00 - 06/11/2025 05:30:00","BZN|FR","Without Sequence","11.42","",""
"06/11/2025 05:30:00 - 06/11/2025 05:45:00","BZN|FR","Sequence Sequence 2","19.33","",""
"06/11/2025 05:30:00 - 06/11/2025 05:45:00","BZN|FR","Without Sequence","19.33","",""
"06/11/2025 05:45:00 - 06/11/2025 06:00:00","BZN|FR","Sequence Sequence 2","20.81","",""
"06/11/2025 05:45:00 - 06/11/2025 06:00:00","BZN|FR","Without Sequence","20.81","",""
"06/11/2025 06:00:00 - 06/11/2025 06:15:00","BZN|FR","Sequence Sequence 2","24.29","",""
"06/11/2025 06:00:00 - 06/11/2025 06:15:00","BZN|FR","Without Sequence","24.29","",""
"06/11/2025 06:15:00 - 06/11/2025 06:30:00","BZN|FR","Sequence Sequence 2","30.87","",""
"06/11/2025 06:15:00 - 06/11/2025 06:30:00","BZN|FR","Without Sequence","30.87","",""
"06/11/2025 06:30:00 - 06/11/2025 06:45:00","BZN|FR","Sequence Sequence 2","44.65","",""
"06/11/2025 06:30:00 - 06/11/2025 06:45:00","BZN|FR","Without Sequence","44.65","",""
"06/11/2025 06:45:00 - 06/11/2025 07:00:00","BZN|FR","Sequence Sequence 2","56.92","",""
"06/11/2025 06:45:00 - 06/11/2025 07:00:00","BZN|FR","Without Sequence","56.92","",""
"06/11/2025 07:00:00 - 06/11/2025 07:15:00","BZN|FR","Sequence Sequence 2","62.76","",""
"06/11/2025 07:00:00 - 06/11/2025 07:15:00","BZN|FR","Without Sequence","62.76","",""
"06/11/2025 07:15:00 - 06/11/2025 07:30:00","BZN|FR","Sequence Sequence 2","66.03","",""
"06/11/2025 07:15:00 - 06/11/2025 07:30:00","BZN|FR","Without Sequence","66.03","",""
"06/11/2025 07:30:00 - 06/11/2025 07:45:00","BZN|FR","Sequence Sequence 2","72.26","",""
"06/11/2025 07:30:00 - 06/11/2025 07:45:00","BZN|FR","Without Sequence","72.26","",""
"06/11/2025 07:45:00 - 06/11/2025 08:00:00","BZN|FR","Sequence Sequence 2","78.59","",""
"06/11/2025 07:45:00 - 06/11/2025 08:00:00","BZN|FR","Without Sequence","78.59","",""
"06/11/2025 08:00:00 - 06/11/2025 08:15:00","BZN|FR","Sequence Sequence 2","75.00","",""
"06/11/2025 08:00:00 - 06/11/2025 08:15:00","BZN|FR","Without Sequence","75.00","",""
"06/11/2025 08:15:00 - 06/11/2025 08:30:00","BZN|FR","Sequence Sequence 2","95.03","",""
"06/11/2025 08:15:00 - 06/11/2025 08:30:00","BZN|FR","Without Sequence","95.03","",""
"06/11/2025 08:30:00 - 06/11/2025 08:45:00","BZN|FR","Sequence Sequence 2","78.00","",""
"06/11/2025 08:30:00 - 06/11/2025 08:45:00","BZN|FR","Without Sequence","78.00","",""
"06/11/2025 08:45:00 - 06/11/2025 09:00:00","BZN|FR","Sequence Sequence 2","83.31","",""
"06/11/2025 08:45:00 - 06/11/2025 09:00:00","BZN|FR","Without Sequence","83.31","",""
"06/11/2025 09:00:00 - 06/11/2025 09:15:00","BZN|FR","Sequence Sequence 2","68.91","",""
"06/11/2025 09:00:00 - 06/11/2025 09:15:00","BZN|FR","Without Sequence","68.91","",""
"06/11/2025 09:15:00 - 06/11/2025 09:30:00","BZN|FR","Sequence Sequence 2","75.67","",""
"06/11/2025 09:15:00 - 06/11/2025 09:30:00","BZN|FR","Without Sequence","75.67","",""
"06/11/2025 09:30:00 - 06/11/2025 09:45:00","BZN|FR","Sequence Sequence 2","63.85","",""
"06/11/2025 09:30:00 - 06/11/2025 09:45:00","BZN|FR","Without Sequence","63.85","",""
"06/11/2025 09:45:00 - 06/11/2025 10:00:00","BZN|FR","Sequence Sequence 2","61.85","",""
"06/11/2025 09:45:00 - 06/11/2025 10:00:00","BZN|FR","Without Sequence","61.85","",""
"06/11/2025 10:00:00 - 06/11/2025 10:15:00","BZN|FR","Sequence Sequence 2","54.13","",""
"06/11/2025 10:00:00 - 06/11/2025 10:15:00","BZN|FR","Without Sequence","54.13","",""
"06/11/2025 10:15:00 - 06/11/2025 10:30:00","BZN|FR","Sequence Sequence 2","58.02","",""
"06/11/2025 10:15:00 - 06/11/2025 10:30:00","BZN|FR","Without Sequence","58.02","",""
"06/11/2025 10:30:00 - 06/11/2025 10:45:00","BZN|FR","Sequence Sequence 2","55.00","",""
"06/11/2025 10:30:00 - 06/11/2025 10:45:00","BZN|FR","Without Sequence","55.00","",""
"06/11/2025 10:45:00 - 06/11/2025 11:00:00","BZN|FR","Sequence Sequence 2","50.99","",""
"06/11/2025 10:45:00 - 06/11/2025 11:00:00","BZN|FR","Without Sequence","50.99","",""
"06/11/2025 11:00:00 - 06/11/2025 11:15:00","BZN|FR","Sequence Sequence 2","47.67","",""
"06/11/2025 11:00:00 - 06/11/2025 11:15:00","BZN|FR","Without Sequence","47.67","",""
"06/11/2025 11:15:00 - 06/11/2025 11:30:00","BZN|FR","Sequence Sequence 2","63.38","",""
"06/11/2025 11:15:00 - 06/11/2025 11:30:00","BZN|FR","Without Sequence","63.38","",""
"06/11/2025 11:30:00 - 06/11/2025 11:45:00","BZN|FR","Sequence Sequence 2","45.70","",""
"06/11/2025 11:30:00 - 06/11/2025 11:45:00","BZN|FR","Without Sequence","45.70","",""
"06/11/2025 11:45:00 - 06/11/2025 12:00:00","BZN|FR","Sequence Sequence 2","75.51","",""
"06/11/2025 11:45:00 - 06/11/2025 12:00:00","BZN|FR","Without Sequence","75.51","",""
"06/11/2025 12:00:00 - 06/11/2025 12:15:00","BZN|FR","Sequence Sequence 2","42.03","",""
"06/11/2025 12:00:00 - 06/11/2025 12:15:00","BZN|FR","Without Sequence","42.03","",""
"06/11/2025 12:15:00 - 06/11/2025 12:30:00","BZN|FR","Sequence Sequence 2","63.19","",""
"06/11/2025 12:15:00 - 06/11/2025 12:30:00","BZN|FR","Without Sequence","63.19","",""
"06/11/2025 12:30:00 - 06/11/2025 12:45:00","BZN|FR","Sequence Sequence 2","86.06","",""
"06/11/2025 12:30:00 - 06/11/2025 12:45:00","BZN|FR","Without Sequence","86.06","",""
"06/11/2025 12:45:00 - 06/11/2025 13:00:00","BZN|FR","Sequence Sequence 2","62.36","",""
"06/11/2025 12:45:00 - 06/11/2025 13:00:00","BZN|FR","Without Sequence","62.36","",""
"06/11/2025 13:00:00 - 06/11/2025 13:15:00","BZN|FR","Sequence Sequence 2","64.78","",""
"06/11/2025 13:00:00 - 06/11/2025 13:15:00","BZN|FR","Without Sequence","64.78","",""
"06/11/2025 13:15:00 - 06/11/2025 13:30:00","BZN|FR","Sequence Sequence 2","51.27","",""
"06/11/2025 13:15:00 - 06/11/2025 13:30:00","BZN|FR","Without Sequence","51.27","",""
"06/11/2025 13:30:00 - 06/11/2025 13:45:00","BZN|FR","Sequence Sequence 2","59.82","",""
"06/11/2025 13:30:00 - 06/11/2025 13:45:00","BZN|FR","Without Sequence","59.82","",""
"06/11/2025 13:45:00 - 06/11/2025 14:00:00","BZN|FR","Sequence Sequence 2","67.37","",""
"06/11/2025 13:45:00 - 06/11/2025 14:00:00","BZN|FR","Without Sequence","67.37","",""
"06/11/2025 14:00:00 - 06/11/2025 14:15:00","BZN|FR","Sequence Sequence 2","76.85","",""
"06/11/2025 14:00:00 - 06/11/2025 14:15:00","BZN|FR","Without Sequence","76.85","",""
"06/11/2025 14:15:00 - 06/11/2025 14:30:00","BZN|FR","Sequence Sequence 2","79.98","",""
"06/11/2025 14:15:00 - 06/11/2025 14:30:00","BZN|FR","Without Sequence","79.98","",""
"06/11/2025 14:30:00 - 06/11/2025 14:45:00","BZN|FR","Sequence Sequence 2","45.08","",""
"06/11/2025 14:30:00 - 06/11/2025 14:45:00","BZN|FR","Without Sequence","45.08","",""
"06/11/2025 14:45:00 - 06/11/2025 15:00:00","BZN|FR","Sequence Sequence 2","59.29","",""
"06/11/2025 14:45:00 - 06/11/2025 15:00:00","BZN|FR","Without Sequence","59.29","",""
"06/11/2025 15:00:00 - 06/11/2025 15:15:00","BZN|FR","Sequence Sequence 2","52.45","",""
"06/11/2025 15:00:00 - 06/11/2025 15:15:00","BZN|FR","Without Sequence","52.45","",""
"06/11/2025 15:15:00 - 06/11/2025 15:30:00","BZN|FR","Sequence Sequence 2","67.73","",""
"06/11/2025 15:15:00 - 06/11/2025 15:30:00","BZN|FR","Without Sequence","67.73","",""
"06/11/2025 15:30:00 - 06/11/2025 15:45:00","BZN|FR","Sequence Sequence 2","65.42","",""
"06/11/2025 15:30:00 - 06/11/2025 15:45:00","BZN|FR","Without Sequence","65.42","",""
"06/11/2025 15:45:00 - 06/11/2025 16:00:00","BZN|FR","Sequence Sequence 2","78.03","",""
"06/11/2025 15:45:00 - 06/11/2025 16:00:00","BZN|FR","Without Sequence","78.03","",""
"06/11/2025 16:00:00 - 06/11/2025 16:15:00","BZN|FR","Sequence Sequence 2","67.83","",""
"06/11/2025 16:00:00 - 06/11/2025 16:15:00","BZN|FR","Without Sequence","67.83","",""
"06/11/2025 16:15:00 - 06/11/2025 16:30:00","BZN|FR","Sequence Sequence 2","75.65","",""
"06/11/2025 16:15:00 - 06/11/2025 16:30:00","BZN|FR","Without Sequence","75.65","",""
"06/11/2025 16:30:00 - 06/11/2025 16:45:00","BZN|FR","Sequence Sequence 2","70.45","",""
"06/11/2025 16:30:00 - 06/11/2025 16:45:00","BZN|FR","Without Sequence","70.45","",""
"06/11/2025 16:45:00 - 06/11/2025 17:00:00","BZN|FR","Sequence Sequence 2","88.54","",""
"06/11/2025 16:45:00 - 06/11/2025 17:00:00","BZN|FR","Without Sequence","88.54","",""
"06/11/2025 17:00:00 - 06/11/2025 17:15:00","BZN|FR","Sequence Sequence 2","89.08","",""
"06/11/2025 17:00:00 - 06/11/2025 17:15:00","BZN|FR","Without Sequence","89.08","",""
"06/11/2025 17:15:00 - 06/11/2025 17:30:00","BZN|FR","Sequence Sequence 2","90.08","",""
"06/11/2025 17:15:00 - 06/11/2025 17:30:00","BZN|FR","Without Sequence","90.08","",""
"06/11/2025 17:30:00 - 06/11/2025 17:45:00","BZN|FR","Sequence Sequence 2","79.73","",""
"06/11/2025 17:30:00 - 06/11/2025 17:45:00","BZN|FR","Without Sequence","79.73","",""
"06/11/2025 17:45:00 - 06/11/2025 18:00:00","BZN|FR","Sequence Sequence 2","101.56","",""
"06/11/2025 17:45:00 - 06/11/2025 18:00:00","BZN|FR","Without Sequence","101.56","",""
"06/11/2025 18:00:00 - 06/11/2025 18:15:00","BZN|FR","Sequence Sequence 2","96.28","",""
"06/11/2025 18:00:00 - 06/11/2025 18:15:00","BZN|FR","Without Sequence","96.28","",""
"06/11/2025 18:15:00 - 06/11/2025 18:30:00","BZN|FR","Sequence Sequence 2","121.87","",""
"06/11/2025 18:15:00 - 06/11/2025 18:30:00","BZN|FR","Without Sequence","121.87","",""
"06/11/2025 18:30:00 - 06/11/2025 18:45:00","BZN|FR","Sequence Sequence 2","136.14","",""
"06/11/2025 18:30:00 - 06/11/2025 18:45:00","BZN|FR","Without Sequence","136.14","",""
"06/11/2025 18:45:00 - 06/11/2025 19:00:00","BZN|FR","Sequence Sequence 2","128.51","",""
"06/11/2025 18:45:00 - 06/11/2025 19:00:00","BZN|FR","Without Sequence","128.51","",""
"06/11/2025 19:00:00 - 06/11/2025 19:15:00","BZN|FR","Sequence Sequence 2","139.13","",""
"06/11/2025 19:00:00 - 06/11/2025 19:15:00","BZN|FR","Without Sequence","139.13","",""
"06/11/2025 19:15:00 - 06/11/2025 19:30:00","BZN|FR","Sequence Sequence 2","127.39","",""
"06/11/2025 19:15:00 - 06/11/2025 19:30:00","BZN|FR","Without Sequence","127.39","",""
"06/11/2025 19:30:00 - 06/11/2025 19:45:00","BZN|FR","Sequence Sequence 2","115.75","",""
"06/11/2025 19:30:00 - 06/11/2025 19:45:00","BZN|FR","Without Sequence","115.75","",""
"06/11/2025 19:45:00 - 06/11/2025 20:00:00","BZN|FR","Sequence Sequence 2","119.44","",""
"06/11/2025 19:45:00 - 06/11/2025 20:00:00","BZN|FR","Without Sequence","119.44","",""
"06/11/2025 20:00:00 - 06/11/2025 20:15:00","BZN|FR","Sequence Sequence 2","119.44","",""
"06/11/2025 20:00:00 - 06/11/2025 20:15:00","BZN|FR","Without Sequence","119.44","",""
"06/11/2025 20:15:00 - 06/11/2025 20:30:00","BZN|FR","Sequence Sequence 2","114.97","",""
"06/11/2025 20:15:00 - 06/11/2025 20:30:00","BZN|FR","Without Sequence","114.97","",""
"06/11/2025 20:30:00 - 06/11/2025 20:45:00","BZN|FR","Sequence Sequence 2","103.23","",""
"06/11/2025 20:30:00 - 06/11/2025 20:45:00","BZN|FR","Without Sequence","103.23","",""
"06/11/2025 20:45:00 - 06/11/2025 21:00:00","BZN|FR","Sequence Sequence 2","100.83","",""
"06/11/2025 20:45:00 - 06/11/2025 21:00:00","BZN|FR","Without Sequence","100.83","",""
"06/11/2025 21:00:00 - 06/11/2025 21:15:00","BZN|FR","Sequence Sequence 2","96.52","",""
"06/11/2025 21:00:00 - 06/11/2025 21:15:00","BZN|FR","Without Sequence","96.52","",""
"06/11/2025 21:15:00 - 06/11/2025 21:30:00","BZN|FR","Sequence Sequence 2","93.00","",""
"06/11/2025 21:15:00 - 06/11/2025 21:30:00","BZN|FR","Without Sequence","93.00","",""
"06/11/2025 21:30:00 - 06/11/2025 21:45:00","BZN|FR","Sequence Sequence 2","93.00","",""
"06/11/2025 21:30:00 - 06/11/2025 21:45:00","BZN|FR","Without Sequence","93.00","",""
"06/11/2025 21:45:00 - 06/11/2025 22:00:00","BZN|FR","Sequence Sequence 2","88.83","",""
"06/11/2025 21:45:00 - 06/11/2025 22:00:00","BZN|FR","Without Sequence","88.83","",""
"06/11/2025 22:00:00 - 06/11/2025 22:15:00","BZN|FR","Sequence Sequence 2","89.12","",""
"06/11/2025 22:00:00 - 06/11/2025 22:15:00","BZN|FR","Without Sequence","89.12","",""
"06/11/2025 22:15:00 - 06/11/2025 22:30:00","BZN|FR","Sequence Sequence 2","86.57","",""
"06/11/2025 22:15:00 - 06/11/2025 22:30:00","BZN|FR","Without Sequence","86.57","",""
"06/11/2025 22:30:00 - 06/11/2025 22:45:00","BZN|FR","Sequence Sequence 2","89.12","",""
"06/11/2025 22:30:00 - 06/11/2025 22:45:00","BZN|FR","Without Sequence","89.12","",""
"06/11/2025 22:45:00 - 06/11/2025 23:00:00","BZN|FR","Sequence Sequence 2","85.42","",""
"06/11/2025 22:45:00 - 06/11/2025 23:00:00","BZN|FR","Without Sequence","85.42","",""
"06/11/2025 23:00:00 - 06/11/2025 23:15:00","BZN|FR","Sequence Sequence 2","91.64","",""
"06/11/2025 23:00:00 - 06/11/2025 23:15:00","BZN|FR","Without Sequence","91.64","",""
"06/11/2025 23:15:00 - 06/11/2025 23:30:00","BZN|FR","Sequence Sequence 2","83.49","",""
"06/11/2025 23:15:00 - 06/11/2025 23:30:00","BZN|FR","Without Sequence","83.49","",""
"06/11/2025 23:30:00 - 06/11/2025 23:45:00","BZN|FR","Sequence Sequence 2","74.54","",""
"06/11/2025 23:30:00 - 06/11/2025 23:45:00","BZN|FR","Without Sequence","74.54","",""
"06/11/2025 23:45:00 - 07/11/2025 00:00:00","BZN|FR","Sequence Sequence 2","65.00","",""
"06/11/2025 23:45:00 - 07/11/2025 00:00:00","BZN|FR","Without Sequence","65.00","",""
"07/11/2025 00:00:00 - 07/11/2025 00:15:00","BZN|FR","Sequence Sequence 2","65.55","",""
"07/11/2025 00:00:00 - 07/11/2025 00:15:00","BZN|FR","Without Sequence","65.55","",""
"07/11/2025 00:15:00 - 07/11/2025 00:30:00","BZN|FR","Sequence Sequence 2","62.52","",""
"07/11/2025 00:15:00 - 07/11/2025 00:30:00","BZN|FR","Without Sequence","62.52","",""
"07/11/2025 00:30:00 - 07/11/2025 00:45:00","BZN|FR","Sequence Sequence 2","57.26","",""
"07/11/2025 00:30:00 - 07/11/2025 00:45:00","BZN|FR","Without Sequence","57.26","",""
"07/11/2025 00:45:00 - 07/11/2025 01:00:00","BZN|FR","Sequence Sequence 2","52.52","",""
"07/11/2025 00:45:00 - 07/11/2025 01:00:00","BZN|FR","Without Sequence","52.52","",""
"07/11/2025 01:00:00 - 07/11/2025 01:15:00","BZN|FR","Sequence Sequence 2","55.01","",""
"07/11/2025 01:00:00 - 07/11/2025 01:15:00","BZN|FR","Without Sequence","55.01","",""
"07/11/2025 01:15:00 - 07/11/2025 01:30:00","BZN|FR","Sequence Sequence 2","54.10","",""
"07/11/2025 01:15:00 - 07/11/2025 01:30:00","BZN|FR","Without Sequence","54.10","",""
"07/11/2025 01:30:00 - 07/11/2025 01:45:00","BZN|FR","Sequence Sequence 2","52.86","",""
"07/11/2025 01:30:00 - 07/11/2025 01:45:00","BZN|FR","Without Sequence","52.86","",""
"07/11/2025 01:45:00 - 07/11/2025 02:00:00","BZN|FR","Sequence Sequence 2","49.66","",""
"07/11/2025 01:45:00 - 07/11/2025 02:00:00","BZN|FR","Without Sequence","49.66","",""
"07/11/2025 02:00:00 - 07/11/2025 02:15:00","BZN|FR","Sequence Sequence 2","54.10","",""
"07/11/2025 02:00:00 - 07/11/2025 02:15:00","BZN|FR","Without Sequence","54.10","",""
"07/11/2025 02:15:00 - 07/11/2025 02:30:00","BZN|FR","Sequence Sequence 2","50.00","",""
"07/11/2025 02:15:00 - 07/11/2025 02:30:00","BZN|FR","Without Sequence","50.00","",""
"07/11/2025 02:30:00 - 07/11/2025 02:45:00","BZN|FR","Sequence Sequence 2","49.66","",""
"07/11/2025 02:30:00 - 07/11/2025 02:45:00","BZN|FR","Without Sequence","49.66","",""
"07/11/2025 02:45:00 - 07/11/2025 03:00:00","BZN|FR","Sequence Sequence 2","45.00","",""
"07/11/2025 02:45:00 - 07/11/2025 03:00:00","BZN|FR","Without Sequence","45.00","",""
"07/11/2025 03:00:00 - 07/11/2025 03:15:00","BZN|FR","Sequence Sequence 2","42.00","",""
"07/11/2025 03:00:00 - 07/11/2025 03:15:00","BZN|FR","Without Sequence","42.00","",""
"07/11/2025 03:15:00 - 07/11/2025 03:30:00","BZN|FR","Sequence Sequence 2","38.17","",""
"07/11/2025 03:15:00 - 07/11/2025 03:30:00","BZN|FR","Without Sequence","38.17","",""
"07/11/2025 03:30:00 - 07/11/2025 03:45:00","BZN|FR","Sequence Sequence 2","35.91","",""
"07/11/2025 03:30:00 - 07/11/2025 03:45:00","BZN|FR","Without Sequence","35.91","",""
"07/11/2025 03:45:00 - 07/11/2025 04:00:00","BZN|FR","Sequence Sequence 2","34.73","",""
"07/11/2025 03:45:00 - 07/11/2025 04:00:00","BZN|FR","Without Sequence","34.73","",""
"07/11/2025 04:00:00 - 07/11/2025 04:15:00","BZN|FR","Sequence Sequence 2","34.56","",""
"07/11/2025 04:00:00 - 07/11/2025 04:15:00","BZN|FR","Without Sequence","34.56","",""
"07/11/2025 04:15:00 - 07/11/2025 04:30:00","BZN|FR","Sequence Sequence 2","33.00","",""
"07/11/2025 04:15:00 - 07/11/2025 04:30:00","BZN|FR","Without Sequence","33.00","",""
"07/11/2025 04:30:00 - 07/11/2025 04:45:00","BZN|FR","Sequence Sequence 2","33.00","",""
"07/11/2025 04:30:00 - 07/11/2025 04:45:00","BZN|FR","Without Sequence","33.00","",""
"07/11/2025 04:45:00 - 07/11/2025 05:00:00","BZN|FR","Sequence Sequence 2","34.46","",""
"07/11/2025 04:45:00 - 07/11/2025 05:00:00","BZN|FR","Without Sequence","34.46","",""
"07/11/2025 05:00:00 - 07/11/2025 05:15:00","BZN|FR","Sequence Sequence 2","38.00","",""
"07/11/2025 05:00:00 - 07/11/2025 05:15:00","BZN|FR","Without Sequence","38.00","",""
"07/11/2025 05:15:00 - 07/11/2025 05:30:00","BZN|FR","Sequence Sequence 2","40.67","",""
"07/11/2025 05:15:00 - 07/11/2025 05:30:00","BZN|FR","Without Sequence","40.67","",""
"07/11/2025 05:30:00 - 07/11/2025 05:45:00","BZN|FR","Sequence Sequence 2","45.01","",""
"07/11/2025 05:30:00 - 07/11/2025 05:45:00","BZN|FR","Without Sequence","45.01","",""
"07/11/2025 05:45:00 - 07/11/2025 06:00:00","BZN|FR","Sequence Sequence 2","49.66","",""
"07/11/2025 05:45:00 - 07/11/2025 06:00:00","BZN|FR","Without Sequence","49.66","",""
"07/11/2025 06:00:00 - 07/11/2025 06:15:00","BZN|FR","Sequence Sequence 2","58.98","",""
"07/11/2025 06:00:00 - 07/11/2025 06:15:00","BZN|FR","Without Sequence","58.98","",""
"07/11/2025 06:15:00 - 07/11/2025 06:30:00","BZN|FR","Sequence Sequence 2","61.08","",""
"07/11/2025 06:15:00 - 07/11/2025 06:30:00","BZN|FR","Without Sequence","61.08","",""
"07/11/2025 06:30:00 - 07/11/2025 06:45:00","BZN|FR","Sequence Sequence 2","63.55","",""
"07/11/2025 06:30:00 - 07/11/2025 06:45:00","BZN|FR","Without Sequence","63.55","",""
"07/11/2025 06:45:00 - 07/11/2025 07:00:00","BZN|FR","Sequence Sequence 2","68.33","",""
"07/11/2025 06:45:00 - 07/11/2025 07:00:00","BZN|FR","Without Sequence","68.33","",""
"07/11/2025 07:00:00 - 07/11/2025 07:15:00","BZN|FR","Sequence Sequence 2","68.67","",""
"07/11/2025 07:00:00 - 07/11/2025 07:15:00","BZN|FR","Without Sequence","68.67","",""
"07/11/2025 07:15:00 - 07/11/2025 07:30:00","BZN|FR","Sequence Sequence 2","79.89","",""
"07/11/2025 07:15:00 - 07/11/2025 07:30:00","BZN|FR","Without Sequence","79.89","",""
"07/11/2025 07:30:00 - 07/11/2025 07:45:00","BZN|FR","Sequence Sequence 2","84.76","",""
"07/11/2025 07:30:00 - 07/11/2025 07:45:00","BZN|FR","Without Sequence","84.76","",""
"07/11/2025 07:45:00 - 07/11/2025 08:00:00","BZN|FR","Sequence Sequence 2","87.50","",""
"07/11/2025 07:45:00 - 07/11/2025 08:00:00","BZN|FR","Without Sequence","87.50","",""
"07/11/2025 08:00:00 - 07/11/2025 08:15:00","BZN|FR","Sequence Sequence 2","98.66","",""
"07/11/2025 08:00:00 - 07/11/2025 08:15:00","BZN|FR","Without Sequence","98.66","",""
"07/11/2025 08:15:00 - 07/11/2025 08:30:00","BZN|FR","Sequence Sequence 2","94.92","",""
"07/11/2025 08:15:00 - 07/11/2025 08:30:00","BZN|FR","Without Sequence","94.92","",""
"07/11/2025 08:30:00 - 07/11/2025 08:45:00","BZN|FR","Sequence Sequence 2","90.00","",""
"07/11/2025 08:30:00 - 07/11/2025 08:45:00","BZN|FR","Without Sequence","90.00","",""
"07/11/2025 08:45:00 - 07/11/2025 09:00:00","BZN|FR","Sequence Sequence 2","81.99","",""
"07/11/2025 08:45:00 - 07/11/2025 09:00:00","BZN|FR","Without Sequence","81.99","",""
"07/11/2025 09:00:00 - 07/11/2025 09:15:00","BZN|FR","Sequence Sequence 2","85.00","",""
"07/11/2025 09:00:00 - 07/11/2025 09:15:00","BZN|FR","Without Sequence","85.00","",""
"07/11/2025 09:15:00 - 07/11/2025 09:30:00","BZN|FR","Sequence Sequence 2","75.59","",""
"07/11/2025 09:15:00 - 07/11/2025 09:30:00","BZN|FR","Without Sequence","75.59","",""
"07/11/2025 09:30:00 - 07/11/2025 09:45:00","BZN|FR","Sequence Sequence 2","65.00","",""
"07/11/2025 09:30:00 - 07/11/2025 09:45:00","BZN|FR","Without Sequence","65.00","",""
"07/11/2025 09:45:00 - 07/11/2025 10:00:00","BZN|FR","Sequence Sequence 2","61.80","",""
"07/11/2025 09:45:00 - 07/11/2025 10:00:00","BZN|FR","Without Sequence","61.80","",""
"07/11/2025 10:00:00 - 07/11/2025 10:15:00","BZN|FR","Sequence Sequence 2","62.52","",""
"07/11/2025 10:00:00 - 07/11/2025 10:15:00","BZN|FR","Without Sequence","62.52","",""
"07/11/2025 10:15:00 - 07/11/2025 10:30:00","BZN|FR","Sequence Sequence 2","60.99","",""
"07/11/2025 10:15:00 - 07/11/2025 10:30:00","BZN|FR","Without Sequence","60.99","",""
"07/11/2025 10:30:00 - 07/11/2025 10:45:00","BZN|FR","Sequence Sequence 2","55.68","",""
"07/11/2025 10:30:00 - 07/11/2025 10:45:00","BZN|FR","Without Sequence","55.68","",""
"07/11/2025 10:45:00 - 07/11/2025 11:00:00","BZN|FR","Sequence Sequence 2","51.20","",""
"07/11/2025 10:45:00 - 07/11/2025 11:00:00","BZN|FR","Without Sequence","51.20","",""
"07/11/2025 11:00:00 - 07/11/2025 11:15:00","BZN|FR","Sequence Sequence 2","51.50","",""
"07/11/2025 11:00:00 - 07/11/2025 11:15:00","BZN|FR","Without Sequence","51.50","",""
"07/11/2025 11:15:00 - 07/11/2025 11:30:00","BZN|FR","Sequence Sequence 2","50.00","",""
"07/11/2025 11:15:00 - 07/11/2025 11:30:00","BZN|FR","Without Sequence","50.00","",""
"07/11/2025 11:30:00 - 07/11/2025 11:45:00","BZN|FR","Sequence Sequence 2","50.00","",""
"07/11/2025 11:30:00 - 07/11/2025 11:45:00","BZN|FR","Without Sequence","50.00","",""
"07/11/2025 11:45:00 - 07/11/2025 12:00:00","BZN|FR","Sequence Sequence 2","45.32","",""
"07/11/2025 11:45:00 - 07/11/2025 12:00:00","BZN|FR","Without Sequence","45.32","",""
"07/11/2025 12:00:00 - 07/11/2025 12:15:00","BZN|FR","Sequence Sequence 2","50.00","",""
"07/11/2025 12:00:00 - 07/11/2025 12:15:00","BZN|FR","Without Sequence","50.00","",""
"07/11/2025 12:15:00 - 07/11/2025 12:30:00","BZN|FR","Sequence Sequence 2","46.25","",""
"07/11/2025 12:15:00 - 07/11/2025 12:30:00","BZN|FR","Without Sequence","46.25","",""
"07/11/2025 12:30:00 - 07/11/2025 12:45:00","BZN|FR","Sequence Sequence 2","50.00","",""
"07/11/2025 12:30:00 - 07/11/2025 12:45:00","BZN|FR","Without Sequence","50.00","",""
"07/11/2025 12:45:00 - 07/11/2025 13:00:00","BZN|FR","Sequence Sequence 2","48.75","",""
"07/11/2025 12:45:00 - 07/11/2025 13:00:00","BZN|FR","Without Sequence","48.75","",""
"07/11/2025 13:00:00 - 07/11/2025 13:15:00","BZN|FR","Sequence Sequence 2","43.62","",""
"07/11/2025 13:00:00 - 07/11/2025 13:15:00","BZN|FR","Without Sequence","43.62","",""
"07/11/2025 13:15:00 - 07/11/2025 13:30:00","BZN|FR","Sequence Sequence 2","43.50","",""
"07/11/2025 13:15:00 - 07/11/2025 13:30:00","BZN|FR","Without Sequence","43.50","",""
"07/11/2025 13:30:00 - 07/11/2025 13:45:00","BZN|FR","Sequence Sequence 2","41.34","",""
"07/11/2025 13:30:00 - 07/11/2025 13:45:00","BZN|FR","Without Sequence","41.34","",""
"07/11/2025 13:45:00 - 07/11/2025 14:00:00","BZN|FR","Sequence Sequence 2","43.62","",""
"07/11/2025 13:45:00 - 07/11/2025 14:00:00","BZN|FR","Without Sequence","43.62","",""
"07/11/2025 14:00:00 - 07/11/2025 14:15:00","BZN|FR","Sequence Sequence 2","45.00","",""
"07/11/2025 14:00:00 - 07/11/2025 14:15:00","BZN|FR","Without Sequence","45.00","",""
"07/11/2025 14:15:00 - 07/11/2025 14:30:00","BZN|FR","Sequence Sequence 2","50.00","",""
"07/11/2025 14:15:00 - 07/11/2025 14:30:00","BZN|FR","Without Sequence","50.00","",""
"07/11/2025 14:30:00 - 07/11/2025 14:45:00","BZN|FR","Sequence Sequence 2","50.93","",""
"07/11/2025 14:30:00 - 07/11/2025 14:45:00","BZN|FR","Without Sequence","50.93","",""
"07/11/2025 14:45:00 - 07/11/2025 15:00:00","BZN|FR","Sequence Sequence 2","54.10","",""
"07/11/2025 14:45:00 - 07/11/2025 15:00:00","BZN|FR","Without Sequence","54.10","",""
"07/11/2025 15:00:00 - 07/11/2025 15:15:00","BZN|FR","Sequence Sequence 2","54.10","",""
"07/11/2025 15:00:00 - 07/11/2025 15:15:00","BZN|FR","Without Sequence","54.10","",""
"07/11/2025 15:15:00 - 07/11/2025 15:30:00","BZN|FR","Sequence Sequence 2","58.84","",""
"07/11/2025 15:15:00 - 07/11/2025 15:30:00","BZN|FR","Without Sequence","58.84","",""
"07/11/2025 15:30:00 - 07/11/2025 15:45:00","BZN|FR","Sequence Sequence 2","61.80","",""
"07/11/2025 15:30:00 - 07/11/2025 15:45:00","BZN|FR","Without Sequence","61.80","",""
"07/11/2025 15:45:00 - 07/11/2025 16:00:00","BZN|FR","Sequence Sequence 2","64.67","",""
"07/11/2025 15:45:00 - 07/11/2025 16:00:00","BZN|FR","Without Sequence","64.67","",""
"07/11/2025 16:00:00 - 07/11/2025 16:15:00","BZN|FR","Sequence Sequence 2","64.67","",""
"07/11/2025 16:00:00 - 07/11/2025 16:15:00","BZN|FR","Without Sequence","64.67","",""
"07/11/2025 16:15:00 - 07/11/2025 16:30:00","BZN|FR","Sequence Sequence 2","74.07","",""
"07/11/2025 16:15:00 - 07/11/2025 16:30:00","BZN|FR","Without Sequence","74.07","",""
"07/11/2025 16:30:00 - 07/11/2025 16:45:00","BZN|FR","Sequence Sequence 2","87.52","",""
"07/11/2025 16:30:00 - 07/11/2025 16:45:00","BZN|FR","Without Sequence","87.52","",""
"07/11/2025 16:45:00 - 07/11/2025 17:00:00","BZN|FR","Sequence Sequence 2","91.50","",""
"07/11/2025 16:45:00 - 07/11/2025 17:00:00","BZN|FR","Without Sequence","91.50","",""
"07/11/2025 17:00:00 - 07/11/2025 17:15:00","BZN|FR","Sequence Sequence 2","84.47","",""
"07/11/2025 17:00:00 - 07/11/2025 17:15:00","BZN|FR","Without Sequence","84.47","",""
"07/11/2025 17:15:00 - 07/11/2025 17:30:00","BZN|FR","Sequence Sequence 2","92.00","",""
"07/11/2025 17:15:00 - 07/11/2025 17:30:00","BZN|FR","Without Sequence","92.00","",""
"07/11/2025 17:30:00 - 07/11/2025 17:45:00","BZN|FR","Sequence Sequence 2","96.61","",""
"07/11/2025 17:30:00 - 07/11/2025 17:45:00","BZN|FR","Without Sequence","96.61","",""
"07/11/2025 17:45:00 - 07/11/2025 18:00:00","BZN|FR","Sequence Sequence 2","104.12","",""
"07/11/2025 17:45:00 - 07/11/2025 18:00:00","BZN|FR","Without Sequence","104.12","",""
"07/11/2025 18:00:00 - 07/11/2025 18:15:00","BZN|FR","Sequence Sequence 2","101.58","",""
"07/11/2025 18:00:00 - 07/11/2025 18:15:00","BZN|FR","Without Sequence","101.58","",""
"07/11/2025 18:15:00 - 07/11/2025 18:30:00","BZN|FR","Sequence Sequence 2","104.01","",""
"07/11/2025 18:15:00 - 07/11/2025 18:30:00","BZN|FR","Without Sequence","104.01","",""
"07/11/2025 18:30:00 - 07/11/2025 18:45:00","BZN|FR","Sequence Sequence 2","110.00","",""
"07/11/2025 18:30:00 - 07/11/2025 18:45:00","BZN|FR","Without Sequence","110.00","",""
"07/11/2025 18:45:00 - 07/11/2025 19:00:00","BZN|FR","Sequence Sequence 2","112.52","",""
"07/11/2025 18:45:00 - 07/11/2025 19:00:00","BZN|FR","Without Sequence","112.52","",""
"07/11/2025 19:00:00 - 07/11/2025 19:15:00","BZN|FR","Sequence Sequence 2","106.94","",""
"07/11/2025 19:00:00 - 07/11/2025 19:15:00","BZN|FR","Without Sequence","106.94","",""
"07/11/2025 19:15:00 - 07/11/2025 19:30:00","BZN|FR","Sequence Sequence 2","110.00","",""
"07/11/2025 19:15:00 - 07/11/2025 19:30:00","BZN|FR","Without Sequence","110.00","",""
"07/11/2025 19:30:00 - 07/11/2025 19:45:00","BZN|FR","Sequence Sequence 2","106.67","",""
"07/11/2025 19:30:00 - 07/11/2025 19:45:00","BZN|FR","Without Sequence","106.67","",""
"07/11/2025 19:45:00 - 07/11/2025 20:00:00","BZN|FR","Sequence Sequence 2","106.67","",""
"07/11/2025 19:45:00 - 07/11/2025 20:00:00","BZN|FR","Without Sequence","106.67","",""
"07/11/2025 20:00:00 - 07/11/2025 20:15:00","BZN|FR","Sequence Sequence 2","92.81","",""
"07/11/2025 20:00:00 - 07/11/2025 20:15:00","BZN|FR","Without Sequence","92.81","",""
"07/11/2025 20:15:00 - 07/11/2025 20:30:00","BZN|FR","Sequence Sequence 2","82.33","",""
"07/11/2025 20:15:00 - 07/11/2025 20:30:00","BZN|FR","Without Sequence","82.33","",""
"07/11/2025 20:30:00 - 07/11/2025 20:45:00","BZN|FR","Sequence Sequence 2","77.93","",""
"07/11/2025 20:30:00 - 07/11/2025 20:45:00","BZN|FR","Without Sequence","77.93","",""
"07/11/2025 20:45:00 - 07/11/2025 21:00:00","BZN|FR","Sequence Sequence 2","79.14","",""
"07/11/2025 20:45:00 - 07/11/2025 21:00:00","BZN|FR","Without Sequence","79.14","",""
"07/11/2025 21:00:00 - 07/11/2025 21:15:00","BZN|FR","Sequence Sequence 2","88.26","",""
"07/11/2025 21:00:00 - 07/11/2025 21:15:00","BZN|FR","Without Sequence","88.26","",""
"07/11/2025 21:15:00 - 07/11/2025 21:30:00","BZN|FR","Sequence Sequence 2","80.62","",""
"07/11/2025 21:15:00 - 07/11/2025 21:30:00","BZN|FR","Without Sequence","80.62","",""
"07/11/2025 21:30:00 - 07/11/2025 21:45:00","BZN|FR","Sequence Sequence 2","77.29","",""
"07/11/2025 21:30:00 - 07/11/2025 21:45:00","BZN|FR","Without Sequence","77.29","",""
"07/11/2025 21:45:00 - 07/11/2025 22:00:00","BZN|FR","Sequence Sequence 2","73.86","",""
"07/11/2025 21:45:00 - 07/11/2025 22:00:00","BZN|FR","Without Sequence","73.86","",""
"07/11/2025 22:00:00 - 07/11/2025 22:15:00","BZN|FR","Sequence Sequence 2","80.86","",""
"07/11/2025 22:00:00 - 07/11/2025 22:15:00","BZN|FR","Without Sequence","80.86","",""
"07/11/2025 22:15:00 - 07/11/2025 22:30:00","BZN|FR","Sequence Sequence 2","85.00","",""
"07/11/2025 22:15:00 - 07/11/2025 22:30:00","BZN|FR","Without Sequence","85.00","",""
"07/11/2025 22:30:00 - 07/11/2025 22:45:00","BZN|FR","Sequence Sequence 2","85.01","",""
"07/11/2025 22:30:00 - 07/11/2025 22:45:00","BZN|FR","Without Sequence","85.01","",""
"07/11/2025 22:45:00 - 07/11/2025 23:00:00","BZN|FR","Sequence Sequence 2","85.00","",""
"07/11/2025 22:45:00 - 07/11/2025 23:00:00","BZN|FR","Without Sequence","85.00","",""
"07/11/2025 23:00:00 - 07/11/2025 23:15:00","BZN|FR","Sequence Sequence 2","80.00","",""
"07/11/2025 23:00:00 - 07/11/2025 23:15:00","BZN|FR","Without Sequence","80.00","",""
"07/11/2025 23:15:00 - 07/11/2025 23:30:00","BZN|FR","Sequence Sequence 2","75.00","",""
"07/11/2025 23:15:00 - 07/11/2025 23:30:00","BZN|FR","Without Sequence","75.00","",""
"07/11/2025 23:30:00 - 07/11/2025 23:45:00","BZN|FR","Sequence Sequence 2","70.55","",""
"07/11/2025 23:30:00 - 07/11/2025 23:45:00","BZN|FR","Without Sequence","70.55","",""
"07/11/2025 23:45:00 - 08/11/2025 00:00:00","BZN|FR","Sequence Sequence 2","63.28","",""
"07/11/2025 23:45:00 - 08/11/2025 00:00:00","BZN|FR","Without Sequence","63.28","",""
"08/11/2025 00:00:00 - 08/11/2025 00:15:00","BZN|FR","Sequence Sequence 2","80.68","",""
"08/11/2025 00:00:00 - 08/11/2025 00:15:00","BZN|FR","Without Sequence","80.68","",""
"08/11/2025 00:15:00 - 08/11/2025 00:30:00","BZN|FR","Sequence Sequence 2","74.59","",""
"08/11/2025 00:15:00 - 08/11/2025 00:30:00","BZN|FR","Without Sequence","74.59","",""
"08/11/2025 00:30:00 - 08/11/2025 00:45:00","BZN|FR","Sequence Sequence 2","63.64","",""
"08/11/2025 00:30:00 - 08/11/2025 00:45:00","BZN|FR","Without Sequence","63.64","",""
"08/11/2025 00:45:00 - 08/11/2025 01:00:00","BZN|FR","Sequence Sequence 2","50.96","",""
"08/11/2025 00:45:00 - 08/11/2025 01:00:00","BZN|FR","Without Sequence","50.96","",""
"08/11/2025 01:00:00 - 08/11/2025 01:15:00","BZN|FR","Sequence Sequence 2","63.67","",""
"08/11/2025 01:00:00 - 08/11/2025 01:15:00","BZN|FR","Without Sequence","63.67","",""
"08/11/2025 01:15:00 - 08/11/2025 01:30:00","BZN|FR","Sequence Sequence 2","54.00","",""
"08/11/2025 01:15:00 - 08/11/2025 01:30:00","BZN|FR","Without Sequence","54.00","",""
"08/11/2025 01:30:00 - 08/11/2025 01:45:00","BZN|FR","Sequence Sequence 2","56.30","",""
"08/11/2025 01:30:00 - 08/11/2025 01:45:00","BZN|FR","Without Sequence","56.30","",""
"08/11/2025 01:45:00 - 08/11/2025 02:00:00","BZN|FR","Sequence Sequence 2","51.43","",""
"08/11/2025 01:45:00 - 08/11/2025 02:00:00","BZN|FR","Without Sequence","51.43","",""
"08/11/2025 02:00:00 - 08/11/2025 02:15:00","BZN|FR","Sequence Sequence 2","51.91","",""
"08/11/2025 02:00:00 - 08/11/2025 02:15:00","BZN|FR","Without Sequence","51.91","",""
"08/11/2025 02:15:00 - 08/11/2025 02:30:00","BZN|FR","Sequence Sequence 2","51.07","",""
"08/11/2025 02:15:00 - 08/11/2025 02:30:00","BZN|FR","Without Sequence","51.07","",""
"08/11/2025 02:30:00 - 08/11/2025 02:45:00","BZN|FR","Sequence Sequence 2","50.94","",""
"08/11/2025 02:30:00 - 08/11/2025 02:45:00","BZN|FR","Without Sequence","50.94","",""
"08/11/2025 02:45:00 - 08/11/2025 03:00:00","BZN|FR","Sequence Sequence 2","50.00","",""
"08/11/2025 02:45:00 - 08/11/2025 03:00:00","BZN|FR","Without Sequence","50.00","",""
"08/11/2025 03:00:00 - 08/11/2025 03:15:00","BZN|FR","Sequence Sequence 2","50.81","",""
"08/11/2025 03:00:00 - 08/11/2025 03:15:00","BZN|FR","Without Sequence","50.81","",""
"08/11/2025 03:15:00 - 08/11/2025 03:30:00","BZN|FR","Sequence Sequence 2","50.00","",""
"08/11/2025 03:15:00 - 08/11/2025 03:30:00","BZN|FR","Without Sequence","50.00","",""
"08/11/2025 03:30:00 - 08/11/2025 03:45:00","BZN|FR","Sequence Sequence 2","45.67","",""
"08/11/2025 03:30:00 - 08/11/2025 03:45:00","BZN|FR","Without Sequence","45.67","",""
"08/11/2025 03:45:00 - 08/11/2025 04:00:00","BZN|FR","Sequence Sequence 2","35.63","",""
"08/11/2025 03:45:00 - 08/11/2025 04:00:00","BZN|FR","Without Sequence","35.63","",""
"08/11/2025 04:00:00 - 08/11/2025 04:15:00","BZN|FR","Sequence Sequence 2","38.25","",""
"08/11/2025 04:00:00 - 08/11/2025 04:15:00","BZN|FR","Without Sequence","38.25","",""
"08/11/2025 04:15:00 - 08/11/2025 04:30:00","BZN|FR","Sequence Sequence 2","35.00","",""
"08/11/2025 04:15:00 - 08/11/2025 04:30:00","BZN|FR","Without Sequence","35.00","",""
"08/11/2025 04:30:00 - 08/11/2025 04:45:00","BZN|FR","Sequence Sequence 2","34.80","",""
"08/11/2025 04:30:00 - 08/11/2025 04:45:00","BZN|FR","Without Sequence","34.80","",""
"08/11/2025 04:45:00 - 08/11/2025 05:00:00","BZN|FR","Sequence Sequence 2","34.80","",""
"08/11/2025 04:45:00 - 08/11/2025 05:00:00","BZN|FR","Without Sequence","34.80","",""
"08/11/2025 05:00:00 - 08/11/2025 05:15:00","BZN|FR","Sequence Sequence 2","34.80","",""
"08/11/2025 05:00:00 - 08/11/2025 05:15:00","BZN|FR","Without Sequence","34.80","",""
"08/11/2025 05:15:00 - 08/11/2025 05:30:00","BZN|FR","Sequence Sequence 2","34.70","",""
"08/11/2025 05:15:00 - 08/11/2025 05:30:00","BZN|FR","Without Sequence","34.70","",""
"08/11/2025 05:30:00 - 08/11/2025 05:45:00","BZN|FR","Sequence Sequence 2","35.75","",""
"08/11/2025 05:30:00 - 08/11/2025 05:45:00","BZN|FR","Without Sequence","35.75","",""
"08/11/2025 05:45:00 - 08/11/2025 06:00:00","BZN|FR","Sequence Sequence 2","42.70","",""
"08/11/2025 05:45:00 - 08/11/2025 06:00:00","BZN|FR","Without Sequence","42.70","",""
"08/11/2025 06:00:00 - 08/11/2025 06:15:00","BZN|FR","Sequence Sequence 2","41.72","",""
"08/11/2025 06:00:00 - 08/11/2025 06:15:00","BZN|FR","Without Sequence","41.72","",""
"08/11/2025 06:15:00 - 08/11/2025 06:30:00","BZN|FR","Sequence Sequence 2","47.00","",""
"08/11/2025 06:15:00 - 08/11/2025 06:30:00","BZN|FR","Without Sequence","47.00","",""
"08/11/2025 06:30:00 - 08/11/2025 06:45:00","BZN|FR","Sequence Sequence 2","50.00","",""
"08/11/2025 06:30:00 - 08/11/2025 06:45:00","BZN|FR","Without Sequence","50.00","",""
"08/11/2025 06:45:00 - 08/11/2025 07:00:00","BZN|FR","Sequence Sequence 2","50.68","",""
"08/11/2025 06:45:00 - 08/11/2025 07:00:00","BZN|FR","Without Sequence","50.68","",""
"08/11/2025 07:00:00 - 08/11/2025 07:15:00","BZN|FR","Sequence Sequence 2","50.68","",""
"08/11/2025 07:00:00 - 08/11/2025 07:15:00","BZN|FR","Without Sequence","50.68","",""
"08/11/2025 07:15:00 - 08/11/2025 07:30:00","BZN|FR","Sequence Sequence 2","50.97","",""
"08/11/2025 07:15:00 - 08/11/2025 07:30:00","BZN|FR","Without Sequence","50.97","",""
"08/11/2025 07:30:00 - 08/11/2025 07:45:00","BZN|FR","Sequence Sequence 2","51.01","",""
"08/11/2025 07:30:00 - 08/11/2025 07:45:00","BZN|FR","Without Sequence","51.01","",""
"08/11/2025 07:45:00 - 08/11/2025 08:00:00","BZN|FR","Sequence Sequence 2","50.94","",""
"08/11/2025 07:45:00 - 08/11/2025 08:00:00","BZN|FR","Without Sequence","50.94","",""
"08/11/2025 08:00:00 - 08/11/2025 08:15:00","BZN|FR","Sequence Sequence 2","51.22","",""
"08/11/2025 08:00:00 - 08/11/2025 08:15:00","BZN|FR","Without Sequence","51.22","",""
"08/11/2025 08:15:00 - 08/11/2025 08:30:00","BZN|FR","Sequence Sequence 2","50.68","",""
"08/11/2025 08:15:00 - 08/11/2025 08:30:00","BZN|FR","Without Sequence","50.68","",""
"08/11/2025 08:30:00 - 08/11/2025 08:45:00","BZN|FR","Sequence Sequence 2","42.32","",""
"08/11/2025 08:30:00 - 08/11/2025 08:45:00","BZN|FR","Without Sequence","42.32","",""
"08/11/2025 08:45:00 - 08/11/2025 09:00:00","BZN|FR","Sequence Sequence 2","26.51","",""
"08/11/2025 08:45:00 - 08/11/2025 09:00:00","BZN|FR","Without Sequence","26.51","",""
"08/11/2025 09:00:00 - 08/11/2025 09:15:00","BZN|FR","Sequence Sequence 2","53.76","",""
"08/11/2025 09:00:00 - 08/11/2025 09:15:00","BZN|FR","Without Sequence","53.76","",""
"08/11/2025 09:15:00 - 08/11/2025 09:30:00","BZN|FR","Sequence Sequence 2","52.14","",""
"08/11/2025 09:15:00 - 08/11/2025 09:30:00","BZN|FR","Without Sequence","52.14","",""
"08/11/2025 09:30:00 - 08/11/2025 09:45:00","BZN|FR","Sequence Sequence 2","58.76","",""
"08/11/2025 09:30:00 - 08/11/2025 09:45:00","BZN|FR","Without Sequence","58.76","",""
"08/11/2025 09:45:00 - 08/11/2025 10:00:00","BZN|FR","Sequence Sequence 2","44.24","",""
"08/11/2025 09:45:00 - 08/11/2025 10:00:00","BZN|FR","Without Sequence","44.24","",""
"08/11/2025 10:00:00 - 08/11/2025 10:15:00","BZN|FR","Sequence Sequence 2","66.11","",""
"08/11/2025 10:00:00 - 08/11/2025 10:15:00","BZN|FR","Without Sequence","66.11","",""
"08/11/2025 10:15:00 - 08/11/2025 10:30:00","BZN|FR","Sequence Sequence 2","65.20","",""
"08/11/2025 10:15:00 - 08/11/2025 10:30:00","BZN|FR","Without Sequence","65.20","",""
"08/11/2025 10:30:00 - 08/11/2025 10:45:00","BZN|FR","Sequence Sequence 2","50.32","",""
"08/11/2025 10:30:00 - 08/11/2025 10:45:00","BZN|FR","Without Sequence","50.32","",""
"08/11/2025 10:45:00 - 08/11/2025 11:00:00","BZN|FR","Sequence Sequence 2","35.14","",""
"08/11/2025 10:45:00 - 08/11/2025 11:00:00","BZN|FR","Without Sequence","35.14","",""
"08/11/2025 11:00:00 - 08/11/2025 11:15:00","BZN|FR","Sequence Sequence 2","42.68","",""
"08/11/2025 11:00:00 - 08/11/2025 11:15:00","BZN|FR","Without Sequence","42.68","",""
"08/11/2025 11:15:00 - 08/11/2025 11:30:00","BZN|FR","Sequence Sequence 2","51.89","",""
"08/11/2025 11:15:00 - 08/11/2025 11:30:00","BZN|FR","Without Sequence","51.89","",""
"08/11/2025 11:30:00 - 08/11/2025 11:45:00","BZN|FR","Sequence Sequence 2","37.74","",""
"08/11/2025 11:30:00 - 08/11/2025 11:45:00","BZN|FR","Without Sequence","37.74","",""
"08/11/2025 11:45:00 - 08/11/2025 12:00:00","BZN|FR","Sequence Sequence 2","63.51","",""
"08/11/2025 11:45:00 - 08/11/2025 12:00:00","BZN|FR","Without Sequence","63.51","",""
"08/11/2025 12:00:00 - 08/11/2025 12:15:00","BZN|FR","Sequence Sequence 2","34.06","",""
"08/11/2025 12:00:00 - 08/11/2025 12:15:00","BZN|FR","Without Sequence","34.06","",""
"08/11/2025 12:15:00 - 08/11/2025 12:30:00","BZN|FR","Sequence Sequence 2","50.40","",""
"08/11/2025 12:15:00 - 08/11/2025 12:30:00","BZN|FR","Without Sequence","50.40","",""
"08/11/2025 12:30:00 - 08/11/2025 12:45:00","BZN|FR","Sequence Sequence 2","64.81","",""
"08/11/2025 12:30:00 - 08/11/2025 12:45:00","BZN|FR","Without Sequence","64.81","",""
"08/11/2025 12:45:00 - 08/11/2025 13:00:00","BZN|FR","Sequence Sequence 2","53.70","",""
"08/11/2025 12:45:00 - 08/11/2025 13:00:00","BZN|FR","Without Sequence","53.70","",""
"08/11/2025 13:00:00 - 08/11/2025 13:15:00","BZN|FR","Sequence Sequence 2","54.92","",""
"08/11/2025 13:00:00 - 08/11/2025 13:15:00","BZN|FR","Without Sequence","54.92","",""
"08/11/2025 13:15:00 - 08/11/2025 13:30:00","BZN|FR","Sequence Sequence 2","40.17","",""
"08/11/2025 13:15:00 - 08/11/2025 13:30:00","BZN|FR","Without Sequence","40.17","",""
"08/11/2025 13:30:00 - 08/11/2025 13:45:00","BZN|FR","Sequence Sequence 2","37.99","",""
"08/11/2025 13:30:00 - 08/11/2025 13:45:00","BZN|FR","Without Sequence","37.99","",""
"08/11/2025 13:45:00 - 08/11/2025 14:00:00","BZN|FR","Sequence Sequence 2","34.92","",""
"08/11/2025 13:45:00 - 08/11/2025 14:00:00","BZN|FR","Without Sequence","34.92","",""
"08/11/2025 14:00:00 - 08/11/2025 14:15:00","BZN|FR","Sequence Sequence 2","57.80","",""
"08/11/2025 14:00:00 - 08/11/2025 14:15:00","BZN|FR","Without Sequence","57.80","",""
"08/11/2025 14:15:00 - 08/11/2025 14:30:00","BZN|FR","Sequence Sequence 2","38.10","",""
"08/11/2025 14:15:00 - 08/11/2025 14:30:00","BZN|FR","Without Sequence","38.10","",""
"08/11/2025 14:30:00 - 08/11/2025 14:45:00","BZN|FR","Sequence Sequence 2","25.83","",""
"08/11/2025 14:30:00 - 08/11/2025 14:45:00","BZN|FR","Without Sequence","25.83","",""
"08/11/2025 14:45:00 - 08/11/2025 15:00:00","BZN|FR","Sequence Sequence 2","33.27","",""
"08/11/2025 14:45:00 - 08/11/2025 15:00:00","BZN|FR","Without Sequence","33.27","",""
"08/11/2025 15:00:00 - 08/11/2025 15:15:00","BZN|FR","Sequence Sequence 2","32.91","",""
"08/11/2025 15:00:00 - 08/11/2025 15:15:00","BZN|FR","Without Sequence","32.91","",""
"08/11/2025 15:15:00 - 08/11/2025 15:30:00","BZN|FR","Sequence Sequence 2","30.62","",""
"08/11/2025 15:15:00 - 08/11/2025 15:30:00","BZN|FR","Without Sequence","30.62","",""
"08/11/2025 15:30:00 - 08/11/2025 15:45:00","BZN|FR","Sequence Sequence 2","39.69","",""
"08/11/2025 15:30:00 - 08/11/2025 15:45:00","BZN|FR","Without Sequence","39.69","",""
"08/11/2025 15:45:00 - 08/11/2025 16:00:00","BZN|FR","Sequence Sequence 2","49.92","",""
"08/11/2025 15:45:00 - 08/11/2025 16:00:00","BZN|FR","Without Sequence","49.92","",""
"08/11/2025 16:00:00 - 08/11/2025 16:15:00","BZN|FR","Sequence Sequence 2","13.61","",""
"08/11/2025 16:00:00 - 08/11/2025 16:15:00","BZN|FR","Without Sequence","13.61","",""
"08/11/2025 16:15:00 - 08/11/2025 16:30:00","BZN|FR","Sequence Sequence 2","41.00","",""
"08/11/2025 16:15:00 - 08/11/2025 16:30:00","BZN|FR","Without Sequence","41.00","",""
"08/11/2025 16:30:00 - 08/11/2025 16:45:00","BZN|FR","Sequence Sequence 2","43.94","",""
"08/11/2025 16:30:00 - 08/11/2025 16:45:00","BZN|FR","Without Sequence","43.94","",""
"08/11/2025 16:45:00 - 08/11/2025 17:00:00","BZN|FR","Sequence Sequence 2","64.99","",""
"08/11/2025 16:45:00 - 08/11/2025 17:00:00","BZN|FR","Without Sequence","64.99","",""
"08/11/2025 17:00:00 - 08/11/2025 17:15:00","BZN|FR","Sequence Sequence 2","44.44","",""
"08/11/2025 17:00:00 - 08/11/2025 17:15:00","BZN|FR","Without Sequence","44.44","",""
"08/11/2025 17:15:00 - 08/11/2025 17:30:00","BZN|FR","Sequence Sequence 2","61.14","",""
"08/11/2025 17:15:00 - 08/11/2025 17:30:00","BZN|FR","Without Sequence","61.14","",""
"08/11/2025 17:30:00 - 08/11/2025 17:45:00","BZN|FR","Sequence Sequence 2","74.59","",""
"08/11/2025 17:30:00 - 08/11/2025 17:45:00","BZN|FR","Without Sequence","74.59","",""
"08/11/2025 17:45:00 - 08/11/2025 18:00:00","BZN|FR","Sequence Sequence 2","83.84","",""
"08/11/2025 17:45:00 - 08/11/2025 18:00:00","BZN|FR","Without Sequence","83.84","",""
"08/11/2025 18:00:00 - 08/11/2025 18:15:00","BZN|FR","Sequence Sequence 2","76.31","",""
"08/11/2025 18:00:00 - 08/11/2025 18:15:00","BZN|FR","Without Sequence","76.31","",""
"08/11/2025 18:15:00 - 08/11/2025 18:30:00","BZN|FR","Sequence Sequence 2","86.16","",""
"08/11/2025 18:15:00 - 08/11/2025 18:30:00","BZN|FR","Without Sequence","86.16","",""
"08/11/2025 18:30:00 - 08/11/2025 18:45:00","BZN|FR","Sequence Sequence 2","90.91","",""
"08/11/2025 18:30:00 - 08/11/2025 18:45:00","BZN|FR","Without Sequence","90.91","",""
"08/11/2025 18:45:00 - 08/11/2025 19:00:00","BZN|FR","Sequence Sequence 2","95.92","",""
"08/11/2025 18:45:00 - 08/11/2025 19:00:00","BZN|FR","Without Sequence","95.92","",""
"08/11/2025 19:00:00 - 08/11/2025 19:15:00","BZN|FR","Sequence Sequence 2","88.43","",""
"08/11/2025 19:00:00 - 08/11/2025 19:15:00","BZN|FR","Without Sequence","88.43","",""
"08/11/2025 19:15:00 - 08/11/2025 19:30:00","BZN|FR","Sequence Sequence 2","90.00","",""
"08/11/2025 19:15:00 - 08/11/2025 19:30:00","BZN|FR","Without Sequence","90.00","",""
"08/11/2025 19:30:00 - 08/11/2025 19:45:00","BZN|FR","Sequence Sequence 2","90.00","",""
"08/11/2025 19:30:00 - 08/11/2025 19:45:00","BZN|FR","Without Sequence","90.00","",""
"08/11/2025 19:45:00 - 08/11/2025 20:00:00","BZN|FR","Sequence Sequence 2","86.92","",""
"08/11/2025 19:45:00 - 08/11/2025 20:00:00","BZN|FR","Without Sequence","86.92","",""
"08/11/2025 20:00:00 - 08/11/2025 20:15:00","BZN|FR","Sequence Sequence 2","87.55","",""
"08/11/2025 20:00:00 - 08/11/2025 20:15:00","BZN|FR","Without Sequence","87.55","",""
"08/11/2025 20:15:00 - 08/11/2025 20:30:00","BZN|FR","Sequence Sequence 2","84.48","",""
"08/11/2025 20:15:00 - 08/11/2025 20:30:00","BZN|FR","Without Sequence","84.48","",""
"08/11/2025 20:30:00 - 08/11/2025 20:45:00","BZN|FR","Sequence Sequence 2","82.94","",""
"08/11/2025 20:30:00 - 08/11/2025 20:45:00","BZN|FR","Without Sequence","82.94","",""
"08/11/2025 20:45:00 - 08/11/2025 21:00:00","BZN|FR","Sequence Sequence 2","81.47","",""
"08/11/2025 20:45:00 - 08/11/2025 21:00:00","BZN|FR","Without Sequence","81.47","",""
"08/11/2025 21:00:00 - 08/11/2025 21:15:00","BZN|FR","Sequence Sequence 2","80.13","",""
"08/11/2025 21:00:00 - 08/11/2025 21:15:00","BZN|FR","Without Sequence","80.13","",""
"08/11/2025 21:15:00 - 08/11/2025 21:30:00","BZN|FR","Sequence Sequence 2","76.22","",""
"08/11/2025 21:15:00 - 08/11/2025 21:30:00","BZN|FR","Without Sequence","76.22","",""
"08/11/2025 21:30:00 - 08/11/2025 21:45:00","BZN|FR","Sequence Sequence 2","72.62","",""
"08/11/2025 21:30:00 - 08/11/2025 21:45:00","BZN|FR","Without Sequence","72.62","",""
"08/11/2025 21:45:00 - 08/11/2025 22:00:00","BZN|FR","Sequence Sequence 2","67.19","",""
"08/11/2025 21:45:00 - 08/11/2025 22:00:00","BZN|FR","Without Sequence","67.19","",""
"08/11/2025 22:00:00 - 08/11/2025 22:15:00","BZN|FR","Sequence Sequence 2","64.14","",""
"08/11/2025 22:00:00 - 08/11/2025 22:15:00","BZN|FR","Without Sequence","64.14","",""
"08/11/2025 22:15:00 - 08/11/2025 22:30:00","BZN|FR","Sequence Sequence 2","74.59","",""
"08/11/2025 22:15:00 - 08/11/2025 22:30:00","BZN|FR","Without Sequence","74.59","",""
"08/11/2025 22:30:00 - 08/11/2025 22:45:00","BZN|FR","Sequence Sequence 2","77.80","",""
"08/11/2025 22:30:00 - 08/11/2025 22:45:00","BZN|FR","Without Sequence","77.80","",""
"08/11/2025 22:45:00 - 08/11/2025 23:00:00","BZN|FR","Sequence Sequence 2","74.59","",""
"08/11/2025 22:45:00 - 08/11/2025 23:00:00","BZN|FR","Without Sequence","74.59","",""
"08/11/2025 23:00:00 - 08/11/2025 23:15:00","BZN|FR","Sequence Sequence 2","76.42","",""
"08/11/2025 23:00:00 - 08/11/2025 23:15:00","BZN|FR","Without Sequence","76.42","",""
"08/11/2025 23:15:00 - 08/11/2025 23:30:00","BZN|FR","Sequence Sequence 2","72.00","",""
"08/11/2025 23:15:00 - 08/11/2025 23:30:00","BZN|FR","Without Sequence","72.00","",""
"08/11/2025 23:30:00 - 08/11/2025 23:45:00","BZN|FR","Sequence Sequence 2","72.11","",""
"08/11/2025 23:30:00 - 08/11/2025 23:45:00","BZN|FR","Without Sequence","72.11","",""
"08/11/2025 23:45:00 - 09/11/2025 00:00:00","BZN|FR","Sequence Sequence 2","71.52","",""
"08/11/2025 23:45:00 - 09/11/2025 00:00:00","BZN|FR","Without Sequence","71.52","",""
"09/11/2025 00:00:00 - 09/11/2025 00:15:00","BZN|FR","Sequence Sequence 2","78.81","",""
"09/11/2025 00:00:00 - 09/11/2025 00:15:00","BZN|FR","Without Sequence","78.81","",""
"09/11/2025 00:15:00 - 09/11/2025 00:30:00","BZN|FR","Sequence Sequence 2","72.11","",""
"09/11/2025 00:15:00 - 09/11/2025 00:30:00","BZN|FR","Without Sequence","72.11","",""
"09/11/2025 00:30:00 - 09/11/2025 00:45:00","BZN|FR","Sequence Sequence 2","61.15","",""
"09/11/2025 00:30:00 - 09/11/2025 00:45:00","BZN|FR","Without Sequence","61.15","",""
"09/11/2025 00:45:00 - 09/11/2025 01:00:00","BZN|FR","Sequence Sequence 2","59.60","",""
"09/11/2025 00:45:00 - 09/11/2025 01:00:00","BZN|FR","Without Sequence","59.60","",""
"09/11/2025 01:00:00 - 09/11/2025 01:15:00","BZN|FR","Sequence Sequence 2","65.00","",""
"09/11/2025 01:00:00 - 09/11/2025 01:15:00","BZN|FR","Without Sequence","65.00","",""
"09/11/2025 01:15:00 - 09/11/2025 01:30:00","BZN|FR","Sequence Sequence 2","62.72","",""
"09/11/2025 01:15:00 - 09/11/2025 01:30:00","BZN|FR","Without Sequence","62.72","",""
"09/11/2025 01:30:00 - 09/11/2025 01:45:00","BZN|FR","Sequence Sequence 2","59.90","",""
"09/11/2025 01:30:00 - 09/11/2025 01:45:00","BZN|FR","Without Sequence","59.90","",""
"09/11/2025 01:45:00 - 09/11/2025 02:00:00","BZN|FR","Sequence Sequence 2","59.49","",""
"09/11/2025 01:45:00 - 09/11/2025 02:00:00","BZN|FR","Without Sequence","59.49","",""
"09/11/2025 02:00:00 - 09/11/2025 02:15:00","BZN|FR","Sequence Sequence 2","60.10","",""
"09/11/2025 02:00:00 - 09/11/2025 02:15:00","BZN|FR","Without Sequence","60.10","",""
"09/11/2025 02:15:00 - 09/11/2025 02:30:00","BZN|FR","Sequence Sequence 2","54.67","",""
"09/11/2025 02:15:00 - 09/11/2025 02:30:00","BZN|FR","Without Sequence","54.67","",""
"09/11/2025 02:30:00 - 09/11/2025 02:45:00","BZN|FR","Sequence Sequence 2","53.60","",""
"09/11/2025 02:30:00 - 09/11/2025 02:45:00","BZN|FR","Without Sequence","53.60","",""
"09/11/2025 02:45:00 - 09/11/2025 03:00:00","BZN|FR","Sequence Sequence 2","53.43","",""
"09/11/2025 02:45:00 - 09/11/2025 03:00:00","BZN|FR","Without Sequence","53.43","",""
"09/11/2025 03:00:00 - 09/11/2025 03:15:00","BZN|FR","Sequence Sequence 2","53.60","",""
"09/11/2025 03:00:00 - 09/11/2025 03:15:00","BZN|FR","Without Sequence","53.60","",""
"09/11/2025 03:15:00 - 09/11/2025 03:30:00","BZN|FR","Sequence Sequence 2","53.43","",""
"09/11/2025 03:15:00 - 09/11/2025 03:30:00","BZN|FR","Without Sequence","53.43","",""
"09/11/2025 03:30:00 - 09/11/2025 03:45:00","BZN|FR","Sequence Sequence 2","53.59","",""
"09/11/2025 03:30:00 - 09/11/2025 03:45:00","BZN|FR","Without Sequence","53.59","",""
"09/11/2025 03:45:00 - 09/11/2025 04:00:00","BZN|FR","Sequence Sequence 2","47.31","",""
"09/11/2025 03:45:00 - 09/11/2025 04:00:00","BZN|FR","Without Sequence","47.31","",""
"09/11/2025 04:00:00 - 09/11/2025 04:15:00","BZN|FR","Sequence Sequence 2","52.74","",""
"09/11/2025 04:00:00 - 09/11/2025 04:15:00","BZN|FR","Without Sequence","52.74","",""
"09/11/2025 04:15:00 - 09/11/2025 04:30:00","BZN|FR","Sequence Sequence 2","48.48","",""
"09/11/2025 04:15:00 - 09/11/2025 04:30:00","BZN|FR","Without Sequence","48.48","",""
"09/11/2025 04:30:00 - 09/11/2025 04:45:00","BZN|FR","Sequence Sequence 2","52.90","",""
"09/11/2025 04:30:00 - 09/11/2025 04:45:00","BZN|FR","Without Sequence","52.90","",""
"09/11/2025 04:45:00 - 09/11/2025 05:00:00","BZN|FR","Sequence Sequence 2","50.74","",""
"09/11/2025 04:45:00 - 09/11/2025 05:00:00","BZN|FR","Without Sequence","50.74","",""
"09/11/2025 05:00:00 - 09/11/2025 05:15:00","BZN|FR","Sequence Sequence 2","55.36","",""
"09/11/2025 05:00:00 - 09/11/2025 05:15:00","BZN|FR","Without Sequence","55.36","",""
"09/11/2025 05:15:00 - 09/11/2025 05:30:00","BZN|FR","Sequence Sequence 2","55.00","",""
"09/11/2025 05:15:00 - 09/11/2025 05:30:00","BZN|FR","Without Sequence","55.00","",""
"09/11/2025 05:30:00 - 09/11/2025 05:45:00","BZN|FR","Sequence Sequence 2","53.51","",""
"09/11/2025 05:30:00 - 09/11/2025 05:45:00","BZN|FR","Without Sequence","53.51","",""
"09/11/2025 05:45:00 - 09/11/2025 06:00:00","BZN|FR","Sequence Sequence 2","54.61","",""
"09/11/2025 05:45:00 - 09/11/2025 06:00:00","BZN|FR","Without Sequence","54.61","",""
"09/11/2025 06:00:00 - 09/11/2025 06:15:00","BZN|FR","Sequence Sequence 2","55.52","",""
"09/11/2025 06:00:00 - 09/11/2025 06:15:00","BZN|FR","Without Sequence","55.52","",""
"09/11/2025 06:15:00 - 09/11/2025 06:30:00","BZN|FR","Sequence Sequence 2","56.07","",""
"09/11/2025 06:15:00 - 09/11/2025 06:30:00","BZN|FR","Without Sequence","56.07","",""
"09/11/2025 06:30:00 - 09/11/2025 06:45:00","BZN|FR","Sequence Sequence 2","64.68","",""
"09/11/2025 06:30:00 - 09/11/2025 06:45:00","BZN|FR","Without Sequence","64.68","",""
"09/11/2025 06:45:00 - 09/11/2025 07:00:00","BZN|FR","Sequence Sequence 2","66.95","",""
"09/11/2025 06:45:00 - 09/11/2025 07:00:00","BZN|FR","Without Sequence","66.95","",""
"09/11/2025 07:00:00 - 09/11/2025 07:15:00","BZN|FR","Sequence Sequence 2","66.16","",""
"09/11/2025 07:00:00 - 09/11/2025 07:15:00","BZN|FR","Without Sequence","66.16","",""
"09/11/2025 07:15:00 - 09/11/2025 07:30:00","BZN|FR","Sequence Sequence 2","71.23","",""
"09/11/2025 07:15:00 - 09/11/2025 07:30:00","BZN|FR","Without Sequence","71.23","",""
"09/11/2025 07:30:00 - 09/11/2025 07:45:00","BZN|FR","Sequence Sequence 2","77.26","",""
"09/11/2025 07:30:00 - 09/11/2025 07:45:00","BZN|FR","Without Sequence","77.26","",""
"09/11/2025 07:45:00 - 09/11/2025 08:00:00","BZN|FR","Sequence Sequence 2","75.01","",""
"09/11/2025 07:45:00 - 09/11/2025 08:00:00","BZN|FR","Without Sequence","75.01","",""
"09/11/2025 08:00:00 - 09/11/2025 08:15:00","BZN|FR","Sequence Sequence 2","80.68","",""
"09/11/2025 08:00:00 - 09/11/2025 08:15:00","BZN|FR","Without Sequence","80.68","",""
"09/11/2025 08:15:00 - 09/11/2025 08:30:00","BZN|FR","Sequence Sequence 2","72.00","",""
"09/11/2025 08:15:00 - 09/11/2025 08:30:00","BZN|FR","Without Sequence","72.00","",""
"09/11/2025 08:30:00 - 09/11/2025 08:45:00","BZN|FR","Sequence Sequence 2","65.64","",""
"09/11/2025 08:30:00 - 09/11/2025 08:45:00","BZN|FR","Without Sequence","65.64","",""
"09/11/2025 08:45:00 - 09/11/2025 09:00:00","BZN|FR","Sequence Sequence 2","53.22","",""
"09/11/2025 08:45:00 - 09/11/2025 09:00:00","BZN|FR","Without Sequence","53.22","",""
"09/11/2025 09:00:00 - 09/11/2025 09:15:00","BZN|FR","Sequence Sequence 2","71.81","",""
"09/11/2025 09:00:00 - 09/11/2025 09:15:00","BZN|FR","Without Sequence","71.81","",""
"09/11/2025 09:15:00 - 09/11/2025 09:30:00","BZN|FR","Sequence Sequence 2","47.25","",""
"09/11/2025 09:15:00 - 09/11/2025 09:30:00","BZN|FR","Without Sequence","47.25","",""
"09/11/2025 09:30:00 - 09/11/2025 09:45:00","BZN|FR","Sequence Sequence 2","54.51","",""
"09/11/2025 09:30:00 - 09/11/2025 09:45:00","BZN|FR","Without Sequence","54.51","",""
"09/11/2025 09:45:00 - 09/11/2025 10:00:00","BZN|FR","Sequence Sequence 2","30.17","",""
"09/11/2025 09:45:00 - 09/11/2025 10:00:00","BZN|FR","Without Sequence","30.17","",""
"09/11/2025 10:00:00 - 09/11/2025 10:15:00","BZN|FR","Sequence Sequence 2","62.96","",""
"09/11/2025 10:00:00 - 09/11/2025 10:15:00","BZN|FR","Without Sequence","62.96","",""
"09/11/2025 10:15:00 - 09/11/2025 10:30:00","BZN|FR","Sequence Sequence 2","38.83","",""
"09/11/2025 10:15:00 - 09/11/2025 10:30:00","BZN|FR","Without Sequence","38.83","",""
"09/11/2025 10:30:00 - 09/11/2025 10:45:00","BZN|FR","Sequence Sequence 2","45.15","",""
"09/11/2025 10:30:00 - 09/11/2025 10:45:00","BZN|FR","Without Sequence","45.15","",""
"09/11/2025 10:45:00 - 09/11/2025 11:00:00","BZN|FR","Sequence Sequence 2","23.86","",""
"09/11/2025 10:45:00 - 09/11/2025 11:00:00","BZN|FR","Without Sequence","23.86","",""
"09/11/2025 11:00:00 - 09/11/2025 11:15:00","BZN|FR","Sequence Sequence 2","56.63","",""
"09/11/2025 11:00:00 - 09/11/2025 11:15:00","BZN|FR","Without Sequence","56.63","",""
"09/11/2025 11:15:00 - 09/11/2025 11:30:00","BZN|FR","Sequence Sequence 2","39.99","",""
"09/11/2025 11:15:00 - 09/11/2025 11:30:00","BZN|FR","Without Sequence","39.99","",""
"09/11/2025 11:30:00 - 09/11/2025 11:45:00","BZN|FR","Sequence Sequence 2","35.31","",""
"09/11/2025 11:30:00 - 09/11/2025 11:45:00","BZN|FR","Without Sequence","35.31","",""
"09/11/2025 11:45:00 - 09/11/2025 12:00:00","BZN|FR","Sequence Sequence 2","30.99","",""
"09/11/2025 11:45:00 - 09/11/2025 12:00:00","BZN|FR","Without Sequence","30.99","",""
"09/11/2025 12:00:00 - 09/11/2025 12:15:00","BZN|FR","Sequence Sequence 2","37.99","",""
"09/11/2025 12:00:00 - 09/11/2025 12:15:00","BZN|FR","Without Sequence","37.99","",""
"09/11/2025 12:15:00 - 09/11/2025 12:30:00","BZN|FR","Sequence Sequence 2","28.00","",""
"09/11/2025 12:15:00 - 09/11/2025 12:30:00","BZN|FR","Without Sequence","28.00","",""
"09/11/2025 12:30:00 - 09/11/2025 12:45:00","BZN|FR","Sequence Sequence 2","59.01","",""
"09/11/2025 12:30:00 - 09/11/2025 12:45:00","BZN|FR","Without Sequence","59.01","",""
"09/11/2025 12:45:00 - 09/11/2025 13:00:00","BZN|FR","Sequence Sequence 2","38.96","",""
"09/11/2025 12:45:00 - 09/11/2025 13:00:00","BZN|FR","Without Sequence","38.96","",""
"09/11/2025 13:00:00 - 09/11/2025 13:15:00","BZN|FR","Sequence Sequence 2","50.80","",""
"09/11/2025 13:00:00 - 09/11/2025 13:15:00","BZN|FR","Without Sequence","50.80","",""
"09/11/2025 13:15:00 - 09/11/2025 13:30:00","BZN|FR","Sequence Sequence 2","37.06","",""
"09/11/2025 13:15:00 - 09/11/2025 13:30:00","BZN|FR","Without Sequence","37.06","",""
"09/11/2025 13:30:00 - 09/11/2025 13:45:00","BZN|FR","Sequence Sequence 2","5.02","",""
"09/11/2025 13:30:00 - 09/11/2025 13:45:00","BZN|FR","Without Sequence","5.02","",""
"09/11/2025 13:45:00 - 09/11/2025 14:00:00","BZN|FR","Sequence Sequence 2","3.52","",""
"09/11/2025 13:45:00 - 09/11/2025 14:00:00","BZN|FR","Without Sequence","3.52","",""
"09/11/2025 14:00:00 - 09/11/2025 14:15:00","BZN|FR","Sequence Sequence 2","3.38","",""
"09/11/2025 14:00:00 - 09/11/2025 14:15:00","BZN|FR","Without Sequence","3.38","",""
"09/11/2025 14:15:00 - 09/11/2025 14:30:00","BZN|FR","Sequence Sequence 2","3.52","",""
"09/11/2025 14:15:00 - 09/11/2025 14:30:00","BZN|FR","Without Sequence","3.52","",""
"09/11/2025 14:30:00 - 09/11/2025 14:45:00","BZN|FR","Sequence Sequence 2","5.28","",""
"09/11/2025 14:30:00 - 09/11/2025 14:45:00","BZN|FR","Without Sequence","5.28","",""
"09/11/2025 14:45:00 - 09/11/2025 15:00:00","BZN|FR","Sequence Sequence 2","49.00","",""
"09/11/2025 14:45:00 - 09/11/2025 15:00:00","BZN|FR","Without Sequence","49.00","",""
"09/11/2025 15:00:00 - 09/11/2025 15:15:00","BZN|FR","Sequence Sequence 2","20.65","",""
"09/11/2025 15:00:00 - 09/11/2025 15:15:00","BZN|FR","Without Sequence","20.65","",""
"09/11/2025 15:15:00 - 09/11/2025 15:30:00","BZN|FR","Sequence Sequence 2","46.76","",""
"09/11/2025 15:15:00 - 09/11/2025 15:30:00","BZN|FR","Without Sequence","46.76","",""
"09/11/2025 15:30:00 - 09/11/2025 15:45:00","BZN|FR","Sequence Sequence 2","35.02","",""
"09/11/2025 15:30:00 - 09/11/2025 15:45:00","BZN|FR","Without Sequence","35.02","",""
"09/11/2025 15:45:00 - 09/11/2025 16:00:00","BZN|FR","Sequence Sequence 2","57.23","",""
"09/11/2025 15:45:00 - 09/11/2025 16:00:00","BZN|FR","Without Sequence","57.23","",""
"09/11/2025 16:00:00 - 09/11/2025 16:15:00","BZN|FR","Sequence Sequence 2","31.11","",""
"09/11/2025 16:00:00 - 09/11/2025 16:15:00","BZN|FR","Without Sequence","31.11","",""
"09/11/2025 16:15:00 - 09/11/2025 16:30:00","BZN|FR","Sequence Sequence 2","53.20","",""
"09/11/2025 16:15:00 - 09/11/2025 16:30:00","BZN|FR","Without Sequence","53.20","",""
"09/11/2025 16:30:00 - 09/11/2025 16:45:00","BZN|FR","Sequence Sequence 2","61.47","",""
"09/11/2025 16:30:00 - 09/11/2025 16:45:00","BZN|FR","Without Sequence","61.47","",""
"09/11/2025 16:45:00 - 09/11/2025 17:00:00","BZN|FR","Sequence Sequence 2","81.52","",""
"09/11/2025 16:45:00 - 09/11/2025 17:00:00","BZN|FR","Without Sequence","81.52","",""
"09/11/2025 17:00:00 - 09/11/2025 17:15:00","BZN|FR","Sequence Sequence 2","72.00","",""
"09/11/2025 17:00:00 - 09/11/2025 17:15:00","BZN|FR","Without Sequence","72.00","",""
"09/11/2025 17:15:00 - 09/11/2025 17:30:00","BZN|FR","Sequence Sequence 2","78.81","",""
"09/11/2025 17:15:00 - 09/11/2025 17:30:00","BZN|FR","Without Sequence","78.81","",""
"09/11/2025 17:30:00 - 09/11/2025 17:45:00","BZN|FR","Sequence Sequence 2","85.53","",""
"09/11/2025 17:30:00 - 09/11/2025 17:45:00","BZN|FR","Without Sequence","85.53","",""
"09/11/2025 17:45:00 - 09/11/2025 18:00:00","BZN|FR","Sequence Sequence 2","100.83","",""
"09/11/2025 17:45:00 - 09/11/2025 18:00:00","BZN|FR","Without Sequence","100.83","",""
"09/11/2025 18:00:00 - 09/11/2025 18:15:00","BZN|FR","Sequence Sequence 2","85.00","",""
"09/11/2025 18:00:00 - 09/11/2025 18:15:00","BZN|FR","Without Sequence","85.00","",""
"09/11/2025 18:15:00 - 09/11/2025 18:30:00","BZN|FR","Sequence Sequence 2","91.69","",""
"09/11/2025 18:15:00 - 09/11/2025 18:30:00","BZN|FR","Without Sequence","91.69","",""
"09/11/2025 18:30:00 - 09/11/2025 18:45:00","BZN|FR","Sequence Sequence 2","98.66","",""
"09/11/2025 18:30:00 - 09/11/2025 18:45:00","BZN|FR","Without Sequence","98.66","",""
"09/11/2025 18:45:00 - 09/11/2025 19:00:00","BZN|FR","Sequence Sequence 2","104.67","",""
"09/11/2025 18:45:00 - 09/11/2025 19:00:00","BZN|FR","Without Sequence","104.67","",""
"09/11/2025 19:00:00 - 09/11/2025 19:15:00","BZN|FR","Sequence Sequence 2","104.92","",""
"09/11/2025 19:00:00 - 09/11/2025 19:15:00","BZN|FR","Without Sequence","104.92","",""
"09/11/2025 19:15:00 - 09/11/2025 19:30:00","BZN|FR","Sequence Sequence 2","106.61","",""
"09/11/2025 19:15:00 - 09/11/2025 19:30:00","BZN|FR","Without Sequence","106.61","",""
"09/11/2025 19:30:00 - 09/11/2025 19:45:00","BZN|FR","Sequence Sequence 2","104.92","",""
"09/11/2025 19:30:00 - 09/11/2025 19:45:00","BZN|FR","Without Sequence","104.92","",""
"09/11/2025 19:45:00 - 09/11/2025 20:00:00","BZN|FR","Sequence Sequence 2","94.43","",""
"09/11/2025 19:45:00 - 09/11/2025 20:00:00","BZN|FR","Without Sequence","94.43","",""
"09/11/2025 20:00:00 - 09/11/2025 20:15:00","BZN|FR","Sequence Sequence 2","112.55","",""
"09/11/2025 20:00:00 - 09/11/2025 20:15:00","BZN|FR","Without Sequence","112.55","",""
"09/11/2025 20:15:00 - 09/11/2025 20:30:00","BZN|FR","Sequence Sequence 2","85.69","",""
"09/11/2025 20:15:00 - 09/11/2025 20:30:00","BZN|FR","Without Sequence","85.69","",""
"09/11/2025 20:30:00 - 09/11/2025 20:45:00","BZN|FR","Sequence Sequence 2","75.97","",""
"09/11/2025 20:30:00 - 09/11/2025 20:45:00","BZN|FR","Without Sequence","75.97","",""
"09/11/2025 20:45:00 - 09/11/2025 21:00:00","BZN|FR","Sequence Sequence 2","64.19","",""
"09/11/2025 20:45:00 - 09/11/2025 21:00:00","BZN|FR","Without Sequence","64.19","",""
"09/11/2025 21:00:00 - 09/11/2025 21:15:00","BZN|FR","Sequence Sequence 2","78.03","",""
"09/11/2025 21:00:00 - 09/11/2025 21:15:00","BZN|FR","Without Sequence","78.03","",""
"09/11/2025 21:15:00 - 09/11/2025 21:30:00","BZN|FR","Sequence Sequence 2","67.00","",""
"09/11/2025 21:15:00 - 09/11/2025 21:30:00","BZN|FR","Without Sequence","67.00","",""
"09/11/2025 21:30:00 - 09/11/2025 21:45:00","BZN|FR","Sequence Sequence 2","89.65","",""
"09/11/2025 21:30:00 - 09/11/2025 21:45:00","BZN|FR","Without Sequence","89.65","",""
"09/11/2025 21:45:00 - 09/11/2025 22:00:00","BZN|FR","Sequence Sequence 2","74.74","",""
"09/11/2025 21:45:00 - 09/11/2025 22:00:00","BZN|FR","Without Sequence","74.74","",""
"09/11/2025 22:00:00 - 09/11/2025 22:15:00","BZN|FR","Sequence Sequence 2","78.34","",""
"09/11/2025 22:00:00 - 09/11/2025 22:15:00","BZN|FR","Without Sequence","78.34","",""
"09/11/2025 22:15:00 - 09/11/2025 22:30:00","BZN|FR","Sequence Sequence 2","82.66","",""
"09/11/2025 22:15:00 - 09/11/2025 22:30:00","BZN|FR","Without Sequence","82.66","",""
"09/11/2025 22:30:00 - 09/11/2025 22:45:00","BZN|FR","Sequence Sequence 2","87.24","",""
"09/11/2025 22:30:00 - 09/11/2025 22:45:00","BZN|FR","Without Sequence","87.24","",""
"09/11/2025 22:45:00 - 09/11/2025 23:00:00","BZN|FR","Sequence Sequence 2","78.02","",""
"09/11/2025 22:45:00 - 09/11/2025 23:00:00","BZN|FR","Without Sequence","78.02","",""
"09/11/2025 23:00:00 - 09/11/2025 23:15:00","BZN|FR","Sequence Sequence 2","69.99","",""
"09/11/2025 23:00:00 - 09/11/2025 23:15:00","BZN|FR","Without Sequence","69.99","",""
"09/11/2025 23:15:00 - 09/11/2025 23:30:00","BZN|FR","Sequence Sequence 2","62.22","",""
"09/11/2025 23:15:00 - 09/11/2025 23:30:00","BZN|FR","Without Sequence","62.22","",""
"09/11/2025 23:30:00 - 09/11/2025 23:45:00","BZN|FR","Sequence Sequence 2","76.09","",""
"09/11/2025 23:30:00 - 09/11/2025 23:45:00","BZN|FR","Without Sequence","76.09","",""
"09/11/2025 23:45:00 - 10/11/2025 00:00:00","BZN|FR","Sequence Sequence 2","62.88","",""
"09/11/2025 23:45:00 - 10/11/2025 00:00:00","BZN|FR","Without Sequence","62.88","",""
"10/11/2025 00:00:00 - 10/11/2025 00:15:00","BZN|FR","Sequence Sequence 2","63.57","",""
"10/11/2025 00:00:00 - 10/11/2025 00:15:00","BZN|FR","Without Sequence","63.57","",""
"10/11/2025 00:15:00 - 10/11/2025 00:30:00","BZN|FR","Sequence Sequence 2","71.85","",""
"10/11/2025 00:15:00 - 10/11/2025 00:30:00","BZN|FR","Without Sequence","71.85","",""
"10/11/2025 00:30:00 - 10/11/2025 00:45:00","BZN|FR","Sequence Sequence 2","23.20","",""
"10/11/2025 00:30:00 - 10/11/2025 00:45:00","BZN|FR","Without Sequence","23.20","",""
"10/11/2025 00:45:00 - 10/11/2025 01:00:00","BZN|FR","Sequence Sequence 2","13.74","",""
"10/11/2025 00:45:00 - 10/11/2025 01:00:00","BZN|FR","Without Sequence","13.74","",""
"10/11/2025 01:00:00 - 10/11/2025 01:15:00","BZN|FR","Sequence Sequence 2","51.04","",""
"10/11/2025 01:00:00 - 10/11/2025 01:15:00","BZN|FR","Without Sequence","51.04","",""
"10/11/2025 01:15:00 - 10/11/2025 01:30:00","BZN|FR","Sequence Sequence 2","37.82","",""
"10/11/2025 01:15:00 - 10/11/2025 01:30:00","BZN|FR","Without Sequence","37.82","",""
"10/11/2025 01:30:00 - 10/11/2025 01:45:00","BZN|FR","Sequence Sequence 2","29.17","",""
"10/11/2025 01:30:00 - 10/11/2025 01:45:00","BZN|FR","Without Sequence","29.17","",""
"10/11/2025 01:45:00 - 10/11/2025 02:00:00","BZN|FR","Sequence Sequence 2","23.17","",""
"10/11/2025 01:45:00 - 10/11/2025 02:00:00","BZN|FR","Without Sequence","23.17","",""
"10/11/2025 02:00:00 - 10/11/2025 02:15:00","BZN|FR","Sequence Sequence 2","49.98","",""
"10/11/2025 02:00:00 - 10/11/2025 02:15:00","BZN|FR","Without Sequence","49.98","",""
"10/11/2025 02:15:00 - 10/11/2025 02:30:00","BZN|FR","Sequence Sequence 2","25.65","",""
"10/11/2025 02:15:00 - 10/11/2025 02:30:00","BZN|FR","Without Sequence","25.65","",""
"10/11/2025 02:30:00 - 10/11/2025 02:45:00","BZN|FR","Sequence Sequence 2","31.61","",""
"10/11/2025 02:30:00 - 10/11/2025 02:45:00","BZN|FR","Without Sequence","31.61","",""
"10/11/2025 02:45:00 - 10/11/2025 03:00:00","BZN|FR","Sequence Sequence 2","17.29","",""
"10/11/2025 02:45:00 - 10/11/2025 03:00:00","BZN|FR","Without Sequence","17.29","",""
"10/11/2025 03:00:00 - 10/11/2025 03:15:00","BZN|FR","Sequence Sequence 2","27.62","",""
"10/11/2025 03:00:00 - 10/11/2025 03:15:00","BZN|FR","Without Sequence","27.62","",""
"10/11/2025 03:15:00 - 10/11/2025 03:30:00","BZN|FR","Sequence Sequence 2","24.44","",""
"10/11/2025 03:15:00 - 10/11/2025 03:30:00","BZN|FR","Without Sequence","24.44","",""
"10/11/2025 03:30:00 - 10/11/2025 03:45:00","BZN|FR","Sequence Sequence 2","28.73","",""
"10/11/2025 03:30:00 - 10/11/2025 03:45:00","BZN|FR","Without Sequence","28.73","",""
"10/11/2025 03:45:00 - 10/11/2025 04:00:00","BZN|FR","Sequence Sequence 2","20.67","",""
"10/11/2025 03:45:00 - 10/11/2025 04:00:00","BZN|FR","Without Sequence","20.67","",""
"10/11/2025 04:00:00 - 10/11/2025 04:15:00","BZN|FR","Sequence Sequence 2","23.08","",""
"10/11/2025 04:00:00 - 10/11/2025 04:15:00","BZN|FR","Without Sequence","23.08","",""
"10/11/2025 04:15:00 - 10/11/2025 04:30:00","BZN|FR","Sequence Sequence 2","25.56","",""
"10/11/2025 04:15:00 - 10/11/2025 04:30:00","BZN|FR","Without Sequence","25.56","",""
"10/11/2025 04:30:00 - 10/11/2025 04:45:00","BZN|FR","Sequence Sequence 2","25.13","",""
"10/11/2025 04:30:00 - 10/11/2025 04:45:00","BZN|FR","Without Sequence","25.13","",""
"10/11/2025 04:45:00 - 10/11/2025 05:00:00","BZN|FR","Sequence Sequence 2","29.54","",""
"10/11/2025 04:45:00 - 10/11/2025 05:00:00","BZN|FR","Without Sequence","29.54","",""
"10/11/2025 05:00:00 - 10/11/2025 05:15:00","BZN|FR","Sequence Sequence 2","17.66","",""
"10/11/2025 05:00:00 - 10/11/2025 05:15:00","BZN|FR","Without Sequence","17.66","",""
"10/11/2025 05:15:00 - 10/11/2025 05:30:00","BZN|FR","Sequence Sequence 2","30.83","",""
"10/11/2025 05:15:00 - 10/11/2025 05:30:00","BZN|FR","Without Sequence","30.83","",""
"10/11/2025 05:30:00 - 10/11/2025 05:45:00","BZN|FR","Sequence Sequence 2","30.62","",""
"10/11/2025 05:30:00 - 10/11/2025 05:45:00","BZN|FR","Without Sequence","30.62","",""
"10/11/2025 05:45:00 - 10/11/2025 06:00:00","BZN|FR","Sequence Sequence 2","28.06","",""
"10/11/2025 05:45:00 - 10/11/2025 06:00:00","BZN|FR","Without Sequence","28.06","",""
"10/11/2025 06:00:00 - 10/11/2025 06:15:00","BZN|FR","Sequence Sequence 2","47.11","",""
"10/11/2025 06:00:00 - 10/11/2025 06:15:00","BZN|FR","Without Sequence","47.11","",""
"10/11/2025 06:15:00 - 10/11/2025 06:30:00","BZN|FR","Sequence Sequence 2","66.43","",""
"10/11/2025 06:15:00 - 10/11/2025 06:30:00","BZN|FR","Without Sequence","66.43","",""
"10/11/2025 06:30:00 - 10/11/2025 06:45:00","BZN|FR","Sequence Sequence 2","63.76","",""
"10/11/2025 06:30:00 - 10/11/2025 06:45:00","BZN|FR","Without Sequence","63.76","",""
"10/11/2025 06:45:00 - 10/11/2025 07:00:00","BZN|FR","Sequence Sequence 2","81.34","",""
"10/11/2025 06:45:00 - 10/11/2025 07:00:00","BZN|FR","Without Sequence","81.34","",""
"10/11/2025 07:00:00 - 10/11/2025 07:15:00","BZN|FR","Sequence Sequence 2","64.94","",""
"10/11/2025 07:00:00 - 10/11/2025 07:15:00","BZN|FR","Without Sequence","64.94","",""
"10/11/2025 07:15:00 - 10/11/2025 07:30:00","BZN|FR","Sequence Sequence 2","75.85","",""
"10/11/2025 07:15:00 - 10/11/2025 07:30:00","BZN|FR","Without Sequence","75.85","",""
"10/11/2025 07:30:00 - 10/11/2025 07:45:00","BZN|FR","Sequence Sequence 2","81.46","",""
"10/11/2025 07:30:00 - 10/11/2025 07:45:00","BZN|FR","Without Sequence","81.46","",""
"10/11/2025 07:45:00 - 10/11/2025 08:00:00","BZN|FR","Sequence Sequence 2","67.74","",""
"10/11/2025 07:45:00 - 10/11/2025 08:00:00","BZN|FR","Without Sequence","67.74","",""
"10/11/2025 08:00:00 - 10/11/2025 08:15:00","BZN|FR","Sequence Sequence 2","77.64","",""
"10/11/2025 08:00:00 - 10/11/2025 08:15:00","BZN|FR","Without Sequence","77.64","",""
"10/11/2025 08:15:00 - 10/11/2025 08:30:00","BZN|FR","Sequence Sequence 2","61.51","",""
"10/11/2025 08:15:00 - 10/11/2025 08:30:00","BZN|FR","Without Sequence","61.51","",""
"10/11/2025 08:30:00 - 10/11/2025 08:45:00","BZN|FR","Sequence Sequence 2","70.37","",""
"10/11/2025 08:30:00 - 10/11/2025 08:45:00","BZN|FR","Without Sequence","70.37","",""
"10/11/2025 08:45:00 - 10/11/2025 09:00:00","BZN|FR","Sequence Sequence 2","43.10","",""
"10/11/2025 08:45:00 - 10/11/2025 09:00:00","BZN|FR","Without Sequence","43.10","",""
"10/11/2025 09:00:00 - 10/11/2025 09:15:00","BZN|FR","Sequence Sequence 2","93.84","",""
"10/11/2025 09:00:00 - 10/11/2025 09:15:00","BZN|FR","Without Sequence","93.84","",""
"10/11/2025 09:15:00 - 10/11/2025 09:30:00","BZN|FR","Sequence Sequence 2","70.22","",""
"10/11/2025 09:15:00 - 10/11/2025 09:30:00","BZN|FR","Without Sequence","70.22","",""
"10/11/2025 09:30:00 - 10/11/2025 09:45:00","BZN|FR","Sequence Sequence 2","43.19","",""
"10/11/2025 09:30:00 - 10/11/2025 09:45:00","BZN|FR","Without Sequence","43.19","",""
"10/11/2025 09:45:00 - 10/11/2025 10:00:00","BZN|FR","Sequence Sequence 2","33.48","",""
"10/11/2025 09:45:00 - 10/11/2025 10:00:00","BZN|FR","Without Sequence","33.48","",""
"10/11/2025 10:00:00 - 10/11/2025 10:15:00","BZN|FR","Sequence Sequence 2","38.55","",""
"10/11/2025 10:00:00 - 10/11/2025 10:15:00","BZN|FR","Without Sequence","38.55","",""
"10/11/2025 10:15:00 - 10/11/2025 10:30:00","BZN|FR","Sequence Sequence 2","23.75","",""
"10/11/2025 10:15:00 - 10/11/2025 10:30:00","BZN|FR","Without Sequence","23.75","",""
"10/11/2025 10:30:00 - 10/11/2025 10:45:00","BZN|FR","Sequence Sequence 2","21.30","",""
"10/11/2025 10:30:00 - 10/11/2025 10:45:00","BZN|FR","Without Sequence","21.30","",""
"10/11/2025 10:45:00 - 10/11/2025 11:00:00","BZN|FR","Sequence Sequence 2","31.84","",""
"10/11/2025 10:45:00 - 10/11/2025 11:00:00","BZN|FR","Without Sequence","31.84","",""
"10/11/2025 11:00:00 - 10/11/2025 11:15:00","BZN|FR","Sequence Sequence 2","36.18","",""
"10/11/2025 11:00:00 - 10/11/2025 11:15:00","BZN|FR","Without Sequence","36.18","",""
"10/11/2025 11:15:00 - 10/11/2025 11:30:00","BZN|FR","Sequence Sequence 2","37.00","",""
"10/11/2025 11:15:00 - 10/11/2025 11:30:00","BZN|FR","Without Sequence","37.00","",""
"10/11/2025 11:30:00 - 10/11/2025 11:45:00","BZN|FR","Sequence Sequence 2","35.03","",""
"10/11/2025 11:30:00 - 10/11/2025 11:45:00","BZN|FR","Without Sequence","35.03","",""
"10/11/2025 11:45:00 - 10/11/2025 12:00:00","BZN|FR","Sequence Sequence 2","34.50","",""
"10/11/2025 11:45:00 - 10/11/2025 12:00:00","BZN|FR","Without Sequence","34.50","",""
"10/11/2025 12:00:00 - 10/11/2025 12:15:00","BZN|FR","Sequence Sequence 2","40.00","",""
"10/11/2025 12:00:00 - 10/11/2025 12:15:00","BZN|FR","Without Sequence","40.00","",""
"10/11/2025 12:15:00 - 10/11/2025 12:30:00","BZN|FR","Sequence Sequence 2","37.00","",""
"10/11/2025 12:15:00 - 10/11/2025 12:30:00","BZN|FR","Without Sequence","37.00","",""
"10/11/2025 12:30:00 - 10/11/2025 12:45:00","BZN|FR","Sequence Sequence 2","38.85","",""
"10/11/2025 12:30:00 - 10/11/2025 12:45:00","BZN|FR","Without Sequence","38.85","",""
"10/11/2025 12:45:00 - 10/11/2025 13:00:00","BZN|FR","Sequence Sequence 2","35.03","",""
"10/11/2025 12:45:00 - 10/11/2025 13:00:00","BZN|FR","Without Sequence","35.03","",""
"10/11/2025 13:00:00 - 10/11/2025 13:15:00","BZN|FR","Sequence Sequence 2","35.03","",""
"10/11/2025 13:00:00 - 10/11/2025 13:15:00","BZN|FR","Without Sequence","35.03","",""
"10/11/2025 13:15:00 - 10/11/2025 13:30:00","BZN|FR","Sequence Sequence 2","34.20","",""
"10/11/2025 13:15:00 - 10/11/2025 13:30:00","BZN|FR","Without Sequence","34.20","",""
"10/11/2025 13:30:00 - 10/11/2025 13:45:00","BZN|FR","Sequence Sequence 2","29.00","",""
"10/11/2025 13:30:00 - 10/11/2025 13:45:00","BZN|FR","Without Sequence","29.00","",""
"10/11/2025 13:45:00 - 10/11/2025 14:00:00","BZN|FR","Sequence Sequence 2","25.77","",""
"10/11/2025 13:45:00 - 10/11/2025 14:00:00","BZN|FR","Without Sequence","25.77","",""
"10/11/2025 14:00:00 - 10/11/2025 14:15:00","BZN|FR","Sequence Sequence 2","28.04","",""
"10/11/2025 14:00:00 - 10/11/2025 14:15:00","BZN|FR","Without Sequence","28.04","",""
"10/11/2025 14:15:00 - 10/11/2025 14:30:00","BZN|FR","Sequence Sequence 2","32.40","",""
"10/11/2025 14:15:00 - 10/11/2025 14:30:00","BZN|FR","Without Sequence","32.40","",""
"10/11/2025 14:30:00 - 10/11/2025 14:45:00","BZN|FR","Sequence Sequence 2","34.20","",""
"10/11/2025 14:30:00 - 10/11/2025 14:45:00","BZN|FR","Without Sequence","34.20","",""
"10/11/2025 14:45:00 - 10/11/2025 15:00:00","BZN|FR","Sequence Sequence 2","36.48","",""
"10/11/2025 14:45:00 - 10/11/2025 15:00:00","BZN|FR","Without Sequence","36.48","",""
"10/11/2025 15:00:00 - 10/11/2025 15:15:00","BZN|FR","Sequence Sequence 2","40.00","",""
"10/11/2025 15:00:00 - 10/11/2025 15:15:00","BZN|FR","Without Sequence","40.00","",""
"10/11/2025 15:15:00 - 10/11/2025 15:30:00","BZN|FR","Sequence Sequence 2","49.00","",""
"10/11/2025 15:15:00 - 10/11/2025 15:30:00","BZN|FR","Without Sequence","49.00","",""
"10/11/2025 15:30:00 - 10/11/2025 15:45:00","BZN|FR","Sequence Sequence 2","50.00","",""
"10/11/2025 15:30:00 - 10/11/2025 15:45:00","BZN|FR","Without Sequence","50.00","",""
"10/11/2025 15:45:00 - 10/11/2025 16:00:00","BZN|FR","Sequence Sequence 2","52.07","",""
"10/11/2025 15:45:00 - 10/11/2025 16:00:00","BZN|FR","Without Sequence","52.07","",""
"10/11/2025 16:00:00 - 10/11/2025 16:15:00","BZN|FR","Sequence Sequence 2","45.00","",""
"10/11/2025 16:00:00 - 10/11/2025 16:15:00","BZN|FR","Without Sequence","45.00","",""
"10/11/2025 16:15:00 - 10/11/2025 16:30:00","BZN|FR","Sequence Sequence 2","56.00","",""
"10/11/2025 16:15:00 - 10/11/2025 16:30:00","BZN|FR","Without Sequence","56.00","",""
"10/11/2025 16:30:00 - 10/11/2025 16:45:00","BZN|FR","Sequence Sequence 2","63.07","",""
"10/11/2025 16:30:00 - 10/11/2025 16:45:00","BZN|FR","Without Sequence","63.07","",""
"10/11/2025 16:45:00 - 10/11/2025 17:00:00","BZN|FR","Sequence Sequence 2","64.01","",""
"10/11/2025 16:45:00 - 10/11/2025 17:00:00","BZN|FR","Without Sequence","64.01","",""
"10/11/2025 17:00:00 - 10/11/2025 17:15:00","BZN|FR","Sequence Sequence 2","62.53","",""
"10/11/2025 17:00:00 - 10/11/2025 17:15:00","BZN|FR","Without Sequence","62.53","",""
"10/11/2025 17:15:00 - 10/11/2025 17:30:00","BZN|FR","Sequence Sequence 2","50.67","",""
"10/11/2025 17:15:00 - 10/11/2025 17:30:00","BZN|FR","Without Sequence","50.67","",""
"10/11/2025 17:30:00 - 10/11/2025 17:45:00","BZN|FR","Sequence Sequence 2","67.73","",""
"10/11/2025 17:30:00 - 10/11/2025 17:45:00","BZN|FR","Without Sequence","67.73","",""
"10/11/2025 17:45:00 - 10/11/2025 18:00:00","BZN|FR","Sequence Sequence 2","77.37","",""
"10/11/2025 17:45:00 - 10/11/2025 18:00:00","BZN|FR","Without Sequence","77.37","",""
"10/11/2025 18:00:00 - 10/11/2025 18:15:00","BZN|FR","Sequence Sequence 2","64.49","",""
"10/11/2025 18:00:00 - 10/11/2025 18:15:00","BZN|FR","Without Sequence","64.49","",""
"10/11/2025 18:15:00 - 10/11/2025 18:30:00","BZN|FR","Sequence Sequence 2","70.03","",""
"10/11/2025 18:15:00 - 10/11/2025 18:30:00","BZN|FR","Without Sequence","70.03","",""
"10/11/2025 18:30:00 - 10/11/2025 18:45:00","BZN|FR","Sequence Sequence 2","83.42","",""
"10/11/2025 18:30:00 - 10/11/2025 18:45:00","BZN|FR","Without Sequence","83.42","",""
"10/11/2025 18:45:00 - 10/11/2025 19:00:00","BZN|FR","Sequence Sequence 2","93.26","",""
"10/11/2025 18:45:00 - 10/11/2025 19:00:00","BZN|FR","Without Sequence","93.26","",""
"10/11/2025 19:00:00 - 10/11/2025 19:15:00","BZN|FR","Sequence Sequence 2","99.32","",""
"10/11/2025 19:00:00 - 10/11/2025 19:15:00","BZN|FR","Without Sequence","99.32","",""
"10/11/2025 19:15:00 - 10/11/2025 19:30:00","BZN|FR","Sequence Sequence 2","87.43","",""
"10/11/2025 19:15:00 - 10/11/2025 19:30:00","BZN|FR","Without Sequence","87.43","",""
"10/11/2025 19:30:00 - 10/11/2025 19:45:00","BZN|FR","Sequence Sequence 2","78.12","",""
"10/11/2025 19:30:00 - 10/11/2025 19:45:00","BZN|FR","Without Sequence","78.12","",""
"10/11/2025 19:45:00 - 10/11/2025 20:00:00","BZN|FR","Sequence Sequence 2","82.05","",""
"10/11/2025 19:45:00 - 10/11/2025 20:00:00","BZN|FR","Without Sequence","82.05","",""
"10/11/2025 20:00:00 - 10/11/2025 20:15:00","BZN|FR","Sequence Sequence 2","75.05","",""
"10/11/2025 20:00:00 - 10/11/2025 20:15:00","BZN|FR","Without Sequence","75.05","",""
"10/11/2025 20:15:00 - 10/11/2025 20:30:00","BZN|FR","Sequence Sequence 2","72.48","",""
"10/11/2025 20:15:00 - 10/11/2025 20:30:00","BZN|FR","Without Sequence","72.48","",""
"10/11/2025 20:30:00 - 10/11/2025 20:45:00","BZN|FR","Sequence Sequence 2","63.14","",""
"10/11/2025 20:30:00 - 10/11/2025 20:45:00","BZN|FR","Without Sequence","63.14","",""
"10/11/2025 20:45:00 - 10/11/2025 21:00:00","BZN|FR","Sequence Sequence 2","70.06","",""
"10/11/2025 20:45:00 - 10/11/2025 21:00:00","BZN|FR","Without Sequence","70.06","",""
"10/11/2025 21:00:00 - 10/11/2025 21:15:00","BZN|FR","Sequence Sequence 2","70.62","",""
"10/11/2025 21:00:00 - 10/11/2025 21:15:00","BZN|FR","Without Sequence","70.62","",""
"10/11/2025 21:15:00 - 10/11/2025 21:30:00","BZN|FR","Sequence Sequence 2","72.67","",""
"10/11/2025 21:15:00 - 10/11/2025 21:30:00","BZN|FR","Without Sequence","72.67","",""
"10/11/2025 21:30:00 - 10/11/2025 21:45:00","BZN|FR","Sequence Sequence 2","54.99","",""
"10/11/2025 21:30:00 - 10/11/2025 21:45:00","BZN|FR","Without Sequence","54.99","",""
"10/11/2025 21:45:00 - 10/11/2025 22:00:00","BZN|FR","Sequence Sequence 2","62.40","",""
"10/11/2025 21:45:00 - 10/11/2025 22:00:00","BZN|FR","Without Sequence","62.40","",""
"10/11/2025 22:00:00 - 10/11/2025 22:15:00","BZN|FR","Sequence Sequence 2","66.00","",""
"10/11/2025 22:00:00 - 10/11/2025 22:15:00","BZN|FR","Without Sequence","66.00","",""
"10/11/2025 22:15:00 - 10/11/2025 22:30:00","BZN|FR","Sequence Sequence 2","61.93","",""
"10/11/2025 22:15:00 - 10/11/2025 22:30:00","BZN|FR","Without Sequence","61.93","",""
"10/11/2025 22:30:00 - 10/11/2025 22:45:00","BZN|FR","Sequence Sequence 2","50.01","",""
"10/11/2025 22:30:00 - 10/11/2025 22:45:00","BZN|FR","Without Sequence","50.01","",""
"10/11/2025 22:45:00 - 10/11/2025 23:00:00","BZN|FR","Sequence Sequence 2","40.72","",""
"10/11/2025 22:45:00 - 10/11/2025 23:00:00","BZN|FR","Without Sequence","40.72","",""
"10/11/2025 23:00:00 - 10/11/2025 23:15:00","BZN|FR","Sequence Sequence 2","43.56","",""
"10/11/2025 23:00:00 - 10/11/2025 23:15:00","BZN|FR","Without Sequence","43.56","",""
"10/11/2025 23:15:00 - 10/11/2025 23:30:00","BZN|FR","Sequence Sequence 2","40.25","",""
"10/11/2025 23:15:00 - 10/11/2025 23:30:00","BZN|FR","Without Sequence","40.25","",""
"10/11/2025 23:30:00 - 10/11/2025 23:45:00","BZN|FR","Sequence Sequence 2","54.89","",""
"10/11/2025 23:30:00 - 10/11/2025 23:45:00","BZN|FR","Without Sequence","54.89","",""
"10/11/2025 23:45:00 - 11/11/2025 00:00:00","BZN|FR","Sequence Sequence 2","26.00","",""
"10/11/2025 23:45:00 - 11/11/2025 00:00:00","BZN|FR","Without Sequence","26.00","",""
"11/11/2025 00:00:00 - 11/11/2025 00:15:00","BZN|FR","Sequence Sequence 2","85.51","",""
"11/11/2025 00:00:00 - 11/11/2025 00:15:00","BZN|FR","Without Sequence","85.51","",""
"11/11/2025 00:15:00 - 11/11/2025 00:30:00","BZN|FR","Sequence Sequence 2","57.20","",""
"11/11/2025 00:15:00 - 11/11/2025 00:30:00","BZN|FR","Without Sequence","57.20","",""
"11/11/2025 00:30:00 - 11/11/2025 00:45:00","BZN|FR","Sequence Sequence 2","15.86","",""
"11/11/2025 00:30:00 - 11/11/2025 00:45:00","BZN|FR","Without Sequence","15.86","",""
"11/11/2025 00:45:00 - 11/11/2025 01:00:00","BZN|FR","Sequence Sequence 2","0.10","",""
"11/11/2025 00:45:00 - 11/11/2025 01:00:00","BZN|FR","Without Sequence","0.10","",""
"11/11/2025 01:00:00 - 11/11/2025 01:15:00","BZN|FR","Sequence Sequence 2","58.64","",""
"11/11/2025 01:00:00 - 11/11/2025 01:15:00","BZN|FR","Without Sequence","58.64","",""
"11/11/2025 01:15:00 - 11/11/2025 01:30:00","BZN|FR","Sequence Sequence 2","23.90","",""
"11/11/2025 01:15:00 - 11/11/2025 01:30:00","BZN|FR","Without Sequence","23.90","",""
"11/11/2025 01:30:00 - 11/11/2025 01:45:00","BZN|FR","Sequence Sequence 2","43.39","",""
"11/11/2025 01:30:00 - 11/11/2025 01:45:00","BZN|FR","Without Sequence","43.39","",""
"11/11/2025 01:45:00 - 11/11/2025 02:00:00","BZN|FR","Sequence Sequence 2","7.03","",""
"11/11/2025 01:45:00 - 11/11/2025 02:00:00","BZN|FR","Without Sequence","7.03","",""
"11/11/2025 02:00:00 - 11/11/2025 02:15:00","BZN|FR","Sequence Sequence 2","43.17","",""
"11/11/2025 02:00:00 - 11/11/2025 02:15:00","BZN|FR","Without Sequence","43.17","",""
"11/11/2025 02:15:00 - 11/11/2025 02:30:00","BZN|FR","Sequence Sequence 2","29.42","",""
"11/11/2025 02:15:00 - 11/11/2025 02:30:00","BZN|FR","Without Sequence","29.42","",""
"11/11/2025 02:30:00 - 11/11/2025 02:45:00","BZN|FR","Sequence Sequence 2","39.09","",""
"11/11/2025 02:30:00 - 11/11/2025 02:45:00","BZN|FR","Without Sequence","39.09","",""
"11/11/2025 02:45:00 - 11/11/2025 03:00:00","BZN|FR","Sequence Sequence 2","31.14","",""
"11/11/2025 02:45:00 - 11/11/2025 03:00:00","BZN|FR","Without Sequence","31.14","",""
"11/11/2025 03:00:00 - 11/11/2025 03:15:00","BZN|FR","Sequence Sequence 2","35.09","",""
"11/11/2025 03:00:00 - 11/11/2025 03:15:00","BZN|FR","Without Sequence","35.09","",""
"11/11/2025 03:15:00 - 11/11/2025 03:30:00","BZN|FR","Sequence Sequence 2","36.29","",""
"11/11/2025 03:15:00 - 11/11/2025 03:30:00","BZN|FR","Without Sequence","36.29","",""
"11/11/2025 03:30:00 - 11/11/2025 03:45:00","BZN|FR","Sequence Sequence 2","25.56","",""
"11/11/2025 03:30:00 - 11/11/2025 03:45:00","BZN|FR","Without Sequence","25.56","",""
"11/11/2025 03:45:00 - 11/11/2025 04:00:00","BZN|FR","Sequence Sequence 2","22.03","",""
"11/11/2025 03:45:00 - 11/11/2025 04:00:00","BZN|FR","Without Sequence","22.03","",""
"11/11/2025 04:00:00 - 11/11/2025 04:15:00","BZN|FR","Sequence Sequence 2","24.45","",""
"11/11/2025 04:00:00 - 11/11/2025 04:15:00","BZN|FR","Without Sequence","24.45","",""
"11/11/2025 04:15:00 - 11/11/2025 04:30:00","BZN|FR","Sequence Sequence 2","12.30","",""
"11/11/2025 04:15:00 - 11/11/2025 04:30:00","BZN|FR","Without Sequence","12.30","",""
"11/11/2025 04:30:00 - 11/11/2025 04:45:00","BZN|FR","Sequence Sequence 2","17.05","",""
"11/11/2025 04:30:00 - 11/11/2025 04:45:00","BZN|FR","Without Sequence","17.05","",""
"11/11/2025 04:45:00 - 11/11/2025 05:00:00","BZN|FR","Sequence Sequence 2","32.56","",""
"11/11/2025 04:45:00 - 11/11/2025 05:00:00","BZN|FR","Without Sequence","32.56","",""
"11/11/2025 05:00:00 - 11/11/2025 05:15:00","BZN|FR","Sequence Sequence 2","24.37","",""
"11/11/2025 05:00:00 - 11/11/2025 05:15:00","BZN|FR","Without Sequence","24.37","",""
"11/11/2025 05:15:00 - 11/11/2025 05:30:00","BZN|FR","Sequence Sequence 2","18.16","",""
"11/11/2025 05:15:00 - 11/11/2025 05:30:00","BZN|FR","Without Sequence","18.16","",""
"11/11/2025 05:30:00 - 11/11/2025 05:45:00","BZN|FR","Sequence Sequence 2","28.52","",""
"11/11/2025 05:30:00 - 11/11/2025 05:45:00","BZN|FR","Without Sequence","28.52","",""
"11/11/2025 05:45:00 - 11/11/2025 06:00:00","BZN|FR","Sequence Sequence 2","31.12","",""
"11/11/2025 05:45:00 - 11/11/2025 06:00:00","BZN|FR","Without Sequence","31.12","",""
"11/11/2025 06:00:00 - 11/11/2025 06:15:00","BZN|FR","Sequence Sequence 2","30.45","",""
"11/11/2025 06:00:00 - 11/11/2025 06:15:00","BZN|FR","Without Sequence","30.45","",""
"11/11/2025 06:15:00 - 11/11/2025 06:30:00","BZN|FR","Sequence Sequence 2","28.31","",""
"11/11/2025 06:15:00 - 11/11/2025 06:30:00","BZN|FR","Without Sequence","28.31","",""
"11/11/2025 06:30:00 - 11/11/2025 06:45:00","BZN|FR","Sequence Sequence 2","30.32","",""
"11/11/2025 06:30:00 - 11/11/2025 06:45:00","BZN|FR","Without Sequence","30.32","",""
"11/11/2025 06:45:00 - 11/11/2025 07:00:00","BZN|FR","Sequence Sequence 2","18.46","",""
"11/11/2025 06:45:00 - 11/11/2025 07:00:00","BZN|FR","Without Sequence","18.46","",""
"11/11/2025 07:00:00 - 11/11/2025 07:15:00","BZN|FR","Sequence Sequence 2","28.46","",""
"11/11/2025 07:00:00 - 11/11/2025 07:15:00","BZN|FR","Without Sequence","28.46","",""
"11/11/2025 07:15:00 - 11/11/2025 07:30:00","BZN|FR","Sequence Sequence 2","20.50","",""
"11/11/2025 07:15:00 - 11/11/2025 07:30:00","BZN|FR","Without Sequence","20.50","",""
"11/11/2025 07:30:00 - 11/11/2025 07:45:00","BZN|FR","Sequence Sequence 2","28.59","",""
"11/11/2025 07:30:00 - 11/11/2025 07:45:00","BZN|FR","Without Sequence","28.59","",""
"11/11/2025 07:45:00 - 11/11/2025 08:00:00","BZN|FR","Sequence Sequence 2","9.59","",""
"11/11/2025 07:45:00 - 11/11/2025 08:00:00","BZN|FR","Without Sequence","9.59","",""
"11/11/2025 08:00:00 - 11/11/2025 08:15:00","BZN|FR","Sequence Sequence 2","34.65","",""
"11/11/2025 08:00:00 - 11/11/2025 08:15:00","BZN|FR","Without Sequence","34.65","",""
"11/11/2025 08:15:00 - 11/11/2025 08:30:00","BZN|FR","Sequence Sequence 2","15.77","",""
"11/11/2025 08:15:00 - 11/11/2025 08:30:00","BZN|FR","Without Sequence","15.77","",""
"11/11/2025 08:30:00 - 11/11/2025 08:45:00","BZN|FR","Sequence Sequence 2","25.01","",""
"11/11/2025 08:30:00 - 11/11/2025 08:45:00","BZN|FR","Without Sequence","25.01","",""
"11/11/2025 08:45:00 - 11/11/2025 09:00:00","BZN|FR","Sequence Sequence 2","5.99","",""
"11/11/2025 08:45:00 - 11/11/2025 09:00:00","BZN|FR","Without Sequence","5.99","",""
"11/11/2025 09:00:00 - 11/11/2025 09:15:00","BZN|FR","Sequence Sequence 2","32.89","",""
"11/11/2025 09:00:00 - 11/11/2025 09:15:00","BZN|FR","Without Sequence","32.89","",""
"11/11/2025 09:15:00 - 11/11/2025 09:30:00","BZN|FR","Sequence Sequence 2","13.53","",""
"11/11/2025 09:15:00 - 11/11/2025 09:30:00","BZN|FR","Without Sequence","13.53","",""
"11/11/2025 09:30:00 - 11/11/2025 09:45:00","BZN|FR","Sequence Sequence 2","15.02","",""
"11/11/2025 09:30:00 - 11/11/2025 09:45:00","BZN|FR","Without Sequence","15.02","",""
"11/11/2025 09:45:00 - 11/11/2025 10:00:00","BZN|FR","Sequence Sequence 2","0.08","",""
"11/11/2025 09:45:00 - 11/11/2025 10:00:00","BZN|FR","Without Sequence","0.08","",""
"11/11/2025 10:00:00 - 11/11/2025 10:15:00","BZN|FR","Sequence Sequence 2","31.68","",""
"11/11/2025 10:00:00 - 11/11/2025 10:15:00","BZN|FR","Without Sequence","31.68","",""
"11/11/2025 10:15:00 - 11/11/2025 10:30:00","BZN|FR","Sequence Sequence 2","14.39","",""
"11/11/2025 10:15:00 - 11/11/2025 10:30:00","BZN|FR","Without Sequence","14.39","",""
"11/11/2025 10:30:00 - 11/11/2025 10:45:00","BZN|FR","Sequence Sequence 2","5.00","",""
"11/11/2025 10:30:00 - 11/11/2025 10:45:00","BZN|FR","Without Sequence","5.00","",""
"11/11/2025 10:45:00 - 11/11/2025 11:00:00","BZN|FR","Sequence Sequence 2","1.20","",""
"11/11/2025 10:45:00 - 11/11/2025 11:00:00","BZN|FR","Without Sequence","1.20","",""
"11/11/2025 11:00:00 - 11/11/2025 11:15:00","BZN|FR","Sequence Sequence 2","12.64","",""
"11/11/2025 11:00:00 - 11/11/2025 11:15:00","BZN|FR","Without Sequence","12.64","",""
"11/11/2025 11:15:00 - 11/11/2025 11:30:00","BZN|FR","Sequence Sequence 2","12.20","",""
"11/11/2025 11:15:00 - 11/11/2025 11:30:00","BZN|FR","Without Sequence","12.20","",""
"11/11/2025 11:30:00 - 11/11/2025 11:45:00","BZN|FR","Sequence Sequence 2","10.00","",""
"11/11/2025 11:30:00 - 11/11/2025 11:45:00","BZN|FR","Without Sequence","10.00","",""
"11/11/2025 11:45:00 - 11/11/2025 12:00:00","BZN|FR","Sequence Sequence 2","7.96","",""
"11/11/2025 11:45:00 - 11/11/2025 12:00:00","BZN|FR","Without Sequence","7.96","",""
"11/11/2025 12:00:00 - 11/11/2025 12:15:00","BZN|FR","Sequence Sequence 2","11.82","",""
"11/11/2025 12:00:00 - 11/11/2025 12:15:00","BZN|FR","Without Sequence","11.82","",""
"11/11/2025 12:15:00 - 11/11/2025 12:30:00","BZN|FR","Sequence Sequence 2","12.42","",""
"11/11/2025 12:15:00 - 11/11/2025 12:30:00","BZN|FR","Without Sequence","12.42","",""
"11/11/2025 12:30:00 - 11/11/2025 12:45:00","BZN|FR","Sequence Sequence 2","16.57","",""
"11/11/2025 12:30:00 - 11/11/2025 12:45:00","BZN|FR","Without Sequence","16.57","",""
"11/11/2025 12:45:00 - 11/11/2025 13:00:00","BZN|FR","Sequence Sequence 2","11.01","",""
"11/11/2025 12:45:00 - 11/11/2025 13:00:00","BZN|FR","Without Sequence","11.01","",""
"11/11/2025 13:00:00 - 11/11/2025 13:15:00","BZN|FR","Sequence Sequence 2","10.00","",""
"11/11/2025 13:00:00 - 11/11/2025 13:15:00","BZN|FR","Without Sequence","10.00","",""
"11/11/2025 13:15:00 - 11/11/2025 13:30:00","BZN|FR","Sequence Sequence 2","10.80","",""
"11/11/2025 13:15:00 - 11/11/2025 13:30:00","BZN|FR","Without Sequence","10.80","",""
"11/11/2025 13:30:00 - 11/11/2025 13:45:00","BZN|FR","Sequence Sequence 2","7.96","",""
"11/11/2025 13:30:00 - 11/11/2025 13:45:00","BZN|FR","Without Sequence","7.96","",""
"11/11/2025 13:45:00 - 11/11/2025 14:00:00","BZN|FR","Sequence Sequence 2","5.90","",""
"11/11/2025 13:45:00 - 11/11/2025 14:00:00","BZN|FR","Without Sequence","5.90","",""
"11/11/2025 14:00:00 - 11/11/2025 14:15:00","BZN|FR","Sequence Sequence 2","3.00","",""
"11/11/2025 14:00:00 - 11/11/2025 14:15:00","BZN|FR","Without Sequence","3.00","",""
"11/11/2025 14:15:00 - 11/11/2025 14:30:00","BZN|FR","Sequence Sequence 2","3.53","",""
"11/11/2025 14:15:00 - 11/11/2025 14:30:00","BZN|FR","Without Sequence","3.53","",""
"11/11/2025 14:30:00 - 11/11/2025 14:45:00","BZN|FR","Sequence Sequence 2","5.11","",""
"11/11/2025 14:30:00 - 11/11/2025 14:45:00","BZN|FR","Without Sequence","5.11","",""
"11/11/2025 14:45:00 - 11/11/2025 15:00:00","BZN|FR","Sequence Sequence 2","10.90","",""
"11/11/2025 14:45:00 - 11/11/2025 15:00:00","BZN|FR","Without Sequence","10.90","",""
"11/11/2025 15:00:00 - 11/11/2025 15:15:00","BZN|FR","Sequence Sequence 2","11.00","",""
"11/11/2025 15:00:00 - 11/11/2025 15:15:00","BZN|FR","Without Sequence","11.00","",""
"11/11/2025 15:15:00 - 11/11/2025 15:30:00","BZN|FR","Sequence Sequence 2","10.20","",""
"11/11/2025 15:15:00 - 11/11/2025 15:30:00","BZN|FR","Without Sequence","10.20","",""
"11/11/2025 15:30:00 - 11/11/2025 15:45:00","BZN|FR","Sequence Sequence 2","13.27","",""
"11/11/2025 15:30:00 - 11/11/2025 15:45:00","BZN|FR","Without Sequence","13.27","",""
"11/11/2025 15:45:00 - 11/11/2025 16:00:00","BZN|FR","Sequence Sequence 2","16.79","",""
"11/11/2025 15:45:00 - 11/11/2025 16:00:00","BZN|FR","Without Sequence","16.79","",""
"11/11/2025 16:00:00 - 11/11/2025 16:15:00","BZN|FR","Sequence Sequence 2","15.01","",""
"11/11/2025 16:00:00 - 11/11/2025 16:15:00","BZN|FR","Without Sequence","15.01","",""
"11/11/2025 16:15:00 - 11/11/2025 16:30:00","BZN|FR","Sequence Sequence 2","22.38","",""
"11/11/2025 16:15:00 - 11/11/2025 16:30:00","BZN|FR","Without Sequence","22.38","",""
"11/11/2025 16:30:00 - 11/11/2025 16:45:00","BZN|FR","Sequence Sequence 2","32.74","",""
"11/11/2025 16:30:00 - 11/11/2025 16:45:00","BZN|FR","Without Sequence","32.74","",""
"11/11/2025 16:45:00 - 11/11/2025 17:00:00","BZN|FR","Sequence Sequence 2","26.41","",""
"11/11/2025 16:45:00 - 11/11/2025 17:00:00","BZN|FR","Without Sequence","26.41","",""
"11/11/2025 17:00:00 - 11/11/2025 17:15:00","BZN|FR","Sequence Sequence 2","25.97","",""
"11/11/2025 17:00:00 - 11/11/2025 17:15:00","BZN|FR","Without Sequence","25.97","",""
"11/11/2025 17:15:00 - 11/11/2025 17:30:00","BZN|FR","Sequence Sequence 2","32.53","",""
"11/11/2025 17:15:00 - 11/11/2025 17:30:00","BZN|FR","Without Sequence","32.53","",""
"11/11/2025 17:30:00 - 11/11/2025 17:45:00","BZN|FR","Sequence Sequence 2","35.43","",""
"11/11/2025 17:30:00 - 11/11/2025 17:45:00","BZN|FR","Without Sequence","35.43","",""
"11/11/2025 17:45:00 - 11/11/2025 18:00:00","BZN|FR","Sequence Sequence 2","55.83","",""
"11/11/2025 17:45:00 - 11/11/2025 18:00:00","BZN|FR","Without Sequence","55.83","",""
"11/11/2025 18:00:00 - 11/11/2025 18:15:00","BZN|FR","Sequence Sequence 2","40.18","",""
"11/11/2025 18:00:00 - 11/11/2025 18:15:00","BZN|FR","Without Sequence","40.18","",""
"11/11/2025 18:15:00 - 11/11/2025 18:30:00","BZN|FR","Sequence Sequence 2","62.13","",""
"11/11/2025 18:15:00 - 11/11/2025 18:30:00","BZN|FR","Without Sequence","62.13","",""
"11/11/2025 18:30:00 - 11/11/2025 18:45:00","BZN|FR","Sequence Sequence 2","42.28","",""
"11/11/2025 18:30:00 - 11/11/2025 18:45:00","BZN|FR","Without Sequence","42.28","",""
"11/11/2025 18:45:00 - 11/11/2025 19:00:00","BZN|FR","Sequence Sequence 2","55.83","",""
"11/11/2025 18:45:00 - 11/11/2025 19:00:00","BZN|FR","Without Sequence","55.83","",""
"11/11/2025 19:00:00 - 11/11/2025 19:15:00","BZN|FR","Sequence Sequence 2","43.46","",""
"11/11/2025 19:00:00 - 11/11/2025 19:15:00","BZN|FR","Without Sequence","43.46","",""
"11/11/2025 19:15:00 - 11/11/2025 19:30:00","BZN|FR","Sequence Sequence 2","32.40","",""
"11/11/2025 19:15:00 - 11/11/2025 19:30:00","BZN|FR","Without Sequence","32.40","",""
"11/11/2025 19:30:00 - 11/11/2025 19:45:00","BZN|FR","Sequence Sequence 2","30.37","",""
"11/11/2025 19:30:00 - 11/11/2025 19:45:00","BZN|FR","Without Sequence","30.37","",""
"11/11/2025 19:45:00 - 11/11/2025 20:00:00","BZN|FR","Sequence Sequence 2","5.48","",""
"11/11/2025 19:45:00 - 11/11/2025 20:00:00","BZN|FR","Without Sequence","5.48","",""
"11/11/2025 20:00:00 - 11/11/2025 20:15:00","BZN|FR","Sequence Sequence 2","35.29","",""
"11/11/2025 20:00:00 - 11/11/2025 20:15:00","BZN|FR","Without Sequence","35.29","",""
"11/11/2025 20:15:00 - 11/11/2025 20:30:00","BZN|FR","Sequence Sequence 2","18.00","",""
"11/11/2025 20:15:00 - 11/11/2025 20:30:00","BZN|FR","Without Sequence","18.00","",""
"11/11/2025 20:30:00 - 11/11/2025 20:45:00","BZN|FR","Sequence Sequence 2","21.59","",""
"11/11/2025 20:30:00 - 11/11/2025 20:45:00","BZN|FR","Without Sequence","21.59","",""
"11/11/2025 20:45:00 - 11/11/2025 21:00:00","BZN|FR","Sequence Sequence 2","16.15","",""
"11/11/2025 20:45:00 - 11/11/2025 21:00:00","BZN|FR","Without Sequence","16.15","",""
"11/11/2025 21:00:00 - 11/11/2025 21:15:00","BZN|FR","Sequence Sequence 2","20.71","",""
"11/11/2025 21:00:00 - 11/11/2025 21:15:00","BZN|FR","Without Sequence","20.71","",""
"11/11/2025 21:15:00 - 11/11/2025 21:30:00","BZN|FR","Sequence Sequence 2","18.02","",""
"11/11/2025 21:15:00 - 11/11/2025 21:30:00","BZN|FR","Without Sequence","18.02","",""
"11/11/2025 21:30:00 - 11/11/2025 21:45:00","BZN|FR","Sequence Sequence 2","15.24","",""
"11/11/2025 21:30:00 - 11/11/2025 21:45:00","BZN|FR","Without Sequence","15.24","",""
"11/11/2025 21:45:00 - 11/11/2025 22:00:00","BZN|FR","Sequence Sequence 2","3.97","",""
"11/11/2025 21:45:00 - 11/11/2025 22:00:00","BZN|FR","Without Sequence","3.97","",""
"11/11/2025 22:00:00 - 11/11/2025 22:15:00","BZN|FR","Sequence Sequence 2","0.00","",""
"11/11/2025 22:00:00 - 11/11/2025 22:15:00","BZN|FR","Without Sequence","0.00","",""
"11/11/2025 22:15:00 - 11/11/2025 22:30:00","BZN|FR","Sequence Sequence 2","15.52","",""
"11/11/2025 22:15:00 - 11/11/2025 22:30:00","BZN|FR","Without Sequence","15.52","",""
"11/11/2025 22:30:00 - 11/11/2025 22:45:00","BZN|FR","Sequence Sequence 2","36.79","",""
"11/11/2025 22:30:00 - 11/11/2025 22:45:00","BZN|FR","Without Sequence","36.79","",""
"11/11/2025 22:45:00 - 11/11/2025 23:00:00","BZN|FR","Sequence Sequence 2","20.64","",""
"11/11/2025 22:45:00 - 11/11/2025 23:00:00","BZN|FR","Without Sequence","20.64","",""
"11/11/2025 23:00:00 - 11/11/2025 23:15:00","BZN|FR","Sequence Sequence 2","20.63","",""
"11/11/2025 23:00:00 - 11/11/2025 23:15:00","BZN|FR","Without Sequence","20.63","",""
"11/11/2025 23:15:00 - 11/11/2025 23:30:00","BZN|FR","Sequence Sequence 2","12.36","",""
"11/11/2025 23:15:00 - 11/11/2025 23:30:00","BZN|FR","Without Sequence","12.36","",""
"11/11/2025 23:30:00 - 11/11/2025 23:45:00","BZN|FR","Sequence Sequence 2","28.97","",""
"11/11/2025 23:30:00 - 11/11/2025 23:45:00","BZN|FR","Without Sequence","28.97","",""
"11/11/2025 23:45:00 - 12/11/2025 00:00:00","BZN|FR","Sequence Sequence 2","13.57","",""
"11/11/2025 23:45:00 - 12/11/2025 00:00:00","BZN|FR","Without Sequence","13.57","",""
"12/11/2025 00:00:00 - 12/11/2025 00:15:00","BZN|FR","Sequence Sequence 2","50.00","",""
"12/11/2025 00:00:00 - 12/11/2025 00:15:00","BZN|FR","Without Sequence","50.00","",""
"12/11/2025 00:15:00 - 12/11/2025 00:30:00","BZN|FR","Sequence Sequence 2","43.27","",""
"12/11/2025 00:15:00 - 12/11/2025 00:30:00","BZN|FR","Without Sequence","43.27","",""
"12/11/2025 00:30:00 - 12/11/2025 00:45:00","BZN|FR","Sequence Sequence 2","17.20","",""
"12/11/2025 00:30:00 - 12/11/2025 00:45:00","BZN|FR","Without Sequence","17.20","",""
"12/11/2025 00:45:00 - 12/11/2025 01:00:00","BZN|FR","Sequence Sequence 2","3.08","",""
"12/11/2025 00:45:00 - 12/11/2025 01:00:00","BZN|FR","Without Sequence","3.08","",""
"12/11/2025 01:00:00 - 12/11/2025 01:15:00","BZN|FR","Sequence Sequence 2","24.93","",""
"12/11/2025 01:00:00 - 12/11/2025 01:15:00","BZN|FR","Without Sequence","24.93","",""
"12/11/2025 01:15:00 - 12/11/2025 01:30:00","BZN|FR","Sequence Sequence 2","17.43","",""
"12/11/2025 01:15:00 - 12/11/2025 01:30:00","BZN|FR","Without Sequence","17.43","",""
"12/11/2025 01:30:00 - 12/11/2025 01:45:00","BZN|FR","Sequence Sequence 2","16.43","",""
"12/11/2025 01:30:00 - 12/11/2025 01:45:00","BZN|FR","Without Sequence","16.43","",""
"12/11/2025 01:45:00 - 12/11/2025 02:00:00","BZN|FR","Sequence Sequence 2","16.04","",""
"12/11/2025 01:45:00 - 12/11/2025 02:00:00","BZN|FR","Without Sequence","16.04","",""
"12/11/2025 02:00:00 - 12/11/2025 02:15:00","BZN|FR","Sequence Sequence 2","17.65","",""
"12/11/2025 02:00:00 - 12/11/2025 02:15:00","BZN|FR","Without Sequence","17.65","",""
"12/11/2025 02:15:00 - 12/11/2025 02:30:00","BZN|FR","Sequence Sequence 2","16.60","",""
"12/11/2025 02:15:00 - 12/11/2025 02:30:00","BZN|FR","Without Sequence","16.60","",""
"12/11/2025 02:30:00 - 12/11/2025 02:45:00","BZN|FR","Sequence Sequence 2","14.81","",""
"12/11/2025 02:30:00 - 12/11/2025 02:45:00","BZN|FR","Without Sequence","14.81","",""
"12/11/2025 02:45:00 - 12/11/2025 03:00:00","BZN|FR","Sequence Sequence 2","14.01","",""
"12/11/2025 02:45:00 - 12/11/2025 03:00:00","BZN|FR","Without Sequence","14.01","",""
"12/11/2025 03:00:00 - 12/11/2025 03:15:00","BZN|FR","Sequence Sequence 2","14.54","",""
"12/11/2025 03:00:00 - 12/11/2025 03:15:00","BZN|FR","Without Sequence","14.54","",""
"12/11/2025 03:15:00 - 12/11/2025 03:30:00","BZN|FR","Sequence Sequence 2","14.17","",""
"12/11/2025 03:15:00 - 12/11/2025 03:30:00","BZN|FR","Without Sequence","14.17","",""
"12/11/2025 03:30:00 - 12/11/2025 03:45:00","BZN|FR","Sequence Sequence 2","11.10","",""
"12/11/2025 03:30:00 - 12/11/2025 03:45:00","BZN|FR","Without Sequence","11.10","",""
"12/11/2025 03:45:00 - 12/11/2025 04:00:00","BZN|FR","Sequence Sequence 2","9.22","",""
"12/11/2025 03:45:00 - 12/11/2025 04:00:00","BZN|FR","Without Sequence","9.22","",""
"12/11/2025 04:00:00 - 12/11/2025 04:15:00","BZN|FR","Sequence Sequence 2","9.89","",""
"12/11/2025 04:00:00 - 12/11/2025 04:15:00","BZN|FR","Without Sequence","9.89","",""
"12/11/2025 04:15:00 - 12/11/2025 04:30:00","BZN|FR","Sequence Sequence 2","8.78","",""
"12/11/2025 04:15:00 - 12/11/2025 04:30:00","BZN|FR","Without Sequence","8.78","",""
"12/11/2025 04:30:00 - 12/11/2025 04:45:00","BZN|FR","Sequence Sequence 2","7.30","",""
"12/11/2025 04:30:00 - 12/11/2025 04:45:00","BZN|FR","Without Sequence","7.30","",""
"12/11/2025 04:45:00 - 12/11/2025 05:00:00","BZN|FR","Sequence Sequence 2","10.87","",""
"12/11/2025 04:45:00 - 12/11/2025 05:00:00","BZN|FR","Without Sequence","10.87","",""
"12/11/2025 05:00:00 - 12/11/2025 05:15:00","BZN|FR","Sequence Sequence 2","14.00","",""
"12/11/2025 05:00:00 - 12/11/2025 05:15:00","BZN|FR","Without Sequence","14.00","",""
"12/11/2025 05:15:00 - 12/11/2025 05:30:00","BZN|FR","Sequence Sequence 2","14.43","",""
"12/11/2025 05:15:00 - 12/11/2025 05:30:00","BZN|FR","Without Sequence","14.43","",""
"12/11/2025 05:30:00 - 12/11/2025 05:45:00","BZN|FR","Sequence Sequence 2","14.81","",""
"12/11/2025 05:30:00 - 12/11/2025 05:45:00","BZN|FR","Without Sequence","14.81","",""
"12/11/2025 05:45:00 - 12/11/2025 06:00:00","BZN|FR","Sequence Sequence 2","14.68","",""
"12/11/2025 05:45:00 - 12/11/2025 06:00:00","BZN|FR","Without Sequence","14.68","",""
"12/11/2025 06:00:00 - 12/11/2025 06:15:00","BZN|FR","Sequence Sequence 2","20.79","",""
"12/11/2025 06:00:00 - 12/11/2025 06:15:00","BZN|FR","Without Sequence","20.79","",""
"12/11/2025 06:15:00 - 12/11/2025 06:30:00","BZN|FR","Sequence Sequence 2","34.00","",""
"12/11/2025 06:15:00 - 12/11/2025 06:30:00","BZN|FR","Without Sequence","34.00","",""
"12/11/2025 06:30:00 - 12/11/2025 06:45:00","BZN|FR","Sequence Sequence 2","43.98","",""
"12/11/2025 06:30:00 - 12/11/2025 06:45:00","BZN|FR","Without Sequence","43.98","",""
"12/11/2025 06:45:00 - 12/11/2025 07:00:00","BZN|FR","Sequence Sequence 2","51.52","",""
"12/11/2025 06:45:00 - 12/11/2025 07:00:00","BZN|FR","Without Sequence","51.52","",""
"12/11/2025 07:00:00 - 12/11/2025 07:15:00","BZN|FR","Sequence Sequence 2","52.00","",""
"12/11/2025 07:00:00 - 12/11/2025 07:15:00","BZN|FR","Without Sequence","52.00","",""
"12/11/2025 07:15:00 - 12/11/2025 07:30:00","BZN|FR","Sequence Sequence 2","53.26","",""
"12/11/2025 07:15:00 - 12/11/2025 07:30:00","BZN|FR","Without Sequence","53.26","",""
"12/11/2025 07:30:00 - 12/11/2025 07:45:00","BZN|FR","Sequence Sequence 2","51.94","",""
"12/11/2025 07:30:00 - 12/11/2025 07:45:00","BZN|FR","Without Sequence","51.94","",""
"12/11/2025 07:45:00 - 12/11/2025 08:00:00","BZN|FR","Sequence Sequence 2","52.24","",""
"12/11/2025 07:45:00 - 12/11/2025 08:00:00","BZN|FR","Without Sequence","52.24","",""
"12/11/2025 08:00:00 - 12/11/2025 08:15:00","BZN|FR","Sequence Sequence 2","60.00","",""
"12/11/2025 08:00:00 - 12/11/2025 08:15:00","BZN|FR","Without Sequence","60.00","",""
"12/11/2025 08:15:00 - 12/11/2025 08:30:00","BZN|FR","Sequence Sequence 2","51.76","",""
"12/11/2025 08:15:00 - 12/11/2025 08:30:00","BZN|FR","Without Sequence","51.76","",""
"12/11/2025 08:30:00 - 12/11/2025 08:45:00","BZN|FR","Sequence Sequence 2","44.70","",""
"12/11/2025 08:30:00 - 12/11/2025 08:45:00","BZN|FR","Without Sequence","44.70","",""
"12/11/2025 08:45:00 - 12/11/2025 09:00:00","BZN|FR","Sequence Sequence 2","25.37","",""
"12/11/2025 08:45:00 - 12/11/2025 09:00:00","BZN|FR","Without Sequence","25.37","",""
"12/11/2025 09:00:00 - 12/11/2025 09:15:00","BZN|FR","Sequence Sequence 2","23.83","",""
"12/11/2025 09:00:00 - 12/11/2025 09:15:00","BZN|FR","Without Sequence","23.83","",""
"12/11/2025 09:15:00 - 12/11/2025 09:30:00","BZN|FR","Sequence Sequence 2","14.02","",""
"12/11/2025 09:15:00 - 12/11/2025 09:30:00","BZN|FR","Without Sequence","14.02","",""
"12/11/2025 09:30:00 - 12/11/2025 09:45:00","BZN|FR","Sequence Sequence 2","5.00","",""
"12/11/2025 09:30:00 - 12/11/2025 09:45:00","BZN|FR","Without Sequence","5.00","",""
"12/11/2025 09:45:00 - 12/11/2025 10:00:00","BZN|FR","Sequence Sequence 2","3.52","",""
"12/11/2025 09:45:00 - 12/11/2025 10:00:00","BZN|FR","Without Sequence","3.52","",""
"12/11/2025 10:00:00 - 12/11/2025 10:15:00","BZN|FR","Sequence Sequence 2","3.52","",""
"12/11/2025 10:00:00 - 12/11/2025 10:15:00","BZN|FR","Without Sequence","3.52","",""
"12/11/2025 10:15:00 - 12/11/2025 10:30:00","BZN|FR","Sequence Sequence 2","3.52","",""
"12/11/2025 10:15:00 - 12/11/2025 10:30:00","BZN|FR","Without Sequence","3.52","",""
"12/11/2025 10:30:00 - 12/11/2025 10:45:00","BZN|FR","Sequence Sequence 2","1.15","",""
"12/11/2025 10:30:00 - 12/11/2025 10:45:00","BZN|FR","Without Sequence","1.15","",""
"12/11/2025 10:45:00 - 12/11/2025 11:00:00","BZN|FR","Sequence Sequence 2","0.16","",""
"12/11/2025 10:45:00 - 12/11/2025 11:00:00","BZN|FR","Without Sequence","0.16","",""
"12/11/2025 11:00:00 - 12/11/2025 11:15:00","BZN|FR","Sequence Sequence 2","0.01","",""
"12/11/2025 11:00:00 - 12/11/2025 11:15:00","BZN|FR","Without Sequence","0.01","",""
"12/11/2025 11:15:00 - 12/11/2025 11:30:00","BZN|FR","Sequence Sequence 2","0.00","",""
"12/11/2025 11:15:00 - 12/11/2025 11:30:00","BZN|FR","Without Sequence","0.00","",""
"12/11/2025 11:30:00 - 12/11/2025 11:45:00","BZN|FR","Sequence Sequence 2","0.00","",""
"12/11/2025 11:30:00 - 12/11/2025 11:45:00","BZN|FR","Without Sequence","0.00","",""
"12/11/2025 11:45:00 - 12/11/2025 12:00:00","BZN|FR","Sequence Sequence 2","0.00","",""
"12/11/2025 11:45:00 - 12/11/2025 12:00:00","BZN|FR","Without Sequence","0.00","",""
"12/11/2025 12:00:00 - 12/11/2025 12:15:00","BZN|FR","Sequence Sequence 2","2.08","",""
"12/11/2025 12:00:00 - 12/11/2025 12:15:00","BZN|FR","Without Sequence","2.08","",""
"12/11/2025 12:15:00 - 12/11/2025 12:30:00","BZN|FR","Sequence Sequence 2","9.84","",""
"12/11/2025 12:15:00 - 12/11/2025 12:30:00","BZN|FR","Without Sequence","9.84","",""
"12/11/2025 12:30:00 - 12/11/2025 12:45:00","BZN|FR","Sequence Sequence 2","11.97","",""
"12/11/2025 12:30:00 - 12/11/2025 12:45:00","BZN|FR","Without Sequence","11.97","",""
"12/11/2025 12:45:00 - 12/11/2025 13:00:00","BZN|FR","Sequence Sequence 2","9.23","",""
"12/11/2025 12:45:00 - 12/11/2025 13:00:00","BZN|FR","Without Sequence","9.23","",""
"12/11/2025 13:00:00 - 12/11/2025 13:15:00","BZN|FR","Sequence Sequence 2","2.89","",""
"12/11/2025 13:00:00 - 12/11/2025 13:15:00","BZN|FR","Without Sequence","2.89","",""
"12/11/2025 13:15:00 - 12/11/2025 13:30:00","BZN|FR","Sequence Sequence 2","0.85","",""
"12/11/2025 13:15:00 - 12/11/2025 13:30:00","BZN|FR","Without Sequence","0.85","",""
"12/11/2025 13:30:00 - 12/11/2025 13:45:00","BZN|FR","Sequence Sequence 2","0.65","",""
"12/11/2025 13:30:00 - 12/11/2025 13:45:00","BZN|FR","Without Sequence","0.65","",""
"12/11/2025 13:45:00 - 12/11/2025 14:00:00","BZN|FR","Sequence Sequence 2","0.65","",""
"12/11/2025 13:45:00 - 12/11/2025 14:00:00","BZN|FR","Without Sequence","0.65","",""
"12/11/2025 14:00:00 - 12/11/2025 14:15:00","BZN|FR","Sequence Sequence 2","0.65","",""
"12/11/2025 14:00:00 - 12/11/2025 14:15:00","BZN|FR","Without Sequence","0.65","",""
"12/11/2025 14:15:00 - 12/11/2025 14:30:00","BZN|FR","Sequence Sequence 2","0.66","",""
"12/11/2025 14:15:00 - 12/11/2025 14:30:00","BZN|FR","Without Sequence","0.66","",""
"12/11/2025 14:30:00 - 12/11/2025 14:45:00","BZN|FR","Sequence Sequence 2","1.55","",""
"12/11/2025 14:30:00 - 12/11/2025 14:45:00","BZN|FR","Without Sequence","1.55","",""
"12/11/2025 14:45:00 - 12/11/2025 15:00:00","BZN|FR","Sequence Sequence 2","8.75","",""
"12/11/2025 14:45:00 - 12/11/2025 15:00:00","BZN|FR","Without Sequence","8.75","",""
"12/11/2025 15:00:00 - 12/11/2025 15:15:00","BZN|FR","Sequence Sequence 2","3.75","",""
"12/11/2025 15:00:00 - 12/11/2025 15:15:00","BZN|FR","Without Sequence","3.75","",""
"12/11/2025 15:15:00 - 12/11/2025 15:30:00","BZN|FR","Sequence Sequence 2","8.25","",""
"12/11/2025 15:15:00 - 12/11/2025 15:30:00","BZN|FR","Without Sequence","8.25","",""
"12/11/2025 15:30:00 - 12/11/2025 15:45:00","BZN|FR","Sequence Sequence 2","11.97","",""
"12/11/2025 15:30:00 - 12/11/2025 15:45:00","BZN|FR","Without Sequence","11.97","",""
"12/11/2025 15:45:00 - 12/11/2025 16:00:00","BZN|FR","Sequence Sequence 2","16.30","",""
"12/11/2025 15:45:00 - 12/11/2025 16:00:00","BZN|FR","Without Sequence","16.30","",""
"12/11/2025 16:00:00 - 12/11/2025 16:15:00","BZN|FR","Sequence Sequence 2","6.78","",""
"12/11/2025 16:00:00 - 12/11/2025 16:15:00","BZN|FR","Without Sequence","6.78","",""
"12/11/2025 16:15:00 - 12/11/2025 16:30:00","BZN|FR","Sequence Sequence 2","14.94","",""
"12/11/2025 16:15:00 - 12/11/2025 16:30:00","BZN|FR","Without Sequence","14.94","",""
"12/11/2025 16:30:00 - 12/11/2025 16:45:00","BZN|FR","Sequence Sequence 2","16.43","",""
"12/11/2025 16:30:00 - 12/11/2025 16:45:00","BZN|FR","Without Sequence","16.43","",""
"12/11/2025 16:45:00 - 12/11/2025 17:00:00","BZN|FR","Sequence Sequence 2","26.46","",""
"12/11/2025 16:45:00 - 12/11/2025 17:00:00","BZN|FR","Without Sequence","26.46","",""
"12/11/2025 17:00:00 - 12/11/2025 17:15:00","BZN|FR","Sequence Sequence 2","31.62","",""
"12/11/2025 17:00:00 - 12/11/2025 17:15:00","BZN|FR","Without Sequence","31.62","",""
"12/11/2025 17:15:00 - 12/11/2025 17:30:00","BZN|FR","Sequence Sequence 2","50.00","",""
"12/11/2025 17:15:00 - 12/11/2025 17:30:00","BZN|FR","Without Sequence","50.00","",""
"12/11/2025 17:30:00 - 12/11/2025 17:45:00","BZN|FR","Sequence Sequence 2","40.50","",""
"12/11/2025 17:30:00 - 12/11/2025 17:45:00","BZN|FR","Without Sequence","40.50","",""
"12/11/2025 17:45:00 - 12/11/2025 18:00:00","BZN|FR","Sequence Sequence 2","33.49","",""
"12/11/2025 17:45:00 - 12/11/2025 18:00:00","BZN|FR","Without Sequence","33.49","",""
"12/11/2025 18:00:00 - 12/11/2025 18:15:00","BZN|FR","Sequence Sequence 2","24.90","",""
"12/11/2025 18:00:00 - 12/11/2025 18:15:00","BZN|FR","Without Sequence","24.90","",""
"12/11/2025 18:15:00 - 12/11/2025 18:30:00","BZN|FR","Sequence Sequence 2","52.17","",""
"12/11/2025 18:15:00 - 12/11/2025 18:30:00","BZN|FR","Without Sequence","52.17","",""
"12/11/2025 18:30:00 - 12/11/2025 18:45:00","BZN|FR","Sequence Sequence 2","46.91","",""
"12/11/2025 18:30:00 - 12/11/2025 18:45:00","BZN|FR","Without Sequence","46.91","",""
"12/11/2025 18:45:00 - 12/11/2025 19:00:00","BZN|FR","Sequence Sequence 2","61.40","",""
"12/11/2025 18:45:00 - 12/11/2025 19:00:00","BZN|FR","Without Sequence","61.40","",""
"12/11/2025 19:00:00 - 12/11/2025 19:15:00","BZN|FR","Sequence Sequence 2","53.07","",""
"12/11/2025 19:00:00 - 12/11/2025 19:15:00","BZN|FR","Without Sequence","53.07","",""
"12/11/2025 19:15:00 - 12/11/2025 19:30:00","BZN|FR","Sequence Sequence 2","53.91","",""
"12/11/2025 19:15:00 - 12/11/2025 19:30:00","BZN|FR","Without Sequence","53.91","",""
"12/11/2025 19:30:00 - 12/11/2025 19:45:00","BZN|FR","Sequence Sequence 2","35.47","",""
"12/11/2025 19:30:00 - 12/11/2025 19:45:00","BZN|FR","Without Sequence","35.47","",""
"12/11/2025 19:45:00 - 12/11/2025 20:00:00","BZN|FR","Sequence Sequence 2","18.62","",""
"12/11/2025 19:45:00 - 12/11/2025 20:00:00","BZN|FR","Without Sequence","18.62","",""
"12/11/2025 20:00:00 - 12/11/2025 20:15:00","BZN|FR","Sequence Sequence 2","10.67","",""
"12/11/2025 20:00:00 - 12/11/2025 20:15:00","BZN|FR","Without Sequence","10.67","",""
"12/11/2025 20:15:00 - 12/11/2025 20:30:00","BZN|FR","Sequence Sequence 2","22.36","",""
"12/11/2025 20:15:00 - 12/11/2025 20:30:00","BZN|FR","Without Sequence","22.36","",""
"12/11/2025 20:30:00 - 12/11/2025 20:45:00","BZN|FR","Sequence Sequence 2","45.94","",""
"12/11/2025 20:30:00 - 12/11/2025 20:45:00","BZN|FR","Without Sequence","45.94","",""
"12/11/2025 20:45:00 - 12/11/2025 21:00:00","BZN|FR","Sequence Sequence 2","5.02","",""
"12/11/2025 20:45:00 - 12/11/2025 21:00:00","BZN|FR","Without Sequence","5.02","",""
"12/11/2025 21:00:00 - 12/11/2025 21:15:00","BZN|FR","Sequence Sequence 2","21.73","",""
"12/11/2025 21:00:00 - 12/11/2025 21:15:00","BZN|FR","Without Sequence","21.73","",""
"12/11/2025 21:15:00 - 12/11/2025 21:30:00","BZN|FR","Sequence Sequence 2","15.13","",""
"12/11/2025 21:15:00 - 12/11/2025 21:30:00","BZN|FR","Without Sequence","15.13","",""
"12/11/2025 21:30:00 - 12/11/2025 21:45:00","BZN|FR","Sequence Sequence 2","32.23","",""
"12/11/2025 21:30:00 - 12/11/2025 21:45:00","BZN|FR","Without Sequence","32.23","",""
"12/11/2025 21:45:00 - 12/11/2025 22:00:00","BZN|FR","Sequence Sequence 2","4.39","",""
"12/11/2025 21:45:00 - 12/11/2025 22:00:00","BZN|FR","Without Sequence","4.39","",""
"12/11/2025 22:00:00 - 12/11/2025 22:15:00","BZN|FR","Sequence Sequence 2","35.23","",""
"12/11/2025 22:00:00 - 12/11/2025 22:15:00","BZN|FR","Without Sequence","35.23","",""
"12/11/2025 22:15:00 - 12/11/2025 22:30:00","BZN|FR","Sequence Sequence 2","31.64","",""
"12/11/2025 22:15:00 - 12/11/2025 22:30:00","BZN|FR","Without Sequence","31.64","",""
"12/11/2025 22:30:00 - 12/11/2025 22:45:00","BZN|FR","Sequence Sequence 2","35.75","",""
"12/11/2025 22:30:00 - 12/11/2025 22:45:00","BZN|FR","Without Sequence","35.75","",""
"12/11/2025 22:45:00 - 12/11/2025 23:00:00","BZN|FR","Sequence Sequence 2","32.21","",""
"12/11/2025 22:45:00 - 12/11/2025 23:00:00","BZN|FR","Without Sequence","32.21","",""
"12/11/2025 23:00:00 - 12/11/2025 23:15:00","BZN|FR","Sequence Sequence 2","28.68","",""
"12/11/2025 23:00:00 - 12/11/2025 23:15:00","BZN|FR","Without Sequence","28.68","",""
"12/11/2025 23:15:00 - 12/11/2025 23:30:00","BZN|FR","Sequence Sequence 2","20.59","",""
"12/11/2025 23:15:00 - 12/11/2025 23:30:00","BZN|FR","Without Sequence","20.59","",""
"12/11/2025 23:30:00 - 12/11/2025 23:45:00","BZN|FR","Sequence Sequence 2","30.35","",""
"12/11/2025 23:30:00 - 12/11/2025 23:45:00","BZN|FR","Without Sequence","30.35","",""
"12/11/2025 23:45:00 - 13/11/2025 00:00:00","BZN|FR","Sequence Sequence 2","18.37","",""
"12/11/2025 23:45:00 - 13/11/2025 00:00:00","BZN|FR","Without Sequence","18.37","",""
"13/11/2025 00:00:00 - 13/11/2025 00:15:00","BZN|FR","Sequence Sequence 2","31.65","",""
"13/11/2025 00:00:00 - 13/11/2025 00:15:00","BZN|FR","Without Sequence","31.65","",""
"13/11/2025 00:15:00 - 13/11/2025 00:30:00","BZN|FR","Sequence Sequence 2","23.25","",""
"13/11/2025 00:15:00 - 13/11/2025 00:30:00","BZN|FR","Without Sequence","23.25","",""
"13/11/2025 00:30:00 - 13/11/2025 00:45:00","BZN|FR","Sequence Sequence 2","21.62","",""
"13/11/2025 00:30:00 - 13/11/2025 00:45:00","BZN|FR","Without Sequence","21.62","",""
"13/11/2025 00:45:00 - 13/11/2025 01:00:00","BZN|FR","Sequence Sequence 2","20.00","",""
"13/11/2025 00:45:00 - 13/11/2025 01:00:00","BZN|FR","Without Sequence","20.00","",""
"13/11/2025 01:00:00 - 13/11/2025 01:15:00","BZN|FR","Sequence Sequence 2","25.00","",""
"13/11/2025 01:00:00 - 13/11/2025 01:15:00","BZN|FR","Without Sequence","25.00","",""
"13/11/2025 01:15:00 - 13/11/2025 01:30:00","BZN|FR","Sequence Sequence 2","22.60","",""
"13/11/2025 01:15:00 - 13/11/2025 01:30:00","BZN|FR","Without Sequence","22.60","",""
"13/11/2025 01:30:00 - 13/11/2025 01:45:00","BZN|FR","Sequence Sequence 2","20.82","",""
"13/11/2025 01:30:00 - 13/11/2025 01:45:00","BZN|FR","Without Sequence","20.82","",""
"13/11/2025 01:45:00 - 13/11/2025 02:00:00","BZN|FR","Sequence Sequence 2","17.81","",""
"13/11/2025 01:45:00 - 13/11/2025 02:00:00","BZN|FR","Without Sequence","17.81","",""
"13/11/2025 02:00:00 - 13/11/2025 02:15:00","BZN|FR","Sequence Sequence 2","17.81","",""
"13/11/2025 02:00:00 - 13/11/2025 02:15:00","BZN|FR","Without Sequence","17.81","",""
"13/11/2025 02:15:00 - 13/11/2025 02:30:00","BZN|FR","Sequence Sequence 2","16.88","",""
"13/11/2025 02:15:00 - 13/11/2025 02:30:00","BZN|FR","Without Sequence","16.88","",""
"13/11/2025 02:30:00 - 13/11/2025 02:45:00","BZN|FR","Sequence Sequence 2","12.72","",""
"13/11/2025 02:30:00 - 13/11/2025 02:45:00","BZN|FR","Without Sequence","12.72","",""
"13/11/2025 02:45:00 - 13/11/2025 03:00:00","BZN|FR","Sequence Sequence 2","11.38","",""
"13/11/2025 02:45:00 - 13/11/2025 03:00:00","BZN|FR","Without Sequence","11.38","",""
"13/11/2025 03:00:00 - 13/11/2025 03:15:00","BZN|FR","Sequence Sequence 2","13.17","",""
"13/11/2025 03:00:00 - 13/11/2025 03:15:00","BZN|FR","Without Sequence","13.17","",""
"13/11/2025 03:15:00 - 13/11/2025 03:30:00","BZN|FR","Sequence Sequence 2","11.93","",""
"13/11/2025 03:15:00 - 13/11/2025 03:30:00","BZN|FR","Without Sequence","11.93","",""
"13/11/2025 03:30:00 - 13/11/2025 03:45:00","BZN|FR","Sequence Sequence 2","11.48","",""
"13/11/2025 03:30:00 - 13/11/2025 03:45:00","BZN|FR","Without Sequence","11.48","",""
"13/11/2025 03:45:00 - 13/11/2025 04:00:00","BZN|FR","Sequence Sequence 2","10.00","",""
"13/11/2025 03:45:00 - 13/11/2025 04:00:00","BZN|FR","Without Sequence","10.00","",""
"13/11/2025 04:00:00 - 13/11/2025 04:15:00","BZN|FR","Sequence Sequence 2","8.51","",""
"13/11/2025 04:00:00 - 13/11/2025 04:15:00","BZN|FR","Without Sequence","8.51","",""
"13/11/2025 04:15:00 - 13/11/2025 04:30:00","BZN|FR","Sequence Sequence 2","8.41","",""
"13/11/2025 04:15:00 - 13/11/2025 04:30:00","BZN|FR","Without Sequence","8.41","",""
"13/11/2025 04:30:00 - 13/11/2025 04:45:00","BZN|FR","Sequence Sequence 2","10.99","",""
"13/11/2025 04:30:00 - 13/11/2025 04:45:00","BZN|FR","Without Sequence","10.99","",""
"13/11/2025 04:45:00 - 13/11/2025 05:00:00","BZN|FR","Sequence Sequence 2","14.60","",""
"13/11/2025 04:45:00 - 13/11/2025 05:00:00","BZN|FR","Without Sequence","14.60","",""
"13/11/2025 05:00:00 - 13/11/2025 05:15:00","BZN|FR","Sequence Sequence 2","12.00","",""
"13/11/2025 05:00:00 - 13/11/2025 05:15:00","BZN|FR","Without Sequence","12.00","",""
"13/11/2025 05:15:00 - 13/11/2025 05:30:00","BZN|FR","Sequence Sequence 2","16.90","",""
"13/11/2025 05:15:00 - 13/11/2025 05:30:00","BZN|FR","Without Sequence","16.90","",""
"13/11/2025 05:30:00 - 13/11/2025 05:45:00","BZN|FR","Sequence Sequence 2","17.55","",""
"13/11/2025 05:30:00 - 13/11/2025 05:45:00","BZN|FR","Without Sequence","17.55","",""
"13/11/2025 05:45:00 - 13/11/2025 06:00:00","BZN|FR","Sequence Sequence 2","18.98","",""
"13/11/2025 05:45:00 - 13/11/2025 06:00:00","BZN|FR","Without Sequence","18.98","",""
"13/11/2025 06:00:00 - 13/11/2025 06:15:00","BZN|FR","Sequence Sequence 2","18.81","",""
"13/11/2025 06:00:00 - 13/11/2025 06:15:00","BZN|FR","Without Sequence","18.81","",""
"13/11/2025 06:15:00 - 13/11/2025 06:30:00","BZN|FR","Sequence Sequence 2","22.79","",""
"13/11/2025 06:15:00 - 13/11/2025 06:30:00","BZN|FR","Without Sequence","22.79","",""
"13/11/2025 06:30:00 - 13/11/2025 06:45:00","BZN|FR","Sequence Sequence 2","35.00","",""
"13/11/2025 06:30:00 - 13/11/2025 06:45:00","BZN|FR","Without Sequence","35.00","",""
"13/11/2025 06:45:00 - 13/11/2025 07:00:00","BZN|FR","Sequence Sequence 2","41.64","",""
"13/11/2025 06:45:00 - 13/11/2025 07:00:00","BZN|FR","Without Sequence","41.64","",""
"13/11/2025 07:00:00 - 13/11/2025 07:15:00","BZN|FR","Sequence Sequence 2","42.80","",""
"13/11/2025 07:00:00 - 13/11/2025 07:15:00","BZN|FR","Without Sequence","42.80","",""
"13/11/2025 07:15:00 - 13/11/2025 07:30:00","BZN|FR","Sequence Sequence 2","45.00","",""
"13/11/2025 07:15:00 - 13/11/2025 07:30:00","BZN|FR","Without Sequence","45.00","",""
"13/11/2025 07:30:00 - 13/11/2025 07:45:00","BZN|FR","Sequence Sequence 2","47.00","",""
"13/11/2025 07:30:00 - 13/11/2025 07:45:00","BZN|FR","Without Sequence","47.00","",""
"13/11/2025 07:45:00 - 13/11/2025 08:00:00","BZN|FR","Sequence Sequence 2","48.67","",""
"13/11/2025 07:45:00 - 13/11/2025 08:00:00","BZN|FR","Without Sequence","48.67","",""
"13/11/2025 08:00:00 - 13/11/2025 08:15:00","BZN|FR","Sequence Sequence 2","54.74","",""
"13/11/2025 08:00:00 - 13/11/2025 08:15:00","BZN|FR","Without Sequence","54.74","",""
"13/11/2025 08:15:00 - 13/11/2025 08:30:00","BZN|FR","Sequence Sequence 2","50.00","",""
"13/11/2025 08:15:00 - 13/11/2025 08:30:00","BZN|FR","Without Sequence","50.00","",""
"13/11/2025 08:30:00 - 13/11/2025 08:45:00","BZN|FR","Sequence Sequence 2","50.00","",""
"13/11/2025 08:30:00 - 13/11/2025 08:45:00","BZN|FR","Without Sequence","50.00","",""
"13/11/2025 08:45:00 - 13/11/2025 09:00:00","BZN|FR","Sequence Sequence 2","45.26","",""
"13/11/2025 08:45:00 - 13/11/2025 09:00:00","BZN|FR","Without Sequence","45.26","",""
"13/11/2025 09:00:00 - 13/11/2025 09:15:00","BZN|FR","Sequence Sequence 2","47.45","",""
"13/11/2025 09:00:00 - 13/11/2025 09:15:00","BZN|FR","Without Sequence","47.45","",""
"13/11/2025 09:15:00 - 13/11/2025 09:30:00","BZN|FR","Sequence Sequence 2","45.00","",""
"13/11/2025 09:15:00 - 13/11/2025 09:30:00","BZN|FR","Without Sequence","45.00","",""
"13/11/2025 09:30:00 - 13/11/2025 09:45:00","BZN|FR","Sequence Sequence 2","43.28","",""
"13/11/2025 09:30:00 - 13/11/2025 09:45:00","BZN|FR","Without Sequence","43.28","",""
"13/11/2025 09:45:00 - 13/11/2025 10:00:00","BZN|FR","Sequence Sequence 2","36.39","",""
"13/11/2025 09:45:00 - 13/11/2025 10:00:00","BZN|FR","Without Sequence","36.39","",""
"13/11/2025 10:00:00 - 13/11/2025 10:15:00","BZN|FR","Sequence Sequence 2","35.10","",""
"13/11/2025 10:00:00 - 13/11/2025 10:15:00","BZN|FR","Without Sequence","35.10","",""
"13/11/2025 10:15:00 - 13/11/2025 10:30:00","BZN|FR","Sequence Sequence 2","34.26","",""
"13/11/2025 10:15:00 - 13/11/2025 10:30:00","BZN|FR","Without Sequence","34.26","",""
"13/11/2025 10:30:00 - 13/11/2025 10:45:00","BZN|FR","Sequence Sequence 2","29.60","",""
"13/11/2025 10:30:00 - 13/11/2025 10:45:00","BZN|FR","Without Sequence","29.60","",""
"13/11/2025 10:45:00 - 13/11/2025 11:00:00","BZN|FR","Sequence Sequence 2","22.60","",""
"13/11/2025 10:45:00 - 13/11/2025 11:00:00","BZN|FR","Without Sequence","22.60","",""
"13/11/2025 11:00:00 - 13/11/2025 11:15:00","BZN|FR","Sequence Sequence 2","22.60","",""
"13/11/2025 11:00:00 - 13/11/2025 11:15:00","BZN|FR","Without Sequence","22.60","",""
"13/11/2025 11:15:00 - 13/11/2025 11:30:00","BZN|FR","Sequence Sequence 2","22.22","",""
"13/11/2025 11:15:00 - 13/11/2025 11:30:00","BZN|FR","Without Sequence","22.22","",""
"13/11/2025 11:30:00 - 13/11/2025 11:45:00","BZN|FR","Sequence Sequence 2","21.97","",""
"13/11/2025 11:30:00 - 13/11/2025 11:45:00","BZN|FR","Without Sequence","21.97","",""
"13/11/2025 11:45:00 - 13/11/2025 12:00:00","BZN|FR","Sequence Sequence 2","20.00","",""
"13/11/2025 11:45:00 - 13/11/2025 12:00:00","BZN|FR","Without Sequence","20.00","",""
"13/11/2025 12:00:00 - 13/11/2025 12:15:00","BZN|FR","Sequence Sequence 2","22.43","",""
"13/11/2025 12:00:00 - 13/11/2025 12:15:00","BZN|FR","Without Sequence","22.43","",""
"13/11/2025 12:15:00 - 13/11/2025 12:30:00","BZN|FR","Sequence Sequence 2","27.42","",""
"13/11/2025 12:15:00 - 13/11/2025 12:30:00","BZN|FR","Without Sequence","27.42","",""
"13/11/2025 12:30:00 - 13/11/2025 12:45:00","BZN|FR","Sequence Sequence 2","31.90","",""
"13/11/2025 12:30:00 - 13/11/2025 12:45:00","BZN|FR","Without Sequence","31.90","",""
"13/11/2025 12:45:00 - 13/11/2025 13:00:00","BZN|FR","Sequence Sequence 2","30.25","",""
"13/11/2025 12:45:00 - 13/11/2025 13:00:00","BZN|FR","Without Sequence","30.25","",""
"13/11/2025 13:00:00 - 13/11/2025 13:15:00","BZN|FR","Sequence Sequence 2","29.36","",""
"13/11/2025 13:00:00 - 13/11/2025 13:15:00","BZN|FR","Without Sequence","29.36","",""
"13/11/2025 13:15:00 - 13/11/2025 13:30:00","BZN|FR","Sequence Sequence 2","25.44","",""
"13/11/2025 13:15:00 - 13/11/2025 13:30:00","BZN|FR","Without Sequence","25.44","",""
"13/11/2025 13:30:00 - 13/11/2025 13:45:00","BZN|FR","Sequence Sequence 2","20.00","",""
"13/11/2025 13:30:00 - 13/11/2025 13:45:00","BZN|FR","Without Sequence","20.00","",""
"13/11/2025 13:45:00 - 13/11/2025 14:00:00","BZN|FR","Sequence Sequence 2","20.00","",""
"13/11/2025 13:45:00 - 13/11/2025 14:00:00","BZN|FR","Without Sequence","20.00","",""
"13/11/2025 14:00:00 - 13/11/2025 14:15:00","BZN|FR","Sequence Sequence 2","20.00","",""
"13/11/2025 14:00:00 - 13/11/2025 14:15:00","BZN|FR","Without Sequence","20.00","",""
"13/11/2025 14:15:00 - 13/11/2025 14:30:00","BZN|FR","Sequence Sequence 2","22.22","",""
"13/11/2025 14:15:00 - 13/11/2025 14:30:00","BZN|FR","Without Sequence","22.22","",""
"13/11/2025 14:30:00 - 13/11/2025 14:45:00","BZN|FR","Sequence Sequence 2","22.43","",""
"13/11/2025 14:30:00 - 13/11/2025 14:45:00","BZN|FR","Without Sequence","22.43","",""
"13/11/2025 14:45:00 - 13/11/2025 15:00:00","BZN|FR","Sequence Sequence 2","37.33","",""
"13/11/2025 14:45:00 - 13/11/2025 15:00:00","BZN|FR","Without Sequence","37.33","",""
"13/11/2025 15:00:00 - 13/11/2025 15:15:00","BZN|FR","Sequence Sequence 2","23.25","",""
"13/11/2025 15:00:00 - 13/11/2025 15:15:00","BZN|FR","Without Sequence","23.25","",""
"13/11/2025 15:15:00 - 13/11/2025 15:30:00","BZN|FR","Sequence Sequence 2","25.67","",""
"13/11/2025 15:15:00 - 13/11/2025 15:30:00","BZN|FR","Without Sequence","25.67","",""
"13/11/2025 15:30:00 - 13/11/2025 15:45:00","BZN|FR","Sequence Sequence 2","32.85","",""
"13/11/2025 15:30:00 - 13/11/2025 15:45:00","BZN|FR","Without Sequence","32.85","",""
"13/11/2025 15:45:00 - 13/11/2025 16:00:00","BZN|FR","Sequence Sequence 2","47.27","",""
"13/11/2025 15:45:00 - 13/11/2025 16:00:00","BZN|FR","Without Sequence","47.27","",""
"13/11/2025 16:00:00 - 13/11/2025 16:15:00","BZN|FR","Sequence Sequence 2","35.00","",""
"13/11/2025 16:00:00 - 13/11/2025 16:15:00","BZN|FR","Without Sequence","35.00","",""
"13/11/2025 16:15:00 - 13/11/2025 16:30:00","BZN|FR","Sequence Sequence 2","35.00","",""
"13/11/2025 16:15:00 - 13/11/2025 16:30:00","BZN|FR","Without Sequence","35.00","",""
"13/11/2025 16:30:00 - 13/11/2025 16:45:00","BZN|FR","Sequence Sequence 2","42.10","",""
"13/11/2025 16:30:00 - 13/11/2025 16:45:00","BZN|FR","Without Sequence","42.10","",""
"13/11/2025 16:45:00 - 13/11/2025 17:00:00","BZN|FR","Sequence Sequence 2","43.28","",""
"13/11/2025 16:45:00 - 13/11/2025 17:00:00","BZN|FR","Without Sequence","43.28","",""
"13/11/2025 17:00:00 - 13/11/2025 17:15:00","BZN|FR","Sequence Sequence 2","42.10","",""
"13/11/2025 17:00:00 - 13/11/2025 17:15:00","BZN|FR","Without Sequence","42.10","",""
"13/11/2025 17:15:00 - 13/11/2025 17:30:00","BZN|FR","Sequence Sequence 2","44.00","",""
"13/11/2025 17:15:00 - 13/11/2025 17:30:00","BZN|FR","Without Sequence","44.00","",""
"13/11/2025 17:30:00 - 13/11/2025 17:45:00","BZN|FR","Sequence Sequence 2","45.40","",""
"13/11/2025 17:30:00 - 13/11/2025 17:45:00","BZN|FR","Without Sequence","45.40","",""
"13/11/2025 17:45:00 - 13/11/2025 18:00:00","BZN|FR","Sequence Sequence 2","48.67","",""
"13/11/2025 17:45:00 - 13/11/2025 18:00:00","BZN|FR","Without Sequence","48.67","",""
"13/11/2025 18:00:00 - 13/11/2025 18:15:00","BZN|FR","Sequence Sequence 2","48.67","",""
"13/11/2025 18:00:00 - 13/11/2025 18:15:00","BZN|FR","Without Sequence","48.67","",""
"13/11/2025 18:15:00 - 13/11/2025 18:30:00","BZN|FR","Sequence Sequence 2","50.00","",""
"13/11/2025 18:15:00 - 13/11/2025 18:30:00","BZN|FR","Without Sequence","50.00","",""
"13/11/2025 18:30:00 - 13/11/2025 18:45:00","BZN|FR","Sequence Sequence 2","54.87","",""
"13/11/2025 18:30:00 - 13/11/2025 18:45:00","BZN|FR","Without Sequence","54.87","",""
"13/11/2025 18:45:00 - 13/11/2025 19:00:00","BZN|FR","Sequence Sequence 2","62.30","",""
"13/11/2025 18:45:00 - 13/11/2025 19:00:00","BZN|FR","Without Sequence","62.30","",""
"13/11/2025 19:00:00 - 13/11/2025 19:15:00","BZN|FR","Sequence Sequence 2","55.00","",""
"13/11/2025 19:00:00 - 13/11/2025 19:15:00","BZN|FR","Without Sequence","55.00","",""
"13/11/2025 19:15:00 - 13/11/2025 19:30:00","BZN|FR","Sequence Sequence 2","54.48","",""
"13/11/2025 19:15:00 - 13/11/2025 19:30:00","BZN|FR","Without Sequence","54.48","",""
"13/11/2025 19:30:00 - 13/11/2025 19:45:00","BZN|FR","Sequence Sequence 2","53.01","",""
"13/11/2025 19:30:00 - 13/11/2025 19:45:00","BZN|FR","Without Sequence","53.01","",""
"13/11/2025 19:45:00 - 13/11/2025 20:00:00","BZN|FR","Sequence Sequence 2","50.00","",""
"13/11/2025 19:45:00 - 13/11/2025 20:00:00","BZN|FR","Without Sequence","50.00","",""
"13/11/2025 20:00:00 - 13/11/2025 20:15:00","BZN|FR","Sequence Sequence 2","50.00","",""
"13/11/2025 20:00:00 - 13/11/2025 20:15:00","BZN|FR","Without Sequence","50.00","",""
"13/11/2025 20:15:00 - 13/11/2025 20:30:00","BZN|FR","Sequence Sequence 2","50.00","",""
"13/11/2025 20:15:00 - 13/11/2025 20:30:00","BZN|FR","Without Sequence","50.00","",""
"13/11/2025 20:30:00 - 13/11/2025 20:45:00","BZN|FR","Sequence Sequence 2","49.91","",""
"13/11/2025 20:30:00 - 13/11/2025 20:45:00","BZN|FR","Without Sequence","49.91","",""
"13/11/2025 20:45:00 - 13/11/2025 21:00:00","BZN|FR","Sequence Sequence 2","45.44","",""
"13/11/2025 20:45:00 - 13/11/2025 21:00:00","BZN|FR","Without Sequence","45.44","",""
"13/11/2025 21:00:00 - 13/11/2025 21:15:00","BZN|FR","Sequence Sequence 2","42.05","",""
"13/11/2025 21:00:00 - 13/11/2025 21:15:00","BZN|FR","Without Sequence","42.05","",""
"13/11/2025 21:15:00 - 13/11/2025 21:30:00","BZN|FR","Sequence Sequence 2","44.10","",""
"13/11/2025 21:15:00 - 13/11/2025 21:30:00","BZN|FR","Without Sequence","44.10","",""
"13/11/2025 21:30:00 - 13/11/2025 21:45:00","BZN|FR","Sequence Sequence 2","31.44","",""
"13/11/2025 21:30:00 - 13/11/2025 21:45:00","BZN|FR","Without Sequence","31.44","",""
"13/11/2025 21:45:00 - 13/11/2025 22:00:00","BZN|FR","Sequence Sequence 2","14.98","",""
"13/11/2025 21:45:00 - 13/11/2025 22:00:00","BZN|FR","Without Sequence","14.98","",""
"13/11/2025 22:00:00 - 13/11/2025 22:15:00","BZN|FR","Sequence Sequence 2","40.00","",""
"13/11/2025 22:00:00 - 13/11/2025 22:15:00","BZN|FR","Without Sequence","40.00","",""
"13/11/2025 22:15:00 - 13/11/2025 22:30:00","BZN|FR","Sequence Sequence 2","33.45","",""
"13/11/2025 22:15:00 - 13/11/2025 22:30:00","BZN|FR","Without Sequence","33.45","",""
"13/11/2025 22:30:00 - 13/11/2025 22:45:00","BZN|FR","Sequence Sequence 2","30.00","",""
"13/11/2025 22:30:00 - 13/11/2025 22:45:00","BZN|FR","Without Sequence","30.00","",""
"13/11/2025 22:45:00 - 13/11/2025 23:00:00","BZN|FR","Sequence Sequence 2","30.05","",""
"13/11/2025 22:45:00 - 13/11/2025 23:00:00","BZN|FR","Without Sequence","30.05","",""
"13/11/2025 23:00:00 - 13/11/2025 23:15:00","BZN|FR","Sequence Sequence 2","28.57","",""
"13/11/2025 23:00:00 - 13/11/2025 23:15:00","BZN|FR","Without Sequence","28.57","",""
"13/11/2025 23:15:00 - 13/11/2025 23:30:00","BZN|FR","Sequence Sequence 2","24.70","",""
"13/11/2025 23:15:00 - 13/11/2025 23:30:00","BZN|FR","Without Sequence","24.70","",""
"13/11/2025 23:30:00 - 13/11/2025 23:45:00","BZN|FR","Sequence Sequence 2","20.00","",""
"13/11/2025 23:30:00 - 13/11/2025 23:45:00","BZN|FR","Without Sequence","20.00","",""
"13/11/2025 23:45:00 - 14/11/2025 00:00:00","BZN|FR","Sequence Sequence 2","17.55","",""
"13/11/2025 23:45:00 - 14/11/2025 00:00:00","BZN|FR","Without Sequence","17.55","",""
"14/11/2025 00:00:00 - 14/11/2025 00:15:00","BZN|FR","Sequence Sequence 2","22.81","",""
"14/11/2025 00:00:00 - 14/11/2025 00:15:00","BZN|FR","Without Sequence","22.81","",""
"14/11/2025 00:15:00 - 14/11/2025 00:30:00","BZN|FR","Sequence Sequence 2","22.68","",""
"14/11/2025 00:15:00 - 14/11/2025 00:30:00","BZN|FR","Without Sequence","22.68","",""
"14/11/2025 00:30:00 - 14/11/2025 00:45:00","BZN|FR","Sequence Sequence 2","15.20","",""
"14/11/2025 00:30:00 - 14/11/2025 00:45:00","BZN|FR","Without Sequence","15.20","",""
"14/11/2025 00:45:00 - 14/11/2025 01:00:00","BZN|FR","Sequence Sequence 2","16.90","",""
"14/11/2025 00:45:00 - 14/11/2025 01:00:00","BZN|FR","Without Sequence","16.90","",""
"14/11/2025 01:00:00 - 14/11/2025 01:15:00","BZN|FR","Sequence Sequence 2","22.55","",""
"14/11/2025 01:00:00 - 14/11/2025 01:15:00","BZN|FR","Without Sequence","22.55","",""
"14/11/2025 01:15:00 - 14/11/2025 01:30:00","BZN|FR","Sequence Sequence 2","20.90","",""
"14/11/2025 01:15:00 - 14/11/2025 01:30:00","BZN|FR","Without Sequence","20.90","",""
"14/11/2025 01:30:00 - 14/11/2025 01:45:00","BZN|FR","Sequence Sequence 2","17.64","",""
"14/11/2025 01:30:00 - 14/11/2025 01:45:00","BZN|FR","Without Sequence","17.64","",""
"14/11/2025 01:45:00 - 14/11/2025 02:00:00","BZN|FR","Sequence Sequence 2","16.68","",""
"14/11/2025 01:45:00 - 14/11/2025 02:00:00","BZN|FR","Without Sequence","16.68","",""
"14/11/2025 02:00:00 - 14/11/2025 02:15:00","BZN|FR","Sequence Sequence 2","15.05","",""
"14/11/2025 02:00:00 - 14/11/2025 02:15:00","BZN|FR","Without Sequence","15.05","",""
"14/11/2025 02:15:00 - 14/11/2025 02:30:00","BZN|FR","Sequence Sequence 2","13.73","",""
"14/11/2025 02:15:00 - 14/11/2025 02:30:00","BZN|FR","Without Sequence","13.73","",""
"14/11/2025 02:30:00 - 14/11/2025 02:45:00","BZN|FR","Sequence Sequence 2","10.49","",""
"14/11/2025 02:30:00 - 14/11/2025 02:45:00","BZN|FR","Without Sequence","10.49","",""
"14/11/2025 02:45:00 - 14/11/2025 03:00:00","BZN|FR","Sequence Sequence 2","11.64","",""
"14/11/2025 02:45:00 - 14/11/2025 03:00:00","BZN|FR","Without Sequence","11.64","",""
"14/11/2025 03:00:00 - 14/11/2025 03:15:00","BZN|FR","Sequence Sequence 2","12.74","",""
"14/11/2025 03:00:00 - 14/11/2025 03:15:00","BZN|FR","Without Sequence","12.74","",""
"14/11/2025 03:15:00 - 14/11/2025 03:30:00","BZN|FR","Sequence Sequence 2","10.00","",""
"14/11/2025 03:15:00 - 14/11/2025 03:30:00","BZN|FR","Without Sequence","10.00","",""
"14/11/2025 03:30:00 - 14/11/2025 03:45:00","BZN|FR","Sequence Sequence 2","7.19","",""
"14/11/2025 03:30:00 - 14/11/2025 03:45:00","BZN|FR","Without Sequence","7.19","",""
"14/11/2025 03:45:00 - 14/11/2025 04:00:00","BZN|FR","Sequence Sequence 2","5.77","",""
"14/11/2025 03:45:00 - 14/11/2025 04:00:00","BZN|FR","Without Sequence","5.77","",""
"14/11/2025 04:00:00 - 14/11/2025 04:15:00","BZN|FR","Sequence Sequence 2","5.33","",""
"14/11/2025 04:00:00 - 14/11/2025 04:15:00","BZN|FR","Without Sequence","5.33","",""
"14/11/2025 04:15:00 - 14/11/2025 04:30:00","BZN|FR","Sequence Sequence 2","5.11","",""
"14/11/2025 04:15:00 - 14/11/2025 04:30:00","BZN|FR","Without Sequence","5.11","",""
"14/11/2025 04:30:00 - 14/11/2025 04:45:00","BZN|FR","Sequence Sequence 2","5.11","",""
"14/11/2025 04:30:00 - 14/11/2025 04:45:00","BZN|FR","Without Sequence","5.11","",""
"14/11/2025 04:45:00 - 14/11/2025 05:00:00","BZN|FR","Sequence Sequence 2","5.71","",""
"14/11/2025 04:45:00 - 14/11/2025 05:00:00","BZN|FR","Without Sequence","5.71","",""
"14/11/2025 05:00:00 - 14/11/2025 05:15:00","BZN|FR","Sequence Sequence 2","7.96","",""
"14/11/2025 05:00:00 - 14/11/2025 05:15:00","BZN|FR","Without Sequence","7.96","",""
"14/11/2025 05:15:00 - 14/11/2025 05:30:00","BZN|FR","Sequence Sequence 2","9.24","",""
"14/11/2025 05:15:00 - 14/11/2025 05:30:00","BZN|FR","Without Sequence","9.24","",""
"14/11/2025 05:30:00 - 14/11/2025 05:45:00","BZN|FR","Sequence Sequence 2","13.38","",""
"14/11/2025 05:30:00 - 14/11/2025 05:45:00","BZN|FR","Without Sequence","13.38","",""
"14/11/2025 05:45:00 - 14/11/2025 06:00:00","BZN|FR","Sequence Sequence 2","14.88","",""
"14/11/2025 05:45:00 - 14/11/2025 06:00:00","BZN|FR","Without Sequence","14.88","",""
"14/11/2025 06:00:00 - 14/11/2025 06:15:00","BZN|FR","Sequence Sequence 2","12.70","",""
"14/11/2025 06:00:00 - 14/11/2025 06:15:00","BZN|FR","Without Sequence","12.70","",""
"14/11/2025 06:15:00 - 14/11/2025 06:30:00","BZN|FR","Sequence Sequence 2","13.66","",""
"14/11/2025 06:15:00 - 14/11/2025 06:30:00","BZN|FR","Without Sequence","13.66","",""
"14/11/2025 06:30:00 - 14/11/2025 06:45:00","BZN|FR","Sequence Sequence 2","15.71","",""
"14/11/2025 06:30:00 - 14/11/2025 06:45:00","BZN|FR","Without Sequence","15.71","",""
"14/11/2025 06:45:00 - 14/11/2025 07:00:00","BZN|FR","Sequence Sequence 2","22.68","",""
"14/11/2025 06:45:00 - 14/11/2025 07:00:00","BZN|FR","Without Sequence","22.68","",""
"14/11/2025 07:00:00 - 14/11/2025 07:15:00","BZN|FR","Sequence Sequence 2","30.00","",""
"14/11/2025 07:00:00 - 14/11/2025 07:15:00","BZN|FR","Without Sequence","30.00","",""
"14/11/2025 07:15:00 - 14/11/2025 07:30:00","BZN|FR","Sequence Sequence 2","21.45","",""
"14/11/2025 07:15:00 - 14/11/2025 07:30:00","BZN|FR","Without Sequence","21.45","",""
"14/11/2025 07:30:00 - 14/11/2025 07:45:00","BZN|FR","Sequence Sequence 2","30.05","",""
"14/11/2025 07:30:00 - 14/11/2025 07:45:00","BZN|FR","Without Sequence","30.05","",""
"14/11/2025 07:45:00 - 14/11/2025 08:00:00","BZN|FR","Sequence Sequence 2","28.68","",""
"14/11/2025 07:45:00 - 14/11/2025 08:00:00","BZN|FR","Without Sequence","28.68","",""
"14/11/2025 08:00:00 - 14/11/2025 08:15:00","BZN|FR","Sequence Sequence 2","30.23","",""
"14/11/2025 08:00:00 - 14/11/2025 08:15:00","BZN|FR","Without Sequence","30.23","",""
"14/11/2025 08:15:00 - 14/11/2025 08:30:00","BZN|FR","Sequence Sequence 2","41.68","",""
"14/11/2025 08:15:00 - 14/11/2025 08:30:00","BZN|FR","Without Sequence","41.68","",""
"14/11/2025 08:30:00 - 14/11/2025 08:45:00","BZN|FR","Sequence Sequence 2","36.86","",""
"14/11/2025 08:30:00 - 14/11/2025 08:45:00","BZN|FR","Without Sequence","36.86","",""
"14/11/2025 08:45:00 - 14/11/2025 09:00:00","BZN|FR","Sequence Sequence 2","29.39","",""
"14/11/2025 08:45:00 - 14/11/2025 09:00:00","BZN|FR","Without Sequence","29.39","",""
"14/11/2025 09:00:00 - 14/11/2025 09:15:00","BZN|FR","Sequence Sequence 2","38.00","",""
"14/11/2025 09:00:00 - 14/11/2025 09:15:00","BZN|FR","Without Sequence","38.00","",""
"14/11/2025 09:15:00 - 14/11/2025 09:30:00","BZN|FR","Sequence Sequence 2","33.36","",""
"14/11/2025 09:15:00 - 14/11/2025 09:30:00","BZN|FR","Without Sequence","33.36","",""
"14/11/2025 09:30:00 - 14/11/2025 09:45:00","BZN|FR","Sequence Sequence 2","17.70","",""
"14/11/2025 09:30:00 - 14/11/2025 09:45:00","BZN|FR","Without Sequence","17.70","",""
"14/11/2025 09:45:00 - 14/11/2025 10:00:00","BZN|FR","Sequence Sequence 2","19.06","",""
"14/11/2025 09:45:00 - 14/11/2025 10:00:00","BZN|FR","Without Sequence","19.06","",""
"14/11/2025 10:00:00 - 14/11/2025 10:15:00","BZN|FR","Sequence Sequence 2","27.77","",""
"14/11/2025 10:00:00 - 14/11/2025 10:15:00","BZN|FR","Without Sequence","27.77","",""
"14/11/2025 10:15:00 - 14/11/2025 10:30:00","BZN|FR","Sequence Sequence 2","12.09","",""
"14/11/2025 10:15:00 - 14/11/2025 10:30:00","BZN|FR","Without Sequence","12.09","",""
"14/11/2025 10:30:00 - 14/11/2025 10:45:00","BZN|FR","Sequence Sequence 2","8.40","",""
"14/11/2025 10:30:00 - 14/11/2025 10:45:00","BZN|FR","Without Sequence","8.40","",""
"14/11/2025 10:45:00 - 14/11/2025 11:00:00","BZN|FR","Sequence Sequence 2","10.42","",""
"14/11/2025 10:45:00 - 14/11/2025 11:00:00","BZN|FR","Without Sequence","10.42","",""
"14/11/2025 11:00:00 - 14/11/2025 11:15:00","BZN|FR","Sequence Sequence 2","20.15","",""
"14/11/2025 11:00:00 - 14/11/2025 11:15:00","BZN|FR","Without Sequence","20.15","",""
"14/11/2025 11:15:00 - 14/11/2025 11:30:00","BZN|FR","Sequence Sequence 2","21.92","",""
"14/11/2025 11:15:00 - 14/11/2025 11:30:00","BZN|FR","Without Sequence","21.92","",""
"14/11/2025 11:30:00 - 14/11/2025 11:45:00","BZN|FR","Sequence Sequence 2","16.90","",""
"14/11/2025 11:30:00 - 14/11/2025 11:45:00","BZN|FR","Without Sequence","16.90","",""
"14/11/2025 11:45:00 - 14/11/2025 12:00:00","BZN|FR","Sequence Sequence 2","16.79","",""
"14/11/2025 11:45:00 - 14/11/2025 12:00:00","BZN|FR","Without Sequence","16.79","",""
"14/11/2025 12:00:00 - 14/11/2025 12:15:00","BZN|FR","Sequence Sequence 2","21.00","",""
"14/11/2025 12:00:00 - 14/11/2025 12:15:00","BZN|FR","Without Sequence","21.00","",""
"14/11/2025 12:15:00 - 14/11/2025 12:30:00","BZN|FR","Sequence Sequence 2","21.84","",""
"14/11/2025 12:15:00 - 14/11/2025 12:30:00","BZN|FR","Without Sequence","21.84","",""
"14/11/2025 12:30:00 - 14/11/2025 12:45:00","BZN|FR","Sequence Sequence 2","22.55","",""
"14/11/2025 12:30:00 - 14/11/2025 12:45:00","BZN|FR","Without Sequence","22.55","",""
"14/11/2025 12:45:00 - 14/11/2025 13:00:00","BZN|FR","Sequence Sequence 2","18.73","",""
"14/11/2025 12:45:00 - 14/11/2025 13:00:00","BZN|FR","Without Sequence","18.73","",""
"14/11/2025 13:00:00 - 14/11/2025 13:15:00","BZN|FR","Sequence Sequence 2","17.74","",""
"14/11/2025 13:00:00 - 14/11/2025 13:15:00","BZN|FR","Without Sequence","17.74","",""
"14/11/2025 13:15:00 - 14/11/2025 13:30:00","BZN|FR","Sequence Sequence 2","16.90","",""
"14/11/2025 13:15:00 - 14/11/2025 13:30:00","BZN|FR","Without Sequence","16.90","",""
"14/11/2025 13:30:00 - 14/11/2025 13:45:00","BZN|FR","Sequence Sequence 2","16.90","",""
"14/11/2025 13:30:00 - 14/11/2025 13:45:00","BZN|FR","Without Sequence","16.90","",""
"14/11/2025 13:45:00 - 14/11/2025 14:00:00","BZN|FR","Sequence Sequence 2","16.79","",""
"14/11/2025 13:45:00 - 14/11/2025 14:00:00","BZN|FR","Without Sequence","16.79","",""
"14/11/2025 14:00:00 - 14/11/2025 14:15:00","BZN|FR","Sequence Sequence 2","16.79","",""
"14/11/2025 14:00:00 - 14/11/2025 14:15:00","BZN|FR","Without Sequence","16.79","",""
"14/11/2025 14:15:00 - 14/11/2025 14:30:00","BZN|FR","Sequence Sequence 2","20.56","",""
"14/11/2025 14:15:00 - 14/11/2025 14:30:00","BZN|FR","Without Sequence","20.56","",""
"14/11/2025 14:30:00 - 14/11/2025 14:45:00","BZN|FR","Sequence Sequence 2","22.81","",""
"14/11/2025 14:30:00 - 14/11/2025 14:45:00","BZN|FR","Without Sequence","22.81","",""
"14/11/2025 14:45:00 - 14/11/2025 15:00:00","BZN|FR","Sequence Sequence 2","23.07","",""
"14/11/2025 14:45:00 - 14/11/2025 15:00:00","BZN|FR","Without Sequence","23.07","",""
"14/11/2025 15:00:00 - 14/11/2025 15:15:00","BZN|FR","Sequence Sequence 2","22.85","",""
"14/11/2025 15:00:00 - 14/11/2025 15:15:00","BZN|FR","Without Sequence","22.85","",""
"14/11/2025 15:15:00 - 14/11/2025 15:30:00","BZN|FR","Sequence Sequence 2","23.20","",""
"14/11/2025 15:15:00 - 14/11/2025 15:30:00","BZN|FR","Without Sequence","23.20","",""
"14/11/2025 15:30:00 - 14/11/2025 15:45:00","BZN|FR","Sequence Sequence 2","24.43","",""
"14/11/2025 15:30:00 - 14/11/2025 15:45:00","BZN|FR","Without Sequence","24.43","",""
"14/11/2025 15:45:00 - 14/11/2025 16:00:00","BZN|FR","Sequence Sequence 2","25.00","",""
"14/11/2025 15:45:00 - 14/11/2025 16:00:00","BZN|FR","Without Sequence","25.00","",""
"14/11/2025 16:00:00 - 14/11/2025 16:15:00","BZN|FR","Sequence Sequence 2","20.05","",""
"14/11/2025 16:00:00 - 14/11/2025 16:15:00","BZN|FR","Without Sequence","20.05","",""
"14/11/2025 16:15:00 - 14/11/2025 16:30:00","BZN|FR","Sequence Sequence 2","21.23","",""
"14/11/2025 16:15:00 - 14/11/2025 16:30:00","BZN|FR","Without Sequence","21.23","",""
"14/11/2025 16:30:00 - 14/11/2025 16:45:00","BZN|FR","Sequence Sequence 2","27.09","",""
"14/11/2025 16:30:00 - 14/11/2025 16:45:00","BZN|FR","Without Sequence","27.09","",""
"14/11/2025 16:45:00 - 14/11/2025 17:00:00","BZN|FR","Sequence Sequence 2","39.31","",""
"14/11/2025 16:45:00 - 14/11/2025 17:00:00","BZN|FR","Without Sequence","39.31","",""
"14/11/2025 17:00:00 - 14/11/2025 17:15:00","BZN|FR","Sequence Sequence 2","13.01","",""
"14/11/2025 17:00:00 - 14/11/2025 17:15:00","BZN|FR","Without Sequence","13.01","",""
"14/11/2025 17:15:00 - 14/11/2025 17:30:00","BZN|FR","Sequence Sequence 2","24.51","",""
"14/11/2025 17:15:00 - 14/11/2025 17:30:00","BZN|FR","Without Sequence","24.51","",""
"14/11/2025 17:30:00 - 14/11/2025 17:45:00","BZN|FR","Sequence Sequence 2","50.52","",""
"14/11/2025 17:30:00 - 14/11/2025 17:45:00","BZN|FR","Without Sequence","50.52","",""
"14/11/2025 17:45:00 - 14/11/2025 18:00:00","BZN|FR","Sequence Sequence 2","52.82","",""
"14/11/2025 17:45:00 - 14/11/2025 18:00:00","BZN|FR","Without Sequence","52.82","",""
"14/11/2025 18:00:00 - 14/11/2025 18:15:00","BZN|FR","Sequence Sequence 2","51.24","",""
"14/11/2025 18:00:00 - 14/11/2025 18:15:00","BZN|FR","Without Sequence","51.24","",""
"14/11/2025 18:15:00 - 14/11/2025 18:30:00","BZN|FR","Sequence Sequence 2","52.82","",""
"14/11/2025 18:15:00 - 14/11/2025 18:30:00","BZN|FR","Without Sequence","52.82","",""
"14/11/2025 18:30:00 - 14/11/2025 18:45:00","BZN|FR","Sequence Sequence 2","55.68","",""
"14/11/2025 18:30:00 - 14/11/2025 18:45:00","BZN|FR","Without Sequence","55.68","",""
"14/11/2025 18:45:00 - 14/11/2025 19:00:00","BZN|FR","Sequence Sequence 2","60.00","",""
"14/11/2025 18:45:00 - 14/11/2025 19:00:00","BZN|FR","Without Sequence","60.00","",""
"14/11/2025 19:00:00 - 14/11/2025 19:15:00","BZN|FR","Sequence Sequence 2","60.95","",""
"14/11/2025 19:00:00 - 14/11/2025 19:15:00","BZN|FR","Without Sequence","60.95","",""
"14/11/2025 19:15:00 - 14/11/2025 19:30:00","BZN|FR","Sequence Sequence 2","62.02","",""
"14/11/2025 19:15:00 - 14/11/2025 19:30:00","BZN|FR","Without Sequence","62.02","",""
"14/11/2025 19:30:00 - 14/11/2025 19:45:00","BZN|FR","Sequence Sequence 2","55.54","",""
"14/11/2025 19:30:00 - 14/11/2025 19:45:00","BZN|FR","Without Sequence","55.54","",""
"14/11/2025 19:45:00 - 14/11/2025 20:00:00","BZN|FR","Sequence Sequence 2","52.30","",""
"14/11/2025 19:45:00 - 14/11/2025 20:00:00","BZN|FR","Without Sequence","52.30","",""
"14/11/2025 20:00:00 - 14/11/2025 20:15:00","BZN|FR","Sequence Sequence 2","60.21","",""
"14/11/2025 20:00:00 - 14/11/2025 20:15:00","BZN|FR","Without Sequence","60.21","",""
"14/11/2025 20:15:00 - 14/11/2025 20:30:00","BZN|FR","Sequence Sequence 2","55.68","",""
"14/11/2025 20:15:00 - 14/11/2025 20:30:00","BZN|FR","Without Sequence","55.68","",""
"14/11/2025 20:30:00 - 14/11/2025 20:45:00","BZN|FR","Sequence Sequence 2","38.86","",""
"14/11/2025 20:30:00 - 14/11/2025 20:45:00","BZN|FR","Without Sequence","38.86","",""
"14/11/2025 20:45:00 - 14/11/2025 21:00:00","BZN|FR","Sequence Sequence 2","25.53","",""
"14/11/2025 20:45:00 - 14/11/2025 21:00:00","BZN|FR","Without Sequence","25.53","",""
"14/11/2025 21:00:00 - 14/11/2025 21:15:00","BZN|FR","Sequence Sequence 2","34.65","",""
"14/11/2025 21:00:00 - 14/11/2025 21:15:00","BZN|FR","Without Sequence","34.65","",""
"14/11/2025 21:15:00 - 14/11/2025 21:30:00","BZN|FR","Sequence Sequence 2","33.10","",""
"14/11/2025 21:15:00 - 14/11/2025 21:30:00","BZN|FR","Without Sequence","33.10","",""
"14/11/2025 21:30:00 - 14/11/2025 21:45:00","BZN|FR","Sequence Sequence 2","32.99","",""
"14/11/2025 21:30:00 - 14/11/2025 21:45:00","BZN|FR","Without Sequence","32.99","",""
"14/11/2025 21:45:00 - 14/11/2025 22:00:00","BZN|FR","Sequence Sequence 2","32.29","",""
"14/11/2025 21:45:00 - 14/11/2025 22:00:00","BZN|FR","Without Sequence","32.29","",""
"14/11/2025 22:00:00 - 14/11/2025 22:15:00","BZN|FR","Sequence Sequence 2","34.84","",""
"14/11/2025 22:00:00 - 14/11/2025 22:15:00","BZN|FR","Without Sequence","34.84","",""
"14/11/2025 22:15:00 - 14/11/2025 22:30:00","BZN|FR","Sequence Sequence 2","39.22","",""
"14/11/2025 22:15:00 - 14/11/2025 22:30:00","BZN|FR","Without Sequence","39.22","",""
"14/11/2025 22:30:00 - 14/11/2025 22:45:00","BZN|FR","Sequence Sequence 2","41.22","",""
"14/11/2025 22:30:00 - 14/11/2025 22:45:00","BZN|FR","Without Sequence","41.22","",""
"14/11/2025 22:45:00 - 14/11/2025 23:00:00","BZN|FR","Sequence Sequence 2","39.67","",""
"14/11/2025 22:45:00 - 14/11/2025 23:00:00","BZN|FR","Without Sequence","39.67","",""
"14/11/2025 23:00:00 - 14/11/2025 23:15:00","BZN|FR","Sequence Sequence 2","40.10","",""
"14/11/2025 23:00:00 - 14/11/2025 23:15:00","BZN|FR","Without Sequence","40.10","",""
"14/11/2025 23:15:00 - 14/11/2025 23:30:00","BZN|FR","Sequence Sequence 2","33.43","",""
"14/11/2025 23:15:00 - 14/11/2025 23:30:00","BZN|FR","Without Sequence","33.43","",""
"14/11/2025 23:30:00 - 14/11/2025 23:45:00","BZN|FR","Sequence Sequence 2","30.00","",""
"14/11/2025 23:30:00 - 14/11/2025 23:45:00","BZN|FR","Without Sequence","30.00","",""
"14/11/2025 23:45:00 - 15/11/2025 00:00:00","BZN|FR","Sequence Sequence 2","29.60","",""
"14/11/2025 23:45:00 - 15/11/2025 00:00:00","BZN|FR","Without Sequence","29.60","",""
"15/11/2025 00:00:00 - 15/11/2025 00:15:00","BZN|FR","Sequence Sequence 2","31.50","",""
"15/11/2025 00:00:00 - 15/11/2025 00:15:00","BZN|FR","Without Sequence","31.50","",""
"15/11/2025 00:15:00 - 15/11/2025 00:30:00","BZN|FR","Sequence Sequence 2","22.20","",""
"15/11/2025 00:15:00 - 15/11/2025 00:30:00","BZN|FR","Without Sequence","22.20","",""
"15/11/2025 00:30:00 - 15/11/2025 00:45:00","BZN|FR","Sequence Sequence 2","21.14","",""
"15/11/2025 00:30:00 - 15/11/2025 00:45:00","BZN|FR","Without Sequence","21.14","",""
"15/11/2025 00:45:00 - 15/11/2025 01:00:00","BZN|FR","Sequence Sequence 2","17.11","",""
"15/11/2025 00:45:00 - 15/11/2025 01:00:00","BZN|FR","Without Sequence","17.11","",""
"15/11/2025 01:00:00 - 15/11/2025 01:15:00","BZN|FR","Sequence Sequence 2","23.04","",""
"15/11/2025 01:00:00 - 15/11/2025 01:15:00","BZN|FR","Without Sequence","23.04","",""
"15/11/2025 01:15:00 - 15/11/2025 01:30:00","BZN|FR","Sequence Sequence 2","19.10","",""
"15/11/2025 01:15:00 - 15/11/2025 01:30:00","BZN|FR","Without Sequence","19.10","",""
"15/11/2025 01:30:00 - 15/11/2025 01:45:00","BZN|FR","Sequence Sequence 2","19.51","",""
"15/11/2025 01:30:00 - 15/11/2025 01:45:00","BZN|FR","Without Sequence","19.51","",""
"15/11/2025 01:45:00 - 15/11/2025 02:00:00","BZN|FR","Sequence Sequence 2","17.37","",""
"15/11/2025 01:45:00 - 15/11/2025 02:00:00","BZN|FR","Without Sequence","17.37","",""
"15/11/2025 02:00:00 - 15/11/2025 02:15:00","BZN|FR","Sequence Sequence 2","18.92","",""
"15/11/2025 02:00:00 - 15/11/2025 02:15:00","BZN|FR","Without Sequence","18.92","",""
"15/11/2025 02:15:00 - 15/11/2025 02:30:00","BZN|FR","Sequence Sequence 2","17.37","",""
"15/11/2025 02:15:00 - 15/11/2025 02:30:00","BZN|FR","Without Sequence","17.37","",""
"15/11/2025 02:30:00 - 15/11/2025 02:45:00","BZN|FR","Sequence Sequence 2","17.11","",""
"15/11/2025 02:30:00 - 15/11/2025 02:45:00","BZN|FR","Without Sequence","17.11","",""
"15/11/2025 02:45:00 - 15/11/2025 03:00:00","BZN|FR","Sequence Sequence 2","17.00","",""
"15/11/2025 02:45:00 - 15/11/2025 03:00:00","BZN|FR","Without Sequence","17.00","",""
"15/11/2025 03:00:00 - 15/11/2025 03:15:00","BZN|FR","Sequence Sequence 2","17.03","",""
"15/11/2025 03:00:00 - 15/11/2025 03:15:00","BZN|FR","Without Sequence","17.03","",""
"15/11/2025 03:15:00 - 15/11/2025 03:30:00","BZN|FR","Sequence Sequence 2","17.03","",""
"15/11/2025 03:15:00 - 15/11/2025 03:30:00","BZN|FR","Without Sequence","17.03","",""
"15/11/2025 03:30:00 - 15/11/2025 03:45:00","BZN|FR","Sequence Sequence 2","16.90","",""
"15/11/2025 03:30:00 - 15/11/2025 03:45:00","BZN|FR","Without Sequence","16.90","",""
"15/11/2025 03:45:00 - 15/11/2025 04:00:00","BZN|FR","Sequence Sequence 2","16.57","",""
"15/11/2025 03:45:00 - 15/11/2025 04:00:00","BZN|FR","Without Sequence","16.57","",""
"15/11/2025 04:00:00 - 15/11/2025 04:15:00","BZN|FR","Sequence Sequence 2","16.49","",""
"15/11/2025 04:00:00 - 15/11/2025 04:15:00","BZN|FR","Without Sequence","16.49","",""
"15/11/2025 04:15:00 - 15/11/2025 04:30:00","BZN|FR","Sequence Sequence 2","16.46","",""
"15/11/2025 04:15:00 - 15/11/2025 04:30:00","BZN|FR","Without Sequence","16.46","",""
"15/11/2025 04:30:00 - 15/11/2025 04:45:00","BZN|FR","Sequence Sequence 2","16.46","",""
"15/11/2025 04:30:00 - 15/11/2025 04:45:00","BZN|FR","Without Sequence","16.46","",""
"15/11/2025 04:45:00 - 15/11/2025 05:00:00","BZN|FR","Sequence Sequence 2","16.57","",""
"15/11/2025 04:45:00 - 15/11/2025 05:00:00","BZN|FR","Without Sequence","16.57","",""
"15/11/2025 05:00:00 - 15/11/2025 05:15:00","BZN|FR","Sequence Sequence 2","17.08","",""
"15/11/2025 05:00:00 - 15/11/2025 05:15:00","BZN|FR","Without Sequence","17.08","",""
"15/11/2025 05:15:00 - 15/11/2025 05:30:00","BZN|FR","Sequence Sequence 2","17.03","",""
"15/11/2025 05:15:00 - 15/11/2025 05:30:00","BZN|FR","Without Sequence","17.03","",""
"15/11/2025 05:30:00 - 15/11/2025 05:45:00","BZN|FR","Sequence Sequence 2","17.10","",""
"15/11/2025 05:30:00 - 15/11/2025 05:45:00","BZN|FR","Without Sequence","17.10","",""
"15/11/2025 05:45:00 - 15/11/2025 06:00:00","BZN|FR","Sequence Sequence 2","17.20","",""
"15/11/2025 05:45:00 - 15/11/2025 06:00:00","BZN|FR","Without Sequence","17.20","",""
"15/11/2025 06:00:00 - 15/11/2025 06:15:00","BZN|FR","Sequence Sequence 2","17.20","",""
"15/11/2025 06:00:00 - 15/11/2025 06:15:00","BZN|FR","Without Sequence","17.20","",""
"15/11/2025 06:15:00 - 15/11/2025 06:30:00","BZN|FR","Sequence Sequence 2","18.58","",""
"15/11/2025 06:15:00 - 15/11/2025 06:30:00","BZN|FR","Without Sequence","18.58","",""
"15/11/2025 06:30:00 - 15/11/2025 06:45:00","BZN|FR","Sequence Sequence 2","20.00","",""
"15/11/2025 06:30:00 - 15/11/2025 06:45:00","BZN|FR","Without Sequence","20.00","",""
"15/11/2025 06:45:00 - 15/11/2025 07:00:00","BZN|FR","Sequence Sequence 2","22.79","",""
"15/11/2025 06:45:00 - 15/11/2025 07:00:00","BZN|FR","Without Sequence","22.79","",""
"15/11/2025 07:00:00 - 15/11/2025 07:15:00","BZN|FR","Sequence Sequence 2","20.00","",""
"15/11/2025 07:00:00 - 15/11/2025 07:15:00","BZN|FR","Without Sequence","20.00","",""
"15/11/2025 07:15:00 - 15/11/2025 07:30:00","BZN|FR","Sequence Sequence 2","19.59","",""
"15/11/2025 07:15:00 - 15/11/2025 07:30:00","BZN|FR","Without Sequence","19.59","",""
"15/11/2025 07:30:00 - 15/11/2025 07:45:00","BZN|FR","Sequence Sequence 2","20.61","",""
"15/11/2025 07:30:00 - 15/11/2025 07:45:00","BZN|FR","Without Sequence","20.61","",""
"15/11/2025 07:45:00 - 15/11/2025 08:00:00","BZN|FR","Sequence Sequence 2","25.00","",""
"15/11/2025 07:45:00 - 15/11/2025 08:00:00","BZN|FR","Without Sequence","25.00","",""
"15/11/2025 08:00:00 - 15/11/2025 08:15:00","BZN|FR","Sequence Sequence 2","34.00","",""
"15/11/2025 08:00:00 - 15/11/2025 08:15:00","BZN|FR","Without Sequence","34.00","",""
"15/11/2025 08:15:00 - 15/11/2025 08:30:00","BZN|FR","Sequence Sequence 2","34.00","",""
"15/11/2025 08:15:00 - 15/11/2025 08:30:00","BZN|FR","Without Sequence","34.00","",""
"15/11/2025 08:30:00 - 15/11/2025 08:45:00","BZN|FR","Sequence Sequence 2","29.90","",""
"15/11/2025 08:30:00 - 15/11/2025 08:45:00","BZN|FR","Without Sequence","29.90","",""
"15/11/2025 08:45:00 - 15/11/2025 09:00:00","BZN|FR","Sequence Sequence 2","25.00","",""
"15/11/2025 08:45:00 - 15/11/2025 09:00:00","BZN|FR","Without Sequence","25.00","",""
"15/11/2025 09:00:00 - 15/11/2025 09:15:00","BZN|FR","Sequence Sequence 2","35.01","",""
"15/11/2025 09:00:00 - 15/11/2025 09:15:00","BZN|FR","Without Sequence","35.01","",""
"15/11/2025 09:15:00 - 15/11/2025 09:30:00","BZN|FR","Sequence Sequence 2","30.00","",""
"15/11/2025 09:15:00 - 15/11/2025 09:30:00","BZN|FR","Without Sequence","30.00","",""
"15/11/2025 09:30:00 - 15/11/2025 09:45:00","BZN|FR","Sequence Sequence 2","31.50","",""
"15/11/2025 09:30:00 - 15/11/2025 09:45:00","BZN|FR","Without Sequence","31.50","",""
"15/11/2025 09:45:00 - 15/11/2025 10:00:00","BZN|FR","Sequence Sequence 2","18.91","",""
"15/11/2025 09:45:00 - 15/11/2025 10:00:00","BZN|FR","Without Sequence","18.91","",""
"15/11/2025 10:00:00 - 15/11/2025 10:15:00","BZN|FR","Sequence Sequence 2","33.00","",""
"15/11/2025 10:00:00 - 15/11/2025 10:15:00","BZN|FR","Without Sequence","33.00","",""
"15/11/2025 10:15:00 - 15/11/2025 10:30:00","BZN|FR","Sequence Sequence 2","21.80","",""
"15/11/2025 10:15:00 - 15/11/2025 10:30:00","BZN|FR","Without Sequence","21.80","",""
"15/11/2025 10:30:00 - 15/11/2025 10:45:00","BZN|FR","Sequence Sequence 2","23.98","",""
"15/11/2025 10:30:00 - 15/11/2025 10:45:00","BZN|FR","Without Sequence","23.98","",""
"15/11/2025 10:45:00 - 15/11/2025 11:00:00","BZN|FR","Sequence Sequence 2","18.49","",""
"15/11/2025 10:45:00 - 15/11/2025 11:00:00","BZN|FR","Without Sequence","18.49","",""
"15/11/2025 11:00:00 - 15/11/2025 11:15:00","BZN|FR","Sequence Sequence 2","19.57","",""
"15/11/2025 11:00:00 - 15/11/2025 11:15:00","BZN|FR","Without Sequence","19.57","",""
"15/11/2025 11:15:00 - 15/11/2025 11:30:00","BZN|FR","Sequence Sequence 2","18.07","",""
"15/11/2025 11:15:00 - 15/11/2025 11:30:00","BZN|FR","Without Sequence","18.07","",""
"15/11/2025 11:30:00 - 15/11/2025 11:45:00","BZN|FR","Sequence Sequence 2","17.50","",""
"15/11/2025 11:30:00 - 15/11/2025 11:45:00","BZN|FR","Without Sequence","17.50","",""
"15/11/2025 11:45:00 - 15/11/2025 12:00:00","BZN|FR","Sequence Sequence 2","17.50","",""
"15/11/2025 11:45:00 - 15/11/2025 12:00:00","BZN|FR","Without Sequence","17.50","",""
"15/11/2025 12:00:00 - 15/11/2025 12:15:00","BZN|FR","Sequence Sequence 2","21.10","",""
"15/11/2025 12:00:00 - 15/11/2025 12:15:00","BZN|FR","Without Sequence","21.10","",""
"15/11/2025 12:15:00 - 15/11/2025 12:30:00","BZN|FR","Sequence Sequence 2","20.31","",""
"15/11/2025 12:15:00 - 15/11/2025 12:30:00","BZN|FR","Without Sequence","20.31","",""
"15/11/2025 12:30:00 - 15/11/2025 12:45:00","BZN|FR","Sequence Sequence 2","26.13","",""
"15/11/2025 12:30:00 - 15/11/2025 12:45:00","BZN|FR","Without Sequence","26.13","",""
"15/11/2025 12:45:00 - 15/11/2025 13:00:00","BZN|FR","Sequence Sequence 2","31.34","",""
"15/11/2025 12:45:00 - 15/11/2025 13:00:00","BZN|FR","Without Sequence","31.34","",""
"15/11/2025 13:00:00 - 15/11/2025 13:15:00","BZN|FR","Sequence Sequence 2","21.63","",""
"15/11/2025 13:00:00 - 15/11/2025 13:15:00","BZN|FR","Without Sequence","21.63","",""
"15/11/2025 13:15:00 - 15/11/2025 13:30:00","BZN|FR","Sequence Sequence 2","24.38","",""
"15/11/2025 13:15:00 - 15/11/2025 13:30:00","BZN|FR","Without Sequence","24.38","",""
"15/11/2025 13:30:00 - 15/11/2025 13:45:00","BZN|FR","Sequence Sequence 2","23.77","",""
"15/11/2025 13:30:00 - 15/11/2025 13:45:00","BZN|FR","Without Sequence","23.77","",""
"15/11/2025 13:45:00 - 15/11/2025 14:00:00","BZN|FR","Sequence Sequence 2","28.60","",""
"15/11/2025 13:45:00 - 15/11/2025 14:00:00","BZN|FR","Without Sequence","28.60","",""
"15/11/2025 14:00:00 - 15/11/2025 14:15:00","BZN|FR","Sequence Sequence 2","25.00","",""
"15/11/2025 14:00:00 - 15/11/2025 14:15:00","BZN|FR","Without Sequence","25.00","",""
"15/11/2025 14:15:00 - 15/11/2025 14:30:00","BZN|FR","Sequence Sequence 2","32.00","",""
"15/11/2025 14:15:00 - 15/11/2025 14:30:00","BZN|FR","Without Sequence","32.00","",""
"15/11/2025 14:30:00 - 15/11/2025 14:45:00","BZN|FR","Sequence Sequence 2","35.01","",""
"15/11/2025 14:30:00 - 15/11/2025 14:45:00","BZN|FR","Without Sequence","35.01","",""
"15/11/2025 14:45:00 - 15/11/2025 15:00:00","BZN|FR","Sequence Sequence 2","35.01","",""
"15/11/2025 14:45:00 - 15/11/2025 15:00:00","BZN|FR","Without Sequence","35.01","",""
"15/11/2025 15:00:00 - 15/11/2025 15:15:00","BZN|FR","Sequence Sequence 2","35.00","",""
"15/11/2025 15:00:00 - 15/11/2025 15:15:00","BZN|FR","Without Sequence","35.00","",""
"15/11/2025 15:15:00 - 15/11/2025 15:30:00","BZN|FR","Sequence Sequence 2","35.01","",""
"15/11/2025 15:15:00 - 15/11/2025 15:30:00","BZN|FR","Without Sequence","35.01","",""
"15/11/2025 15:30:00 - 15/11/2025 15:45:00","BZN|FR","Sequence Sequence 2","35.01","",""
"15/11/2025 15:30:00 - 15/11/2025 15:45:00","BZN|FR","Without Sequence","35.01","",""
"15/11/2025 15:45:00 - 15/11/2025 16:00:00","BZN|FR","Sequence Sequence 2","39.37","",""
"15/11/2025 15:45:00 - 15/11/2025 16:00:00","BZN|FR","Without Sequence","39.37","",""
"15/11/2025 16:00:00 - 15/11/2025 16:15:00","BZN|FR","Sequence Sequence 2","35.02","",""
"15/11/2025 16:00:00 - 15/11/2025 16:15:00","BZN|FR","Without Sequence","35.02","",""
"15/11/2025 16:15:00 - 15/11/2025 16:30:00","BZN|FR","Sequence Sequence 2","39.37","",""
"15/11/2025 16:15:00 - 15/11/2025 16:30:00","BZN|FR","Without Sequence","39.37","",""
"15/11/2025 16:30:00 - 15/11/2025 16:45:00","BZN|FR","Sequence Sequence 2","42.65","",""
"15/11/2025 16:30:00 - 15/11/2025 16:45:00","BZN|FR","Without Sequence","42.65","",""
"15/11/2025 16:45:00 - 15/11/2025 17:00:00","BZN|FR","Sequence Sequence 2","45.92","",""
"15/11/2025 16:45:00 - 15/11/2025 17:00:00","BZN|FR","Without Sequence","45.92","",""
"15/11/2025 17:00:00 - 15/11/2025 17:15:00","BZN|FR","Sequence Sequence 2","40.00","",""
"15/11/2025 17:00:00 - 15/11/2025 17:15:00","BZN|FR","Without Sequence","40.00","",""
"15/11/2025 17:15:00 - 15/11/2025 17:30:00","BZN|FR","Sequence Sequence 2","46.31","",""
"15/11/2025 17:15:00 - 15/11/2025 17:30:00","BZN|FR","Without Sequence","46.31","",""
"15/11/2025 17:30:00 - 15/11/2025 17:45:00","BZN|FR","Sequence Sequence 2","50.00","",""
"15/11/2025 17:30:00 - 15/11/2025 17:45:00","BZN|FR","Without Sequence","50.00","",""
"15/11/2025 17:45:00 - 15/11/2025 18:00:00","BZN|FR","Sequence Sequence 2","56.35","",""
"15/11/2025 17:45:00 - 15/11/2025 18:00:00","BZN|FR","Without Sequence","56.35","",""
"15/11/2025 18:00:00 - 15/11/2025 18:15:00","BZN|FR","Sequence Sequence 2","55.57","",""
"15/11/2025 18:00:00 - 15/11/2025 18:15:00","BZN|FR","Without Sequence","55.57","",""
"15/11/2025 18:15:00 - 15/11/2025 18:30:00","BZN|FR","Sequence Sequence 2","61.50","",""
"15/11/2025 18:15:00 - 15/11/2025 18:30:00","BZN|FR","Without Sequence","61.50","",""
"15/11/2025 18:30:00 - 15/11/2025 18:45:00","BZN|FR","Sequence Sequence 2","69.68","",""
"15/11/2025 18:30:00 - 15/11/2025 18:45:00","BZN|FR","Without Sequence","69.68","",""
"15/11/2025 18:45:00 - 15/11/2025 19:00:00","BZN|FR","Sequence Sequence 2","73.46","",""
"15/11/2025 18:45:00 - 15/11/2025 19:00:00","BZN|FR","Without Sequence","73.46","",""
"15/11/2025 19:00:00 - 15/11/2025 19:15:00","BZN|FR","Sequence Sequence 2","63.37","",""
"15/11/2025 19:00:00 - 15/11/2025 19:15:00","BZN|FR","Without Sequence","63.37","",""
"15/11/2025 19:15:00 - 15/11/2025 19:30:00","BZN|FR","Sequence Sequence 2","60.72","",""
"15/11/2025 19:15:00 - 15/11/2025 19:30:00","BZN|FR","Without Sequence","60.72","",""
"15/11/2025 19:30:00 - 15/11/2025 19:45:00","BZN|FR","Sequence Sequence 2","56.00","",""
"15/11/2025 19:30:00 - 15/11/2025 19:45:00","BZN|FR","Without Sequence","56.00","",""
"15/11/2025 19:45:00 - 15/11/2025 20:00:00","BZN|FR","Sequence Sequence 2","54.38","",""
"15/11/2025 19:45:00 - 15/11/2025 20:00:00","BZN|FR","Without Sequence","54.38","",""
"15/11/2025 20:00:00 - 15/11/2025 20:15:00","BZN|FR","Sequence Sequence 2","51.26","",""
"15/11/2025 20:00:00 - 15/11/2025 20:15:00","BZN|FR","Without Sequence","51.26","",""
"15/11/2025 20:15:00 - 15/11/2025 20:30:00","BZN|FR","Sequence Sequence 2","50.00","",""
"15/11/2025 20:15:00 - 15/11/2025 20:30:00","BZN|FR","Without Sequence","50.00","",""
"15/11/2025 20:30:00 - 15/11/2025 20:45:00","BZN|FR","Sequence Sequence 2","46.16","",""
"15/11/2025 20:30:00 - 15/11/2025 20:45:00","BZN|FR","Without Sequence","46.16","",""
"15/11/2025 20:45:00 - 15/11/2025 21:00:00","BZN|FR","Sequence Sequence 2","38.87","",""
"15/11/2025 20:45:00 - 15/11/2025 21:00:00","BZN|FR","Without Sequence","38.87","",""
"15/11/2025 21:00:00 - 15/11/2025 21:15:00","BZN|FR","Sequence Sequence 2","49.64","",""
"15/11/2025 21:00:00 - 15/11/2025 21:15:00","BZN|FR","Without Sequence","49.64","",""
"15/11/2025 21:15:00 - 15/11/2025 21:30:00","BZN|FR","Sequence Sequence 2","46.16","",""
"15/11/2025 21:15:00 - 15/11/2025 21:30:00","BZN|FR","Without Sequence","46.16","",""
"15/11/2025 21:30:00 - 15/11/2025 21:45:00","BZN|FR","Sequence Sequence 2","42.01","",""
"15/11/2025 21:30:00 - 15/11/2025 21:45:00","BZN|FR","Without Sequence","42.01","",""
"15/11/2025 21:45:00 - 15/11/2025 22:00:00","BZN|FR","Sequence Sequence 2","25.72","",""
"15/11/2025 21:45:00 - 15/11/2025 22:00:00","BZN|FR","Without Sequence","25.72","",""
"15/11/2025 22:00:00 - 15/11/2025 22:15:00","BZN|FR","Sequence Sequence 2","44.74","",""
"15/11/2025 22:00:00 - 15/11/2025 22:15:00","BZN|FR","Without Sequence","44.74","",""
"15/11/2025 22:15:00 - 15/11/2025 22:30:00","BZN|FR","Sequence Sequence 2","39.77","",""
"15/11/2025 22:15:00 - 15/11/2025 22:30:00","BZN|FR","Without Sequence","39.77","",""
"15/11/2025 22:30:00 - 15/11/2025 22:45:00","BZN|FR","Sequence Sequence 2","40.83","",""
"15/11/2025 22:30:00 - 15/11/2025 22:45:00","BZN|FR","Without Sequence","40.83","",""
"15/11/2025 22:45:00 - 15/11/2025 23:00:00","BZN|FR","Sequence Sequence 2","39.37","",""
"15/11/2025 22:45:00 - 15/11/2025 23:00:00","BZN|FR","Without Sequence","39.37","",""
"15/11/2025 23:00:00 - 15/11/2025 23:15:00","BZN|FR","Sequence Sequence 2","42.99","",""
"15/11/2025 23:00:00 - 15/11/2025 23:15:00","BZN|FR","Without Sequence","42.99","",""
"15/11/2025 23:15:00 - 15/11/2025 23:30:00","BZN|FR","Sequence Sequence 2","39.37","",""
"15/11/2025 23:15:00 - 15/11/2025 23:30:00","BZN|FR","Without Sequence","39.37","",""
"15/11/2025 23:30:00 - 15/11/2025 23:45:00","BZN|FR","Sequence Sequence 2","36.68","",""
"15/11/2025 23:30:00 - 15/11/2025 23:45:00","BZN|FR","Without Sequence","36.68","",""
"15/11/2025 23:45:00 - 16/11/2025 00:00:00","BZN|FR","Sequence Sequence 2","35.02","",""
"15/11/2025 23:45:00 - 16/11/2025 00:00:00","BZN|FR","Without Sequence","35.02","",""
"16/11/2025 00:00:00 - 16/11/2025 00:15:00","BZN|FR","Sequence Sequence 2","45.00","",""
"16/11/2025 00:00:00 - 16/11/2025 00:15:00","BZN|FR","Without Sequence","45.00","",""
"16/11/2025 00:15:00 - 16/11/2025 00:30:00","BZN|FR","Sequence Sequence 2","41.36","",""
"16/11/2025 00:15:00 - 16/11/2025 00:30:00","BZN|FR","Without Sequence","41.36","",""
"16/11/2025 00:30:00 - 16/11/2025 00:45:00","BZN|FR","Sequence Sequence 2","29.90","",""
"16/11/2025 00:30:00 - 16/11/2025 00:45:00","BZN|FR","Without Sequence","29.90","",""
"16/11/2025 00:45:00 - 16/11/2025 01:00:00","BZN|FR","Sequence Sequence 2","25.00","",""
"16/11/2025 00:45:00 - 16/11/2025 01:00:00","BZN|FR","Without Sequence","25.00","",""
"16/11/2025 01:00:00 - 16/11/2025 01:15:00","BZN|FR","Sequence Sequence 2","33.12","",""
"16/11/2025 01:00:00 - 16/11/2025 01:15:00","BZN|FR","Without Sequence","33.12","",""
"16/11/2025 01:15:00 - 16/11/2025 01:30:00","BZN|FR","Sequence Sequence 2","29.80","",""
"16/11/2025 01:15:00 - 16/11/2025 01:30:00","BZN|FR","Without Sequence","29.80","",""
"16/11/2025 01:30:00 - 16/11/2025 01:45:00","BZN|FR","Sequence Sequence 2","29.90","",""
"16/11/2025 01:30:00 - 16/11/2025 01:45:00","BZN|FR","Without Sequence","29.90","",""
"16/11/2025 01:45:00 - 16/11/2025 02:00:00","BZN|FR","Sequence Sequence 2","25.00","",""
"16/11/2025 01:45:00 - 16/11/2025 02:00:00","BZN|FR","Without Sequence","25.00","",""
"16/11/2025 02:00:00 - 16/11/2025 02:15:00","BZN|FR","Sequence Sequence 2","29.70","",""
"16/11/2025 02:00:00 - 16/11/2025 02:15:00","BZN|FR","Without Sequence","29.70","",""
"16/11/2025 02:15:00 - 16/11/2025 02:30:00","BZN|FR","Sequence Sequence 2","24.19","",""
"16/11/2025 02:15:00 - 16/11/2025 02:30:00","BZN|FR","Without Sequence","24.19","",""
"16/11/2025 02:30:00 - 16/11/2025 02:45:00","BZN|FR","Sequence Sequence 2","25.00","",""
"16/11/2025 02:30:00 - 16/11/2025 02:45:00","BZN|FR","Without Sequence","25.00","",""
"16/11/2025 02:45:00 - 16/11/2025 03:00:00","BZN|FR","Sequence Sequence 2","24.20","",""
"16/11/2025 02:45:00 - 16/11/2025 03:00:00","BZN|FR","Without Sequence","24.20","",""
"16/11/2025 03:00:00 - 16/11/2025 03:15:00","BZN|FR","Sequence Sequence 2","24.20","",""
"16/11/2025 03:00:00 - 16/11/2025 03:15:00","BZN|FR","Without Sequence","24.20","",""
"16/11/2025 03:15:00 - 16/11/2025 03:30:00","BZN|FR","Sequence Sequence 2","23.50","",""
"16/11/2025 03:15:00 - 16/11/2025 03:30:00","BZN|FR","Without Sequence","23.50","",""
"16/11/2025 03:30:00 - 16/11/2025 03:45:00","BZN|FR","Sequence Sequence 2","23.37","",""
"16/11/2025 03:30:00 - 16/11/2025 03:45:00","BZN|FR","Without Sequence","23.37","",""
"16/11/2025 03:45:00 - 16/11/2025 04:00:00","BZN|FR","Sequence Sequence 2","23.24","",""
"16/11/2025 03:45:00 - 16/11/2025 04:00:00","BZN|FR","Without Sequence","23.24","",""
"16/11/2025 04:00:00 - 16/11/2025 04:15:00","BZN|FR","Sequence Sequence 2","23.11","",""
"16/11/2025 04:00:00 - 16/11/2025 04:15:00","BZN|FR","Without Sequence","23.11","",""
"16/11/2025 04:15:00 - 16/11/2025 04:30:00","BZN|FR","Sequence Sequence 2","22.98","",""
"16/11/2025 04:15:00 - 16/11/2025 04:30:00","BZN|FR","Without Sequence","22.98","",""
"16/11/2025 04:30:00 - 16/11/2025 04:45:00","BZN|FR","Sequence Sequence 2","22.85","",""
"16/11/2025 04:30:00 - 16/11/2025 04:45:00","BZN|FR","Without Sequence","22.85","",""
"16/11/2025 04:45:00 - 16/11/2025 05:00:00","BZN|FR","Sequence Sequence 2","22.85","",""
"16/11/2025 04:45:00 - 16/11/2025 05:00:00","BZN|FR","Without Sequence","22.85","",""
"16/11/2025 05:00:00 - 16/11/2025 05:15:00","BZN|FR","Sequence Sequence 2","22.98","",""
"16/11/2025 05:00:00 - 16/11/2025 05:15:00","BZN|FR","Without Sequence","22.98","",""
"16/11/2025 05:15:00 - 16/11/2025 05:30:00","BZN|FR","Sequence Sequence 2","22.98","",""
"16/11/2025 05:15:00 - 16/11/2025 05:30:00","BZN|FR","Without Sequence","22.98","",""
"16/11/2025 05:30:00 - 16/11/2025 05:45:00","BZN|FR","Sequence Sequence 2","23.11","",""
"16/11/2025 05:30:00 - 16/11/2025 05:45:00","BZN|FR","Without Sequence","23.11","",""
"16/11/2025 05:45:00 - 16/11/2025 06:00:00","BZN|FR","Sequence Sequence 2","23.24","",""
"16/11/2025 05:45:00 - 16/11/2025 06:00:00","BZN|FR","Without Sequence","23.24","",""
"16/11/2025 06:00:00 - 16/11/2025 06:15:00","BZN|FR","Sequence Sequence 2","23.82","",""
"16/11/2025 06:00:00 - 16/11/2025 06:15:00","BZN|FR","Without Sequence","23.82","",""
"16/11/2025 06:15:00 - 16/11/2025 06:30:00","BZN|FR","Sequence Sequence 2","24.00","",""
"16/11/2025 06:15:00 - 16/11/2025 06:30:00","BZN|FR","Without Sequence","24.00","",""
"16/11/2025 06:30:00 - 16/11/2025 06:45:00","BZN|FR","Sequence Sequence 2","24.72","",""
"16/11/2025 06:30:00 - 16/11/2025 06:45:00","BZN|FR","Without Sequence","24.72","",""
"16/11/2025 06:45:00 - 16/11/2025 07:00:00","BZN|FR","Sequence Sequence 2","23.82","",""
"16/11/2025 06:45:00 - 16/11/2025 07:00:00","BZN|FR","Without Sequence","23.82","",""
"16/11/2025 07:00:00 - 16/11/2025 07:15:00","BZN|FR","Sequence Sequence 2","28.49","",""
"16/11/2025 07:00:00 - 16/11/2025 07:15:00","BZN|FR","Without Sequence","28.49","",""
"16/11/2025 07:15:00 - 16/11/2025 07:30:00","BZN|FR","Sequence Sequence 2","32.10","",""
"16/11/2025 07:15:00 - 16/11/2025 07:30:00","BZN|FR","Without Sequence","32.10","",""
"16/11/2025 07:30:00 - 16/11/2025 07:45:00","BZN|FR","Sequence Sequence 2","31.00","",""
"16/11/2025 07:30:00 - 16/11/2025 07:45:00","BZN|FR","Without Sequence","31.00","",""
"16/11/2025 07:45:00 - 16/11/2025 08:00:00","BZN|FR","Sequence Sequence 2","32.72","",""
"16/11/2025 07:45:00 - 16/11/2025 08:00:00","BZN|FR","Without Sequence","32.72","",""
"16/11/2025 08:00:00 - 16/11/2025 08:15:00","BZN|FR","Sequence Sequence 2","23.82","",""
"16/11/2025 08:00:00 - 16/11/2025 08:15:00","BZN|FR","Without Sequence","23.82","",""
"16/11/2025 08:15:00 - 16/11/2025 08:30:00","BZN|FR","Sequence Sequence 2","23.11","",""
"16/11/2025 08:15:00 - 16/11/2025 08:30:00","BZN|FR","Without Sequence","23.11","",""
"16/11/2025 08:30:00 - 16/11/2025 08:45:00","BZN|FR","Sequence Sequence 2","23.50","",""
"16/11/2025 08:30:00 - 16/11/2025 08:45:00","BZN|FR","Without Sequence","23.50","",""
"16/11/2025 08:45:00 - 16/11/2025 09:00:00","BZN|FR","Sequence Sequence 2","21.46","",""
"16/11/2025 08:45:00 - 16/11/2025 09:00:00","BZN|FR","Without Sequence","21.46","",""
"16/11/2025 09:00:00 - 16/11/2025 09:15:00","BZN|FR","Sequence Sequence 2","24.71","",""
"16/11/2025 09:00:00 - 16/11/2025 09:15:00","BZN|FR","Without Sequence","24.71","",""
"16/11/2025 09:15:00 - 16/11/2025 09:30:00","BZN|FR","Sequence Sequence 2","20.83","",""
"16/11/2025 09:15:00 - 16/11/2025 09:30:00","BZN|FR","Without Sequence","20.83","",""
"16/11/2025 09:30:00 - 16/11/2025 09:45:00","BZN|FR","Sequence Sequence 2","15.00","",""
"16/11/2025 09:30:00 - 16/11/2025 09:45:00","BZN|FR","Without Sequence","15.00","",""
"16/11/2025 09:45:00 - 16/11/2025 10:00:00","BZN|FR","Sequence Sequence 2","26.14","",""
"16/11/2025 09:45:00 - 16/11/2025 10:00:00","BZN|FR","Without Sequence","26.14","",""
"16/11/2025 10:00:00 - 16/11/2025 10:15:00","BZN|FR","Sequence Sequence 2","21.48","",""
"16/11/2025 10:00:00 - 16/11/2025 10:15:00","BZN|FR","Without Sequence","21.48","",""
"16/11/2025 10:15:00 - 16/11/2025 10:30:00","BZN|FR","Sequence Sequence 2","17.25","",""
"16/11/2025 10:15:00 - 16/11/2025 10:30:00","BZN|FR","Without Sequence","17.25","",""
"16/11/2025 10:30:00 - 16/11/2025 10:45:00","BZN|FR","Sequence Sequence 2","3.66","",""
"16/11/2025 10:30:00 - 16/11/2025 10:45:00","BZN|FR","Without Sequence","3.66","",""
"16/11/2025 10:45:00 - 16/11/2025 11:00:00","BZN|FR","Sequence Sequence 2","14.70","",""
"16/11/2025 10:45:00 - 16/11/2025 11:00:00","BZN|FR","Without Sequence","14.70","",""
"16/11/2025 11:00:00 - 16/11/2025 11:15:00","BZN|FR","Sequence Sequence 2","16.92","",""
"16/11/2025 11:00:00 - 16/11/2025 11:15:00","BZN|FR","Without Sequence","16.92","",""
"16/11/2025 11:15:00 - 16/11/2025 11:30:00","BZN|FR","Sequence Sequence 2","23.28","",""
"16/11/2025 11:15:00 - 16/11/2025 11:30:00","BZN|FR","Without Sequence","23.28","",""
"16/11/2025 11:30:00 - 16/11/2025 11:45:00","BZN|FR","Sequence Sequence 2","15.65","",""
"16/11/2025 11:30:00 - 16/11/2025 11:45:00","BZN|FR","Without Sequence","15.65","",""
"16/11/2025 11:45:00 - 16/11/2025 12:00:00","BZN|FR","Sequence Sequence 2","31.36","",""
"16/11/2025 11:45:00 - 16/11/2025 12:00:00","BZN|FR","Without Sequence","31.36","",""
"16/11/2025 12:00:00 - 16/11/2025 12:15:00","BZN|FR","Sequence Sequence 2","42.09","",""
"16/11/2025 12:00:00 - 16/11/2025 12:15:00","BZN|FR","Without Sequence","42.09","",""
"16/11/2025 12:15:00 - 16/11/2025 12:30:00","BZN|FR","Sequence Sequence 2","43.74","",""
"16/11/2025 12:15:00 - 16/11/2025 12:30:00","BZN|FR","Without Sequence","43.74","",""
"16/11/2025 12:30:00 - 16/11/2025 12:45:00","BZN|FR","Sequence Sequence 2","66.03","",""
"16/11/2025 12:30:00 - 16/11/2025 12:45:00","BZN|FR","Without Sequence","66.03","",""
"16/11/2025 12:45:00 - 16/11/2025 13:00:00","BZN|FR","Sequence Sequence 2","56.95","",""
"16/11/2025 12:45:00 - 16/11/2025 13:00:00","BZN|FR","Without Sequence","56.95","",""
"16/11/2025 13:00:00 - 16/11/2025 13:15:00","BZN|FR","Sequence Sequence 2","47.07","",""
"16/11/2025 13:00:00 - 16/11/2025 13:15:00","BZN|FR","Without Sequence","47.07","",""
"16/11/2025 13:15:00 - 16/11/2025 13:30:00","BZN|FR","Sequence Sequence 2","9.52","",""
"16/11/2025 13:15:00 - 16/11/2025 13:30:00","BZN|FR","Without Sequence","9.52","",""
"16/11/2025 13:30:00 - 16/11/2025 13:45:00","BZN|FR","Sequence Sequence 2","18.25","",""
"16/11/2025 13:30:00 - 16/11/2025 13:45:00","BZN|FR","Without Sequence","18.25","",""
"16/11/2025 13:45:00 - 16/11/2025 14:00:00","BZN|FR","Sequence Sequence 2","19.35","",""
"16/11/2025 13:45:00 - 16/11/2025 14:00:00","BZN|FR","Without Sequence","19.35","",""
"16/11/2025 14:00:00 - 16/11/2025 14:15:00","BZN|FR","Sequence Sequence 2","7.18","",""
"16/11/2025 14:00:00 - 16/11/2025 14:15:00","BZN|FR","Without Sequence","7.18","",""
"16/11/2025 14:15:00 - 16/11/2025 14:30:00","BZN|FR","Sequence Sequence 2","15.25","",""
"16/11/2025 14:15:00 - 16/11/2025 14:30:00","BZN|FR","Without Sequence","15.25","",""
"16/11/2025 14:30:00 - 16/11/2025 14:45:00","BZN|FR","Sequence Sequence 2","15.13","",""
"16/11/2025 14:30:00 - 16/11/2025 14:45:00","BZN|FR","Without Sequence","15.13","",""
"16/11/2025 14:45:00 - 16/11/2025 15:00:00","BZN|FR","Sequence Sequence 2","30.13","",""
"16/11/2025 14:45:00 - 16/11/2025 15:00:00","BZN|FR","Without Sequence","30.13","",""
"16/11/2025 15:00:00 - 16/11/2025 15:15:00","BZN|FR","Sequence Sequence 2","12.03","",""
"16/11/2025 15:00:00 - 16/11/2025 15:15:00","BZN|FR","Without Sequence","12.03","",""
"16/11/2025 15:15:00 - 16/11/2025 15:30:00","BZN|FR","Sequence Sequence 2","9.91","",""
"16/11/2025 15:15:00 - 16/11/2025 15:30:00","BZN|FR","Without Sequence","9.91","",""
"16/11/2025 15:30:00 - 16/11/2025 15:45:00","BZN|FR","Sequence Sequence 2","6.01","",""
"16/11/2025 15:30:00 - 16/11/2025 15:45:00","BZN|FR","Without Sequence","6.01","",""
"16/11/2025 15:45:00 - 16/11/2025 16:00:00","BZN|FR","Sequence Sequence 2","22.00","",""
"16/11/2025 15:45:00 - 16/11/2025 16:00:00","BZN|FR","Without Sequence","22.00","",""
"16/11/2025 16:00:00 - 16/11/2025 16:15:00","BZN|FR","Sequence Sequence 2","12.14","",""
"16/11/2025 16:00:00 - 16/11/2025 16:15:00","BZN|FR","Without Sequence","12.14","",""
"16/11/2025 16:15:00 - 16/11/2025 16:30:00","BZN|FR","Sequence Sequence 2","17.62","",""
"16/11/2025 16:15:00 - 16/11/2025 16:30:00","BZN|FR","Without Sequence","17.62","",""
"16/11/2025 16:30:00 - 16/11/2025 16:45:00","BZN|FR","Sequence Sequence 2","20.70","",""
"16/11/2025 16:30:00 - 16/11/2025 16:45:00","BZN|FR","Without Sequence","20.70","",""
"16/11/2025 16:45:00 - 16/11/2025 17:00:00","BZN|FR","Sequence Sequence 2","29.80","",""
"16/11/2025 16:45:00 - 16/11/2025 17:00:00","BZN|FR","Without Sequence","29.80","",""
"16/11/2025 17:00:00 - 16/11/2025 17:15:00","BZN|FR","Sequence Sequence 2","35.40","",""
"16/11/2025 17:00:00 - 16/11/2025 17:15:00","BZN|FR","Without Sequence","35.40","",""
"16/11/2025 17:15:00 - 16/11/2025 17:30:00","BZN|FR","Sequence Sequence 2","49.44","",""
"16/11/2025 17:15:00 - 16/11/2025 17:30:00","BZN|FR","Without Sequence","49.44","",""
"16/11/2025 17:30:00 - 16/11/2025 17:45:00","BZN|FR","Sequence Sequence 2","54.12","",""
"16/11/2025 17:30:00 - 16/11/2025 17:45:00","BZN|FR","Without Sequence","54.12","",""
"16/11/2025 17:45:00 - 16/11/2025 18:00:00","BZN|FR","Sequence Sequence 2","70.00","",""
"16/11/2025 17:45:00 - 16/11/2025 18:00:00","BZN|FR","Without Sequence","70.00","",""
"16/11/2025 18:00:00 - 16/11/2025 18:15:00","BZN|FR","Sequence Sequence 2","59.46","",""
"16/11/2025 18:00:00 - 16/11/2025 18:15:00","BZN|FR","Without Sequence","59.46","",""
"16/11/2025 18:15:00 - 16/11/2025 18:30:00","BZN|FR","Sequence Sequence 2","70.99","",""
"16/11/2025 18:15:00 - 16/11/2025 18:30:00","BZN|FR","Without Sequence","70.99","",""
"16/11/2025 18:30:00 - 16/11/2025 18:45:00","BZN|FR","Sequence Sequence 2","75.00","",""
"16/11/2025 18:30:00 - 16/11/2025 18:45:00","BZN|FR","Without Sequence","75.00","",""
"16/11/2025 18:45:00 - 16/11/2025 19:00:00","BZN|FR","Sequence Sequence 2","85.00","",""
"16/11/2025 18:45:00 - 16/11/2025 19:00:00","BZN|FR","Without Sequence","85.00","",""
"16/11/2025 19:00:00 - 16/11/2025 19:15:00","BZN|FR","Sequence Sequence 2","80.80","",""
"16/11/2025 19:00:00 - 16/11/2025 19:15:00","BZN|FR","Without Sequence","80.80","",""
"16/11/2025 19:15:00 - 16/11/2025 19:30:00","BZN|FR","Sequence Sequence 2","80.96","",""
"16/11/2025 19:15:00 - 16/11/2025 19:30:00","BZN|FR","Without Sequence","80.96","",""
"16/11/2025 19:30:00 - 16/11/2025 19:45:00","BZN|FR","Sequence Sequence 2","83.00","",""
"16/11/2025 19:30:00 - 16/11/2025 19:45:00","BZN|FR","Without Sequence","83.00","",""
"16/11/2025 19:45:00 - 16/11/2025 20:00:00","BZN|FR","Sequence Sequence 2","79.29","",""
"16/11/2025 19:45:00 - 16/11/2025 20:00:00","BZN|FR","Without Sequence","79.29","",""
"16/11/2025 20:00:00 - 16/11/2025 20:15:00","BZN|FR","Sequence Sequence 2","81.94","",""
"16/11/2025 20:00:00 - 16/11/2025 20:15:00","BZN|FR","Without Sequence","81.94","",""
"16/11/2025 20:15:00 - 16/11/2025 20:30:00","BZN|FR","Sequence Sequence 2","76.11","",""
"16/11/2025 20:15:00 - 16/11/2025 20:30:00","BZN|FR","Without Sequence","76.11","",""
"16/11/2025 20:30:00 - 16/11/2025 20:45:00","BZN|FR","Sequence Sequence 2","69.91","",""
"16/11/2025 20:30:00 - 16/11/2025 20:45:00","BZN|FR","Without Sequence","69.91","",""
"16/11/2025 20:45:00 - 16/11/2025 21:00:00","BZN|FR","Sequence Sequence 2","60.64","",""
"16/11/2025 20:45:00 - 16/11/2025 21:00:00","BZN|FR","Without Sequence","60.64","",""
"16/11/2025 21:00:00 - 16/11/2025 21:15:00","BZN|FR","Sequence Sequence 2","80.98","",""
"16/11/2025 21:00:00 - 16/11/2025 21:15:00","BZN|FR","Without Sequence","80.98","",""
"16/11/2025 21:15:00 - 16/11/2025 21:30:00","BZN|FR","Sequence Sequence 2","62.99","",""
"16/11/2025 21:15:00 - 16/11/2025 21:30:00","BZN|FR","Without Sequence","62.99","",""
"16/11/2025 21:30:00 - 16/11/2025 21:45:00","BZN|FR","Sequence Sequence 2","56.59","",""
"16/11/2025 21:30:00 - 16/11/2025 21:45:00","BZN|FR","Without Sequence","56.59","",""
"16/11/2025 21:45:00 - 16/11/2025 22:00:00","BZN|FR","Sequence Sequence 2","46.41","",""
"16/11/2025 21:45:00 - 16/11/2025 22:00:00","BZN|FR","Without Sequence","46.41","",""
"16/11/2025 22:00:00 - 16/11/2025 22:15:00","BZN|FR","Sequence Sequence 2","52.03","",""
"16/11/2025 22:00:00 - 16/11/2025 22:15:00","BZN|FR","Without Sequence","52.03","",""
"16/11/2025 22:15:00 - 16/11/2025 22:30:00","BZN|FR","Sequence Sequence 2","61.13","",""
"16/11/2025 22:15:00 - 16/11/2025 22:30:00","BZN|FR","Without Sequence","61.13","",""
"16/11/2025 22:30:00 - 16/11/2025 22:45:00","BZN|FR","Sequence Sequence 2","74.97","",""
"16/11/2025 22:30:00 - 16/11/2025 22:45:00","BZN|FR","Without Sequence","74.97","",""
"16/11/2025 22:45:00 - 16/11/2025 23:00:00","BZN|FR","Sequence Sequence 2","73.00","",""
"16/11/2025 22:45:00 - 16/11/2025 23:00:00","BZN|FR","Without Sequence","73.00","",""
"16/11/2025 23:00:00 - 16/11/2025 23:15:00","BZN|FR","Sequence Sequence 2","68.04","",""
"16/11/2025 23:00:00 - 16/11/2025 23:15:00","BZN|FR","Without Sequence","68.04","",""
"16/11/2025 23:15:00 - 16/11/2025 23:30:00","BZN|FR","Sequence Sequence 2","60.00","",""
"16/11/2025 23:15:00 - 16/11/2025 23:30:00","BZN|FR","Without Sequence","60.00","",""
"16/11/2025 23:30:00 - 16/11/2025 23:45:00","BZN|FR","Sequence Sequence 2","60.31","",""
"16/11/2025 23:30:00 - 16/11/2025 23:45:00","BZN|FR","Without Sequence","60.31","",""
"16/11/2025 23:45:00 - 17/11/2025 00:00:00","BZN|FR","Sequence Sequence 2","50.75","",""
"16/11/2025 23:45:00 - 17/11/2025 00:00:00","BZN|FR","Without Sequence","50.75","",""
"17/11/2025 00:00:00 - 17/11/2025 00:15:00","BZN|FR","Without Sequence","73.80","",""
"17/11/2025 00:15:00 - 17/11/2025 00:30:00","BZN|FR","Without Sequence","41.37","",""
"17/11/2025 00:30:00 - 17/11/2025 00:45:00","BZN|FR","Without Sequence","35.05","",""
"17/11/2025 00:45:00 - 17/11/2025 01:00:00","BZN|FR","Without Sequence","24.14","",""
"17/11/2025 01:00:00 - 17/11/2025 01:15:00","BZN|FR","Without Sequence","63.53","",""
"17/11/2025 01:15:00 - 17/11/2025 01:30:00","BZN|FR","Without Sequence","49.46","",""
"17/11/2025 01:30:00 - 17/11/2025 01:45:00","BZN|FR","Without Sequence","51.67","",""
"17/11/2025 01:45:00 - 17/11/2025 02:00:00","BZN|FR","Without Sequence","38.25","",""
"17/11/2025 02:00:00 - 17/11/2025 02:15:00","BZN|FR","Without Sequence","59.55","",""
"17/11/2025 02:15:00 - 17/11/2025 02:30:00","BZN|FR","Without Sequence","51.85","",""
"17/11/2025 02:30:00 - 17/11/2025 02:45:00","BZN|FR","Without Sequence","37.16","",""
"17/11/2025 02:45:00 - 17/11/2025 03:00:00","BZN|FR","Without Sequence","23.54","",""
"17/11/2025 03:00:00 - 17/11/2025 03:15:00","BZN|FR","Without Sequence","42.04","",""
"17/11/2025 03:15:00 - 17/11/2025 03:30:00","BZN|FR","Without Sequence","28.39","",""
"17/11/2025 03:30:00 - 17/11/2025 03:45:00","BZN|FR","Without Sequence","19.98","",""
"17/11/2025 03:45:00 - 17/11/2025 04:00:00","BZN|FR","Without Sequence","16.78","",""
"17/11/2025 04:00:00 - 17/11/2025 04:15:00","BZN|FR","Without Sequence","23.37","",""
"17/11/2025 04:15:00 - 17/11/2025 04:30:00","BZN|FR","Without Sequence","15.39","",""
"17/11/2025 04:30:00 - 17/11/2025 04:45:00","BZN|FR","Without Sequence","0.00","",""
"17/11/2025 04:45:00 - 17/11/2025 05:00:00","BZN|FR","Without Sequence","8.60","",""
"17/11/2025 05:00:00 - 17/11/2025 05:15:00","BZN|FR","Without Sequence","19.91","",""
"17/11/2025 05:15:00 - 17/11/2025 05:30:00","BZN|FR","Without Sequence","34.15","",""
"17/11/2025 05:30:00 - 17/11/2025 05:45:00","BZN|FR","Without Sequence","29.00","",""
"17/11/2025 05:45:00 - 17/11/2025 06:00:00","BZN|FR","Without Sequence","19.58","",""
"17/11/2025 06:00:00 - 17/11/2025 06:15:00","BZN|FR","Without Sequence","18.11","",""
"17/11/2025 06:15:00 - 17/11/2025 06:30:00","BZN|FR","Without Sequence","29.33","",""
"17/11/2025 06:30:00 - 17/11/2025 06:45:00","BZN|FR","Without Sequence","45.87","",""
"17/11/2025 06:45:00 - 17/11/2025 07:00:00","BZN|FR","Without Sequence","49.74","",""
"17/11/2025 07:00:00 - 17/11/2025 07:15:00","BZN|FR","Without Sequence","75.75","",""
"17/11/2025 07:15:00 - 17/11/2025 07:30:00","BZN|FR","Without Sequence","77.64","",""
"17/11/2025 07:30:00 - 17/11/2025 07:45:00","BZN|FR","Without Sequence","90.87","",""
"17/11/2025 07:45:00 - 17/11/2025 08:00:00","BZN|FR","Without Sequence","92.53","",""
"17/11/2025 08:00:00 - 17/11/2025 08:15:00","BZN|FR","Without Sequence","124.32","",""
"17/11/2025 08:15:00 - 17/11/2025 08:30:00","BZN|FR","Without Sequence","84.28","",""
"17/11/2025 08:30:00 - 17/11/2025 08:45:00","BZN|FR","Without Sequence","86.06","",""
"17/11/2025 08:45:00 - 17/11/2025 09:00:00","BZN|FR","Without Sequence","62.45","",""
"17/11/2025 09:00:00 - 17/11/2025 09:15:00","BZN|FR","Without Sequence","98.65","",""
"17/11/2025 09:15:00 - 17/11/2025 09:30:00","BZN|FR","Without Sequence","69.63","",""
"17/11/2025 09:30:00 - 17/11/2025 09:45:00","BZN|FR","Without Sequence","73.25","",""
"17/11/2025 09:45:00 - 17/11/2025 10:00:00","BZN|FR","Without Sequence","62.87","",""
"17/11/2025 10:00:00 - 17/11/2025 10:15:00","BZN|FR","Without Sequence","76.03","",""
"17/11/2025 10:15:00 - 17/11/2025 10:30:00","BZN|FR","Without Sequence","64.73","",""
"17/11/2025 10:30:00 - 17/11/2025 10:45:00","BZN|FR","Without Sequence","63.16","",""
"17/11/2025 10:45:00 - 17/11/2025 11:00:00","BZN|FR","Without Sequence","48.33","",""
"17/11/2025 11:00:00 - 17/11/2025 11:15:00","BZN|FR","Without Sequence","63.40","",""
"17/11/2025 11:15:00 - 17/11/2025 11:30:00","BZN|FR","Without Sequence","62.10","",""
"17/11/2025 11:30:00 - 17/11/2025 11:45:00","BZN|FR","Without Sequence","54.00","",""
"17/11/2025 11:45:00 - 17/11/2025 12:00:00","BZN|FR","Without Sequence","49.24","",""
"17/11/2025 12:00:00 - 17/11/2025 12:15:00","BZN|FR","Without Sequence","58.49","",""
"17/11/2025 12:15:00 - 17/11/2025 12:30:00","BZN|FR","Without Sequence","53.26","",""
"17/11/2025 12:30:00 - 17/11/2025 12:45:00","BZN|FR","Without Sequence","50.83","",""
"17/11/2025 12:45:00 - 17/11/2025 13:00:00","BZN|FR","Without Sequence","41.21","",""
"17/11/2025 13:00:00 - 17/11/2025 13:15:00","BZN|FR","Without Sequence","40.37","",""
"17/11/2025 13:15:00 - 17/11/2025 13:30:00","BZN|FR","Without Sequence","39.85","",""
"17/11/2025 13:30:00 - 17/11/2025 13:45:00","BZN|FR","Without Sequence","38.30","",""
"17/11/2025 13:45:00 - 17/11/2025 14:00:00","BZN|FR","Without Sequence","37.88","",""
"17/11/2025 14:00:00 - 17/11/2025 14:15:00","BZN|FR","Without Sequence","35.00","",""
"17/11/2025 14:15:00 - 17/11/2025 14:30:00","BZN|FR","Without Sequence","38.27","",""
"17/11/2025 14:30:00 - 17/11/2025 14:45:00","BZN|FR","Without Sequence","38.09","",""
"17/11/2025 14:45:00 - 17/11/2025 15:00:00","BZN|FR","Without Sequence","39.12","",""
"17/11/2025 15:00:00 - 17/11/2025 15:15:00","BZN|FR","Without Sequence","39.98","",""
"17/11/2025 15:15:00 - 17/11/2025 15:30:00","BZN|FR","Without Sequence","40.24","",""
"17/11/2025 15:30:00 - 17/11/2025 15:45:00","BZN|FR","Without Sequence","45.81","",""
"17/11/2025 15:45:00 - 17/11/2025 16:00:00","BZN|FR","Without Sequence","60.00","",""
"17/11/2025 16:00:00 - 17/11/2025 16:15:00","BZN|FR","Without Sequence","55.04","",""
"17/11/2025 16:15:00 - 17/11/2025 16:30:00","BZN|FR","Without Sequence","63.30","",""
"17/11/2025 16:30:00 - 17/11/2025 16:45:00","BZN|FR","Without Sequence","72.17","",""
"17/11/2025 16:45:00 - 17/11/2025 17:00:00","BZN|FR","Without Sequence","86.92","",""
"17/11/2025 17:00:00 - 17/11/2025 17:15:00","BZN|FR","Without Sequence","79.70","",""
"17/11/2025 17:15:00 - 17/11/2025 17:30:00","BZN|FR","Without Sequence","87.00","",""
"17/11/2025 17:30:00 - 17/11/2025 17:45:00","BZN|FR","Without Sequence","98.27","",""
"17/11/2025 17:45:00 - 17/11/2025 18:00:00","BZN|FR","Without Sequence","105.00","",""
"17/11/2025 18:00:00 - 17/11/2025 18:15:00","BZN|FR","Without Sequence","105.00","",""
"17/11/2025 18:15:00 - 17/11/2025 18:30:00","BZN|FR","Without Sequence","114.32","",""
"17/11/2025 18:30:00 - 17/11/2025 18:45:00","BZN|FR","Without Sequence","115.85","",""
"17/11/2025 18:45:00 - 17/11/2025 19:00:00","BZN|FR","Without Sequence","116.10","",""
"17/11/2025 19:00:00 - 17/11/2025 19:15:00","BZN|FR","Without Sequence","114.59","",""
"17/11/2025 19:15:00 - 17/11/2025 19:30:00","BZN|FR","Without Sequence","112.22","",""
"17/11/2025 19:30:00 - 17/11/2025 19:45:00","BZN|FR","Without Sequence","108.72","",""
"17/11/2025 19:45:00 - 17/11/2025 20:00:00","BZN|FR","Without Sequence","107.41","",""
"17/11/2025 20:00:00 - 17/11/2025 20:15:00","BZN|FR","Without Sequence","107.98","",""
"17/11/2025 20:15:00 - 17/11/2025 20:30:00","BZN|FR","Without Sequence","107.40","",""
"17/11/2025 20:30:00 - 17/11/2025 20:45:00","BZN|FR","Without Sequence","104.54","",""
"17/11/2025 20:45:00 - 17/11/2025 21:00:00","BZN|FR","Without Sequence","95.00","",""
"17/11/2025 21:00:00 - 17/11/2025 21:15:00","BZN|FR","Without Sequence","90.22","",""
"17/11/2025 21:15:00 - 17/11/2025 21:30:00","BZN|FR","Without Sequence","91.42","",""
"17/11/2025 21:30:00 - 17/11/2025 21:45:00","BZN|FR","Without Sequence","85.39","",""
"17/11/2025 21:45:00 - 17/11/2025 22:00:00","BZN|FR","Without Sequence","85.35","",""
"17/11/2025 22:00:00 - 17/11/2025 22:15:00","BZN|FR","Without Sequence","90.62","",""
"17/11/2025 22:15:00 - 17/11/2025 22:30:00","BZN|FR","Without Sequence","87.50","",""
"17/11/2025 22:30:00 - 17/11/2025 22:45:00","BZN|FR","Without Sequence","87.03","",""
"17/11/2025 22:45:00 - 17/11/2025 23:00:00","BZN|FR","Without Sequence","84.72","",""
"17/11/2025 23:00:00 - 17/11/2025 23:15:00","BZN|FR","Without Sequence","87.03","",""
"17/11/2025 23:15:00 - 17/11/2025 23:30:00","BZN|FR","Without Sequence","83.22","",""
"17/11/2025 23:30:00 - 17/11/2025 23:45:00","BZN|FR","Without Sequence","78.39","",""
"17/11/2025 23:45:00 - 18/11/2025 00:00:00","BZN|FR","Without Sequence","72.00","",""
"18/11/2025 00:00:00 - 18/11/2025 00:15:00","BZN|FR","Without Sequence","89.07","",""
"18/11/2025 00:15:00 - 18/11/2025 00:30:00","BZN|FR","Without Sequence","83.52","",""
"18/11/2025 00:30:00 - 18/11/2025 00:45:00","BZN|FR","Without Sequence","73.38","",""
"18/11/2025 00:45:00 - 18/11/2025 01:00:00","BZN|FR","Without Sequence","70.00","",""
"18/11/2025 01:00:00 - 18/11/2025 01:15:00","BZN|FR","Without Sequence","79.70","",""
"18/11/2025 01:15:00 - 18/11/2025 01:30:00","BZN|FR","Without Sequence","75.99","",""
"18/11/2025 01:30:00 - 18/11/2025 01:45:00","BZN|FR","Without Sequence","74.06","",""
"18/11/2025 01:45:00 - 18/11/2025 02:00:00","BZN|FR","Without Sequence","72.02","",""
"18/11/2025 02:00:00 - 18/11/2025 02:15:00","BZN|FR","Without Sequence","72.02","",""
"18/11/2025 02:15:00 - 18/11/2025 02:30:00","BZN|FR","Without Sequence","72.02","",""
"18/11/2025 02:30:00 - 18/11/2025 02:45:00","BZN|FR","Without Sequence","72.02","",""
"18/11/2025 02:45:00 - 18/11/2025 03:00:00","BZN|FR","Without Sequence","70.05","",""
"18/11/2025 03:00:00 - 18/11/2025 03:15:00","BZN|FR","Without Sequence","72.02","",""
"18/11/2025 03:15:00 - 18/11/2025 03:30:00","BZN|FR","Without Sequence","70.00","",""
"18/11/2025 03:30:00 - 18/11/2025 03:45:00","BZN|FR","Without Sequence","68.06","",""
"18/11/2025 03:45:00 - 18/11/2025 04:00:00","BZN|FR","Without Sequence","67.62","",""
"18/11/2025 04:00:00 - 18/11/2025 04:15:00","BZN|FR","Without Sequence","66.87","",""
"18/11/2025 04:15:00 - 18/11/2025 04:30:00","BZN|FR","Without Sequence","66.99","",""
"18/11/2025 04:30:00 - 18/11/2025 04:45:00","BZN|FR","Without Sequence","70.00","",""
"18/11/2025 04:45:00 - 18/11/2025 05:00:00","BZN|FR","Without Sequence","70.99","",""
"18/11/2025 05:00:00 - 18/11/2025 05:15:00","BZN|FR","Without Sequence","68.64","",""
"18/11/2025 05:15:00 - 18/11/2025 05:30:00","BZN|FR","Without Sequence","66.59","",""
"18/11/2025 05:30:00 - 18/11/2025 05:45:00","BZN|FR","Without Sequence","68.65","",""
"18/11/2025 05:45:00 - 18/11/2025 06:00:00","BZN|FR","Without Sequence","73.25","",""
"18/11/2025 06:00:00 - 18/11/2025 06:15:00","BZN|FR","Without Sequence","81.47","",""
"18/11/2025 06:15:00 - 18/11/2025 06:30:00","BZN|FR","Without Sequence","90.90","",""
"18/11/2025 06:30:00 - 18/11/2025 06:45:00","BZN|FR","Without Sequence","93.26","",""
"18/11/2025 06:45:00 - 18/11/2025 07:00:00","BZN|FR","Without Sequence","96.00","",""
"18/11/2025 07:00:00 - 18/11/2025 07:15:00","BZN|FR","Without Sequence","90.78","",""
"18/11/2025 07:15:00 - 18/11/2025 07:30:00","BZN|FR","Without Sequence","102.50","",""
"18/11/2025 07:30:00 - 18/11/2025 07:45:00","BZN|FR","Without Sequence","107.98","",""
"18/11/2025 07:45:00 - 18/11/2025 08:00:00","BZN|FR","Without Sequence","110.91","",""
"18/11/2025 08:00:00 - 18/11/2025 08:15:00","BZN|FR","Without Sequence","135.78","",""
"18/11/2025 08:15:00 - 18/11/2025 08:30:00","BZN|FR","Without Sequence","129.60","",""
"18/11/2025 08:30:00 - 18/11/2025 08:45:00","BZN|FR","Without Sequence","120.16","",""
"18/11/2025 08:45:00 - 18/11/2025 09:00:00","BZN|FR","Without Sequence","102.75","",""
"18/11/2025 09:00:00 - 18/11/2025 09:15:00","BZN|FR","Without Sequence","133.83","",""
"18/11/2025 09:15:00 - 18/11/2025 09:30:00","BZN|FR","Without Sequence","103.81","",""
"18/11/2025 09:30:00 - 18/11/2025 09:45:00","BZN|FR","Without Sequence","80.80","",""
"18/11/2025 09:45:00 - 18/11/2025 10:00:00","BZN|FR","Without Sequence","77.26","",""
"18/11/2025 10:00:00 - 18/11/2025 10:15:00","BZN|FR","Without Sequence","88.02","",""
"18/11/2025 10:15:00 - 18/11/2025 10:30:00","BZN|FR","Without Sequence","85.33","",""
"18/11/2025 10:30:00 - 18/11/2025 10:45:00","BZN|FR","Without Sequence","80.49","",""
"18/11/2025 10:45:00 - 18/11/2025 11:00:00","BZN|FR","Without Sequence","80.60","",""
"18/11/2025 11:00:00 - 18/11/2025 11:15:00","BZN|FR","Without Sequence","73.09","",""
"18/11/2025 11:15:00 - 18/11/2025 11:30:00","BZN|FR","Without Sequence","67.32","",""
"18/11/2025 11:30:00 - 18/11/2025 11:45:00","BZN|FR","Without Sequence","65.59","",""
"18/11/2025 11:45:00 - 18/11/2025 12:00:00","BZN|FR","Without Sequence","62.01","",""
"18/11/2025 12:00:00 - 18/11/2025 12:15:00","BZN|FR","Without Sequence","72.85","",""
"18/11/2025 12:15:00 - 18/11/2025 12:30:00","BZN|FR","Without Sequence","50.67","",""
"18/11/2025 12:30:00 - 18/11/2025 12:45:00","BZN|FR","Without Sequence","75.50","",""
"18/11/2025 12:45:00 - 18/11/2025 13:00:00","BZN|FR","Without Sequence","55.77","",""
"18/11/2025 13:00:00 - 18/11/2025 13:15:00","BZN|FR","Without Sequence","68.00","",""
"18/11/2025 13:15:00 - 18/11/2025 13:30:00","BZN|FR","Without Sequence","48.89","",""
"18/11/2025 13:30:00 - 18/11/2025 13:45:00","BZN|FR","Without Sequence","63.94","",""
"18/11/2025 13:45:00 - 18/11/2025 14:00:00","BZN|FR","Without Sequence","60.55","",""
"18/11/2025 14:00:00 - 18/11/2025 14:15:00","BZN|FR","Without Sequence","58.12","",""
"18/11/2025 14:15:00 - 18/11/2025 14:30:00","BZN|FR","Without Sequence","87.99","",""
"18/11/2025 14:30:00 - 18/11/2025 14:45:00","BZN|FR","Without Sequence","46.95","",""
"18/11/2025 14:45:00 - 18/11/2025 15:00:00","BZN|FR","Without Sequence","79.50","",""
"18/11/2025 15:00:00 - 18/11/2025 15:15:00","BZN|FR","Without Sequence","56.81","",""
"18/11/2025 15:15:00 - 18/11/2025 15:30:00","BZN|FR","Without Sequence","100.70","",""
"18/11/2025 15:30:00 - 18/11/2025 15:45:00","BZN|FR","Without Sequence","97.26","",""
"18/11/2025 15:45:00 - 18/11/2025 16:00:00","BZN|FR","Without Sequence","80.90","",""
"18/11/2025 16:00:00 - 18/11/2025 16:15:00","BZN|FR","Without Sequence","73.50","",""
"18/11/2025 16:15:00 - 18/11/2025 16:30:00","BZN|FR","Without Sequence","98.80","",""
"18/11/2025 16:30:00 - 18/11/2025 16:45:00","BZN|FR","Without Sequence","93.11","",""
"18/11/2025 16:45:00 - 18/11/2025 17:00:00","BZN|FR","Without Sequence","101.02","",""
"18/11/2025 17:00:00 - 18/11/2025 17:15:00","BZN|FR","Without Sequence","88.50","",""
"18/11/2025 17:15:00 - 18/11/2025 17:30:00","BZN|FR","Without Sequence","105.83","",""
"18/11/2025 17:30:00 - 18/11/2025 17:45:00","BZN|FR","Without Sequence","108.72","",""
"18/11/2025 17:45:00 - 18/11/2025 18:00:00","BZN|FR","Without Sequence","121.20","",""
"18/11/2025 18:00:00 - 18/11/2025 18:15:00","BZN|FR","Without Sequence","120.63","",""
"18/11/2025 18:15:00 - 18/11/2025 18:30:00","BZN|FR","Without Sequence","129.23","",""
"18/11/2025 18:30:00 - 18/11/2025 18:45:00","BZN|FR","Without Sequence","136.83","",""
"18/11/2025 18:45:00 - 18/11/2025 19:00:00","BZN|FR","Without Sequence","140.01","",""
"18/11/2025 19:00:00 - 18/11/2025 19:15:00","BZN|FR","Without Sequence","135.01","",""
"18/11/2025 19:15:00 - 18/11/2025 19:30:00","BZN|FR","Without Sequence","133.05","",""
"18/11/2025 19:30:00 - 18/11/2025 19:45:00","BZN|FR","Without Sequence","131.13","",""
"18/11/2025 19:45:00 - 18/11/2025 20:00:00","BZN|FR","Without Sequence","126.26","",""
"18/11/2025 20:00:00 - 18/11/2025 20:15:00","BZN|FR","Without Sequence","111.68","",""
"18/11/2025 20:15:00 - 18/11/2025 20:30:00","BZN|FR","Without Sequence","89.74","",""
"18/11/2025 20:30:00 - 18/11/2025 20:45:00","BZN|FR","Without Sequence","101.07","",""
"18/11/2025 20:45:00 - 18/11/2025 21:00:00","BZN|FR","Without Sequence","97.51","",""
"18/11/2025 21:00:00 - 18/11/2025 21:15:00","BZN|FR","Without Sequence","98.41","",""
"18/11/2025 21:15:00 - 18/11/2025 21:30:00","BZN|FR","Without Sequence","88.10","",""
"18/11/2025 21:30:00 - 18/11/2025 21:45:00","BZN|FR","Without Sequence","93.42","",""
"18/11/2025 21:45:00 - 18/11/2025 22:00:00","BZN|FR","Without Sequence","80.86","",""
"18/11/2025 22:00:00 - 18/11/2025 22:15:00","BZN|FR","Without Sequence","103.00","",""
"18/11/2025 22:15:00 - 18/11/2025 22:30:00","BZN|FR","Without Sequence","97.09","",""
"18/11/2025 22:30:00 - 18/11/2025 22:45:00","BZN|FR","Without Sequence","100.30","",""
"18/11/2025 22:45:00 - 18/11/2025 23:00:00","BZN|FR","Without Sequence","91.32","",""
"18/11/2025 23:00:00 - 18/11/2025 23:15:00","BZN|FR","Without Sequence","97.35","",""
"18/11/2025 23:15:00 - 18/11/2025 23:30:00","BZN|FR","Without Sequence","89.12","",""
"18/11/2025 23:30:00 - 18/11/2025 23:45:00","BZN|FR","Without Sequence","88.85","",""
"18/11/2025 23:45:00 - 19/11/2025 00:00:00","BZN|FR","Without Sequence","84.53","",""
"19/11/2025 00:00:00 - 19/11/2025 00:15:00","BZN|FR","Sequence Sequence 2","91.46","",""
"19/11/2025 00:00:00 - 19/11/2025 00:15:00","BZN|FR","Without Sequence","91.46","",""
"19/11/2025 00:15:00 - 19/11/2025 00:30:00","BZN|FR","Sequence Sequence 2","83.04","",""
"19/11/2025 00:15:00 - 19/11/2025 00:30:00","BZN|FR","Without Sequence","83.04","",""
"19/11/2025 00:30:00 - 19/11/2025 00:45:00","BZN|FR","Sequence Sequence 2","83.32","",""
"19/11/2025 00:30:00 - 19/11/2025 00:45:00","BZN|FR","Without Sequence","83.32","",""
"19/11/2025 00:45:00 - 19/11/2025 01:00:00","BZN|FR","Sequence Sequence 2","62.83","",""
"19/11/2025 00:45:00 - 19/11/2025 01:00:00","BZN|FR","Without Sequence","62.83","",""
"19/11/2025 01:00:00 - 19/11/2025 01:15:00","BZN|FR","Sequence Sequence 2","86.85","",""
"19/11/2025 01:00:00 - 19/11/2025 01:15:00","BZN|FR","Without Sequence","86.85","",""
"19/11/2025 01:15:00 - 19/11/2025 01:30:00","BZN|FR","Sequence Sequence 2","84.70","",""
"19/11/2025 01:15:00 - 19/11/2025 01:30:00","BZN|FR","Without Sequence","84.70","",""
"19/11/2025 01:30:00 - 19/11/2025 01:45:00","BZN|FR","Sequence Sequence 2","87.12","",""
"19/11/2025 01:30:00 - 19/11/2025 01:45:00","BZN|FR","Without Sequence","87.12","",""
"19/11/2025 01:45:00 - 19/11/2025 02:00:00","BZN|FR","Sequence Sequence 2","74.19","",""
"19/11/2025 01:45:00 - 19/11/2025 02:00:00","BZN|FR","Without Sequence","74.19","",""
"19/11/2025 02:00:00 - 19/11/2025 02:15:00","BZN|FR","Sequence Sequence 2","85.77","",""
"19/11/2025 02:00:00 - 19/11/2025 02:15:00","BZN|FR","Without Sequence","85.77","",""
"19/11/2025 02:15:00 - 19/11/2025 02:30:00","BZN|FR","Sequence Sequence 2","79.80","",""
"19/11/2025 02:15:00 - 19/11/2025 02:30:00","BZN|FR","Without Sequence","79.80","",""
"19/11/2025 02:30:00 - 19/11/2025 02:45:00","BZN|FR","Sequence Sequence 2","72.00","",""
"19/11/2025 02:30:00 - 19/11/2025 02:45:00","BZN|FR","Without Sequence","72.00","",""
"19/11/2025 02:45:00 - 19/11/2025 03:00:00","BZN|FR","Sequence Sequence 2","49.26","",""
"19/11/2025 02:45:00 - 19/11/2025 03:00:00","BZN|FR","Without Sequence","49.26","",""
"19/11/2025 03:00:00 - 19/11/2025 03:15:00","BZN|FR","Sequence Sequence 2","78.84","",""
"19/11/2025 03:00:00 - 19/11/2025 03:15:00","BZN|FR","Without Sequence","78.84","",""
"19/11/2025 03:15:00 - 19/11/2025 03:30:00","BZN|FR","Sequence Sequence 2","60.04","",""
"19/11/2025 03:15:00 - 19/11/2025 03:30:00","BZN|FR","Without Sequence","60.04","",""
"19/11/2025 03:30:00 - 19/11/2025 03:45:00","BZN|FR","Sequence Sequence 2","52.27","",""
"19/11/2025 03:30:00 - 19/11/2025 03:45:00","BZN|FR","Without Sequence","52.27","",""
"19/11/2025 03:45:00 - 19/11/2025 04:00:00","BZN|FR","Sequence Sequence 2","38.49","",""
"19/11/2025 03:45:00 - 19/11/2025 04:00:00","BZN|FR","Without Sequence","38.49","",""
"19/11/2025 04:00:00 - 19/11/2025 04:15:00","BZN|FR","Sequence Sequence 2","75.90","",""
"19/11/2025 04:00:00 - 19/11/2025 04:15:00","BZN|FR","Without Sequence","75.90","",""
"19/11/2025 04:15:00 - 19/11/2025 04:30:00","BZN|FR","Sequence Sequence 2","61.82","",""
"19/11/2025 04:15:00 - 19/11/2025 04:30:00","BZN|FR","Without Sequence","61.82","",""
"19/11/2025 04:30:00 - 19/11/2025 04:45:00","BZN|FR","Sequence Sequence 2","56.31","",""
"19/11/2025 04:30:00 - 19/11/2025 04:45:00","BZN|FR","Without Sequence","56.31","",""
"19/11/2025 04:45:00 - 19/11/2025 05:00:00","BZN|FR","Sequence Sequence 2","40.50","",""
"19/11/2025 04:45:00 - 19/11/2025 05:00:00","BZN|FR","Without Sequence","40.50","",""
"19/11/2025 05:00:00 - 19/11/2025 05:15:00","BZN|FR","Sequence Sequence 2","53.54","",""
"19/11/2025 05:00:00 - 19/11/2025 05:15:00","BZN|FR","Without Sequence","53.54","",""
"19/11/2025 05:15:00 - 19/11/2025 05:30:00","BZN|FR","Sequence Sequence 2","69.55","",""
"19/11/2025 05:15:00 - 19/11/2025 05:30:00","BZN|FR","Without Sequence","69.55","",""
"19/11/2025 05:30:00 - 19/11/2025 05:45:00","BZN|FR","Sequence Sequence 2","83.56","",""
"19/11/2025 05:30:00 - 19/11/2025 05:45:00","BZN|FR","Without Sequence","83.56","",""
"19/11/2025 05:45:00 - 19/11/2025 06:00:00","BZN|FR","Sequence Sequence 2","81.72","",""
"19/11/2025 05:45:00 - 19/11/2025 06:00:00","BZN|FR","Without Sequence","81.72","",""
"19/11/2025 06:00:00 - 19/11/2025 06:15:00","BZN|FR","Sequence Sequence 2","89.17","",""
"19/11/2025 06:00:00 - 19/11/2025 06:15:00","BZN|FR","Without Sequence","89.17","",""
"19/11/2025 06:15:00 - 19/11/2025 06:30:00","BZN|FR","Sequence Sequence 2","97.74","",""
"19/11/2025 06:15:00 - 19/11/2025 06:30:00","BZN|FR","Without Sequence","97.74","",""
"19/11/2025 06:30:00 - 19/11/2025 06:45:00","BZN|FR","Sequence Sequence 2","86.04","",""
"19/11/2025 06:30:00 - 19/11/2025 06:45:00","BZN|FR","Without Sequence","86.04","",""
"19/11/2025 06:45:00 - 19/11/2025 07:00:00","BZN|FR","Sequence Sequence 2","102.38","",""
"19/11/2025 06:45:00 - 19/11/2025 07:00:00","BZN|FR","Without Sequence","102.38","",""
"19/11/2025 07:00:00 - 19/11/2025 07:15:00","BZN|FR","Sequence Sequence 2","106.10","",""
"19/11/2025 07:00:00 - 19/11/2025 07:15:00","BZN|FR","Without Sequence","106.10","",""
"19/11/2025 07:15:00 - 19/11/2025 07:30:00","BZN|FR","Sequence Sequence 2","105.99","",""
"19/11/2025 07:15:00 - 19/11/2025 07:30:00","BZN|FR","Without Sequence","105.99","",""
"19/11/2025 07:30:00 - 19/11/2025 07:45:00","BZN|FR","Sequence Sequence 2","98.99","",""
"19/11/2025 07:30:00 - 19/11/2025 07:45:00","BZN|FR","Without Sequence","98.99","",""
"19/11/2025 07:45:00 - 19/11/2025 08:00:00","BZN|FR","Sequence Sequence 2","109.49","",""
"19/11/2025 07:45:00 - 19/11/2025 08:00:00","BZN|FR","Without Sequence","109.49","",""
"19/11/2025 08:00:00 - 19/11/2025 08:15:00","BZN|FR","Sequence Sequence 2","127.73","",""
"19/11/2025 08:00:00 - 19/11/2025 08:15:00","BZN|FR","Without Sequence","127.73","",""
"19/11/2025 08:15:00 - 19/11/2025 08:30:00","BZN|FR","Sequence Sequence 2","120.10","",""
"19/11/2025 08:15:00 - 19/11/2025 08:30:00","BZN|FR","Without Sequence","120.10","",""
"19/11/2025 08:30:00 - 19/11/2025 08:45:00","BZN|FR","Sequence Sequence 2","112.56","",""
"19/11/2025 08:30:00 - 19/11/2025 08:45:00","BZN|FR","Without Sequence","112.56","",""
"19/11/2025 08:45:00 - 19/11/2025 09:00:00","BZN|FR","Sequence Sequence 2","101.56","",""
"19/11/2025 08:45:00 - 19/11/2025 09:00:00","BZN|FR","Without Sequence","101.56","",""
"19/11/2025 09:00:00 - 19/11/2025 09:15:00","BZN|FR","Sequence Sequence 2","111.12","",""
"19/11/2025 09:00:00 - 19/11/2025 09:15:00","BZN|FR","Without Sequence","111.12","",""
"19/11/2025 09:15:00 - 19/11/2025 09:30:00","BZN|FR","Sequence Sequence 2","97.22","",""
"19/11/2025 09:15:00 - 19/11/2025 09:30:00","BZN|FR","Without Sequence","97.22","",""
"19/11/2025 09:30:00 - 19/11/2025 09:45:00","BZN|FR","Sequence Sequence 2","97.12","",""
"19/11/2025 09:30:00 - 19/11/2025 09:45:00","BZN|FR","Without Sequence","97.12","",""
"19/11/2025 09:45:00 - 19/11/2025 10:00:00","BZN|FR","Sequence Sequence 2","92.34","",""
"19/11/2025 09:45:00 - 19/11/2025 10:00:00","BZN|FR","Without Sequence","92.34","",""
"19/11/2025 10:00:00 - 19/11/2025 10:15:00","BZN|FR","Sequence Sequence 2","99.26","",""
"19/11/2025 10:00:00 - 19/11/2025 10:15:00","BZN|FR","Without Sequence","99.26","",""
"19/11/2025 10:15:00 - 19/11/2025 10:30:00","BZN|FR","Sequence Sequence 2","93.06","",""
"19/11/2025 10:15:00 - 19/11/2025 10:30:00","BZN|FR","Without Sequence","93.06","",""
"19/11/2025 10:30:00 - 19/11/2025 10:45:00","BZN|FR","Sequence Sequence 2","92.10","",""
"19/11/2025 10:30:00 - 19/11/2025 10:45:00","BZN|FR","Without Sequence","92.10","",""
"19/11/2025 10:45:00 - 19/11/2025 11:00:00","BZN|FR","Sequence Sequence 2","84.00","",""
"19/11/2025 10:45:00 - 19/11/2025 11:00:00","BZN|FR","Without Sequence","84.00","",""
"19/11/2025 11:00:00 - 19/11/2025 11:15:00","BZN|FR","Sequence Sequence 2","85.98","",""
"19/11/2025 11:00:00 - 19/11/2025 11:15:00","BZN|FR","Without Sequence","85.98","",""
"19/11/2025 11:15:00 - 19/11/2025 11:30:00","BZN|FR","Sequence Sequence 2","78.14","",""
"19/11/2025 11:15:00 - 19/11/2025 11:30:00","BZN|FR","Without Sequence","78.14","",""
"19/11/2025 11:30:00 - 19/11/2025 11:45:00","BZN|FR","Sequence Sequence 2","70.50","",""
"19/11/2025 11:30:00 - 19/11/2025 11:45:00","BZN|FR","Without Sequence","70.50","",""
"19/11/2025 11:45:00 - 19/11/2025 12:00:00","BZN|FR","Sequence Sequence 2","65.00","",""
"19/11/2025 11:45:00 - 19/11/2025 12:00:00","BZN|FR","Without Sequence","65.00","",""
"19/11/2025 12:00:00 - 19/11/2025 12:15:00","BZN|FR","Sequence Sequence 2","80.56","",""
"19/11/2025 12:00:00 - 19/11/2025 12:15:00","BZN|FR","Without Sequence","80.56","",""
"19/11/2025 12:15:00 - 19/11/2025 12:30:00","BZN|FR","Sequence Sequence 2","66.82","",""
"19/11/2025 12:15:00 - 19/11/2025 12:30:00","BZN|FR","Without Sequence","66.82","",""
"19/11/2025 12:30:00 - 19/11/2025 12:45:00","BZN|FR","Sequence Sequence 2","70.50","",""
"19/11/2025 12:30:00 - 19/11/2025 12:45:00","BZN|FR","Without Sequence","70.50","",""
"19/11/2025 12:45:00 - 19/11/2025 13:00:00","BZN|FR","Sequence Sequence 2","65.97","",""
"19/11/2025 12:45:00 - 19/11/2025 13:00:00","BZN|FR","Without Sequence","65.97","",""
"19/11/2025 13:00:00 - 19/11/2025 13:15:00","BZN|FR","Sequence Sequence 2","70.50","",""
"19/11/2025 13:00:00 - 19/11/2025 13:15:00","BZN|FR","Without Sequence","70.50","",""
"19/11/2025 13:15:00 - 19/11/2025 13:30:00","BZN|FR","Sequence Sequence 2","66.85","",""
"19/11/2025 13:15:00 - 19/11/2025 13:30:00","BZN|FR","Without Sequence","66.85","",""
"19/11/2025 13:30:00 - 19/11/2025 13:45:00","BZN|FR","Sequence Sequence 2","67.30","",""
"19/11/2025 13:30:00 - 19/11/2025 13:45:00","BZN|FR","Without Sequence","67.30","",""
"19/11/2025 13:45:00 - 19/11/2025 14:00:00","BZN|FR","Sequence Sequence 2","63.32","",""
"19/11/2025 13:45:00 - 19/11/2025 14:00:00","BZN|FR","Without Sequence","63.32","",""
"19/11/2025 14:00:00 - 19/11/2025 14:15:00","BZN|FR","Sequence Sequence 2","63.32","",""
"19/11/2025 14:00:00 - 19/11/2025 14:15:00","BZN|FR","Without Sequence","63.32","",""
"19/11/2025 14:15:00 - 19/11/2025 14:30:00","BZN|FR","Sequence Sequence 2","70.00","",""
"19/11/2025 14:15:00 - 19/11/2025 14:30:00","BZN|FR","Without Sequence","70.00","",""
"19/11/2025 14:30:00 - 19/11/2025 14:45:00","BZN|FR","Sequence Sequence 2","66.96","",""
"19/11/2025 14:30:00 - 19/11/2025 14:45:00","BZN|FR","Without Sequence","66.96","",""
"19/11/2025 14:45:00 - 19/11/2025 15:00:00","BZN|FR","Sequence Sequence 2","75.96","",""
"19/11/2025 14:45:00 - 19/11/2025 15:00:00","BZN|FR","Without Sequence","75.96","",""
"19/11/2025 15:00:00 - 19/11/2025 15:15:00","BZN|FR","Sequence Sequence 2","73.25","",""
"19/11/2025 15:00:00 - 19/11/2025 15:15:00","BZN|FR","Without Sequence","73.25","",""
"19/11/2025 15:15:00 - 19/11/2025 15:30:00","BZN|FR","Sequence Sequence 2","79.73","",""
"19/11/2025 15:15:00 - 19/11/2025 15:30:00","BZN|FR","Without Sequence","79.73","",""
"19/11/2025 15:30:00 - 19/11/2025 15:45:00","BZN|FR","Sequence Sequence 2","84.57","",""
"19/11/2025 15:30:00 - 19/11/2025 15:45:00","BZN|FR","Without Sequence","84.57","",""
"19/11/2025 15:45:00 - 19/11/2025 16:00:00","BZN|FR","Sequence Sequence 2","91.33","",""
"19/11/2025 15:45:00 - 19/11/2025 16:00:00","BZN|FR","Without Sequence","91.33","",""
"19/11/2025 16:00:00 - 19/11/2025 16:15:00","BZN|FR","Sequence Sequence 2","82.34","",""
"19/11/2025 16:00:00 - 19/11/2025 16:15:00","BZN|FR","Without Sequence","82.34","",""
"19/11/2025 16:15:00 - 19/11/2025 16:30:00","BZN|FR","Sequence Sequence 2","85.30","",""
"19/11/2025 16:15:00 - 19/11/2025 16:30:00","BZN|FR","Without Sequence","85.30","",""
"19/11/2025 16:30:00 - 19/11/2025 16:45:00","BZN|FR","Sequence Sequence 2","91.99","",""
"19/11/2025 16:30:00 - 19/11/2025 16:45:00","BZN|FR","Without Sequence","91.99","",""
"19/11/2025 16:45:00 - 19/11/2025 17:00:00","BZN|FR","Sequence Sequence 2","90.68","",""
"19/11/2025 16:45:00 - 19/11/2025 17:00:00","BZN|FR","Without Sequence","90.68","",""
"19/11/2025 17:00:00 - 19/11/2025 17:15:00","BZN|FR","Sequence Sequence 2","83.00","",""
"19/11/2025 17:00:00 - 19/11/2025 17:15:00","BZN|FR","Without Sequence","83.00","",""
"19/11/2025 17:15:00 - 19/11/2025 17:30:00","BZN|FR","Sequence Sequence 2","99.74","",""
"19/11/2025 17:15:00 - 19/11/2025 17:30:00","BZN|FR","Without Sequence","99.74","",""
"19/11/2025 17:30:00 - 19/11/2025 17:45:00","BZN|FR","Sequence Sequence 2","101.75","",""
"19/11/2025 17:30:00 - 19/11/2025 17:45:00","BZN|FR","Without Sequence","101.75","",""
"19/11/2025 17:45:00 - 19/11/2025 18:00:00","BZN|FR","Sequence Sequence 2","110.96","",""
"19/11/2025 17:45:00 - 19/11/2025 18:00:00","BZN|FR","Without Sequence","110.96","",""
"19/11/2025 18:00:00 - 19/11/2025 18:15:00","BZN|FR","Sequence Sequence 2","110.00","",""
"19/11/2025 18:00:00 - 19/11/2025 18:15:00","BZN|FR","Without Sequence","110.00","",""
"19/11/2025 18:15:00 - 19/11/2025 18:30:00","BZN|FR","Sequence Sequence 2","118.57","",""
"19/11/2025 18:15:00 - 19/11/2025 18:30:00","BZN|FR","Without Sequence","118.57","",""
"19/11/2025 18:30:00 - 19/11/2025 18:45:00","BZN|FR","Sequence Sequence 2","121.95","",""
"19/11/2025 18:30:00 - 19/11/2025 18:45:00","BZN|FR","Without Sequence","121.95","",""
"19/11/2025 18:45:00 - 19/11/2025 19:00:00","BZN|FR","Sequence Sequence 2","121.61","",""
"19/11/2025 18:45:00 - 19/11/2025 19:00:00","BZN|FR","Without Sequence","121.61","",""
"19/11/2025 19:00:00 - 19/11/2025 19:15:00","BZN|FR","Sequence Sequence 2","120.92","",""
"19/11/2025 19:00:00 - 19/11/2025 19:15:00","BZN|FR","Without Sequence","120.92","",""
"19/11/2025 19:15:00 - 19/11/2025 19:30:00","BZN|FR","Sequence Sequence 2","118.07","",""
"19/11/2025 19:15:00 - 19/11/2025 19:30:00","BZN|FR","Without Sequence","118.07","",""
"19/11/2025 19:30:00 - 19/11/2025 19:45:00","BZN|FR","Sequence Sequence 2","119.26","",""
"19/11/2025 19:30:00 - 19/11/2025 19:45:00","BZN|FR","Without Sequence","119.26","",""
"19/11/2025 19:45:00 - 19/11/2025 20:00:00","BZN|FR","Sequence Sequence 2","121.42","",""
"19/11/2025 19:45:00 - 19/11/2025 20:00:00","BZN|FR","Without Sequence","121.42","",""
"19/11/2025 20:00:00 - 19/11/2025 20:15:00","BZN|FR","Sequence Sequence 2","119.50","",""
"19/11/2025 20:00:00 - 19/11/2025 20:15:00","BZN|FR","Without Sequence","119.50","",""
"19/11/2025 20:15:00 - 19/11/2025 20:30:00","BZN|FR","Sequence Sequence 2","107.60","",""
"19/11/2025 20:15:00 - 19/11/2025 20:30:00","BZN|FR","Without Sequence","107.60","",""
"19/11/2025 20:30:00 - 19/11/2025 20:45:00","BZN|FR","Sequence Sequence 2","100.53","",""
"19/11/2025 20:30:00 - 19/11/2025 20:45:00","BZN|FR","Without Sequence","100.53","",""
"19/11/2025 20:45:00 - 19/11/2025 21:00:00","BZN|FR","Sequence Sequence 2","92.17","",""
"19/11/2025 20:45:00 - 19/11/2025 21:00:00","BZN|FR","Without Sequence","92.17","",""
"19/11/2025 21:00:00 - 19/11/2025 21:15:00","BZN|FR","Sequence Sequence 2","94.60","",""
"19/11/2025 21:00:00 - 19/11/2025 21:15:00","BZN|FR","Without Sequence","94.60","",""
"19/11/2025 21:15:00 - 19/11/2025 21:30:00","BZN|FR","Sequence Sequence 2","99.06","",""
"19/11/2025 21:15:00 - 19/11/2025 21:30:00","BZN|FR","Without Sequence","99.06","",""
"19/11/2025 21:30:00 - 19/11/2025 21:45:00","BZN|FR","Sequence Sequence 2","86.01","",""
"19/11/2025 21:30:00 - 19/11/2025 21:45:00","BZN|FR","Without Sequence","86.01","",""
"19/11/2025 21:45:00 - 19/11/2025 22:00:00","BZN|FR","Sequence Sequence 2","82.25","",""
"19/11/2025 21:45:00 - 19/11/2025 22:00:00","BZN|FR","Without Sequence","82.25","",""
"19/11/2025 22:00:00 - 19/11/2025 22:15:00","BZN|FR","Sequence Sequence 2","91.90","",""
"19/11/2025 22:00:00 - 19/11/2025 22:15:00","BZN|FR","Without Sequence","91.90","",""
"19/11/2025 22:15:00 - 19/11/2025 22:30:00","BZN|FR","Sequence Sequence 2","98.15","",""
"19/11/2025 22:15:00 - 19/11/2025 22:30:00","BZN|FR","Without Sequence","98.15","",""
"19/11/2025 22:30:00 - 19/11/2025 22:45:00","BZN|FR","Sequence Sequence 2","101.68","",""
"19/11/2025 22:30:00 - 19/11/2025 22:45:00","BZN|FR","Without Sequence","101.68","",""
"19/11/2025 22:45:00 - 19/11/2025 23:00:00","BZN|FR","Sequence Sequence 2","95.61","",""
"19/11/2025 22:45:00 - 19/11/2025 23:00:00","BZN|FR","Without Sequence","95.61","",""
"19/11/2025 23:00:00 - 19/11/2025 23:15:00","BZN|FR","Sequence Sequence 2","95.75","",""
"19/11/2025 23:00:00 - 19/11/2025 23:15:00","BZN|FR","Without Sequence","95.75","",""
"19/11/2025 23:15:00 - 19/11/2025 23:30:00","BZN|FR","Sequence Sequence 2","93.48","",""
"19/11/2025 23:15:00 - 19/11/2025 23:30:00","BZN|FR","Without Sequence","93.48","",""
"19/11/2025 23:30:00 - 19/11/2025 23:45:00","BZN|FR","Sequence Sequence 2","90.19","",""
"19/11/2025 23:30:00 - 19/11/2025 23:45:00","BZN|FR","Without Sequence","90.19","",""
"19/11/2025 23:45:00 - 20/11/2025 00:00:00","BZN|FR","Sequence Sequence 2","88.12","",""
"19/11/2025 23:45:00 - 20/11/2025 00:00:00","BZN|FR","Without Sequence","88.12","",""
"20/11/2025 00:00:00 - 20/11/2025 00:15:00","BZN|FR","Without Sequence","89.00","",""
"20/11/2025 00:15:00 - 20/11/2025 00:30:00","BZN|FR","Without Sequence","88.71","",""
"20/11/2025 00:30:00 - 20/11/2025 00:45:00","BZN|FR","Without Sequence","81.41","",""
"20/11/2025 00:45:00 - 20/11/2025 01:00:00","BZN|FR","Without Sequence","75.00","",""
"20/11/2025 01:00:00 - 20/11/2025 01:15:00","BZN|FR","Without Sequence","78.36","",""
"20/11/2025 01:15:00 - 20/11/2025 01:30:00","BZN|FR","Without Sequence","76.59","",""
"20/11/2025 01:30:00 - 20/11/2025 01:45:00","BZN|FR","Without Sequence","75.01","",""
"20/11/2025 01:45:00 - 20/11/2025 02:00:00","BZN|FR","Without Sequence","73.02","",""
"20/11/2025 02:00:00 - 20/11/2025 02:15:00","BZN|FR","Without Sequence","76.02","",""
"20/11/2025 02:15:00 - 20/11/2025 02:30:00","BZN|FR","Without Sequence","75.00","",""
"20/11/2025 02:30:00 - 20/11/2025 02:45:00","BZN|FR","Without Sequence","73.36","",""
"20/11/2025 02:45:00 - 20/11/2025 03:00:00","BZN|FR","Without Sequence","72.35","",""
"20/11/2025 03:00:00 - 20/11/2025 03:15:00","BZN|FR","Without Sequence","73.36","",""
"20/11/2025 03:15:00 - 20/11/2025 03:30:00","BZN|FR","Without Sequence","73.25","",""
"20/11/2025 03:30:00 - 20/11/2025 03:45:00","BZN|FR","Without Sequence","71.76","",""
"20/11/2025 03:45:00 - 20/11/2025 04:00:00","BZN|FR","Without Sequence","71.29","",""
"20/11/2025 04:00:00 - 20/11/2025 04:15:00","BZN|FR","Without Sequence","70.00","",""
"20/11/2025 04:15:00 - 20/11/2025 04:30:00","BZN|FR","Without Sequence","70.00","",""
"20/11/2025 04:30:00 - 20/11/2025 04:45:00","BZN|FR","Without Sequence","73.37","",""
"20/11/2025 04:45:00 - 20/11/2025 05:00:00","BZN|FR","Without Sequence","78.12","",""
"20/11/2025 05:00:00 - 20/11/2025 05:15:00","BZN|FR","Without Sequence","80.28","",""
"20/11/2025 05:15:00 - 20/11/2025 05:30:00","BZN|FR","Without Sequence","82.23","",""
"20/11/2025 05:30:00 - 20/11/2025 05:45:00","BZN|FR","Without Sequence","83.63","",""
"20/11/2025 05:45:00 - 20/11/2025 06:00:00","BZN|FR","Without Sequence","88.02","",""
"20/11/2025 06:00:00 - 20/11/2025 06:15:00","BZN|FR","Without Sequence","88.92","",""
"20/11/2025 06:15:00 - 20/11/2025 06:30:00","BZN|FR","Without Sequence","89.90","",""
"20/11/2025 06:30:00 - 20/11/2025 06:45:00","BZN|FR","Without Sequence","96.24","",""
"20/11/2025 06:45:00 - 20/11/2025 07:00:00","BZN|FR","Without Sequence","103.74","",""
"20/11/2025 07:00:00 - 20/11/2025 07:15:00","BZN|FR","Without Sequence","103.32","",""
"20/11/2025 07:15:00 - 20/11/2025 07:30:00","BZN|FR","Without Sequence","105.44","",""
"20/11/2025 07:30:00 - 20/11/2025 07:45:00","BZN|FR","Without Sequence","106.72","",""
"20/11/2025 07:45:00 - 20/11/2025 08:00:00","BZN|FR","Without Sequence","110.22","",""
"20/11/2025 08:00:00 - 20/11/2025 08:15:00","BZN|FR","Without Sequence","127.73","",""
"20/11/2025 08:15:00 - 20/11/2025 08:30:00","BZN|FR","Without Sequence","124.00","",""
"20/11/2025 08:30:00 - 20/11/2025 08:45:00","BZN|FR","Without Sequence","112.33","",""
"20/11/2025 08:45:00 - 20/11/2025 09:00:00","BZN|FR","Without Sequence","105.01","",""
"20/11/2025 09:00:00 - 20/11/2025 09:15:00","BZN|FR","Without Sequence","128.87","",""
"20/11/2025 09:15:00 - 20/11/2025 09:30:00","BZN|FR","Without Sequence","104.21","",""
"20/11/2025 09:30:00 - 20/11/2025 09:45:00","BZN|FR","Without Sequence","117.94","",""
"20/11/2025 09:45:00 - 20/11/2025 10:00:00","BZN|FR","Without Sequence","128.97","",""
"20/11/2025 10:00:00 - 20/11/2025 10:15:00","BZN|FR","Without Sequence","162.55","",""
"20/11/2025 10:15:00 - 20/11/2025 10:30:00","BZN|FR","Without Sequence","98.98","",""
"20/11/2025 10:30:00 - 20/11/2025 10:45:00","BZN|FR","Without Sequence","86.26","",""
"20/11/2025 10:45:00 - 20/11/2025 11:00:00","BZN|FR","Without Sequence","62.30","",""
"20/11/2025 11:00:00 - 20/11/2025 11:15:00","BZN|FR","Without Sequence","86.95","",""
"20/11/2025 11:15:00 - 20/11/2025 11:30:00","BZN|FR","Without Sequence","84.98","",""
"20/11/2025 11:30:00 - 20/11/2025 11:45:00","BZN|FR","Without Sequence","100.60","",""
"20/11/2025 11:45:00 - 20/11/2025 12:00:00","BZN|FR","Without Sequence","94.41","",""
"20/11/2025 12:00:00 - 20/11/2025 12:15:00","BZN|FR","Without Sequence","109.05","",""
"20/11/2025 12:15:00 - 20/11/2025 12:30:00","BZN|FR","Without Sequence","96.18","",""
"20/11/2025 12:30:00 - 20/11/2025 12:45:00","BZN|FR","Without Sequence","96.99","",""
"20/11/2025 12:45:00 - 20/11/2025 13:00:00","BZN|FR","Without Sequence","76.22","",""
"20/11/2025 13:00:00 - 20/11/2025 13:15:00","BZN|FR","Without Sequence","88.72","",""
"20/11/2025 13:15:00 - 20/11/2025 13:30:00","BZN|FR","Without Sequence","83.81","",""
"20/11/2025 13:30:00 - 20/11/2025 13:45:00","BZN|FR","Without Sequence","71.82","",""
"20/11/2025 13:45:00 - 20/11/2025 14:00:00","BZN|FR","Without Sequence","78.89","",""
"20/11/2025 14:00:00 - 20/11/2025 14:15:00","BZN|FR","Without Sequence","92.78","",""
"20/11/2025 14:15:00 - 20/11/2025 14:30:00","BZN|FR","Without Sequence","85.74","",""
"20/11/2025 14:30:00 - 20/11/2025 14:45:00","BZN|FR","Without Sequence","78.53","",""
"20/11/2025 14:45:00 - 20/11/2025 15:00:00","BZN|FR","Without Sequence","100.88","",""
"20/11/2025 15:00:00 - 20/11/2025 15:15:00","BZN|FR","Without Sequence","79.72","",""
"20/11/2025 15:15:00 - 20/11/2025 15:30:00","BZN|FR","Without Sequence","102.47","",""
"20/11/2025 15:30:00 - 20/11/2025 15:45:00","BZN|FR","Without Sequence","84.15","",""
"20/11/2025 15:45:00 - 20/11/2025 16:00:00","BZN|FR","Without Sequence","110.45","",""
"20/11/2025 16:00:00 - 20/11/2025 16:15:00","BZN|FR","Without Sequence","98.16","",""
"20/11/2025 16:15:00 - 20/11/2025 16:30:00","BZN|FR","Without Sequence","116.99","",""
"20/11/2025 16:30:00 - 20/11/2025 16:45:00","BZN|FR","Without Sequence","114.83","",""
"20/11/2025 16:45:00 - 20/11/2025 17:00:00","BZN|FR","Without Sequence","121.95","",""
"20/11/2025 17:00:00 - 20/11/2025 17:15:00","BZN|FR","Without Sequence","127.49","",""
"20/11/2025 17:15:00 - 20/11/2025 17:30:00","BZN|FR","Without Sequence","155.00","",""
"20/11/2025 17:30:00 - 20/11/2025 17:45:00","BZN|FR","Without Sequence","155.00","",""
"20/11/2025 17:45:00 - 20/11/2025 18:00:00","BZN|FR","Without Sequence","155.00","",""
"20/11/2025 18:00:00 - 20/11/2025 18:15:00","BZN|FR","Without Sequence","155.00","",""
"20/11/2025 18:15:00 - 20/11/2025 18:30:00","BZN|FR","Without Sequence","155.00","",""
"20/11/2025 18:30:00 - 20/11/2025 18:45:00","BZN|FR","Without Sequence","159.67","",""
"20/11/2025 18:45:00 - 20/11/2025 19:00:00","BZN|FR","Without Sequence","158.32","",""
"20/11/2025 19:00:00 - 20/11/2025 19:15:00","BZN|FR","Without Sequence","166.70","",""
"20/11/2025 19:15:00 - 20/11/2025 19:30:00","BZN|FR","Without Sequence","156.79","",""
"20/11/2025 19:30:00 - 20/11/2025 19:45:00","BZN|FR","Without Sequence","147.97","",""
"20/11/2025 19:45:00 - 20/11/2025 20:00:00","BZN|FR","Without Sequence","137.37","",""
"20/11/2025 20:00:00 - 20/11/2025 20:15:00","BZN|FR","Without Sequence","138.93","",""
"20/11/2025 20:15:00 - 20/11/2025 20:30:00","BZN|FR","Without Sequence","130.01","",""
"20/11/2025 20:30:00 - 20/11/2025 20:45:00","BZN|FR","Without Sequence","125.48","",""
"20/11/2025 20:45:00 - 20/11/2025 21:00:00","BZN|FR","Without Sequence","114.91","",""
"20/11/2025 21:00:00 - 20/11/2025 21:15:00","BZN|FR","Without Sequence","107.34","",""
"20/11/2025 21:15:00 - 20/11/2025 21:30:00","BZN|FR","Without Sequence","105.98","",""
"20/11/2025 21:30:00 - 20/11/2025 21:45:00","BZN|FR","Without Sequence","105.20","",""
"20/11/2025 21:45:00 - 20/11/2025 22:00:00","BZN|FR","Without Sequence","104.36","",""
"20/11/2025 22:00:00 - 20/11/2025 22:15:00","BZN|FR","Without Sequence","104.36","",""
"20/11/2025 22:15:00 - 20/11/2025 22:30:00","BZN|FR","Without Sequence","101.87","",""
"20/11/2025 22:30:00 - 20/11/2025 22:45:00","BZN|FR","Without Sequence","102.62","",""
"20/11/2025 22:45:00 - 20/11/2025 23:00:00","BZN|FR","Without Sequence","100.10","",""
"20/11/2025 23:00:00 - 20/11/2025 23:15:00","BZN|FR","Without Sequence","103.36","",""
"20/11/2025 23:15:00 - 20/11/2025 23:30:00","BZN|FR","Without Sequence","93.49","",""
"20/11/2025 23:30:00 - 20/11/2025 23:45:00","BZN|FR","Without Sequence","90.00","",""
"20/11/2025 23:45:00 - 21/11/2025 00:00:00","BZN|FR","Without Sequence","84.55","",""
"21/11/2025 00:00:00 - 21/11/2025 00:15:00","BZN|FR","Without Sequence","103.99","",""
"21/11/2025 00:15:00 - 21/11/2025 00:30:00","BZN|FR","Without Sequence","85.59","",""
"21/11/2025 00:30:00 - 21/11/2025 00:45:00","BZN|FR","Without Sequence","69.32","",""
"21/11/2025 00:45:00 - 21/11/2025 01:00:00","BZN|FR","Without Sequence","64.50","",""
"21/11/2025 01:00:00 - 21/11/2025 01:15:00","BZN|FR","Without Sequence","90.95","",""
"21/11/2025 01:15:00 - 21/11/2025 01:30:00","BZN|FR","Without Sequence","93.03","",""
"21/11/2025 01:30:00 - 21/11/2025 01:45:00","BZN|FR","Without Sequence","89.75","",""
"21/11/2025 01:45:00 - 21/11/2025 02:00:00","BZN|FR","Without Sequence","77.90","",""
"21/11/2025 02:00:00 - 21/11/2025 02:15:00","BZN|FR","Without Sequence","93.99","",""
"21/11/2025 02:15:00 - 21/11/2025 02:30:00","BZN|FR","Without Sequence","87.38","",""
"21/11/2025 02:30:00 - 21/11/2025 02:45:00","BZN|FR","Without Sequence","84.85","",""
"21/11/2025 02:45:00 - 21/11/2025 03:00:00","BZN|FR","Without Sequence","75.01","",""
"21/11/2025 03:00:00 - 21/11/2025 03:15:00","BZN|FR","Without Sequence","90.00","",""
"21/11/2025 03:15:00 - 21/11/2025 03:30:00","BZN|FR","Without Sequence","88.11","",""
"21/11/2025 03:30:00 - 21/11/2025 03:45:00","BZN|FR","Without Sequence","76.70","",""
"21/11/2025 03:45:00 - 21/11/2025 04:00:00","BZN|FR","Without Sequence","70.76","",""
"21/11/2025 04:00:00 - 21/11/2025 04:15:00","BZN|FR","Without Sequence","84.99","",""
"21/11/2025 04:15:00 - 21/11/2025 04:30:00","BZN|FR","Without Sequence","80.20","",""
"21/11/2025 04:30:00 - 21/11/2025 04:45:00","BZN|FR","Without Sequence","72.34","",""
"21/11/2025 04:45:00 - 21/11/2025 05:00:00","BZN|FR","Without Sequence","74.47","",""
"21/11/2025 05:00:00 - 21/11/2025 05:15:00","BZN|FR","Without Sequence","91.82","",""
"21/11/2025 05:15:00 - 21/11/2025 05:30:00","BZN|FR","Without Sequence","76.59","",""
"21/11/2025 05:30:00 - 21/11/2025 05:45:00","BZN|FR","Without Sequence","89.86","",""
"21/11/2025 05:45:00 - 21/11/2025 06:00:00","BZN|FR","Without Sequence","90.53","",""
"21/11/2025 06:00:00 - 21/11/2025 06:15:00","BZN|FR","Without Sequence","81.45","",""
"21/11/2025 06:15:00 - 21/11/2025 06:30:00","BZN|FR","Without Sequence","82.73","",""
"21/11/2025 06:30:00 - 21/11/2025 06:45:00","BZN|FR","Without Sequence","102.12","",""
"21/11/2025 06:45:00 - 21/11/2025 07:00:00","BZN|FR","Without Sequence","127.70","",""
"21/11/2025 07:00:00 - 21/11/2025 07:15:00","BZN|FR","Without Sequence","112.60","",""
"21/11/2025 07:15:00 - 21/11/2025 07:30:00","BZN|FR","Without Sequence","150.01","",""
"21/11/2025 07:30:00 - 21/11/2025 07:45:00","BZN|FR","Without Sequence","165.37","",""
"21/11/2025 07:45:00 - 21/11/2025 08:00:00","BZN|FR","Without Sequence","200.00","",""
"21/11/2025 08:00:00 - 21/11/2025 08:15:00","BZN|FR","Without Sequence","200.01","",""
"21/11/2025 08:15:00 - 21/11/2025 08:30:00","BZN|FR","Without Sequence","223.39","",""
"21/11/2025 08:30:00 - 21/11/2025 08:45:00","BZN|FR","Without Sequence","200.00","",""
"21/11/2025 08:45:00 - 21/11/2025 09:00:00","BZN|FR","Without Sequence","152.96","",""
"21/11/2025 09:00:00 - 21/11/2025 09:15:00","BZN|FR","Without Sequence","220.00","",""
"21/11/2025 09:15:00 - 21/11/2025 09:30:00","BZN|FR","Without Sequence","190.00","",""
"21/11/2025 09:30:00 - 21/11/2025 09:45:00","BZN|FR","Without Sequence","167.93","",""
"21/11/2025 09:45:00 - 21/11/2025 10:00:00","BZN|FR","Without Sequence","102.59","",""
"21/11/2025 10:00:00 - 21/11/2025 10:15:00","BZN|FR","Without Sequence","133.88","",""
"21/11/2025 10:15:00 - 21/11/2025 10:30:00","BZN|FR","Without Sequence","108.47","",""
"21/11/2025 10:30:00 - 21/11/2025 10:45:00","BZN|FR","Without Sequence","93.76","",""
"21/11/2025 10:45:00 - 21/11/2025 11:00:00","BZN|FR","Without Sequence","65.18","",""
"21/11/2025 11:00:00 - 21/11/2025 11:15:00","BZN|FR","Without Sequence","93.78","",""
"21/11/2025 11:15:00 - 21/11/2025 11:30:00","BZN|FR","Without Sequence","80.53","",""
"21/11/2025 11:30:00 - 21/11/2025 11:45:00","BZN|FR","Without Sequence","87.18","",""
"21/11/2025 11:45:00 - 21/11/2025 12:00:00","BZN|FR","Without Sequence","85.81","",""
"21/11/2025 12:00:00 - 21/11/2025 12:15:00","BZN|FR","Without Sequence","104.68","",""
"21/11/2025 12:15:00 - 21/11/2025 12:30:00","BZN|FR","Without Sequence","88.93","",""
"21/11/2025 12:30:00 - 21/11/2025 12:45:00","BZN|FR","Without Sequence","96.25","",""
"21/11/2025 12:45:00 - 21/11/2025 13:00:00","BZN|FR","Without Sequence","93.81","",""
"21/11/2025 13:00:00 - 21/11/2025 13:15:00","BZN|FR","Without Sequence","97.37","",""
"21/11/2025 13:15:00 - 21/11/2025 13:30:00","BZN|FR","Without Sequence","92.12","",""
"21/11/2025 13:30:00 - 21/11/2025 13:45:00","BZN|FR","Without Sequence","70.41","",""
"21/11/2025 13:45:00 - 21/11/2025 14:00:00","BZN|FR","Without Sequence","88.65","",""
"21/11/2025 14:00:00 - 21/11/2025 14:15:00","BZN|FR","Without Sequence","79.51","",""
"21/11/2025 14:15:00 - 21/11/2025 14:30:00","BZN|FR","Without Sequence","86.68","",""
"21/11/2025 14:30:00 - 21/11/2025 14:45:00","BZN|FR","Without Sequence","91.52","",""
"21/11/2025 14:45:00 - 21/11/2025 15:00:00","BZN|FR","Without Sequence","109.01","",""
"21/11/2025 15:00:00 - 21/11/2025 15:15:00","BZN|FR","Without Sequence","87.60","",""
"21/11/2025 15:15:00 - 21/11/2025 15:30:00","BZN|FR","Without Sequence","112.21","",""
"21/11/2025 15:30:00 - 21/11/2025 15:45:00","BZN|FR","Without Sequence","80.24","",""
"21/11/2025 15:45:00 - 21/11/2025 16:00:00","BZN|FR","Without Sequence","96.50","",""
"21/11/2025 16:00:00 - 21/11/2025 16:15:00","BZN|FR","Without Sequence","63.86","",""
"21/11/2025 16:15:00 - 21/11/2025 16:30:00","BZN|FR","Without Sequence","89.39","",""
"21/11/2025 16:30:00 - 21/11/2025 16:45:00","BZN|FR","Without Sequence","106.42","",""
"21/11/2025 16:45:00 - 21/11/2025 17:00:00","BZN|FR","Without Sequence","141.47","",""
"21/11/2025 17:00:00 - 21/11/2025 17:15:00","BZN|FR","Without Sequence","146.00","",""
"21/11/2025 17:15:00 - 21/11/2025 17:30:00","BZN|FR","Without Sequence","155.00","",""
"21/11/2025 17:30:00 - 21/11/2025 17:45:00","BZN|FR","Without Sequence","165.00","",""
"21/11/2025 17:45:00 - 21/11/2025 18:00:00","BZN|FR","Without Sequence","177.00","",""
"21/11/2025 18:00:00 - 21/11/2025 18:15:00","BZN|FR","Without Sequence","155.00","",""
"21/11/2025 18:15:00 - 21/11/2025 18:30:00","BZN|FR","Without Sequence","157.49","",""
"21/11/2025 18:30:00 - 21/11/2025 18:45:00","BZN|FR","Without Sequence","190.00","",""
"21/11/2025 18:45:00 - 21/11/2025 19:00:00","BZN|FR","Without Sequence","181.91","",""
"21/11/2025 19:00:00 - 21/11/2025 19:15:00","BZN|FR","Without Sequence","155.00","",""
"21/11/2025 19:15:00 - 21/11/2025 19:30:00","BZN|FR","Without Sequence","166.06","",""
"21/11/2025 19:30:00 - 21/11/2025 19:45:00","BZN|FR","Without Sequence","167.70","",""
"21/11/2025 19:45:00 - 21/11/2025 20:00:00","BZN|FR","Without Sequence","159.68","",""
"21/11/2025 20:00:00 - 21/11/2025 20:15:00","BZN|FR","Without Sequence","157.18","",""
"21/11/2025 20:15:00 - 21/11/2025 20:30:00","BZN|FR","Without Sequence","143.99","",""
"21/11/2025 20:30:00 - 21/11/2025 20:45:00","BZN|FR","Without Sequence","123.98","",""
"21/11/2025 20:45:00 - 21/11/2025 21:00:00","BZN|FR","Without Sequence","116.21","",""
"21/11/2025 21:00:00 - 21/11/2025 21:15:00","BZN|FR","Without Sequence","106.52","",""
"21/11/2025 21:15:00 - 21/11/2025 21:30:00","BZN|FR","Without Sequence","104.56","",""
"21/11/2025 21:30:00 - 21/11/2025 21:45:00","BZN|FR","Without Sequence","104.15","",""
"21/11/2025 21:45:00 - 21/11/2025 22:00:00","BZN|FR","Without Sequence","102.00","",""
"21/11/2025 22:00:00 - 21/11/2025 22:15:00","BZN|FR","Without Sequence","100.81","",""
"21/11/2025 22:15:00 - 21/11/2025 22:30:00","BZN|FR","Without Sequence","100.32","",""
"21/11/2025 22:30:00 - 21/11/2025 22:45:00","BZN|FR","Without Sequence","100.32","",""
"21/11/2025 22:45:00 - 21/11/2025 23:00:00","BZN|FR","Without Sequence","95.29","",""
"21/11/2025 23:00:00 - 21/11/2025 23:15:00","BZN|FR","Without Sequence","111.95","",""
"21/11/2025 23:15:00 - 21/11/2025 23:30:00","BZN|FR","Without Sequence","95.00","",""
"21/11/2025 23:30:00 - 21/11/2025 23:45:00","BZN|FR","Without Sequence","90.37","",""
"21/11/2025 23:45:00 - 22/11/2025 00:00:00","BZN|FR","Without Sequence","86.06","",""
"22/11/2025 00:00:00 - 22/11/2025 00:15:00","BZN|FR","Without Sequence","99.94","",""
"22/11/2025 00:15:00 - 22/11/2025 00:30:00","BZN|FR","Without Sequence","92.23","",""
"22/11/2025 00:30:00 - 22/11/2025 00:45:00","BZN|FR","Without Sequence","85.98","",""
"22/11/2025 00:45:00 - 22/11/2025 01:00:00","BZN|FR","Without Sequence","84.19","",""
"22/11/2025 01:00:00 - 22/11/2025 01:15:00","BZN|FR","Without Sequence","98.94","",""
"22/11/2025 01:15:00 - 22/11/2025 01:30:00","BZN|FR","Without Sequence","89.01","",""
"22/11/2025 01:30:00 - 22/11/2025 01:45:00","BZN|FR","Without Sequence","92.22","",""
"22/11/2025 01:45:00 - 22/11/2025 02:00:00","BZN|FR","Without Sequence","93.50","",""
"22/11/2025 02:00:00 - 22/11/2025 02:15:00","BZN|FR","Without Sequence","90.37","",""
"22/11/2025 02:15:00 - 22/11/2025 02:30:00","BZN|FR","Without Sequence","89.16","",""
"22/11/2025 02:30:00 - 22/11/2025 02:45:00","BZN|FR","Without Sequence","87.23","",""
"22/11/2025 02:45:00 - 22/11/2025 03:00:00","BZN|FR","Without Sequence","87.00","",""
"22/11/2025 03:00:00 - 22/11/2025 03:15:00","BZN|FR","Without Sequence","86.64","",""
"22/11/2025 03:15:00 - 22/11/2025 03:30:00","BZN|FR","Without Sequence","85.07","",""
"22/11/2025 03:30:00 - 22/11/2025 03:45:00","BZN|FR","Without Sequence","85.49","",""
"22/11/2025 03:45:00 - 22/11/2025 04:00:00","BZN|FR","Without Sequence","83.91","",""
"22/11/2025 04:00:00 - 22/11/2025 04:15:00","BZN|FR","Without Sequence","82.19","",""
"22/11/2025 04:15:00 - 22/11/2025 04:30:00","BZN|FR","Without Sequence","80.74","",""
"22/11/2025 04:30:00 - 22/11/2025 04:45:00","BZN|FR","Without Sequence","73.08","",""
"22/11/2025 04:45:00 - 22/11/2025 05:00:00","BZN|FR","Without Sequence","74.80","",""
"22/11/2025 05:00:00 - 22/11/2025 05:15:00","BZN|FR","Without Sequence","83.28","",""
"22/11/2025 05:15:00 - 22/11/2025 05:30:00","BZN|FR","Without Sequence","78.10","",""
"22/11/2025 05:30:00 - 22/11/2025 05:45:00","BZN|FR","Without Sequence","80.10","",""
"22/11/2025 05:45:00 - 22/11/2025 06:00:00","BZN|FR","Without Sequence","79.72","",""
"22/11/2025 06:00:00 - 22/11/2025 06:15:00","BZN|FR","Without Sequence","75.71","",""
"22/11/2025 06:15:00 - 22/11/2025 06:30:00","BZN|FR","Without Sequence","82.08","",""
"22/11/2025 06:30:00 - 22/11/2025 06:45:00","BZN|FR","Without Sequence","91.72","",""
"22/11/2025 06:45:00 - 22/11/2025 07:00:00","BZN|FR","Without Sequence","79.13","",""
"22/11/2025 07:00:00 - 22/11/2025 07:15:00","BZN|FR","Without Sequence","94.62","",""
"22/11/2025 07:15:00 - 22/11/2025 07:30:00","BZN|FR","Without Sequence","92.43","",""
"22/11/2025 07:30:00 - 22/11/2025 07:45:00","BZN|FR","Without Sequence","83.53","",""
"22/11/2025 07:45:00 - 22/11/2025 08:00:00","BZN|FR","Without Sequence","88.78","",""
"22/11/2025 08:00:00 - 22/11/2025 08:15:00","BZN|FR","Without Sequence","112.34","",""
"22/11/2025 08:15:00 - 22/11/2025 08:30:00","BZN|FR","Without Sequence","96.04","",""
"22/11/2025 08:30:00 - 22/11/2025 08:45:00","BZN|FR","Without Sequence","97.01","",""
"22/11/2025 08:45:00 - 22/11/2025 09:00:00","BZN|FR","Without Sequence","85.56","",""
"22/11/2025 09:00:00 - 22/11/2025 09:15:00","BZN|FR","Without Sequence","115.24","",""
"22/11/2025 09:15:00 - 22/11/2025 09:30:00","BZN|FR","Without Sequence","86.36","",""
"22/11/2025 09:30:00 - 22/11/2025 09:45:00","BZN|FR","Without Sequence","86.75","",""
"22/11/2025 09:45:00 - 22/11/2025 10:00:00","BZN|FR","Without Sequence","73.03","",""
"22/11/2025 10:00:00 - 22/11/2025 10:15:00","BZN|FR","Without Sequence","88.64","",""
"22/11/2025 10:15:00 - 22/11/2025 10:30:00","BZN|FR","Without Sequence","81.60","",""
"22/11/2025 10:30:00 - 22/11/2025 10:45:00","BZN|FR","Without Sequence","82.53","",""
"22/11/2025 10:45:00 - 22/11/2025 11:00:00","BZN|FR","Without Sequence","82.07","",""
"22/11/2025 11:00:00 - 22/11/2025 11:15:00","BZN|FR","Without Sequence","81.77","",""
"22/11/2025 11:15:00 - 22/11/2025 11:30:00","BZN|FR","Without Sequence","80.85","",""
"22/11/2025 11:30:00 - 22/11/2025 11:45:00","BZN|FR","Without Sequence","80.76","",""
"22/11/2025 11:45:00 - 22/11/2025 12:00:00","BZN|FR","Without Sequence","78.05","",""
"22/11/2025 12:00:00 - 22/11/2025 12:15:00","BZN|FR","Without Sequence","78.36","",""
"22/11/2025 12:15:00 - 22/11/2025 12:30:00","BZN|FR","Without Sequence","77.22","",""
"22/11/2025 12:30:00 - 22/11/2025 12:45:00","BZN|FR","Without Sequence","78.63","",""
"22/11/2025 12:45:00 - 22/11/2025 13:00:00","BZN|FR","Without Sequence","78.07","",""
"22/11/2025 13:00:00 - 22/11/2025 13:15:00","BZN|FR","Without Sequence","76.60","",""
"22/11/2025 13:15:00 - 22/11/2025 13:30:00","BZN|FR","Without Sequence","76.73","",""
"22/11/2025 13:30:00 - 22/11/2025 13:45:00","BZN|FR","Without Sequence","77.90","",""
"22/11/2025 13:45:00 - 22/11/2025 14:00:00","BZN|FR","Without Sequence","79.48","",""
"22/11/2025 14:00:00 - 22/11/2025 14:15:00","BZN|FR","Without Sequence","80.12","",""
"22/11/2025 14:15:00 - 22/11/2025 14:30:00","BZN|FR","Without Sequence","64.50","",""
"22/11/2025 14:30:00 - 22/11/2025 14:45:00","BZN|FR","Without Sequence","62.50","",""
"22/11/2025 14:45:00 - 22/11/2025 15:00:00","BZN|FR","Without Sequence","72.23","",""
"22/11/2025 15:00:00 - 22/11/2025 15:15:00","BZN|FR","Without Sequence","55.61","",""
"22/11/2025 15:15:00 - 22/11/2025 15:30:00","BZN|FR","Without Sequence","63.84","",""
"22/11/2025 15:30:00 - 22/11/2025 15:45:00","BZN|FR","Without Sequence","65.70","",""
"22/11/2025 15:45:00 - 22/11/2025 16:00:00","BZN|FR","Without Sequence","88.00","",""
"22/11/2025 16:00:00 - 22/11/2025 16:15:00","BZN|FR","Without Sequence","102.62","",""
"22/11/2025 16:15:00 - 22/11/2025 16:30:00","BZN|FR","Without Sequence","81.49","",""
"22/11/2025 16:30:00 - 22/11/2025 16:45:00","BZN|FR","Without Sequence","80.48","",""
"22/11/2025 16:45:00 - 22/11/2025 17:00:00","BZN|FR","Without Sequence","74.09","",""
"22/11/2025 17:00:00 - 22/11/2025 17:15:00","BZN|FR","Without Sequence","76.45","",""
"22/11/2025 17:15:00 - 22/11/2025 17:30:00","BZN|FR","Without Sequence","87.05","",""
"22/11/2025 17:30:00 - 22/11/2025 17:45:00","BZN|FR","Without Sequence","95.20","",""
"22/11/2025 17:45:00 - 22/11/2025 18:00:00","BZN|FR","Without Sequence","102.30","",""
"22/11/2025 18:00:00 - 22/11/2025 18:15:00","BZN|FR","Without Sequence","93.76","",""
"22/11/2025 18:15:00 - 22/11/2025 18:30:00","BZN|FR","Without Sequence","99.17","",""
"22/11/2025 18:30:00 - 22/11/2025 18:45:00","BZN|FR","Without Sequence","103.67","",""
"22/11/2025 18:45:00 - 22/11/2025 19:00:00","BZN|FR","Without Sequence","101.51","",""
"22/11/2025 19:00:00 - 22/11/2025 19:15:00","BZN|FR","Without Sequence","105.96","",""
"22/11/2025 19:15:00 - 22/11/2025 19:30:00","BZN|FR","Without Sequence","105.00","",""
"22/11/2025 19:30:00 - 22/11/2025 19:45:00","BZN|FR","Without Sequence","102.18","",""
"22/11/2025 19:45:00 - 22/11/2025 20:00:00","BZN|FR","Without Sequence","98.18","",""
"22/11/2025 20:00:00 - 22/11/2025 20:15:00","BZN|FR","Without Sequence","95.00","",""
"22/11/2025 20:15:00 - 22/11/2025 20:30:00","BZN|FR","Without Sequence","90.64","",""
"22/11/2025 20:30:00 - 22/11/2025 20:45:00","BZN|FR","Without Sequence","90.88","",""
"22/11/2025 20:45:00 - 22/11/2025 21:00:00","BZN|FR","Without Sequence","88.01","",""
"22/11/2025 21:00:00 - 22/11/2025 21:15:00","BZN|FR","Without Sequence","98.70","",""
"22/11/2025 21:15:00 - 22/11/2025 21:30:00","BZN|FR","Without Sequence","94.79","",""
"22/11/2025 21:30:00 - 22/11/2025 21:45:00","BZN|FR","Without Sequence","90.20","",""
"22/11/2025 21:45:00 - 22/11/2025 22:00:00","BZN|FR","Without Sequence","85.00","",""
"22/11/2025 22:00:00 - 22/11/2025 22:15:00","BZN|FR","Without Sequence","95.42","",""
"22/11/2025 22:15:00 - 22/11/2025 22:30:00","BZN|FR","Without Sequence","90.97","",""
"22/11/2025 22:30:00 - 22/11/2025 22:45:00","BZN|FR","Without Sequence","90.01","",""
"22/11/2025 22:45:00 - 22/11/2025 23:00:00","BZN|FR","Without Sequence","84.50","",""
"22/11/2025 23:00:00 - 22/11/2025 23:15:00","BZN|FR","Without Sequence","88.00","",""
"22/11/2025 23:15:00 - 22/11/2025 23:30:00","BZN|FR","Without Sequence","83.90","",""
"22/11/2025 23:30:00 - 22/11/2025 23:45:00","BZN|FR","Without Sequence","81.40","",""
"22/11/2025 23:45:00 - 23/11/2025 00:00:00","BZN|FR","Without Sequence","80.00","",""
"23/11/2025 00:00:00 - 23/11/2025 00:15:00","BZN|FR","Without Sequence","95.06","",""
"23/11/2025 00:15:00 - 23/11/2025 00:30:00","BZN|FR","Without Sequence","88.83","",""
"23/11/2025 00:30:00 - 23/11/2025 00:45:00","BZN|FR","Without Sequence","75.00","",""
"23/11/2025 00:45:00 - 23/11/2025 01:00:00","BZN|FR","Without Sequence","67.22","",""
"23/11/2025 01:00:00 - 23/11/2025 01:15:00","BZN|FR","Without Sequence","81.22","",""
"23/11/2025 01:15:00 - 23/11/2025 01:30:00","BZN|FR","Without Sequence","73.54","",""
"23/11/2025 01:30:00 - 23/11/2025 01:45:00","BZN|FR","Without Sequence","71.46","",""
"23/11/2025 01:45:00 - 23/11/2025 02:00:00","BZN|FR","Without Sequence","71.19","",""
"23/11/2025 02:00:00 - 23/11/2025 02:15:00","BZN|FR","Without Sequence","74.84","",""
"23/11/2025 02:15:00 - 23/11/2025 02:30:00","BZN|FR","Without Sequence","71.42","",""
"23/11/2025 02:30:00 - 23/11/2025 02:45:00","BZN|FR","Without Sequence","68.69","",""
"23/11/2025 02:45:00 - 23/11/2025 03:00:00","BZN|FR","Without Sequence","66.81","",""
"23/11/2025 03:00:00 - 23/11/2025 03:15:00","BZN|FR","Without Sequence","65.18","",""
"23/11/2025 03:15:00 - 23/11/2025 03:30:00","BZN|FR","Without Sequence","63.01","",""
"23/11/2025 03:30:00 - 23/11/2025 03:45:00","BZN|FR","Without Sequence","63.38","",""
"23/11/2025 03:45:00 - 23/11/2025 04:00:00","BZN|FR","Without Sequence","61.35","",""
"23/11/2025 04:00:00 - 23/11/2025 04:15:00","BZN|FR","Without Sequence","62.74","",""
"23/11/2025 04:15:00 - 23/11/2025 04:30:00","BZN|FR","Without Sequence","61.43","",""
"23/11/2025 04:30:00 - 23/11/2025 04:45:00","BZN|FR","Without Sequence","60.66","",""
"23/11/2025 04:45:00 - 23/11/2025 05:00:00","BZN|FR","Without Sequence","58.71","",""
"23/11/2025 05:00:00 - 23/11/2025 05:15:00","BZN|FR","Without Sequence","63.89","",""
"23/11/2025 05:15:00 - 23/11/2025 05:30:00","BZN|FR","Without Sequence","64.22","",""
"23/11/2025 05:30:00 - 23/11/2025 05:45:00","BZN|FR","Without Sequence","65.00","",""
"23/11/2025 05:45:00 - 23/11/2025 06:00:00","BZN|FR","Without Sequence","62.91","",""
"23/11/2025 06:00:00 - 23/11/2025 06:15:00","BZN|FR","Without Sequence","60.61","",""
"23/11/2025 06:15:00 - 23/11/2025 06:30:00","BZN|FR","Without Sequence","61.06","",""
"23/11/2025 06:30:00 - 23/11/2025 06:45:00","BZN|FR","Without Sequence","62.90","",""
"23/11/2025 06:45:00 - 23/11/2025 07:00:00","BZN|FR","Without Sequence","63.95","",""
"23/11/2025 07:00:00 - 23/11/2025 07:15:00","BZN|FR","Without Sequence","64.62","",""
"23/11/2025 07:15:00 - 23/11/2025 07:30:00","BZN|FR","Without Sequence","64.06","",""
"23/11/2025 07:30:00 - 23/11/2025 07:45:00","BZN|FR","Without Sequence","65.53","",""
"23/11/2025 07:45:00 - 23/11/2025 08:00:00","BZN|FR","Without Sequence","66.78","",""
"23/11/2025 08:00:00 - 23/11/2025 08:15:00","BZN|FR","Without Sequence","71.98","",""
"23/11/2025 08:15:00 - 23/11/2025 08:30:00","BZN|FR","Without Sequence","68.80","",""
"23/11/2025 08:30:00 - 23/11/2025 08:45:00","BZN|FR","Without Sequence","69.48","",""
"23/11/2025 08:45:00 - 23/11/2025 09:00:00","BZN|FR","Without Sequence","65.36","",""
"23/11/2025 09:00:00 - 23/11/2025 09:15:00","BZN|FR","Without Sequence","71.81","",""
"23/11/2025 09:15:00 - 23/11/2025 09:30:00","BZN|FR","Without Sequence","68.51","",""
"23/11/2025 09:30:00 - 23/11/2025 09:45:00","BZN|FR","Without Sequence","69.54","",""
"23/11/2025 09:45:00 - 23/11/2025 10:00:00","BZN|FR","Without Sequence","64.83","",""
"23/11/2025 10:00:00 - 23/11/2025 10:15:00","BZN|FR","Without Sequence","72.69","",""
"23/11/2025 10:15:00 - 23/11/2025 10:30:00","BZN|FR","Without Sequence","71.97","",""
"23/11/2025 10:30:00 - 23/11/2025 10:45:00","BZN|FR","Without Sequence","66.14","",""
"23/11/2025 10:45:00 - 23/11/2025 11:00:00","BZN|FR","Without Sequence","66.31","",""
"23/11/2025 11:00:00 - 23/11/2025 11:15:00","BZN|FR","Without Sequence","67.83","",""
"23/11/2025 11:15:00 - 23/11/2025 11:30:00","BZN|FR","Without Sequence","70.75","",""
"23/11/2025 11:30:00 - 23/11/2025 11:45:00","BZN|FR","Without Sequence","70.26","",""
"23/11/2025 11:45:00 - 23/11/2025 12:00:00","BZN|FR","Without Sequence","72.31","",""
"23/11/2025 12:00:00 - 23/11/2025 12:15:00","BZN|FR","Without Sequence","69.35","",""
"23/11/2025 12:15:00 - 23/11/2025 12:30:00","BZN|FR","Without Sequence","70.00","",""
"23/11/2025 12:30:00 - 23/11/2025 12:45:00","BZN|FR","Without Sequence","70.99","",""
"23/11/2025 12:45:00 - 23/11/2025 13:00:00","BZN|FR","Without Sequence","71.31","",""
"23/11/2025 13:00:00 - 23/11/2025 13:15:00","BZN|FR","Without Sequence","71.47","",""
"23/11/2025 13:15:00 - 23/11/2025 13:30:00","BZN|FR","Without Sequence","67.91","",""
"23/11/2025 13:30:00 - 23/11/2025 13:45:00","BZN|FR","Without Sequence","59.79","",""
"23/11/2025 13:45:00 - 23/11/2025 14:00:00","BZN|FR","Without Sequence","60.82","",""
"23/11/2025 14:00:00 - 23/11/2025 14:15:00","BZN|FR","Without Sequence","62.92","",""
"23/11/2025 14:15:00 - 23/11/2025 14:30:00","BZN|FR","Without Sequence","60.03","",""
"23/11/2025 14:30:00 - 23/11/2025 14:45:00","BZN|FR","Without Sequence","60.83","",""
"23/11/2025 14:45:00 - 23/11/2025 15:00:00","BZN|FR","Without Sequence","55.63","",""
"23/11/2025 15:00:00 - 23/11/2025 15:15:00","BZN|FR","Without Sequence","47.71","",""
"23/11/2025 15:15:00 - 23/11/2025 15:30:00","BZN|FR","Without Sequence","59.03","",""
"23/11/2025 15:30:00 - 23/11/2025 15:45:00","BZN|FR","Without Sequence","69.40","",""
"23/11/2025 15:45:00 - 23/11/2025 16:00:00","BZN|FR","Without Sequence","59.88","",""
"23/11/2025 16:00:00 - 23/11/2025 16:15:00","BZN|FR","Without Sequence","60.45","",""
"23/11/2025 16:15:00 - 23/11/2025 16:30:00","BZN|FR","Without Sequence","64.37","",""
"23/11/2025 16:30:00 - 23/11/2025 16:45:00","BZN|FR","Without Sequence","62.57","",""
"23/11/2025 16:45:00 - 23/11/2025 17:00:00","BZN|FR","Without Sequence","67.42","",""
"23/11/2025 17:00:00 - 23/11/2025 17:15:00","BZN|FR","Without Sequence","66.71","",""
"23/11/2025 17:15:00 - 23/11/2025 17:30:00","BZN|FR","Without Sequence","75.40","",""
"23/11/2025 17:30:00 - 23/11/2025 17:45:00","BZN|FR","Without Sequence","86.79","",""
"23/11/2025 17:45:00 - 23/11/2025 18:00:00","BZN|FR","Without Sequence","90.72","",""
"23/11/2025 18:00:00 - 23/11/2025 18:15:00","BZN|FR","Without Sequence","89.12","",""
"23/11/2025 18:15:00 - 23/11/2025 18:30:00","BZN|FR","Without Sequence","86.91","",""
"23/11/2025 18:30:00 - 23/11/2025 18:45:00","BZN|FR","Without Sequence","86.26","",""
"23/11/2025 18:45:00 - 23/11/2025 19:00:00","BZN|FR","Without Sequence","93.67","",""
"23/11/2025 19:00:00 - 23/11/2025 19:15:00","BZN|FR","Without Sequence","91.64","",""
"23/11/2025 19:15:00 - 23/11/2025 19:30:00","BZN|FR","Without Sequence","90.52","",""
"23/11/2025 19:30:00 - 23/11/2025 19:45:00","BZN|FR","Without Sequence","86.66","",""
"23/11/2025 19:45:00 - 23/11/2025 20:00:00","BZN|FR","Without Sequence","83.67","",""
"23/11/2025 20:00:00 - 23/11/2025 20:15:00","BZN|FR","Without Sequence","87.30","",""
"23/11/2025 20:15:00 - 23/11/2025 20:30:00","BZN|FR","Without Sequence","83.13","",""
"23/11/2025 20:30:00 - 23/11/2025 20:45:00","BZN|FR","Without Sequence","80.00","",""
"23/11/2025 20:45:00 - 23/11/2025 21:00:00","BZN|FR","Without Sequence","75.00","",""
"23/11/2025 21:00:00 - 23/11/2025 21:15:00","BZN|FR","Without Sequence","78.21","",""
"23/11/2025 21:15:00 - 23/11/2025 21:30:00","BZN|FR","Without Sequence","74.56","",""
"23/11/2025 21:30:00 - 23/11/2025 21:45:00","BZN|FR","Without Sequence","70.00","",""
"23/11/2025 21:45:00 - 23/11/2025 22:00:00","BZN|FR","Without Sequence","67.82","",""
"23/11/2025 22:00:00 - 23/11/2025 22:15:00","BZN|FR","Without Sequence","68.06","",""
"23/11/2025 22:15:00 - 23/11/2025 22:30:00","BZN|FR","Without Sequence","67.58","",""
"23/11/2025 22:30:00 - 23/11/2025 22:45:00","BZN|FR","Without Sequence","71.74","",""
"23/11/2025 22:45:00 - 23/11/2025 23:00:00","BZN|FR","Without Sequence","69.81","",""
"23/11/2025 23:00:00 - 23/11/2025 23:15:00","BZN|FR","Without Sequence","67.02","",""
"23/11/2025 23:15:00 - 23/11/2025 23:30:00","BZN|FR","Without Sequence","57.38","",""
"23/11/2025 23:30:00 - 23/11/2025 23:45:00","BZN|FR","Without Sequence","63.11","",""
"23/11/2025 23:45:00 - 24/11/2025 00:00:00","BZN|FR","Without Sequence","54.78","",""
"24/11/2025 00:00:00 - 24/11/2025 00:15:00","BZN|FR","Without Sequence","80.12","",""
"24/11/2025 00:15:00 - 24/11/2025 00:30:00","BZN|FR","Without Sequence","71.70","",""
"24/11/2025 00:30:00 - 24/11/2025 00:45:00","BZN|FR","Without Sequence","60.68","",""
"24/11/2025 00:45:00 - 24/11/2025 01:00:00","BZN|FR","Without Sequence","54.62","",""
"24/11/2025 01:00:00 - 24/11/2025 01:15:00","BZN|FR","Without Sequence","66.14","",""
"24/11/2025 01:15:00 - 24/11/2025 01:30:00","BZN|FR","Without Sequence","61.99","",""
"24/11/2025 01:30:00 - 24/11/2025 01:45:00","BZN|FR","Without Sequence","61.71","",""
"24/11/2025 01:45:00 - 24/11/2025 02:00:00","BZN|FR","Without Sequence","56.59","",""
"24/11/2025 02:00:00 - 24/11/2025 02:15:00","BZN|FR","Without Sequence","63.26","",""
"24/11/2025 02:15:00 - 24/11/2025 02:30:00","BZN|FR","Without Sequence","55.43","",""
"24/11/2025 02:30:00 - 24/11/2025 02:45:00","BZN|FR","Without Sequence","56.78","",""
"24/11/2025 02:45:00 - 24/11/2025 03:00:00","BZN|FR","Without Sequence","46.94","",""
"24/11/2025 03:00:00 - 24/11/2025 03:15:00","BZN|FR","Without Sequence","53.84","",""
"24/11/2025 03:15:00 - 24/11/2025 03:30:00","BZN|FR","Without Sequence","47.25","",""
"24/11/2025 03:30:00 - 24/11/2025 03:45:00","BZN|FR","Without Sequence","39.69","",""
"24/11/2025 03:45:00 - 24/11/2025 04:00:00","BZN|FR","Without Sequence","32.98","",""
"24/11/2025 04:00:00 - 24/11/2025 04:15:00","BZN|FR","Without Sequence","34.91","",""
"24/11/2025 04:15:00 - 24/11/2025 04:30:00","BZN|FR","Without Sequence","32.60","",""
"24/11/2025 04:30:00 - 24/11/2025 04:45:00","BZN|FR","Without Sequence","30.07","",""
"24/11/2025 04:45:00 - 24/11/2025 05:00:00","BZN|FR","Without Sequence","44.23","",""
"24/11/2025 05:00:00 - 24/11/2025 05:15:00","BZN|FR","Without Sequence","61.97","",""
"24/11/2025 05:15:00 - 24/11/2025 05:30:00","BZN|FR","Without Sequence","49.51","",""
"24/11/2025 05:30:00 - 24/11/2025 05:45:00","BZN|FR","Without Sequence","53.88","",""
"24/11/2025 05:45:00 - 24/11/2025 06:00:00","BZN|FR","Without Sequence","62.71","",""
"24/11/2025 06:00:00 - 24/11/2025 06:15:00","BZN|FR","Without Sequence","65.86","",""
"24/11/2025 06:15:00 - 24/11/2025 06:30:00","BZN|FR","Without Sequence","66.19","",""
"24/11/2025 06:30:00 - 24/11/2025 06:45:00","BZN|FR","Without Sequence","82.73","",""
"24/11/2025 06:45:00 - 24/11/2025 07:00:00","BZN|FR","Without Sequence","88.37","",""
"24/11/2025 07:00:00 - 24/11/2025 07:15:00","BZN|FR","Without Sequence","88.78","",""
"24/11/2025 07:15:00 - 24/11/2025 07:30:00","BZN|FR","Without Sequence","95.45","",""
"24/11/2025 07:30:00 - 24/11/2025 07:45:00","BZN|FR","Without Sequence","95.12","",""
"24/11/2025 07:45:00 - 24/11/2025 08:00:00","BZN|FR","Without Sequence","94.84","",""
"24/11/2025 08:00:00 - 24/11/2025 08:15:00","BZN|FR","Without Sequence","102.20","",""
"24/11/2025 08:15:00 - 24/11/2025 08:30:00","BZN|FR","Without Sequence","95.05","",""
"24/11/2025 08:30:00 - 24/11/2025 08:45:00","BZN|FR","Without Sequence","95.18","",""
"24/11/2025 08:45:00 - 24/11/2025 09:00:00","BZN|FR","Without Sequence","91.59","",""
"24/11/2025 09:00:00 - 24/11/2025 09:15:00","BZN|FR","Without Sequence","99.60","",""
"24/11/2025 09:15:00 - 24/11/2025 09:30:00","BZN|FR","Without Sequence","98.79","",""
"24/11/2025 09:30:00 - 24/11/2025 09:45:00","BZN|FR","Without Sequence","114.17","",""
"24/11/2025 09:45:00 - 24/11/2025 10:00:00","BZN|FR","Without Sequence","110.49","",""
"24/11/2025 10:00:00 - 24/11/2025 10:15:00","BZN|FR","Without Sequence","113.18","",""
"24/11/2025 10:15:00 - 24/11/2025 10:30:00","BZN|FR","Without Sequence","110.01","",""
"24/11/2025 10:30:00 - 24/11/2025 10:45:00","BZN|FR","Without Sequence","110.01","",""
"24/11/2025 10:45:00 - 24/11/2025 11:00:00","BZN|FR","Without Sequence","92.44","",""
"24/11/2025 11:00:00 - 24/11/2025 11:15:00","BZN|FR","Without Sequence","102.70","",""
"24/11/2025 11:15:00 - 24/11/2025 11:30:00","BZN|FR","Without Sequence","88.03","",""
"24/11/2025 11:30:00 - 24/11/2025 11:45:00","BZN|FR","Without Sequence","89.63","",""
"24/11/2025 11:45:00 - 24/11/2025 12:00:00","BZN|FR","Without Sequence","80.41","",""
"24/11/2025 12:00:00 - 24/11/2025 12:15:00","BZN|FR","Without Sequence","98.88","",""
"24/11/2025 12:15:00 - 24/11/2025 12:30:00","BZN|FR","Without Sequence","84.38","",""
"24/11/2025 12:30:00 - 24/11/2025 12:45:00","BZN|FR","Without Sequence","95.67","",""
"24/11/2025 12:45:00 - 24/11/2025 13:00:00","BZN|FR","Without Sequence","83.00","",""
"24/11/2025 13:00:00 - 24/11/2025 13:15:00","BZN|FR","Without Sequence","83.99","",""
"24/11/2025 13:15:00 - 24/11/2025 13:30:00","BZN|FR","Without Sequence","87.83","",""
"24/11/2025 13:30:00 - 24/11/2025 13:45:00","BZN|FR","Without Sequence","59.16","",""
"24/11/2025 13:45:00 - 24/11/2025 14:00:00","BZN|FR","Without Sequence","59.54","",""
"24/11/2025 14:00:00 - 24/11/2025 14:15:00","BZN|FR","Without Sequence","62.61","",""
"24/11/2025 14:15:00 - 24/11/2025 14:30:00","BZN|FR","Without Sequence","51.44","",""
"24/11/2025 14:30:00 - 24/11/2025 14:45:00","BZN|FR","Without Sequence","63.73","",""
"24/11/2025 14:45:00 - 24/11/2025 15:00:00","BZN|FR","Without Sequence","62.71","",""
"24/11/2025 15:00:00 - 24/11/2025 15:15:00","BZN|FR","Without Sequence","63.34","",""
"24/11/2025 15:15:00 - 24/11/2025 15:30:00","BZN|FR","Without Sequence","67.04","",""
"24/11/2025 15:30:00 - 24/11/2025 15:45:00","BZN|FR","Without Sequence","68.46","",""
"24/11/2025 15:45:00 - 24/11/2025 16:00:00","BZN|FR","Without Sequence","86.27","",""
"24/11/2025 16:00:00 - 24/11/2025 16:15:00","BZN|FR","Without Sequence","69.03","",""
"24/11/2025 16:15:00 - 24/11/2025 16:30:00","BZN|FR","Without Sequence","85.23","",""
"24/11/2025 16:30:00 - 24/11/2025 16:45:00","BZN|FR","Without Sequence","90.86","",""
"24/11/2025 16:45:00 - 24/11/2025 17:00:00","BZN|FR","Without Sequence","100.00","",""
"24/11/2025 17:00:00 - 24/11/2025 17:15:00","BZN|FR","Without Sequence","89.67","",""
"24/11/2025 17:15:00 - 24/11/2025 17:30:00","BZN|FR","Without Sequence","113.40","",""
"24/11/2025 17:30:00 - 24/11/2025 17:45:00","BZN|FR","Without Sequence","101.80","",""
"24/11/2025 17:45:00 - 24/11/2025 18:00:00","BZN|FR","Without Sequence","101.73","",""
"24/11/2025 18:00:00 - 24/11/2025 18:15:00","BZN|FR","Without Sequence","92.18","",""
"24/11/2025 18:15:00 - 24/11/2025 18:30:00","BZN|FR","Without Sequence","91.55","",""
"24/11/2025 18:30:00 - 24/11/2025 18:45:00","BZN|FR","Without Sequence","102.36","",""
"24/11/2025 18:45:00 - 24/11/2025 19:00:00","BZN|FR","Without Sequence","123.99","",""
"24/11/2025 19:00:00 - 24/11/2025 19:15:00","BZN|FR","Without Sequence","123.65","",""
"24/11/2025 19:15:00 - 24/11/2025 19:30:00","BZN|FR","Without Sequence","92.88","",""
"24/11/2025 19:30:00 - 24/11/2025 19:45:00","BZN|FR","Without Sequence","87.42","",""
"24/11/2025 19:45:00 - 24/11/2025 20:00:00","BZN|FR","Without Sequence","93.17","",""
"24/11/2025 20:00:00 - 24/11/2025 20:15:00","BZN|FR","Without Sequence","79.60","",""
"24/11/2025 20:15:00 - 24/11/2025 20:30:00","BZN|FR","Without Sequence","83.00","",""
"24/11/2025 20:30:00 - 24/11/2025 20:45:00","BZN|FR","Without Sequence","84.19","",""
"24/11/2025 20:45:00 - 24/11/2025 21:00:00","BZN|FR","Without Sequence","81.49","",""
"24/11/2025 21:00:00 - 24/11/2025 21:15:00","BZN|FR","Without Sequence","84.19","",""
"24/11/2025 21:15:00 - 24/11/2025 21:30:00","BZN|FR","Without Sequence","80.69","",""
"24/11/2025 21:30:00 - 24/11/2025 21:45:00","BZN|FR","Without Sequence","75.50","",""
"24/11/2025 21:45:00 - 24/11/2025 22:00:00","BZN|FR","Without Sequence","70.58","",""
"24/11/2025 22:00:00 - 24/11/2025 22:15:00","BZN|FR","Without Sequence","71.60","",""
"24/11/2025 22:15:00 - 24/11/2025 22:30:00","BZN|FR","Without Sequence","71.30","",""
"24/11/2025 22:30:00 - 24/11/2025 22:45:00","BZN|FR","Without Sequence","73.33","",""
"24/11/2025 22:45:00 - 24/11/2025 23:00:00","BZN|FR","Without Sequence","70.57","",""
"24/11/2025 23:00:00 - 24/11/2025 23:15:00","BZN|FR","Without Sequence","70.34","",""
"24/11/2025 23:15:00 - 24/11/2025 23:30:00","BZN|FR","Without Sequence","70.00","",""
"24/11/2025 23:30:00 - 24/11/2025 23:45:00","BZN|FR","Without Sequence","74.08","",""
"24/11/2025 23:45:00 - 25/11/2025 00:00:00","BZN|FR","Without Sequence","54.44","",""
"25/11/2025 00:00:00 - 25/11/2025 00:15:00","BZN|FR","Without Sequence","73.21","",""
"25/11/2025 00:15:00 - 25/11/2025 00:30:00","BZN|FR","Without Sequence","62.54","",""
"25/11/2025 00:30:00 - 25/11/2025 00:45:00","BZN|FR","Without Sequence","41.11","",""
"25/11/2025 00:45:00 - 25/11/2025 01:00:00","BZN|FR","Without Sequence","40.20","",""
"25/11/2025 01:00:00 - 25/11/2025 01:15:00","BZN|FR","Without Sequence","46.40","",""
"25/11/2025 01:15:00 - 25/11/2025 01:30:00","BZN|FR","Without Sequence","39.82","",""
"25/11/2025 01:30:00 - 25/11/2025 01:45:00","BZN|FR","Without Sequence","42.89","",""
"25/11/2025 01:45:00 - 25/11/2025 02:00:00","BZN|FR","Without Sequence","38.25","",""
"25/11/2025 02:00:00 - 25/11/2025 02:15:00","BZN|FR","Without Sequence","45.66","",""
"25/11/2025 02:15:00 - 25/11/2025 02:30:00","BZN|FR","Without Sequence","34.98","",""
"25/11/2025 02:30:00 - 25/11/2025 02:45:00","BZN|FR","Without Sequence","26.49","",""
"25/11/2025 02:45:00 - 25/11/2025 03:00:00","BZN|FR","Without Sequence","19.63","",""
"25/11/2025 03:00:00 - 25/11/2025 03:15:00","BZN|FR","Without Sequence","28.07","",""
"25/11/2025 03:15:00 - 25/11/2025 03:30:00","BZN|FR","Without Sequence","25.77","",""
"25/11/2025 03:30:00 - 25/11/2025 03:45:00","BZN|FR","Without Sequence","18.18","",""
"25/11/2025 03:45:00 - 25/11/2025 04:00:00","BZN|FR","Without Sequence","14.00","",""
"25/11/2025 04:00:00 - 25/11/2025 04:15:00","BZN|FR","Without Sequence","11.29","",""
"25/11/2025 04:15:00 - 25/11/2025 04:30:00","BZN|FR","Without Sequence","12.84","",""
"25/11/2025 04:30:00 - 25/11/2025 04:45:00","BZN|FR","Without Sequence","19.64","",""
"25/11/2025 04:45:00 - 25/11/2025 05:00:00","BZN|FR","Without Sequence","23.05","",""
"25/11/2025 05:00:00 - 25/11/2025 05:15:00","BZN|FR","Without Sequence","25.00","",""
"25/11/2025 05:15:00 - 25/11/2025 05:30:00","BZN|FR","Without Sequence","26.81","",""
"25/11/2025 05:30:00 - 25/11/2025 05:45:00","BZN|FR","Without Sequence","34.64","",""
"25/11/2025 05:45:00 - 25/11/2025 06:00:00","BZN|FR","Without Sequence","40.85","",""
"25/11/2025 06:00:00 - 25/11/2025 06:15:00","BZN|FR","Without Sequence","50.97","",""
"25/11/2025 06:15:00 - 25/11/2025 06:30:00","BZN|FR","Without Sequence","58.00","",""
"25/11/2025 06:30:00 - 25/11/2025 06:45:00","BZN|FR","Without Sequence","64.43","",""
"25/11/2025 06:45:00 - 25/11/2025 07:00:00","BZN|FR","Without Sequence","70.34","",""
"25/11/2025 07:00:00 - 25/11/2025 07:15:00","BZN|FR","Without Sequence","77.94","",""
"25/11/2025 07:15:00 - 25/11/2025 07:30:00","BZN|FR","Without Sequence","83.27","",""
"25/11/2025 07:30:00 - 25/11/2025 07:45:00","BZN|FR","Without Sequence","91.17","",""
"25/11/2025 07:45:00 - 25/11/2025 08:00:00","BZN|FR","Without Sequence","86.10","",""
"25/11/2025 08:00:00 - 25/11/2025 08:15:00","BZN|FR","Without Sequence","103.06","",""
"25/11/2025 08:15:00 - 25/11/2025 08:30:00","BZN|FR","Without Sequence","98.18","",""
"25/11/2025 08:30:00 - 25/11/2025 08:45:00","BZN|FR","Without Sequence","96.99","",""
"25/11/2025 08:45:00 - 25/11/2025 09:00:00","BZN|FR","Without Sequence","92.99","",""
"25/11/2025 09:00:00 - 25/11/2025 09:15:00","BZN|FR","Without Sequence","112.45","",""
"25/11/2025 09:15:00 - 25/11/2025 09:30:00","BZN|FR","Without Sequence","88.69","",""
"25/11/2025 09:30:00 - 25/11/2025 09:45:00","BZN|FR","Without Sequence","92.26","",""
"25/11/2025 09:45:00 - 25/11/2025 10:00:00","BZN|FR","Without Sequence","74.48","",""
"25/11/2025 10:00:00 - 25/11/2025 10:15:00","BZN|FR","Without Sequence","90.05","",""
"25/11/2025 10:15:00 - 25/11/2025 10:30:00","BZN|FR","Without Sequence","72.01","",""
"25/11/2025 10:30:00 - 25/11/2025 10:45:00","BZN|FR","Without Sequence","78.54","",""
"25/11/2025 10:45:00 - 25/11/2025 11:00:00","BZN|FR","Without Sequence","68.17","",""
"25/11/2025 11:00:00 - 25/11/2025 11:15:00","BZN|FR","Without Sequence","80.10","",""
"25/11/2025 11:15:00 - 25/11/2025 11:30:00","BZN|FR","Without Sequence","65.40","",""
"25/11/2025 11:30:00 - 25/11/2025 11:45:00","BZN|FR","Without Sequence","68.99","",""
"25/11/2025 11:45:00 - 25/11/2025 12:00:00","BZN|FR","Without Sequence","59.33","",""
"25/11/2025 12:00:00 - 25/11/2025 12:15:00","BZN|FR","Without Sequence","71.60","",""
"25/11/2025 12:15:00 - 25/11/2025 12:30:00","BZN|FR","Without Sequence","67.34","",""
"25/11/2025 12:30:00 - 25/11/2025 12:45:00","BZN|FR","Without Sequence","74.51","",""
"25/11/2025 12:45:00 - 25/11/2025 13:00:00","BZN|FR","Without Sequence","67.55","",""
"25/11/2025 13:00:00 - 25/11/2025 13:15:00","BZN|FR","Without Sequence","64.03","",""
"25/11/2025 13:15:00 - 25/11/2025 13:30:00","BZN|FR","Without Sequence","61.80","",""
"25/11/2025 13:30:00 - 25/11/2025 13:45:00","BZN|FR","Without Sequence","53.02","",""
"25/11/2025 13:45:00 - 25/11/2025 14:00:00","BZN|FR","Without Sequence","68.42","",""
"25/11/2025 14:00:00 - 25/11/2025 14:15:00","BZN|FR","Without Sequence","65.74","",""
"25/11/2025 14:15:00 - 25/11/2025 14:30:00","BZN|FR","Without Sequence","61.00","",""
"25/11/2025 14:30:00 - 25/11/2025 14:45:00","BZN|FR","Without Sequence","63.46","",""
"25/11/2025 14:45:00 - 25/11/2025 15:00:00","BZN|FR","Without Sequence","74.17","",""
"25/11/2025 15:00:00 - 25/11/2025 15:15:00","BZN|FR","Without Sequence","68.58","",""
"25/11/2025 15:15:00 - 25/11/2025 15:30:00","BZN|FR","Without Sequence","70.88","",""
"25/11/2025 15:30:00 - 25/11/2025 15:45:00","BZN|FR","Without Sequence","56.43","",""
"25/11/2025 15:45:00 - 25/11/2025 16:00:00","BZN|FR","Without Sequence","74.55","",""
"25/11/2025 16:00:00 - 25/11/2025 16:15:00","BZN|FR","Without Sequence","68.01","",""
"25/11/2025 16:15:00 - 25/11/2025 16:30:00","BZN|FR","Without Sequence","79.15","",""
"25/11/2025 16:30:00 - 25/11/2025 16:45:00","BZN|FR","Without Sequence","81.06","",""
"25/11/2025 16:45:00 - 25/11/2025 17:00:00","BZN|FR","Without Sequence","91.02","",""
"25/11/2025 17:00:00 - 25/11/2025 17:15:00","BZN|FR","Without Sequence","85.52","",""
"25/11/2025 17:15:00 - 25/11/2025 17:30:00","BZN|FR","Without Sequence","92.79","",""
"25/11/2025 17:30:00 - 25/11/2025 17:45:00","BZN|FR","Without Sequence","93.80","",""
"25/11/2025 17:45:00 - 25/11/2025 18:00:00","BZN|FR","Without Sequence","103.12","",""
"25/11/2025 18:00:00 - 25/11/2025 18:15:00","BZN|FR","Without Sequence","93.40","",""
"25/11/2025 18:15:00 - 25/11/2025 18:30:00","BZN|FR","Without Sequence","97.03","",""
"25/11/2025 18:30:00 - 25/11/2025 18:45:00","BZN|FR","Without Sequence","103.82","",""
"25/11/2025 18:45:00 - 25/11/2025 19:00:00","BZN|FR","Without Sequence","122.29","",""
"25/11/2025 19:00:00 - 25/11/2025 19:15:00","BZN|FR","Without Sequence","101.79","",""
"25/11/2025 19:15:00 - 25/11/2025 19:30:00","BZN|FR","Without Sequence","102.00","",""
"25/11/2025 19:30:00 - 25/11/2025 19:45:00","BZN|FR","Without Sequence","102.00","",""
"25/11/2025 19:45:00 - 25/11/2025 20:00:00","BZN|FR","Without Sequence","102.64","",""
"25/11/2025 20:00:00 - 25/11/2025 20:15:00","BZN|FR","Without Sequence","97.03","",""
"25/11/2025 20:15:00 - 25/11/2025 20:30:00","BZN|FR","Without Sequence","97.03","",""
"25/11/2025 20:30:00 - 25/11/2025 20:45:00","BZN|FR","Without Sequence","97.03","",""
"25/11/2025 20:45:00 - 25/11/2025 21:00:00","BZN|FR","Without Sequence","94.02","",""
"25/11/2025 21:00:00 - 25/11/2025 21:15:00","BZN|FR","Without Sequence","92.90","",""
"25/11/2025 21:15:00 - 25/11/2025 21:30:00","BZN|FR","Without Sequence","91.14","",""
"25/11/2025 21:30:00 - 25/11/2025 21:45:00","BZN|FR","Without Sequence","89.23","",""
"25/11/2025 21:45:00 - 25/11/2025 22:00:00","BZN|FR","Without Sequence","87.98","",""
"25/11/2025 22:00:00 - 25/11/2025 22:15:00","BZN|FR","Without Sequence","90.20","",""
"25/11/2025 22:15:00 - 25/11/2025 22:30:00","BZN|FR","Without Sequence","88.06","",""
"25/11/2025 22:30:00 - 25/11/2025 22:45:00","BZN|FR","Without Sequence","88.54","",""
"25/11/2025 22:45:00 - 25/11/2025 23:00:00","BZN|FR","Without Sequence","87.58","",""
"25/11/2025 23:00:00 - 25/11/2025 23:15:00","BZN|FR","Without Sequence","87.58","",""
"25/11/2025 23:15:00 - 25/11/2025 23:30:00","BZN|FR","Without Sequence","80.00","",""
"25/11/2025 23:30:00 - 25/11/2025 23:45:00","BZN|FR","Without Sequence","79.60","",""
"25/11/2025 23:45:00 - 26/11/2025 00:00:00","BZN|FR","Without Sequence","74.33","",""
"26/11/2025 00:00:00 - 26/11/2025 00:15:00","BZN|FR","Without Sequence","84.98","",""
"26/11/2025 00:15:00 - 26/11/2025 00:30:00","BZN|FR","Without Sequence","83.40","",""
"26/11/2025 00:30:00 - 26/11/2025 00:45:00","BZN|FR","Without Sequence","74.16","",""
"26/11/2025 00:45:00 - 26/11/2025 01:00:00","BZN|FR","Without Sequence","70.00","",""
"26/11/2025 01:00:00 - 26/11/2025 01:15:00","BZN|FR","Without Sequence","73.91","",""
"26/11/2025 01:15:00 - 26/11/2025 01:30:00","BZN|FR","Without Sequence","68.05","",""
"26/11/2025 01:30:00 - 26/11/2025 01:45:00","BZN|FR","Without Sequence","67.22","",""
"26/11/2025 01:45:00 - 26/11/2025 02:00:00","BZN|FR","Without Sequence","66.70","",""
"26/11/2025 02:00:00 - 26/11/2025 02:15:00","BZN|FR","Without Sequence","67.22","",""
"26/11/2025 02:15:00 - 26/11/2025 02:30:00","BZN|FR","Without Sequence","62.05","",""
"26/11/2025 02:30:00 - 26/11/2025 02:45:00","BZN|FR","Without Sequence","60.24","",""
"26/11/2025 02:45:00 - 26/11/2025 03:00:00","BZN|FR","Without Sequence","60.00","",""
"26/11/2025 03:00:00 - 26/11/2025 03:15:00","BZN|FR","Without Sequence","66.13","",""
"26/11/2025 03:15:00 - 26/11/2025 03:30:00","BZN|FR","Without Sequence","64.05","",""
"26/11/2025 03:30:00 - 26/11/2025 03:45:00","BZN|FR","Without Sequence","61.89","",""
"26/11/2025 03:45:00 - 26/11/2025 04:00:00","BZN|FR","Without Sequence","60.25","",""
"26/11/2025 04:00:00 - 26/11/2025 04:15:00","BZN|FR","Without Sequence","60.73","",""
"26/11/2025 04:15:00 - 26/11/2025 04:30:00","BZN|FR","Without Sequence","60.46","",""
"26/11/2025 04:30:00 - 26/11/2025 04:45:00","BZN|FR","Without Sequence","61.12","",""
"26/11/2025 04:45:00 - 26/11/2025 05:00:00","BZN|FR","Without Sequence","65.65","",""
"26/11/2025 05:00:00 - 26/11/2025 05:15:00","BZN|FR","Without Sequence","67.22","",""
"26/11/2025 05:15:00 - 26/11/2025 05:30:00","BZN|FR","Without Sequence","67.22","",""
"26/11/2025 05:30:00 - 26/11/2025 05:45:00","BZN|FR","Without Sequence","77.51","",""
"26/11/2025 05:45:00 - 26/11/2025 06:00:00","BZN|FR","Without Sequence","84.11","",""
"26/11/2025 06:00:00 - 26/11/2025 06:15:00","BZN|FR","Without Sequence","71.63","",""
"26/11/2025 06:15:00 - 26/11/2025 06:30:00","BZN|FR","Without Sequence","80.00","",""
"26/11/2025 06:30:00 - 26/11/2025 06:45:00","BZN|FR","Without Sequence","84.98","",""
"26/11/2025 06:45:00 - 26/11/2025 07:00:00","BZN|FR","Without Sequence","87.58","",""
"26/11/2025 07:00:00 - 26/11/2025 07:15:00","BZN|FR","Without Sequence","87.34","",""
"26/11/2025 07:15:00 - 26/11/2025 07:30:00","BZN|FR","Without Sequence","90.80","",""
"26/11/2025 07:30:00 - 26/11/2025 07:45:00","BZN|FR","Without Sequence","94.98","",""
"26/11/2025 07:45:00 - 26/11/2025 08:00:00","BZN|FR","Without Sequence","105.05","",""
"26/11/2025 08:00:00 - 26/11/2025 08:15:00","BZN|FR","Without Sequence","107.53","",""
"26/11/2025 08:15:00 - 26/11/2025 08:30:00","BZN|FR","Without Sequence","122.11","",""
"26/11/2025 08:30:00 - 26/11/2025 08:45:00","BZN|FR","Without Sequence","115.00","",""
"26/11/2025 08:45:00 - 26/11/2025 09:00:00","BZN|FR","Without Sequence","90.80","",""
"26/11/2025 09:00:00 - 26/11/2025 09:15:00","BZN|FR","Without Sequence","232.41","",""
"26/11/2025 09:15:00 - 26/11/2025 09:30:00","BZN|FR","Without Sequence","93.00","",""
"26/11/2025 09:30:00 - 26/11/2025 09:45:00","BZN|FR","Without Sequence","91.32","",""
"26/11/2025 09:45:00 - 26/11/2025 10:00:00","BZN|FR","Without Sequence","58.88","",""
"26/11/2025 10:00:00 - 26/11/2025 10:15:00","BZN|FR","Without Sequence","100.25","",""
"26/11/2025 10:15:00 - 26/11/2025 10:30:00","BZN|FR","Without Sequence","88.76","",""
"26/11/2025 10:30:00 - 26/11/2025 10:45:00","BZN|FR","Without Sequence","90.62","",""
"26/11/2025 10:45:00 - 26/11/2025 11:00:00","BZN|FR","Without Sequence","80.01","",""
"26/11/2025 11:00:00 - 26/11/2025 11:15:00","BZN|FR","Without Sequence","100.62","",""
"26/11/2025 11:15:00 - 26/11/2025 11:30:00","BZN|FR","Without Sequence","90.04","",""
"26/11/2025 11:30:00 - 26/11/2025 11:45:00","BZN|FR","Without Sequence","88.32","",""
"26/11/2025 11:45:00 - 26/11/2025 12:00:00","BZN|FR","Without Sequence","89.07","",""
"26/11/2025 12:00:00 - 26/11/2025 12:15:00","BZN|FR","Without Sequence","65.01","",""
"26/11/2025 12:15:00 - 26/11/2025 12:30:00","BZN|FR","Without Sequence","93.78","",""
"26/11/2025 12:30:00 - 26/11/2025 12:45:00","BZN|FR","Without Sequence","88.16","",""
"26/11/2025 12:45:00 - 26/11/2025 13:00:00","BZN|FR","Without Sequence","84.99","",""
"26/11/2025 13:00:00 - 26/11/2025 13:15:00","BZN|FR","Without Sequence","64.91","",""
"26/11/2025 13:15:00 - 26/11/2025 13:30:00","BZN|FR","Without Sequence","81.87","",""
"26/11/2025 13:30:00 - 26/11/2025 13:45:00","BZN|FR","Without Sequence","66.82","",""
"26/11/2025 13:45:00 - 26/11/2025 14:00:00","BZN|FR","Without Sequence","84.00","",""
"26/11/2025 14:00:00 - 26/11/2025 14:15:00","BZN|FR","Without Sequence","77.56","",""
"26/11/2025 14:15:00 - 26/11/2025 14:30:00","BZN|FR","Without Sequence","84.61","",""
"26/11/2025 14:30:00 - 26/11/2025 14:45:00","BZN|FR","Without Sequence","86.41","",""
"26/11/2025 14:45:00 - 26/11/2025 15:00:00","BZN|FR","Without Sequence","83.04","",""
"26/11/2025 15:00:00 - 26/11/2025 15:15:00","BZN|FR","Without Sequence","83.36","",""
"26/11/2025 15:15:00 - 26/11/2025 15:30:00","BZN|FR","Without Sequence","93.55","",""
"26/11/2025 15:30:00 - 26/11/2025 15:45:00","BZN|FR","Without Sequence","76.39","",""
"26/11/2025 15:45:00 - 26/11/2025 16:00:00","BZN|FR","Without Sequence","90.90","",""
"26/11/2025 16:00:00 - 26/11/2025 16:15:00","BZN|FR","Without Sequence","74.85","",""
"26/11/2025 16:15:00 - 26/11/2025 16:30:00","BZN|FR","Without Sequence","99.40","",""
"26/11/2025 16:30:00 - 26/11/2025 16:45:00","BZN|FR","Without Sequence","95.13","",""
"26/11/2025 16:45:00 - 26/11/2025 17:00:00","BZN|FR","Without Sequence","97.10","",""
"26/11/2025 17:00:00 - 26/11/2025 17:15:00","BZN|FR","Without Sequence","83.02","",""
"26/11/2025 17:15:00 - 26/11/2025 17:30:00","BZN|FR","Without Sequence","92.23","",""
"26/11/2025 17:30:00 - 26/11/2025 17:45:00","BZN|FR","Without Sequence","194.99","",""
"26/11/2025 17:45:00 - 26/11/2025 18:00:00","BZN|FR","Without Sequence","200.01","",""
"26/11/2025 18:00:00 - 26/11/2025 18:15:00","BZN|FR","Without Sequence","149.52","",""
"26/11/2025 18:15:00 - 26/11/2025 18:30:00","BZN|FR","Without Sequence","178.62","",""
"26/11/2025 18:30:00 - 26/11/2025 18:45:00","BZN|FR","Without Sequence","190.00","",""
"26/11/2025 18:45:00 - 26/11/2025 19:00:00","BZN|FR","Without Sequence","201.86","",""
"26/11/2025 19:00:00 - 26/11/2025 19:15:00","BZN|FR","Without Sequence","219.26","",""
"26/11/2025 19:15:00 - 26/11/2025 19:30:00","BZN|FR","Without Sequence","190.00","",""
"26/11/2025 19:30:00 - 26/11/2025 19:45:00","BZN|FR","Without Sequence","150.00","",""
"26/11/2025 19:45:00 - 26/11/2025 20:00:00","BZN|FR","Without Sequence","127.52","",""
"26/11/2025 20:00:00 - 26/11/2025 20:15:00","BZN|FR","Without Sequence","146.79","",""
"26/11/2025 20:15:00 - 26/11/2025 20:30:00","BZN|FR","Without Sequence","130.01","",""
"26/11/2025 20:30:00 - 26/11/2025 20:45:00","BZN|FR","Without Sequence","116.03","",""
"26/11/2025 20:45:00 - 26/11/2025 21:00:00","BZN|FR","Without Sequence","106.49","",""
"26/11/2025 21:00:00 - 26/11/2025 21:15:00","BZN|FR","Without Sequence","106.49","",""
"26/11/2025 21:15:00 - 26/11/2025 21:30:00","BZN|FR","Without Sequence","103.82","",""
"26/11/2025 21:30:00 - 26/11/2025 21:45:00","BZN|FR","Without Sequence","98.30","",""
"26/11/2025 21:45:00 - 26/11/2025 22:00:00","BZN|FR","Without Sequence","91.40","",""
"26/11/2025 22:00:00 - 26/11/2025 22:15:00","BZN|FR","Without Sequence","92.23","",""
"26/11/2025 22:15:00 - 26/11/2025 22:30:00","BZN|FR","Without Sequence","90.80","",""
"26/11/2025 22:30:00 - 26/11/2025 22:45:00","BZN|FR","Without Sequence","94.27","",""
"26/11/2025 22:45:00 - 26/11/2025 23:00:00","BZN|FR","Without Sequence","90.26","",""
"26/11/2025 23:00:00 - 26/11/2025 23:15:00","BZN|FR","Without Sequence","94.10","",""
"26/11/2025 23:15:00 - 26/11/2025 23:30:00","BZN|FR","Without Sequence","90.90","",""
"26/11/2025 23:30:00 - 26/11/2025 23:45:00","BZN|FR","Without Sequence","88.06","",""
"26/11/2025 23:45:00 - 27/11/2025 00:00:00","BZN|FR","Without Sequence","82.50","",""
"27/11/2025 00:00:00 - 27/11/2025 00:15:00","BZN|FR","Without Sequence","94.07","",""
"27/11/2025 00:15:00 - 27/11/2025 00:30:00","BZN|FR","Without Sequence","91.21","",""
"27/11/2025 00:30:00 - 27/11/2025 00:45:00","BZN|FR","Without Sequence","87.81","",""
"27/11/2025 00:45:00 - 27/11/2025 01:00:00","BZN|FR","Without Sequence","82.47","",""
"27/11/2025 01:00:00 - 27/11/2025 01:15:00","BZN|FR","Without Sequence","86.00","",""
"27/11/2025 01:15:00 - 27/11/2025 01:30:00","BZN|FR","Without Sequence","81.18","",""
"27/11/2025 01:30:00 - 27/11/2025 01:45:00","BZN|FR","Without Sequence","80.00","",""
"27/11/2025 01:45:00 - 27/11/2025 02:00:00","BZN|FR","Without Sequence","78.66","",""
"27/11/2025 02:00:00 - 27/11/2025 02:15:00","BZN|FR","Without Sequence","78.66","",""
"27/11/2025 02:15:00 - 27/11/2025 02:30:00","BZN|FR","Without Sequence","74.49","",""
"27/11/2025 02:30:00 - 27/11/2025 02:45:00","BZN|FR","Without Sequence","72.10","",""
"27/11/2025 02:45:00 - 27/11/2025 03:00:00","BZN|FR","Without Sequence","70.00","",""
"27/11/2025 03:00:00 - 27/11/2025 03:15:00","BZN|FR","Without Sequence","72.08","",""
"27/11/2025 03:15:00 - 27/11/2025 03:30:00","BZN|FR","Without Sequence","68.59","",""
"27/11/2025 03:30:00 - 27/11/2025 03:45:00","BZN|FR","Without Sequence","67.47","",""
"27/11/2025 03:45:00 - 27/11/2025 04:00:00","BZN|FR","Without Sequence","65.50","",""
"27/11/2025 04:00:00 - 27/11/2025 04:15:00","BZN|FR","Without Sequence","66.07","",""
"27/11/2025 04:15:00 - 27/11/2025 04:30:00","BZN|FR","Without Sequence","65.38","",""
"27/11/2025 04:30:00 - 27/11/2025 04:45:00","BZN|FR","Without Sequence","66.07","",""
"27/11/2025 04:45:00 - 27/11/2025 05:00:00","BZN|FR","Without Sequence","68.01","",""
"27/11/2025 05:00:00 - 27/11/2025 05:15:00","BZN|FR","Without Sequence","65.37","",""
"27/11/2025 05:15:00 - 27/11/2025 05:30:00","BZN|FR","Without Sequence","65.50","",""
"27/11/2025 05:30:00 - 27/11/2025 05:45:00","BZN|FR","Without Sequence","70.00","",""
"27/11/2025 05:45:00 - 27/11/2025 06:00:00","BZN|FR","Without Sequence","75.00","",""
"27/11/2025 06:00:00 - 27/11/2025 06:15:00","BZN|FR","Without Sequence","69.32","",""
"27/11/2025 06:15:00 - 27/11/2025 06:30:00","BZN|FR","Without Sequence","75.01","",""
"27/11/2025 06:30:00 - 27/11/2025 06:45:00","BZN|FR","Without Sequence","80.02","",""
"27/11/2025 06:45:00 - 27/11/2025 07:00:00","BZN|FR","Without Sequence","85.50","",""
"27/11/2025 07:00:00 - 27/11/2025 07:15:00","BZN|FR","Without Sequence","90.28","",""
"27/11/2025 07:15:00 - 27/11/2025 07:30:00","BZN|FR","Without Sequence","95.46","",""
"27/11/2025 07:30:00 - 27/11/2025 07:45:00","BZN|FR","Without Sequence","99.53","",""
"27/11/2025 07:45:00 - 27/11/2025 08:00:00","BZN|FR","Without Sequence","101.58","",""
"27/11/2025 08:00:00 - 27/11/2025 08:15:00","BZN|FR","Without Sequence","104.71","",""
"27/11/2025 08:15:00 - 27/11/2025 08:30:00","BZN|FR","Without Sequence","104.34","",""
"27/11/2025 08:30:00 - 27/11/2025 08:45:00","BZN|FR","Without Sequence","100.32","",""
"27/11/2025 08:45:00 - 27/11/2025 09:00:00","BZN|FR","Without Sequence","90.20","",""
"27/11/2025 09:00:00 - 27/11/2025 09:15:00","BZN|FR","Without Sequence","101.58","",""
"27/11/2025 09:15:00 - 27/11/2025 09:30:00","BZN|FR","Without Sequence","89.98","",""
"27/11/2025 09:30:00 - 27/11/2025 09:45:00","BZN|FR","Without Sequence","93.38","",""
"27/11/2025 09:45:00 - 27/11/2025 10:00:00","BZN|FR","Without Sequence","65.67","",""
"27/11/2025 10:00:00 - 27/11/2025 10:15:00","BZN|FR","Without Sequence","86.44","",""
"27/11/2025 10:15:00 - 27/11/2025 10:30:00","BZN|FR","Without Sequence","62.28","",""
"27/11/2025 10:30:00 - 27/11/2025 10:45:00","BZN|FR","Without Sequence","87.09","",""
"27/11/2025 10:45:00 - 27/11/2025 11:00:00","BZN|FR","Without Sequence","87.69","",""
"27/11/2025 11:00:00 - 27/11/2025 11:15:00","BZN|FR","Without Sequence","88.96","",""
"27/11/2025 11:15:00 - 27/11/2025 11:30:00","BZN|FR","Without Sequence","78.49","",""
"27/11/2025 11:30:00 - 27/11/2025 11:45:00","BZN|FR","Without Sequence","75.21","",""
"27/11/2025 11:45:00 - 27/11/2025 12:00:00","BZN|FR","Without Sequence","81.62","",""
"27/11/2025 12:00:00 - 27/11/2025 12:15:00","BZN|FR","Without Sequence","84.30","",""
"27/11/2025 12:15:00 - 27/11/2025 12:30:00","BZN|FR","Without Sequence","77.70","",""
"27/11/2025 12:30:00 - 27/11/2025 12:45:00","BZN|FR","Without Sequence","80.69","",""
"27/11/2025 12:45:00 - 27/11/2025 13:00:00","BZN|FR","Without Sequence","71.41","",""
"27/11/2025 13:00:00 - 27/11/2025 13:15:00","BZN|FR","Without Sequence","70.01","",""
"27/11/2025 13:15:00 - 27/11/2025 13:30:00","BZN|FR","Without Sequence","85.69","",""
"27/11/2025 13:30:00 - 27/11/2025 13:45:00","BZN|FR","Without Sequence","73.55","",""
"27/11/2025 13:45:00 - 27/11/2025 14:00:00","BZN|FR","Without Sequence","90.24","",""
"27/11/2025 14:00:00 - 27/11/2025 14:15:00","BZN|FR","Without Sequence","89.88","",""
"27/11/2025 14:15:00 - 27/11/2025 14:30:00","BZN|FR","Without Sequence","91.68","",""
"27/11/2025 14:30:00 - 27/11/2025 14:45:00","BZN|FR","Without Sequence","69.67","",""
"27/11/2025 14:45:00 - 27/11/2025 15:00:00","BZN|FR","Without Sequence","87.55","",""
"27/11/2025 15:00:00 - 27/11/2025 15:15:00","BZN|FR","Without Sequence","67.15","",""
"27/11/2025 15:15:00 - 27/11/2025 15:30:00","BZN|FR","Without Sequence","76.71","",""
"27/11/2025 15:30:00 - 27/11/2025 15:45:00","BZN|FR","Without Sequence","84.42","",""
"27/11/2025 15:45:00 - 27/11/2025 16:00:00","BZN|FR","Without Sequence","97.81","",""
"27/11/2025 16:00:00 - 27/11/2025 16:15:00","BZN|FR","Without Sequence","65.32","",""
"27/11/2025 16:15:00 - 27/11/2025 16:30:00","BZN|FR","Without Sequence","80.10","",""
"27/11/2025 16:30:00 - 27/11/2025 16:45:00","BZN|FR","Without Sequence","90.20","",""
"27/11/2025 16:45:00 - 27/11/2025 17:00:00","BZN|FR","Without Sequence","100.78","",""
"27/11/2025 17:00:00 - 27/11/2025 17:15:00","BZN|FR","Without Sequence","88.53","",""
"27/11/2025 17:15:00 - 27/11/2025 17:30:00","BZN|FR","Without Sequence","98.00","",""
"27/11/2025 17:30:00 - 27/11/2025 17:45:00","BZN|FR","Without Sequence","104.71","",""
"27/11/2025 17:45:00 - 27/11/2025 18:00:00","BZN|FR","Without Sequence","114.99","",""
"27/11/2025 18:00:00 - 27/11/2025 18:15:00","BZN|FR","Without Sequence","106.65","",""
"27/11/2025 18:15:00 - 27/11/2025 18:30:00","BZN|FR","Without Sequence","104.16","",""
"27/11/2025 18:30:00 - 27/11/2025 18:45:00","BZN|FR","Without Sequence","110.00","",""
"27/11/2025 18:45:00 - 27/11/2025 19:00:00","BZN|FR","Without Sequence","110.03","",""
"27/11/2025 19:00:00 - 27/11/2025 19:15:00","BZN|FR","Without Sequence","102.69","",""
"27/11/2025 19:15:00 - 27/11/2025 19:30:00","BZN|FR","Without Sequence","95.08","",""
"27/11/2025 19:30:00 - 27/11/2025 19:45:00","BZN|FR","Without Sequence","90.78","",""
"27/11/2025 19:45:00 - 27/11/2025 20:00:00","BZN|FR","Without Sequence","84.27","",""
"27/11/2025 20:00:00 - 27/11/2025 20:15:00","BZN|FR","Without Sequence","92.61","",""
"27/11/2025 20:15:00 - 27/11/2025 20:30:00","BZN|FR","Without Sequence","91.67","",""
"27/11/2025 20:30:00 - 27/11/2025 20:45:00","BZN|FR","Without Sequence","82.66","",""
"27/11/2025 20:45:00 - 27/11/2025 21:00:00","BZN|FR","Without Sequence","77.98","",""
"27/11/2025 21:00:00 - 27/11/2025 21:15:00","BZN|FR","Without Sequence","90.50","",""
"27/11/2025 21:15:00 - 27/11/2025 21:30:00","BZN|FR","Without Sequence","77.38","",""
"27/11/2025 21:30:00 - 27/11/2025 21:45:00","BZN|FR","Without Sequence","81.87","",""
"27/11/2025 21:45:00 - 27/11/2025 22:00:00","BZN|FR","Without Sequence","79.00","",""
"27/11/2025 22:00:00 - 27/11/2025 22:15:00","BZN|FR","Without Sequence","90.45","",""
"27/11/2025 22:15:00 - 27/11/2025 22:30:00","BZN|FR","Without Sequence","89.38","",""
"27/11/2025 22:30:00 - 27/11/2025 22:45:00","BZN|FR","Without Sequence","93.12","",""
"27/11/2025 22:45:00 - 27/11/2025 23:00:00","BZN|FR","Without Sequence","83.27","",""
"27/11/2025 23:00:00 - 27/11/2025 23:15:00","BZN|FR","Without Sequence","93.26","",""
"27/11/2025 23:15:00 - 27/11/2025 23:30:00","BZN|FR","Without Sequence","79.82","",""
"27/11/2025 23:30:00 - 27/11/2025 23:45:00","BZN|FR","Without Sequence","71.00","",""
"27/11/2025 23:45:00 - 28/11/2025 00:00:00","BZN|FR","Without Sequence","52.24","",""
"28/11/2025 00:00:00 - 28/11/2025 00:15:00","BZN|FR","Without Sequence","71.31","",""
"28/11/2025 00:15:00 - 28/11/2025 00:30:00","BZN|FR","Without Sequence","66.82","",""
"28/11/2025 00:30:00 - 28/11/2025 00:45:00","BZN|FR","Without Sequence","57.12","",""
"28/11/2025 00:45:00 - 28/11/2025 01:00:00","BZN|FR","Without Sequence","53.15","",""
"28/11/2025 01:00:00 - 28/11/2025 01:15:00","BZN|FR","Without Sequence","68.06","",""
"28/11/2025 01:15:00 - 28/11/2025 01:30:00","BZN|FR","Without Sequence","56.59","",""
"28/11/2025 01:30:00 - 28/11/2025 01:45:00","BZN|FR","Without Sequence","57.41","",""
"28/11/2025 01:45:00 - 28/11/2025 02:00:00","BZN|FR","Without Sequence","51.14","",""
"28/11/2025 02:00:00 - 28/11/2025 02:15:00","BZN|FR","Without Sequence","58.52","",""
"28/11/2025 02:15:00 - 28/11/2025 02:30:00","BZN|FR","Without Sequence","55.48","",""
"28/11/2025 02:30:00 - 28/11/2025 02:45:00","BZN|FR","Without Sequence","54.42","",""
"28/11/2025 02:45:00 - 28/11/2025 03:00:00","BZN|FR","Without Sequence","52.01","",""
"28/11/2025 03:00:00 - 28/11/2025 03:15:00","BZN|FR","Without Sequence","49.22","",""
"28/11/2025 03:15:00 - 28/11/2025 03:30:00","BZN|FR","Without Sequence","50.11","",""
"28/11/2025 03:30:00 - 28/11/2025 03:45:00","BZN|FR","Without Sequence","48.92","",""
"28/11/2025 03:45:00 - 28/11/2025 04:00:00","BZN|FR","Without Sequence","50.03","",""
"28/11/2025 04:00:00 - 28/11/2025 04:15:00","BZN|FR","Without Sequence","47.26","",""
"28/11/2025 04:15:00 - 28/11/2025 04:30:00","BZN|FR","Without Sequence","48.84","",""
"28/11/2025 04:30:00 - 28/11/2025 04:45:00","BZN|FR","Without Sequence","53.00","",""
"28/11/2025 04:45:00 - 28/11/2025 05:00:00","BZN|FR","Without Sequence","56.98","",""
"28/11/2025 05:00:00 - 28/11/2025 05:15:00","BZN|FR","Without Sequence","50.72","",""
"28/11/2025 05:15:00 - 28/11/2025 05:30:00","BZN|FR","Without Sequence","56.73","",""
"28/11/2025 05:30:00 - 28/11/2025 05:45:00","BZN|FR","Without Sequence","59.00","",""
"28/11/2025 05:45:00 - 28/11/2025 06:00:00","BZN|FR","Without Sequence","70.77","",""
"28/11/2025 06:00:00 - 28/11/2025 06:15:00","BZN|FR","Without Sequence","63.40","",""
"28/11/2025 06:15:00 - 28/11/2025 06:30:00","BZN|FR","Without Sequence","75.19","",""
"28/11/2025 06:30:00 - 28/11/2025 06:45:00","BZN|FR","Without Sequence","77.92","",""
"28/11/2025 06:45:00 - 28/11/2025 07:00:00","BZN|FR","Without Sequence","83.30","",""
"28/11/2025 07:00:00 - 28/11/2025 07:15:00","BZN|FR","Without Sequence","78.23","",""
"28/11/2025 07:15:00 - 28/11/2025 07:30:00","BZN|FR","Without Sequence","90.96","",""
"28/11/2025 07:30:00 - 28/11/2025 07:45:00","BZN|FR","Without Sequence","95.00","",""
"28/11/2025 07:45:00 - 28/11/2025 08:00:00","BZN|FR","Without Sequence","87.09","",""
"28/11/2025 08:00:00 - 28/11/2025 08:15:00","BZN|FR","Without Sequence","106.67","",""
"28/11/2025 08:15:00 - 28/11/2025 08:30:00","BZN|FR","Without Sequence","102.31","",""
"28/11/2025 08:30:00 - 28/11/2025 08:45:00","BZN|FR","Without Sequence","103.71","",""
"28/11/2025 08:45:00 - 28/11/2025 09:00:00","BZN|FR","Without Sequence","100.77","",""
"28/11/2025 09:00:00 - 28/11/2025 09:15:00","BZN|FR","Without Sequence","119.70","",""
"28/11/2025 09:15:00 - 28/11/2025 09:30:00","BZN|FR","Without Sequence","104.26","",""
"28/11/2025 09:30:00 - 28/11/2025 09:45:00","BZN|FR","Without Sequence","97.92","",""
"28/11/2025 09:45:00 - 28/11/2025 10:00:00","BZN|FR","Without Sequence","86.01","",""
"28/11/2025 10:00:00 - 28/11/2025 10:15:00","BZN|FR","Without Sequence","96.50","",""
"28/11/2025 10:15:00 - 28/11/2025 10:30:00","BZN|FR","Without Sequence","89.98","",""
"28/11/2025 10:30:00 - 28/11/2025 10:45:00","BZN|FR","Without Sequence","85.97","",""
"28/11/2025 10:45:00 - 28/11/2025 11:00:00","BZN|FR","Without Sequence","79.70","",""
"28/11/2025 11:00:00 - 28/11/2025 11:15:00","BZN|FR","Without Sequence","79.70","",""
"28/11/2025 11:15:00 - 28/11/2025 11:30:00","BZN|FR","Without Sequence","78.66","",""
"28/11/2025 11:30:00 - 28/11/2025 11:45:00","BZN|FR","Without Sequence","76.20","",""
"28/11/2025 11:45:00 - 28/11/2025 12:00:00","BZN|FR","Without Sequence","77.00","",""
"28/11/2025 12:00:00 - 28/11/2025 12:15:00","BZN|FR","Without Sequence","78.41","",""
"28/11/2025 12:15:00 - 28/11/2025 12:30:00","BZN|FR","Without Sequence","77.00","",""
"28/11/2025 12:30:00 - 28/11/2025 12:45:00","BZN|FR","Without Sequence","78.01","",""
"28/11/2025 12:45:00 - 28/11/2025 13:00:00","BZN|FR","Without Sequence","75.97","",""
"28/11/2025 13:00:00 - 28/11/2025 13:15:00","BZN|FR","Without Sequence","75.00","",""
"28/11/2025 13:15:00 - 28/11/2025 13:30:00","BZN|FR","Without Sequence","73.00","",""
"28/11/2025 13:30:00 - 28/11/2025 13:45:00","BZN|FR","Without Sequence","70.00","",""
"28/11/2025 13:45:00 - 28/11/2025 14:00:00","BZN|FR","Without Sequence","69.00","",""
"28/11/2025 14:00:00 - 28/11/2025 14:15:00","BZN|FR","Without Sequence","69.21","",""
"28/11/2025 14:15:00 - 28/11/2025 14:30:00","BZN|FR","Without Sequence","68.00","",""
"28/11/2025 14:30:00 - 28/11/2025 14:45:00","BZN|FR","Without Sequence","67.98","",""
"28/11/2025 14:45:00 - 28/11/2025 15:00:00","BZN|FR","Without Sequence","71.00","",""
"28/11/2025 15:00:00 - 28/11/2025 15:15:00","BZN|FR","Without Sequence","66.02","",""
"28/11/2025 15:15:00 - 28/11/2025 15:30:00","BZN|FR","Without Sequence","71.60","",""
"28/11/2025 15:30:00 - 28/11/2025 15:45:00","BZN|FR","Without Sequence","76.50","",""
"28/11/2025 15:45:00 - 28/11/2025 16:00:00","BZN|FR","Without Sequence","84.78","",""
"28/11/2025 16:00:00 - 28/11/2025 16:15:00","BZN|FR","Without Sequence","78.00","",""
"28/11/2025 16:15:00 - 28/11/2025 16:30:00","BZN|FR","Without Sequence","84.61","",""
"28/11/2025 16:30:00 - 28/11/2025 16:45:00","BZN|FR","Without Sequence","80.29","",""
"28/11/2025 16:45:00 - 28/11/2025 17:00:00","BZN|FR","Without Sequence","88.39","",""
"28/11/2025 17:00:00 - 28/11/2025 17:15:00","BZN|FR","Without Sequence","76.62","",""
"28/11/2025 17:15:00 - 28/11/2025 17:30:00","BZN|FR","Without Sequence","91.85","",""
"28/11/2025 17:30:00 - 28/11/2025 17:45:00","BZN|FR","Without Sequence","97.96","",""
"28/11/2025 17:45:00 - 28/11/2025 18:00:00","BZN|FR","Without Sequence","98.15","",""
"28/11/2025 18:00:00 - 28/11/2025 18:15:00","BZN|FR","Without Sequence","103.14","",""
"28/11/2025 18:15:00 - 28/11/2025 18:30:00","BZN|FR","Without Sequence","97.93","",""
"28/11/2025 18:30:00 - 28/11/2025 18:45:00","BZN|FR","Without Sequence","101.94","",""
"28/11/2025 18:45:00 - 28/11/2025 19:00:00","BZN|FR","Without Sequence","98.22","",""
"28/11/2025 19:00:00 - 28/11/2025 19:15:00","BZN|FR","Without Sequence","106.56","",""
"28/11/2025 19:15:00 - 28/11/2025 19:30:00","BZN|FR","Without Sequence","98.80","",""
"28/11/2025 19:30:00 - 28/11/2025 19:45:00","BZN|FR","Without Sequence","94.56","",""
"28/11/2025 19:45:00 - 28/11/2025 20:00:00","BZN|FR","Without Sequence","85.20","",""
"28/11/2025 20:00:00 - 28/11/2025 20:15:00","BZN|FR","Without Sequence","104.28","",""
"28/11/2025 20:15:00 - 28/11/2025 20:30:00","BZN|FR","Without Sequence","89.71","",""
"28/11/2025 20:30:00 - 28/11/2025 20:45:00","BZN|FR","Without Sequence","86.45","",""
"28/11/2025 20:45:00 - 28/11/2025 21:00:00","BZN|FR","Without Sequence","79.14","",""
"28/11/2025 21:00:00 - 28/11/2025 21:15:00","BZN|FR","Without Sequence","92.24","",""
"28/11/2025 21:15:00 - 28/11/2025 21:30:00","BZN|FR","Without Sequence","90.07","",""
"28/11/2025 21:30:00 - 28/11/2025 21:45:00","BZN|FR","Without Sequence","86.83","",""
"28/11/2025 21:45:00 - 28/11/2025 22:00:00","BZN|FR","Without Sequence","76.00","",""
"28/11/2025 22:00:00 - 28/11/2025 22:15:00","BZN|FR","Without Sequence","92.69","",""
"28/11/2025 22:15:00 - 28/11/2025 22:30:00","BZN|FR","Without Sequence","86.16","",""
"28/11/2025 22:30:00 - 28/11/2025 22:45:00","BZN|FR","Without Sequence","88.95","",""
"28/11/2025 22:45:00 - 28/11/2025 23:00:00","BZN|FR","Without Sequence","77.98","",""
"28/11/2025 23:00:00 - 28/11/2025 23:15:00","BZN|FR","Without Sequence","86.85","",""
"28/11/2025 23:15:00 - 28/11/2025 23:30:00","BZN|FR","Without Sequence","78.19","",""
"28/11/2025 23:30:00 - 28/11/2025 23:45:00","BZN|FR","Without Sequence","76.11","",""
"28/11/2025 23:45:00 - 29/11/2025 00:00:00","BZN|FR","Without Sequence","72.21","",""
"29/11/2025 00:00:00 - 29/11/2025 00:15:00","BZN|FR","Without Sequence","95.33","",""
"29/11/2025 00:15:00 - 29/11/2025 00:30:00","BZN|FR","Without Sequence","83.86","",""
"29/11/2025 00:30:00 - 29/11/2025 00:45:00","BZN|FR","Without Sequence","78.26","",""
"29/11/2025 00:45:00 - 29/11/2025 01:00:00","BZN|FR","Without Sequence","70.62","",""
"29/11/2025 01:00:00 - 29/11/2025 01:15:00","BZN|FR","Without Sequence","83.65","",""
"29/11/2025 01:15:00 - 29/11/2025 01:30:00","BZN|FR","Without Sequence","78.91","",""
"29/11/2025 01:30:00 - 29/11/2025 01:45:00","BZN|FR","Without Sequence","80.87","",""
"29/11/2025 01:45:00 - 29/11/2025 02:00:00","BZN|FR","Without Sequence","81.18","",""
"29/11/2025 02:00:00 - 29/11/2025 02:15:00","BZN|FR","Without Sequence","86.29","",""
"29/11/2025 02:15:00 - 29/11/2025 02:30:00","BZN|FR","Without Sequence","84.26","",""
"29/11/2025 02:30:00 - 29/11/2025 02:45:00","BZN|FR","Without Sequence","79.19","",""
"29/11/2025 02:45:00 - 29/11/2025 03:00:00","BZN|FR","Without Sequence","75.68","",""
"29/11/2025 03:00:00 - 29/11/2025 03:15:00","BZN|FR","Without Sequence","85.00","",""
"29/11/2025 03:15:00 - 29/11/2025 03:30:00","BZN|FR","Without Sequence","79.94","",""
"29/11/2025 03:30:00 - 29/11/2025 03:45:00","BZN|FR","Without Sequence","69.40","",""
"29/11/2025 03:45:00 - 29/11/2025 04:00:00","BZN|FR","Without Sequence","61.29","",""
"29/11/2025 04:00:00 - 29/11/2025 04:15:00","BZN|FR","Without Sequence","68.98","",""
"29/11/2025 04:15:00 - 29/11/2025 04:30:00","BZN|FR","Without Sequence","63.04","",""
"29/11/2025 04:30:00 - 29/11/2025 04:45:00","BZN|FR","Without Sequence","64.88","",""
"29/11/2025 04:45:00 - 29/11/2025 05:00:00","BZN|FR","Without Sequence","62.30","",""
"29/11/2025 05:00:00 - 29/11/2025 05:15:00","BZN|FR","Without Sequence","72.19","",""
"29/11/2025 05:15:00 - 29/11/2025 05:30:00","BZN|FR","Without Sequence","68.12","",""
"29/11/2025 05:30:00 - 29/11/2025 05:45:00","BZN|FR","Without Sequence","76.02","",""
"29/11/2025 05:45:00 - 29/11/2025 06:00:00","BZN|FR","Without Sequence","62.54","",""
"29/11/2025 06:00:00 - 29/11/2025 06:15:00","BZN|FR","Without Sequence","78.75","",""
"29/11/2025 06:15:00 - 29/11/2025 06:30:00","BZN|FR","Without Sequence","68.96","",""
"29/11/2025 06:30:00 - 29/11/2025 06:45:00","BZN|FR","Without Sequence","81.80","",""
"29/11/2025 06:45:00 - 29/11/2025 07:00:00","BZN|FR","Without Sequence","74.09","",""
"29/11/2025 07:00:00 - 29/11/2025 07:15:00","BZN|FR","Without Sequence","80.59","",""
"29/11/2025 07:15:00 - 29/11/2025 07:30:00","BZN|FR","Without Sequence","79.74","",""
"29/11/2025 07:30:00 - 29/11/2025 07:45:00","BZN|FR","Without Sequence","73.71","",""
"29/11/2025 07:45:00 - 29/11/2025 08:00:00","BZN|FR","Without Sequence","87.79","",""
"29/11/2025 08:00:00 - 29/11/2025 08:15:00","BZN|FR","Without Sequence","93.87","",""
"29/11/2025 08:15:00 - 29/11/2025 08:30:00","BZN|FR","Without Sequence","88.19","",""
"29/11/2025 08:30:00 - 29/11/2025 08:45:00","BZN|FR","Without Sequence","91.94","",""
"29/11/2025 08:45:00 - 29/11/2025 09:00:00","BZN|FR","Without Sequence","88.09","",""
"29/11/2025 09:00:00 - 29/11/2025 09:15:00","BZN|FR","Without Sequence","93.54","",""
"29/11/2025 09:15:00 - 29/11/2025 09:30:00","BZN|FR","Without Sequence","84.54","",""
"29/11/2025 09:30:00 - 29/11/2025 09:45:00","BZN|FR","Without Sequence","79.94","",""
"29/11/2025 09:45:00 - 29/11/2025 10:00:00","BZN|FR","Without Sequence","64.20","",""
"29/11/2025 10:00:00 - 29/11/2025 10:15:00","BZN|FR","Without Sequence","70.35","",""
"29/11/2025 10:15:00 - 29/11/2025 10:30:00","BZN|FR","Without Sequence","64.06","",""
"29/11/2025 10:30:00 - 29/11/2025 10:45:00","BZN|FR","Without Sequence","62.11","",""
"29/11/2025 10:45:00 - 29/11/2025 11:00:00","BZN|FR","Without Sequence","55.00","",""
"29/11/2025 11:00:00 - 29/11/2025 11:15:00","BZN|FR","Without Sequence","54.30","",""
"29/11/2025 11:15:00 - 29/11/2025 11:30:00","BZN|FR","Without Sequence","50.20","",""
"29/11/2025 11:30:00 - 29/11/2025 11:45:00","BZN|FR","Without Sequence","49.25","",""
"29/11/2025 11:45:00 - 29/11/2025 12:00:00","BZN|FR","Without Sequence","46.48","",""
"29/11/2025 12:00:00 - 29/11/2025 12:15:00","BZN|FR","Without Sequence","51.91","",""
"29/11/2025 12:15:00 - 29/11/2025 12:30:00","BZN|FR","Without Sequence","50.00","",""
"29/11/2025 12:30:00 - 29/11/2025 12:45:00","BZN|FR","Without Sequence","50.20","",""
"29/11/2025 12:45:00 - 29/11/2025 13:00:00","BZN|FR","Without Sequence","50.00","",""
"29/11/2025 13:00:00 - 29/11/2025 13:15:00","BZN|FR","Without Sequence","46.00","",""
"29/11/2025 13:15:00 - 29/11/2025 13:30:00","BZN|FR","Without Sequence","44.14","",""
"29/11/2025 13:30:00 - 29/11/2025 13:45:00","BZN|FR","Without Sequence","43.18","",""
"29/11/2025 13:45:00 - 29/11/2025 14:00:00","BZN|FR","Without Sequence","44.26","",""
"29/11/2025 14:00:00 - 29/11/2025 14:15:00","BZN|FR","Without Sequence","44.00","",""
"29/11/2025 14:15:00 - 29/11/2025 14:30:00","BZN|FR","Without Sequence","46.84","",""
"29/11/2025 14:30:00 - 29/11/2025 14:45:00","BZN|FR","Without Sequence","48.85","",""
"29/11/2025 14:45:00 - 29/11/2025 15:00:00","BZN|FR","Without Sequence","50.86","",""
"29/11/2025 15:00:00 - 29/11/2025 15:15:00","BZN|FR","Without Sequence","51.03","",""
"29/11/2025 15:15:00 - 29/11/2025 15:30:00","BZN|FR","Without Sequence","54.44","",""
"29/11/2025 15:30:00 - 29/11/2025 15:45:00","BZN|FR","Without Sequence","59.41","",""
"29/11/2025 15:45:00 - 29/11/2025 16:00:00","BZN|FR","Without Sequence","62.50","",""
"29/11/2025 16:00:00 - 29/11/2025 16:15:00","BZN|FR","Without Sequence","61.72","",""
"29/11/2025 16:15:00 - 29/11/2025 16:30:00","BZN|FR","Without Sequence","63.82","",""
"29/11/2025 16:30:00 - 29/11/2025 16:45:00","BZN|FR","Without Sequence","75.54","",""
"29/11/2025 16:45:00 - 29/11/2025 17:00:00","BZN|FR","Without Sequence","85.80","",""
"29/11/2025 17:00:00 - 29/11/2025 17:15:00","BZN|FR","Without Sequence","65.00","",""
"29/11/2025 17:15:00 - 29/11/2025 17:30:00","BZN|FR","Without Sequence","87.23","",""
"29/11/2025 17:30:00 - 29/11/2025 17:45:00","BZN|FR","Without Sequence","87.66","",""
"29/11/2025 17:45:00 - 29/11/2025 18:00:00","BZN|FR","Without Sequence","97.10","",""
"29/11/2025 18:00:00 - 29/11/2025 18:15:00","BZN|FR","Without Sequence","86.18","",""
"29/11/2025 18:15:00 - 29/11/2025 18:30:00","BZN|FR","Without Sequence","93.85","",""
"29/11/2025 18:30:00 - 29/11/2025 18:45:00","BZN|FR","Without Sequence","89.72","",""
"29/11/2025 18:45:00 - 29/11/2025 19:00:00","BZN|FR","Without Sequence","94.60","",""
"29/11/2025 19:00:00 - 29/11/2025 19:15:00","BZN|FR","Without Sequence","96.56","",""
"29/11/2025 19:15:00 - 29/11/2025 19:30:00","BZN|FR","Without Sequence","94.70","",""
"29/11/2025 19:30:00 - 29/11/2025 19:45:00","BZN|FR","Without Sequence","90.93","",""
"29/11/2025 19:45:00 - 29/11/2025 20:00:00","BZN|FR","Without Sequence","90.22","",""
"29/11/2025 20:00:00 - 29/11/2025 20:15:00","BZN|FR","Without Sequence","97.90","",""
"29/11/2025 20:15:00 - 29/11/2025 20:30:00","BZN|FR","Without Sequence","89.94","",""
"29/11/2025 20:30:00 - 29/11/2025 20:45:00","BZN|FR","Without Sequence","81.56","",""
"29/11/2025 20:45:00 - 29/11/2025 21:00:00","BZN|FR","Without Sequence","77.51","",""
"29/11/2025 21:00:00 - 29/11/2025 21:15:00","BZN|FR","Without Sequence","86.05","",""
"29/11/2025 21:15:00 - 29/11/2025 21:30:00","BZN|FR","Without Sequence","82.97","",""
"29/11/2025 21:30:00 - 29/11/2025 21:45:00","BZN|FR","Without Sequence","79.00","",""
"29/11/2025 21:45:00 - 29/11/2025 22:00:00","BZN|FR","Without Sequence","78.91","",""
"29/11/2025 22:00:00 - 29/11/2025 22:15:00","BZN|FR","Without Sequence","91.93","",""
"29/11/2025 22:15:00 - 29/11/2025 22:30:00","BZN|FR","Without Sequence","89.84","",""
"29/11/2025 22:30:00 - 29/11/2025 22:45:00","BZN|FR","Without Sequence","90.79","",""
"29/11/2025 22:45:00 - 29/11/2025 23:00:00","BZN|FR","Without Sequence","80.02","",""
"29/11/2025 23:00:00 - 29/11/2025 23:15:00","BZN|FR","Without Sequence","90.27","",""
"29/11/2025 23:15:00 - 29/11/2025 23:30:00","BZN|FR","Without Sequence","81.66","",""
"29/11/2025 23:30:00 - 29/11/2025 23:45:00","BZN|FR","Without Sequence","79.38","",""
"29/11/2025 23:45:00 - 30/11/2025 00:00:00","BZN|FR","Without Sequence","76.50","",""
"30/11/2025 00:00:00 - 30/11/2025 00:15:00","BZN|FR","Without Sequence","85.70","",""
"30/11/2025 00:15:00 - 30/11/2025 00:30:00","BZN|FR","Without Sequence","79.61","",""
"30/11/2025 00:30:00 - 30/11/2025 00:45:00","BZN|FR","Without Sequence","72.10","",""
"30/11/2025 00:45:00 - 30/11/2025 01:00:00","BZN|FR","Without Sequence","70.00","",""
"30/11/2025 01:00:00 - 30/11/2025 01:15:00","BZN|FR","Without Sequence","74.54","",""
"30/11/2025 01:15:00 - 30/11/2025 01:30:00","BZN|FR","Without Sequence","70.00","",""
"30/11/2025 01:30:00 - 30/11/2025 01:45:00","BZN|FR","Without Sequence","69.50","",""
"30/11/2025 01:45:00 - 30/11/2025 02:00:00","BZN|FR","Without Sequence","68.98","",""
"30/11/2025 02:00:00 - 30/11/2025 02:15:00","BZN|FR","Without Sequence","69.82","",""
"30/11/2025 02:15:00 - 30/11/2025 02:30:00","BZN|FR","Without Sequence","69.37","",""
"30/11/2025 02:30:00 - 30/11/2025 02:45:00","BZN|FR","Without Sequence","68.98","",""
"30/11/2025 02:45:00 - 30/11/2025 03:00:00","BZN|FR","Without Sequence","65.82","",""
"30/11/2025 03:00:00 - 30/11/2025 03:15:00","BZN|FR","Without Sequence","68.98","",""
"30/11/2025 03:15:00 - 30/11/2025 03:30:00","BZN|FR","Without Sequence","68.29","",""
"30/11/2025 03:30:00 - 30/11/2025 03:45:00","BZN|FR","Without Sequence","66.01","",""
"30/11/2025 03:45:00 - 30/11/2025 04:00:00","BZN|FR","Without Sequence","62.33","",""
"30/11/2025 04:00:00 - 30/11/2025 04:15:00","BZN|FR","Without Sequence","67.22","",""
"30/11/2025 04:15:00 - 30/11/2025 04:30:00","BZN|FR","Without Sequence","66.01","",""
"30/11/2025 04:30:00 - 30/11/2025 04:45:00","BZN|FR","Without Sequence","65.60","",""
"30/11/2025 04:45:00 - 30/11/2025 05:00:00","BZN|FR","Without Sequence","65.00","",""
"30/11/2025 05:00:00 - 30/11/2025 05:15:00","BZN|FR","Without Sequence","67.87","",""
"30/11/2025 05:15:00 - 30/11/2025 05:30:00","BZN|FR","Without Sequence","66.07","",""
"30/11/2025 05:30:00 - 30/11/2025 05:45:00","BZN|FR","Without Sequence","65.85","",""
"30/11/2025 05:45:00 - 30/11/2025 06:00:00","BZN|FR","Without Sequence","66.00","",""
"30/11/2025 06:00:00 - 30/11/2025 06:15:00","BZN|FR","Without Sequence","66.07","",""
"30/11/2025 06:15:00 - 30/11/2025 06:30:00","BZN|FR","Without Sequence","67.51","",""
"30/11/2025 06:30:00 - 30/11/2025 06:45:00","BZN|FR","Without Sequence","63.62","",""
"30/11/2025 06:45:00 - 30/11/2025 07:00:00","BZN|FR","Without Sequence","63.62","",""
"30/11/2025 07:00:00 - 30/11/2025 07:15:00","BZN|FR","Without Sequence","69.37","",""
"30/11/2025 07:15:00 - 30/11/2025 07:30:00","BZN|FR","Without Sequence","69.37","",""
"30/11/2025 07:30:00 - 30/11/2025 07:45:00","BZN|FR","Without Sequence","69.24","",""
"30/11/2025 07:45:00 - 30/11/2025 08:00:00","BZN|FR","Without Sequence","69.50","",""
"30/11/2025 08:00:00 - 30/11/2025 08:15:00","BZN|FR","Without Sequence","71.67","",""
"30/11/2025 08:15:00 - 30/11/2025 08:30:00","BZN|FR","Without Sequence","71.68","",""
"30/11/2025 08:30:00 - 30/11/2025 08:45:00","BZN|FR","Without Sequence","75.00","",""
"30/11/2025 08:45:00 - 30/11/2025 09:00:00","BZN|FR","Without Sequence","77.01","",""
"30/11/2025 09:00:00 - 30/11/2025 09:15:00","BZN|FR","Without Sequence","84.61","",""
"30/11/2025 09:15:00 - 30/11/2025 09:30:00","BZN|FR","Without Sequence","83.98","",""
"30/11/2025 09:30:00 - 30/11/2025 09:45:00","BZN|FR","Without Sequence","82.08","",""
"30/11/2025 09:45:00 - 30/11/2025 10:00:00","BZN|FR","Without Sequence","76.30","",""
"30/11/2025 10:00:00 - 30/11/2025 10:15:00","BZN|FR","Without Sequence","79.23","",""
"30/11/2025 10:15:00 - 30/11/2025 10:30:00","BZN|FR","Without Sequence","72.22","",""
"30/11/2025 10:30:00 - 30/11/2025 10:45:00","BZN|FR","Without Sequence","70.76","",""
"30/11/2025 10:45:00 - 30/11/2025 11:00:00","BZN|FR","Without Sequence","63.51","",""
"30/11/2025 11:00:00 - 30/11/2025 11:15:00","BZN|FR","Without Sequence","67.23","",""
"30/11/2025 11:15:00 - 30/11/2025 11:30:00","BZN|FR","Without Sequence","56.02","",""
"30/11/2025 11:30:00 - 30/11/2025 11:45:00","BZN|FR","Without Sequence","63.34","",""
"30/11/2025 11:45:00 - 30/11/2025 12:00:00","BZN|FR","Without Sequence","65.47","",""
"30/11/2025 12:00:00 - 30/11/2025 12:15:00","BZN|FR","Without Sequence","71.00","",""
"30/11/2025 12:15:00 - 30/11/2025 12:30:00","BZN|FR","Without Sequence","69.32","",""
"30/11/2025 12:30:00 - 30/11/2025 12:45:00","BZN|FR","Without Sequence","82.48","",""
"30/11/2025 12:45:00 - 30/11/2025 13:00:00","BZN|FR","Without Sequence","73.48","",""
"30/11/2025 13:00:00 - 30/11/2025 13:15:00","BZN|FR","Without Sequence","70.35","",""
"30/11/2025 13:15:00 - 30/11/2025 13:30:00","BZN|FR","Without Sequence","80.00","",""
"30/11/2025 13:30:00 - 30/11/2025 13:45:00","BZN|FR","Without Sequence","64.07","",""
"30/11/2025 13:45:00 - 30/11/2025 14:00:00","BZN|FR","Without Sequence","59.14","",""
"30/11/2025 14:00:00 - 30/11/2025 14:15:00","BZN|FR","Without Sequence","60.54","",""
"30/11/2025 14:15:00 - 30/11/2025 14:30:00","BZN|FR","Without Sequence","53.30","",""
"30/11/2025 14:30:00 - 30/11/2025 14:45:00","BZN|FR","Without Sequence","58.93","",""
"30/11/2025 14:45:00 - 30/11/2025 15:00:00","BZN|FR","Without Sequence","76.76","",""
"30/11/2025 15:00:00 - 30/11/2025 15:15:00","BZN|FR","Without Sequence","54.00","",""
"30/11/2025 15:15:00 - 30/11/2025 15:30:00","BZN|FR","Without Sequence","56.30","",""
"30/11/2025 15:30:00 - 30/11/2025 15:45:00","BZN|FR","Without Sequence","62.36","",""
"30/11/2025 15:45:00 - 30/11/2025 16:00:00","BZN|FR","Without Sequence","74.64","",""
"30/11/2025 16:00:00 - 30/11/2025 16:15:00","BZN|FR","Without Sequence","83.36","",""
"30/11/2025 16:15:00 - 30/11/2025 16:30:00","BZN|FR","Without Sequence","74.90","",""
"30/11/2025 16:30:00 - 30/11/2025 16:45:00","BZN|FR","Without Sequence","85.00","",""
"30/11/2025 16:45:00 - 30/11/2025 17:00:00","BZN|FR","Without Sequence","92.00","",""
"30/11/2025 17:00:00 - 30/11/2025 17:15:00","BZN|FR","Without Sequence","95.46","",""
"30/11/2025 17:15:00 - 30/11/2025 17:30:00","BZN|FR","Without Sequence","98.68","",""
"30/11/2025 17:30:00 - 30/11/2025 17:45:00","BZN|FR","Without Sequence","100.58","",""
"30/11/2025 17:45:00 - 30/11/2025 18:00:00","BZN|FR","Without Sequence","102.37","",""
"30/11/2025 18:00:00 - 30/11/2025 18:15:00","BZN|FR","Without Sequence","102.33","",""
"30/11/2025 18:15:00 - 30/11/2025 18:30:00","BZN|FR","Without Sequence","104.93","",""
"30/11/2025 18:30:00 - 30/11/2025 18:45:00","BZN|FR","Without Sequence","105.29","",""
"30/11/2025 18:45:00 - 30/11/2025 19:00:00","BZN|FR","Without Sequence","108.96","",""
"30/11/2025 19:00:00 - 30/11/2025 19:15:00","BZN|FR","Without Sequence","106.18","",""
"30/11/2025 19:15:00 - 30/11/2025 19:30:00","BZN|FR","Without Sequence","107.63","",""
"30/11/2025 19:30:00 - 30/11/2025 19:45:00","BZN|FR","Without Sequence","105.96","",""
"30/11/2025 19:45:00 - 30/11/2025 20:00:00","BZN|FR","Without Sequence","107.46","",""
"30/11/2025 20:00:00 - 30/11/2025 20:15:00","BZN|FR","Without Sequence","102.29","",""
"30/11/2025 20:15:00 - 30/11/2025 20:30:00","BZN|FR","Without Sequence","102.00","",""
"30/11/2025 20:30:00 - 30/11/2025 20:45:00","BZN|FR","Without Sequence","101.06","",""
"30/11/2025 20:45:00 - 30/11/2025 21:00:00","BZN|FR","Without Sequence","100.34","",""
"30/11/2025 21:00:00 - 30/11/2025 21:15:00","BZN|FR","Without Sequence","100.41","",""
"30/11/2025 21:15:00 - 30/11/2025 21:30:00","BZN|FR","Without Sequence","100.05","",""
"30/11/2025 21:30:00 - 30/11/2025 21:45:00","BZN|FR","Without Sequence","92.98","",""
"30/11/2025 21:45:00 - 30/11/2025 22:00:00","BZN|FR","Without Sequence","89.10","",""
"30/11/2025 22:00:00 - 30/11/2025 22:15:00","BZN|FR","Without Sequence","97.56","",""
"30/11/2025 22:15:00 - 30/11/2025 22:30:00","BZN|FR","Without Sequence","94.63","",""
"30/11/2025 22:30:00 - 30/11/2025 22:45:00","BZN|FR","Without Sequence","92.21","",""
"30/11/2025 22:45:00 - 30/11/2025 23:00:00","BZN|FR","Without Sequence","90.00","",""
"30/11/2025 23:00:00 - 30/11/2025 23:15:00","BZN|FR","Without Sequence","90.27","",""
"30/11/2025 23:15:00 - 30/11/2025 23:30:00","BZN|FR","Without Sequence","86.78","",""
"30/11/2025 23:30:00 - 30/11/2025 23:45:00","BZN|FR","Without Sequence","87.50","",""
"30/11/2025 23:45:00 - 01/12/2025 00:00:00","BZN|FR","Without Sequence","86.29","",""
"01/12/2025 00:00:00 - 01/12/2025 00:15:00","BZN|FR","Without Sequence","91.42","",""
"01/12/2025 00:15:00 - 01/12/2025 00:30:00","BZN|FR","Without Sequence","90.93","",""
"01/12/2025 00:30:00 - 01/12/2025 00:45:00","BZN|FR","Without Sequence","80.00","",""
"01/12/2025 00:45:00 - 01/12/2025 01:00:00","BZN|FR","Without Sequence","60.07","",""
"01/12/2025 01:00:00 - 01/12/2025 01:15:00","BZN|FR","Without Sequence","81.53","",""
"01/12/2025 01:15:00 - 01/12/2025 01:30:00","BZN|FR","Without Sequence","75.39","",""
"01/12/2025 01:30:00 - 01/12/2025 01:45:00","BZN|FR","Without Sequence","65.15","",""
"01/12/2025 01:45:00 - 01/12/2025 02:00:00","BZN|FR","Without Sequence","61.31","",""
"01/12/2025 02:00:00 - 01/12/2025 02:15:00","BZN|FR","Without Sequence","70.34","",""
"01/12/2025 02:15:00 - 01/12/2025 02:30:00","BZN|FR","Without Sequence","62.16","",""
"01/12/2025 02:30:00 - 01/12/2025 02:45:00","BZN|FR","Without Sequence","71.00","",""
"01/12/2025 02:45:00 - 01/12/2025 03:00:00","BZN|FR","Without Sequence","50.02","",""
"01/12/2025 03:00:00 - 01/12/2025 03:15:00","BZN|FR","Without Sequence","67.06","",""
"01/12/2025 03:15:00 - 01/12/2025 03:30:00","BZN|FR","Without Sequence","54.33","",""
"01/12/2025 03:30:00 - 01/12/2025 03:45:00","BZN|FR","Without Sequence","51.55","",""
"01/12/2025 03:45:00 - 01/12/2025 04:00:00","BZN|FR","Without Sequence","39.02","",""
"01/12/2025 04:00:00 - 01/12/2025 04:15:00","BZN|FR","Without Sequence","56.43","",""
"01/12/2025 04:15:00 - 01/12/2025 04:30:00","BZN|FR","Without Sequence","44.88","",""
"01/12/2025 04:30:00 - 01/12/2025 04:45:00","BZN|FR","Without Sequence","35.15","",""
"01/12/2025 04:45:00 - 01/12/2025 05:00:00","BZN|FR","Without Sequence","53.13","",""
"01/12/2025 05:00:00 - 01/12/2025 05:15:00","BZN|FR","Without Sequence","43.95","",""
"01/12/2025 05:15:00 - 01/12/2025 05:30:00","BZN|FR","Without Sequence","66.07","",""
"01/12/2025 05:30:00 - 01/12/2025 05:45:00","BZN|FR","Without Sequence","41.67","",""
"01/12/2025 05:45:00 - 01/12/2025 06:00:00","BZN|FR","Without Sequence","58.00","",""
"01/12/2025 06:00:00 - 01/12/2025 06:15:00","BZN|FR","Without Sequence","77.69","",""
"01/12/2025 06:15:00 - 01/12/2025 06:30:00","BZN|FR","Without Sequence","71.34","",""
"01/12/2025 06:30:00 - 01/12/2025 06:45:00","BZN|FR","Without Sequence","75.01","",""
"01/12/2025 06:45:00 - 01/12/2025 07:00:00","BZN|FR","Without Sequence","79.12","",""
"01/12/2025 07:00:00 - 01/12/2025 07:15:00","BZN|FR","Without Sequence","84.36","",""
"01/12/2025 07:15:00 - 01/12/2025 07:30:00","BZN|FR","Without Sequence","92.97","",""
"01/12/2025 07:30:00 - 01/12/2025 07:45:00","BZN|FR","Without Sequence","109.00","",""
"01/12/2025 07:45:00 - 01/12/2025 08:00:00","BZN|FR","Without Sequence","119.74","",""
"01/12/2025 08:00:00 - 01/12/2025 08:15:00","BZN|FR","Without Sequence","125.01","",""
"01/12/2025 08:15:00 - 01/12/2025 08:30:00","BZN|FR","Without Sequence","120.47","",""
"01/12/2025 08:30:00 - 01/12/2025 08:45:00","BZN|FR","Without Sequence","100.37","",""
"01/12/2025 08:45:00 - 01/12/2025 09:00:00","BZN|FR","Without Sequence","74.18","",""
"01/12/2025 09:00:00 - 01/12/2025 09:15:00","BZN|FR","Without Sequence","118.04","",""
"01/12/2025 09:15:00 - 01/12/2025 09:30:00","BZN|FR","Without Sequence","100.10","",""
"01/12/2025 09:30:00 - 01/12/2025 09:45:00","BZN|FR","Without Sequence","87.92","",""
"01/12/2025 09:45:00 - 01/12/2025 10:00:00","BZN|FR","Without Sequence","74.78","",""
"01/12/2025 10:00:00 - 01/12/2025 10:15:00","BZN|FR","Without Sequence","88.00","",""
"01/12/2025 10:15:00 - 01/12/2025 10:30:00","BZN|FR","Without Sequence","79.01","",""
"01/12/2025 10:30:00 - 01/12/2025 10:45:00","BZN|FR","Without Sequence","70.14","",""
"01/12/2025 10:45:00 - 01/12/2025 11:00:00","BZN|FR","Without Sequence","63.32","",""
"01/12/2025 11:00:00 - 01/12/2025 11:15:00","BZN|FR","Without Sequence","70.00","",""
"01/12/2025 11:15:00 - 01/12/2025 11:30:00","BZN|FR","Without Sequence","67.90","",""
"01/12/2025 11:30:00 - 01/12/2025 11:45:00","BZN|FR","Without Sequence","67.90","",""
"01/12/2025 11:45:00 - 01/12/2025 12:00:00","BZN|FR","Without Sequence","67.00","",""
"01/12/2025 12:00:00 - 01/12/2025 12:15:00","BZN|FR","Without Sequence","71.82","",""
"01/12/2025 12:15:00 - 01/12/2025 12:30:00","BZN|FR","Without Sequence","70.50","",""
"01/12/2025 12:30:00 - 01/12/2025 12:45:00","BZN|FR","Without Sequence","70.50","",""
"01/12/2025 12:45:00 - 01/12/2025 13:00:00","BZN|FR","Without Sequence","70.37","",""
"01/12/2025 13:00:00 - 01/12/2025 13:15:00","BZN|FR","Without Sequence","69.72","",""
"01/12/2025 13:15:00 - 01/12/2025 13:30:00","BZN|FR","Without Sequence","69.72","",""
"01/12/2025 13:30:00 - 01/12/2025 13:45:00","BZN|FR","Without Sequence","69.00","",""
"01/12/2025 13:45:00 - 01/12/2025 14:00:00","BZN|FR","Without Sequence","69.85","",""
"01/12/2025 14:00:00 - 01/12/2025 14:15:00","BZN|FR","Without Sequence","69.72","",""
"01/12/2025 14:15:00 - 01/12/2025 14:30:00","BZN|FR","Without Sequence","69.72","",""
"01/12/2025 14:30:00 - 01/12/2025 14:45:00","BZN|FR","Without Sequence","69.98","",""
"01/12/2025 14:45:00 - 01/12/2025 15:00:00","BZN|FR","Without Sequence","70.11","",""
"01/12/2025 15:00:00 - 01/12/2025 15:15:00","BZN|FR","Without Sequence","70.37","",""
"01/12/2025 15:15:00 - 01/12/2025 15:30:00","BZN|FR","Without Sequence","70.50","",""
"01/12/2025 15:30:00 - 01/12/2025 15:45:00","BZN|FR","Without Sequence","72.63","",""
"01/12/2025 15:45:00 - 01/12/2025 16:00:00","BZN|FR","Without Sequence","80.00","",""
"01/12/2025 16:00:00 - 01/12/2025 16:15:00","BZN|FR","Without Sequence","70.35","",""
"01/12/2025 16:15:00 - 01/12/2025 16:30:00","BZN|FR","Without Sequence","82.06","",""
"01/12/2025 16:30:00 - 01/12/2025 16:45:00","BZN|FR","Without Sequence","90.20","",""
"01/12/2025 16:45:00 - 01/12/2025 17:00:00","BZN|FR","Without Sequence","100.00","",""
"01/12/2025 17:00:00 - 01/12/2025 17:15:00","BZN|FR","Without Sequence","87.44","",""
"01/12/2025 17:15:00 - 01/12/2025 17:30:00","BZN|FR","Without Sequence","92.76","",""
"01/12/2025 17:30:00 - 01/12/2025 17:45:00","BZN|FR","Without Sequence","98.98","",""
"01/12/2025 17:45:00 - 01/12/2025 18:00:00","BZN|FR","Without Sequence","100.30","",""
"01/12/2025 18:00:00 - 01/12/2025 18:15:00","BZN|FR","Without Sequence","89.01","",""
"01/12/2025 18:15:00 - 01/12/2025 18:30:00","BZN|FR","Without Sequence","94.33","",""
"01/12/2025 18:30:00 - 01/12/2025 18:45:00","BZN|FR","Without Sequence","104.35","",""
"01/12/2025 18:45:00 - 01/12/2025 19:00:00","BZN|FR","Without Sequence","101.43","",""
"01/12/2025 19:00:00 - 01/12/2025 19:15:00","BZN|FR","Without Sequence","108.83","",""
"01/12/2025 19:15:00 - 01/12/2025 19:30:00","BZN|FR","Without Sequence","97.79","",""
"01/12/2025 19:30:00 - 01/12/2025 19:45:00","BZN|FR","Without Sequence","98.21","",""
"01/12/2025 19:45:00 - 01/12/2025 20:00:00","BZN|FR","Without Sequence","92.21","",""
"01/12/2025 20:00:00 - 01/12/2025 20:15:00","BZN|FR","Without Sequence","98.33","",""
"01/12/2025 20:15:00 - 01/12/2025 20:30:00","BZN|FR","Without Sequence","90.91","",""
"01/12/2025 20:30:00 - 01/12/2025 20:45:00","BZN|FR","Without Sequence","79.96","",""
"01/12/2025 20:45:00 - 01/12/2025 21:00:00","BZN|FR","Without Sequence","80.01","",""
"01/12/2025 21:00:00 - 01/12/2025 21:15:00","BZN|FR","Without Sequence","93.35","",""
"01/12/2025 21:15:00 - 01/12/2025 21:30:00","BZN|FR","Without Sequence","86.84","",""
"01/12/2025 21:30:00 - 01/12/2025 21:45:00","BZN|FR","Without Sequence","74.03","",""
"01/12/2025 21:45:00 - 01/12/2025 22:00:00","BZN|FR","Without Sequence","67.22","",""
"01/12/2025 22:00:00 - 01/12/2025 22:15:00","BZN|FR","Without Sequence","87.81","",""
"01/12/2025 22:15:00 - 01/12/2025 22:30:00","BZN|FR","Without Sequence","78.17","",""
"01/12/2025 22:30:00 - 01/12/2025 22:45:00","BZN|FR","Without Sequence","83.80","",""
"01/12/2025 22:45:00 - 01/12/2025 23:00:00","BZN|FR","Without Sequence","71.97","",""
"01/12/2025 23:00:00 - 01/12/2025 23:15:00","BZN|FR","Without Sequence","85.99","",""
"01/12/2025 23:15:00 - 01/12/2025 23:30:00","BZN|FR","Without Sequence","73.84","",""
"01/12/2025 23:30:00 - 01/12/2025 23:45:00","BZN|FR","Without Sequence","73.16","",""
"01/12/2025 23:45:00 - 02/12/2025 00:00:00","BZN|FR","Without Sequence","65.27","",""
"02/12/2025 00:00:00 - 02/12/2025 00:15:00","BZN|FR","Without Sequence","80.92","",""
"02/12/2025 00:15:00 - 02/12/2025 00:30:00","BZN|FR","Without Sequence","71.01","",""
"02/12/2025 00:30:00 - 02/12/2025 00:45:00","BZN|FR","Without Sequence","53.08","",""
"02/12/2025 00:45:00 - 02/12/2025 01:00:00","BZN|FR","Without Sequence","31.54","",""
"02/12/2025 01:00:00 - 02/12/2025 01:15:00","BZN|FR","Without Sequence","61.06","",""
"02/12/2025 01:15:00 - 02/12/2025 01:30:00","BZN|FR","Without Sequence","58.68","",""
"02/12/2025 01:30:00 - 02/12/2025 01:45:00","BZN|FR","Without Sequence","58.78","",""
"02/12/2025 01:45:00 - 02/12/2025 02:00:00","BZN|FR","Without Sequence","48.00","",""
"02/12/2025 02:00:00 - 02/12/2025 02:15:00","BZN|FR","Without Sequence","55.19","",""
"02/12/2025 02:15:00 - 02/12/2025 02:30:00","BZN|FR","Without Sequence","56.23","",""
"02/12/2025 02:30:00 - 02/12/2025 02:45:00","BZN|FR","Without Sequence","52.85","",""
"02/12/2025 02:45:00 - 02/12/2025 03:00:00","BZN|FR","Without Sequence","40.10","",""
"02/12/2025 03:00:00 - 02/12/2025 03:15:00","BZN|FR","Without Sequence","45.31","",""
"02/12/2025 03:15:00 - 02/12/2025 03:30:00","BZN|FR","Without Sequence","44.08","",""
"02/12/2025 03:30:00 - 02/12/2025 03:45:00","BZN|FR","Without Sequence","34.81","",""
"02/12/2025 03:45:00 - 02/12/2025 04:00:00","BZN|FR","Without Sequence","39.95","",""
"02/12/2025 04:00:00 - 02/12/2025 04:15:00","BZN|FR","Without Sequence","34.70","",""
"02/12/2025 04:15:00 - 02/12/2025 04:30:00","BZN|FR","Without Sequence","34.24","",""
"02/12/2025 04:30:00 - 02/12/2025 04:45:00","BZN|FR","Without Sequence","46.68","",""
"02/12/2025 04:45:00 - 02/12/2025 05:00:00","BZN|FR","Without Sequence","59.83","",""
"02/12/2025 05:00:00 - 02/12/2025 05:15:00","BZN|FR","Without Sequence","44.02","",""
"02/12/2025 05:15:00 - 02/12/2025 05:30:00","BZN|FR","Without Sequence","63.30","",""
"02/12/2025 05:30:00 - 02/12/2025 05:45:00","BZN|FR","Without Sequence","63.97","",""
"02/12/2025 05:45:00 - 02/12/2025 06:00:00","BZN|FR","Without Sequence","75.13","",""
"02/12/2025 06:00:00 - 02/12/2025 06:15:00","BZN|FR","Without Sequence","57.93","",""
"02/12/2025 06:15:00 - 02/12/2025 06:30:00","BZN|FR","Without Sequence","75.15","",""
"02/12/2025 06:30:00 - 02/12/2025 06:45:00","BZN|FR","Without Sequence","85.00","",""
"02/12/2025 06:45:00 - 02/12/2025 07:00:00","BZN|FR","Without Sequence","89.18","",""
"02/12/2025 07:00:00 - 02/12/2025 07:15:00","BZN|FR","Without Sequence","80.00","",""
"02/12/2025 07:15:00 - 02/12/2025 07:30:00","BZN|FR","Without Sequence","83.91","",""
"02/12/2025 07:30:00 - 02/12/2025 07:45:00","BZN|FR","Without Sequence","92.82","",""
"02/12/2025 07:45:00 - 02/12/2025 08:00:00","BZN|FR","Without Sequence","95.34","",""
"02/12/2025 08:00:00 - 02/12/2025 08:15:00","BZN|FR","Without Sequence","95.07","",""
"02/12/2025 08:15:00 - 02/12/2025 08:30:00","BZN|FR","Without Sequence","95.82","",""
"02/12/2025 08:30:00 - 02/12/2025 08:45:00","BZN|FR","Without Sequence","95.72","",""
"02/12/2025 08:45:00 - 02/12/2025 09:00:00","BZN|FR","Without Sequence","95.34","",""
"02/12/2025 09:00:00 - 02/12/2025 09:15:00","BZN|FR","Without Sequence","96.30","",""
"02/12/2025 09:15:00 - 02/12/2025 09:30:00","BZN|FR","Without Sequence","95.02","",""
"02/12/2025 09:30:00 - 02/12/2025 09:45:00","BZN|FR","Without Sequence","89.16","",""
"02/12/2025 09:45:00 - 02/12/2025 10:00:00","BZN|FR","Without Sequence","85.19","",""
"02/12/2025 10:00:00 - 02/12/2025 10:15:00","BZN|FR","Without Sequence","90.63","",""
"02/12/2025 10:15:00 - 02/12/2025 10:30:00","BZN|FR","Without Sequence","86.00","",""
"02/12/2025 10:30:00 - 02/12/2025 10:45:00","BZN|FR","Without Sequence","83.00","",""
"02/12/2025 10:45:00 - 02/12/2025 11:00:00","BZN|FR","Without Sequence","79.94","",""
"02/12/2025 11:00:00 - 02/12/2025 11:15:00","BZN|FR","Without Sequence","86.00","",""
"02/12/2025 11:15:00 - 02/12/2025 11:30:00","BZN|FR","Without Sequence","82.63","",""
"02/12/2025 11:30:00 - 02/12/2025 11:45:00","BZN|FR","Without Sequence","81.78","",""
"02/12/2025 11:45:00 - 02/12/2025 12:00:00","BZN|FR","Without Sequence","79.64","",""
"02/12/2025 12:00:00 - 02/12/2025 12:15:00","BZN|FR","Without Sequence","82.54","",""
"02/12/2025 12:15:00 - 02/12/2025 12:30:00","BZN|FR","Without Sequence","80.53","",""
"02/12/2025 12:30:00 - 02/12/2025 12:45:00","BZN|FR","Without Sequence","80.53","",""
"02/12/2025 12:45:00 - 02/12/2025 13:00:00","BZN|FR","Without Sequence","77.60","",""
"02/12/2025 13:00:00 - 02/12/2025 13:15:00","BZN|FR","Without Sequence","80.52","",""
"02/12/2025 13:15:00 - 02/12/2025 13:30:00","BZN|FR","Without Sequence","78.94","",""
"02/12/2025 13:30:00 - 02/12/2025 13:45:00","BZN|FR","Without Sequence","71.34","",""
"02/12/2025 13:45:00 - 02/12/2025 14:00:00","BZN|FR","Without Sequence","71.00","",""
"02/12/2025 14:00:00 - 02/12/2025 14:15:00","BZN|FR","Without Sequence","86.56","",""
"02/12/2025 14:15:00 - 02/12/2025 14:30:00","BZN|FR","Without Sequence","88.28","",""
"02/12/2025 14:30:00 - 02/12/2025 14:45:00","BZN|FR","Without Sequence","87.62","",""
"02/12/2025 14:45:00 - 02/12/2025 15:00:00","BZN|FR","Without Sequence","92.05","",""
"02/12/2025 15:00:00 - 02/12/2025 15:15:00","BZN|FR","Without Sequence","87.20","",""
"02/12/2025 15:15:00 - 02/12/2025 15:30:00","BZN|FR","Without Sequence","86.90","",""
"02/12/2025 15:30:00 - 02/12/2025 15:45:00","BZN|FR","Without Sequence","85.05","",""
"02/12/2025 15:45:00 - 02/12/2025 16:00:00","BZN|FR","Without Sequence","93.90","",""
"02/12/2025 16:00:00 - 02/12/2025 16:15:00","BZN|FR","Without Sequence","80.53","",""
"02/12/2025 16:15:00 - 02/12/2025 16:30:00","BZN|FR","Without Sequence","85.61","",""
"02/12/2025 16:30:00 - 02/12/2025 16:45:00","BZN|FR","Without Sequence","88.75","",""
"02/12/2025 16:45:00 - 02/12/2025 17:00:00","BZN|FR","Without Sequence","95.82","",""
"02/12/2025 17:00:00 - 02/12/2025 17:15:00","BZN|FR","Without Sequence","95.58","",""
"02/12/2025 17:15:00 - 02/12/2025 17:30:00","BZN|FR","Without Sequence","100.00","",""
"02/12/2025 17:30:00 - 02/12/2025 17:45:00","BZN|FR","Without Sequence","122.88","",""
"02/12/2025 17:45:00 - 02/12/2025 18:00:00","BZN|FR","Without Sequence","127.27","",""
"02/12/2025 18:00:00 - 02/12/2025 18:15:00","BZN|FR","Without Sequence","109.63","",""
"02/12/2025 18:15:00 - 02/12/2025 18:30:00","BZN|FR","Without Sequence","125.68","",""
"02/12/2025 18:30:00 - 02/12/2025 18:45:00","BZN|FR","Without Sequence","128.17","",""
"02/12/2025 18:45:00 - 02/12/2025 19:00:00","BZN|FR","Without Sequence","140.06","",""
"02/12/2025 19:00:00 - 02/12/2025 19:15:00","BZN|FR","Without Sequence","127.25","",""
"02/12/2025 19:15:00 - 02/12/2025 19:30:00","BZN|FR","Without Sequence","127.27","",""
"02/12/2025 19:30:00 - 02/12/2025 19:45:00","BZN|FR","Without Sequence","125.73","",""
"02/12/2025 19:45:00 - 02/12/2025 20:00:00","BZN|FR","Without Sequence","125.01","",""
"02/12/2025 20:00:00 - 02/12/2025 20:15:00","BZN|FR","Without Sequence","123.82","",""
"02/12/2025 20:15:00 - 02/12/2025 20:30:00","BZN|FR","Without Sequence","123.82","",""
"02/12/2025 20:30:00 - 02/12/2025 20:45:00","BZN|FR","Without Sequence","90.99","",""
"02/12/2025 20:45:00 - 02/12/2025 21:00:00","BZN|FR","Without Sequence","97.76","",""
"02/12/2025 21:00:00 - 02/12/2025 21:15:00","BZN|FR","Without Sequence","110.97","",""
"02/12/2025 21:15:00 - 02/12/2025 21:30:00","BZN|FR","Without Sequence","101.64","",""
"02/12/2025 21:30:00 - 02/12/2025 21:45:00","BZN|FR","Without Sequence","87.26","",""
"02/12/2025 21:45:00 - 02/12/2025 22:00:00","BZN|FR","Without Sequence","91.11","",""
"02/12/2025 22:00:00 - 02/12/2025 22:15:00","BZN|FR","Without Sequence","77.50","",""
"02/12/2025 22:15:00 - 02/12/2025 22:30:00","BZN|FR","Without Sequence","96.06","",""
"02/12/2025 22:30:00 - 02/12/2025 22:45:00","BZN|FR","Without Sequence","86.74","",""
"02/12/2025 22:45:00 - 02/12/2025 23:00:00","BZN|FR","Without Sequence","86.07","",""
"02/12/2025 23:00:00 - 02/12/2025 23:15:00","BZN|FR","Without Sequence","85.03","",""
"02/12/2025 23:15:00 - 02/12/2025 23:30:00","BZN|FR","Without Sequence","87.00","",""
"02/12/2025 23:30:00 - 02/12/2025 23:45:00","BZN|FR","Without Sequence","85.66","",""
"02/12/2025 23:45:00 - 03/12/2025 00:00:00","BZN|FR","Without Sequence","82.98","",""
"03/12/2025 00:00:00 - 03/12/2025 00:15:00","BZN|FR","Without Sequence","92.07","",""
"03/12/2025 00:15:00 - 03/12/2025 00:30:00","BZN|FR","Without Sequence","88.98","",""
"03/12/2025 00:30:00 - 03/12/2025 00:45:00","BZN|FR","Without Sequence","80.40","",""
"03/12/2025 00:45:00 - 03/12/2025 01:00:00","BZN|FR","Without Sequence","78.74","",""
"03/12/2025 01:00:00 - 03/12/2025 01:15:00","BZN|FR","Without Sequence","81.21","",""
"03/12/2025 01:15:00 - 03/12/2025 01:30:00","BZN|FR","Without Sequence","78.74","",""
"03/12/2025 01:30:00 - 03/12/2025 01:45:00","BZN|FR","Without Sequence","78.74","",""
"03/12/2025 01:45:00 - 03/12/2025 02:00:00","BZN|FR","Without Sequence","78.74","",""
"03/12/2025 02:00:00 - 03/12/2025 02:15:00","BZN|FR","Without Sequence","78.74","",""
"03/12/2025 02:15:00 - 03/12/2025 02:30:00","BZN|FR","Without Sequence","76.36","",""
"03/12/2025 02:30:00 - 03/12/2025 02:45:00","BZN|FR","Without Sequence","72.47","",""
"03/12/2025 02:45:00 - 03/12/2025 03:00:00","BZN|FR","Without Sequence","70.50","",""
"03/12/2025 03:00:00 - 03/12/2025 03:15:00","BZN|FR","Without Sequence","70.27","",""
"03/12/2025 03:15:00 - 03/12/2025 03:30:00","BZN|FR","Without Sequence","67.72","",""
"03/12/2025 03:30:00 - 03/12/2025 03:45:00","BZN|FR","Without Sequence","67.37","",""
"03/12/2025 03:45:00 - 03/12/2025 04:00:00","BZN|FR","Without Sequence","67.24","",""
"03/12/2025 04:00:00 - 03/12/2025 04:15:00","BZN|FR","Without Sequence","67.24","",""
"03/12/2025 04:15:00 - 03/12/2025 04:30:00","BZN|FR","Without Sequence","66.98","",""
"03/12/2025 04:30:00 - 03/12/2025 04:45:00","BZN|FR","Without Sequence","67.11","",""
"03/12/2025 04:45:00 - 03/12/2025 05:00:00","BZN|FR","Without Sequence","67.24","",""
"03/12/2025 05:00:00 - 03/12/2025 05:15:00","BZN|FR","Without Sequence","70.15","",""
"03/12/2025 05:15:00 - 03/12/2025 05:30:00","BZN|FR","Without Sequence","71.20","",""
"03/12/2025 05:30:00 - 03/12/2025 05:45:00","BZN|FR","Without Sequence","72.47","",""
"03/12/2025 05:45:00 - 03/12/2025 06:00:00","BZN|FR","Without Sequence","75.10","",""
"03/12/2025 06:00:00 - 03/12/2025 06:15:00","BZN|FR","Without Sequence","71.34","",""
"03/12/2025 06:15:00 - 03/12/2025 06:30:00","BZN|FR","Without Sequence","76.56","",""
"03/12/2025 06:30:00 - 03/12/2025 06:45:00","BZN|FR","Without Sequence","80.40","",""
"03/12/2025 06:45:00 - 03/12/2025 07:00:00","BZN|FR","Without Sequence","83.30","",""
"03/12/2025 07:00:00 - 03/12/2025 07:15:00","BZN|FR","Without Sequence","85.40","",""
"03/12/2025 07:15:00 - 03/12/2025 07:30:00","BZN|FR","Without Sequence","95.00","",""
"03/12/2025 07:30:00 - 03/12/2025 07:45:00","BZN|FR","Without Sequence","95.58","",""
"03/12/2025 07:45:00 - 03/12/2025 08:00:00","BZN|FR","Without Sequence","96.30","",""
"03/12/2025 08:00:00 - 03/12/2025 08:15:00","BZN|FR","Without Sequence","103.43","",""
"03/12/2025 08:15:00 - 03/12/2025 08:30:00","BZN|FR","Without Sequence","100.86","",""
"03/12/2025 08:30:00 - 03/12/2025 08:45:00","BZN|FR","Without Sequence","98.53","",""
"03/12/2025 08:45:00 - 03/12/2025 09:00:00","BZN|FR","Without Sequence","96.54","",""
"03/12/2025 09:00:00 - 03/12/2025 09:15:00","BZN|FR","Without Sequence","151.18","",""
"03/12/2025 09:15:00 - 03/12/2025 09:30:00","BZN|FR","Without Sequence","110.59","",""
"03/12/2025 09:30:00 - 03/12/2025 09:45:00","BZN|FR","Without Sequence","78.74","",""
"03/12/2025 09:45:00 - 03/12/2025 10:00:00","BZN|FR","Without Sequence","67.07","",""
"03/12/2025 10:00:00 - 03/12/2025 10:15:00","BZN|FR","Without Sequence","99.50","",""
"03/12/2025 10:15:00 - 03/12/2025 10:30:00","BZN|FR","Without Sequence","88.49","",""
"03/12/2025 10:30:00 - 03/12/2025 10:45:00","BZN|FR","Without Sequence","82.24","",""
"03/12/2025 10:45:00 - 03/12/2025 11:00:00","BZN|FR","Without Sequence","82.00","",""
"03/12/2025 11:00:00 - 03/12/2025 11:15:00","BZN|FR","Without Sequence","81.92","",""
"03/12/2025 11:15:00 - 03/12/2025 11:30:00","BZN|FR","Without Sequence","86.61","",""
"03/12/2025 11:30:00 - 03/12/2025 11:45:00","BZN|FR","Without Sequence","92.47","",""
"03/12/2025 11:45:00 - 03/12/2025 12:00:00","BZN|FR","Without Sequence","92.80","",""
"03/12/2025 12:00:00 - 03/12/2025 12:15:00","BZN|FR","Without Sequence","94.40","",""
"03/12/2025 12:15:00 - 03/12/2025 12:30:00","BZN|FR","Without Sequence","94.95","",""
"03/12/2025 12:30:00 - 03/12/2025 12:45:00","BZN|FR","Without Sequence","100.13","",""
"03/12/2025 12:45:00 - 03/12/2025 13:00:00","BZN|FR","Without Sequence","94.12","",""
"03/12/2025 13:00:00 - 03/12/2025 13:15:00","BZN|FR","Without Sequence","122.93","",""
"03/12/2025 13:15:00 - 03/12/2025 13:30:00","BZN|FR","Without Sequence","97.61","",""
"03/12/2025 13:30:00 - 03/12/2025 13:45:00","BZN|FR","Without Sequence","72.87","",""
"03/12/2025 13:45:00 - 03/12/2025 14:00:00","BZN|FR","Without Sequence","77.57","",""
"03/12/2025 14:00:00 - 03/12/2025 14:15:00","BZN|FR","Without Sequence","93.07","",""
"03/12/2025 14:15:00 - 03/12/2025 14:30:00","BZN|FR","Without Sequence","80.75","",""
"03/12/2025 14:30:00 - 03/12/2025 14:45:00","BZN|FR","Without Sequence","67.40","",""
"03/12/2025 14:45:00 - 03/12/2025 15:00:00","BZN|FR","Without Sequence","73.54","",""
"03/12/2025 15:00:00 - 03/12/2025 15:15:00","BZN|FR","Without Sequence","77.25","",""
"03/12/2025 15:15:00 - 03/12/2025 15:30:00","BZN|FR","Without Sequence","91.98","",""
"03/12/2025 15:30:00 - 03/12/2025 15:45:00","BZN|FR","Without Sequence","65.31","",""
"03/12/2025 15:45:00 - 03/12/2025 16:00:00","BZN|FR","Without Sequence","95.04","",""
"03/12/2025 16:00:00 - 03/12/2025 16:15:00","BZN|FR","Without Sequence","70.31","",""
"03/12/2025 16:15:00 - 03/12/2025 16:30:00","BZN|FR","Without Sequence","96.88","",""
"03/12/2025 16:30:00 - 03/12/2025 16:45:00","BZN|FR","Without Sequence","90.96","",""
"03/12/2025 16:45:00 - 03/12/2025 17:00:00","BZN|FR","Without Sequence","80.68","",""
"03/12/2025 17:00:00 - 03/12/2025 17:15:00","BZN|FR","Without Sequence","88.95","",""
"03/12/2025 17:15:00 - 03/12/2025 17:30:00","BZN|FR","Without Sequence","103.07","",""
"03/12/2025 17:30:00 - 03/12/2025 17:45:00","BZN|FR","Without Sequence","149.70","",""
"03/12/2025 17:45:00 - 03/12/2025 18:00:00","BZN|FR","Without Sequence","200.00","",""
"03/12/2025 18:00:00 - 03/12/2025 18:15:00","BZN|FR","Without Sequence","96.54","",""
"03/12/2025 18:15:00 - 03/12/2025 18:30:00","BZN|FR","Without Sequence","98.53","",""
"03/12/2025 18:30:00 - 03/12/2025 18:45:00","BZN|FR","Without Sequence","144.11","",""
"03/12/2025 18:45:00 - 03/12/2025 19:00:00","BZN|FR","Without Sequence","178.70","",""
"03/12/2025 19:00:00 - 03/12/2025 19:15:00","BZN|FR","Without Sequence","163.58","",""
"03/12/2025 19:15:00 - 03/12/2025 19:30:00","BZN|FR","Without Sequence","101.98","",""
"03/12/2025 19:30:00 - 03/12/2025 19:45:00","BZN|FR","Without Sequence","100.09","",""
"03/12/2025 19:45:00 - 03/12/2025 20:00:00","BZN|FR","Without Sequence","98.39","",""
"03/12/2025 20:00:00 - 03/12/2025 20:15:00","BZN|FR","Without Sequence","98.39","",""
"03/12/2025 20:15:00 - 03/12/2025 20:30:00","BZN|FR","Without Sequence","97.98","",""
"03/12/2025 20:30:00 - 03/12/2025 20:45:00","BZN|FR","Without Sequence","96.06","",""
"03/12/2025 20:45:00 - 03/12/2025 21:00:00","BZN|FR","Without Sequence","95.10","",""
"03/12/2025 21:00:00 - 03/12/2025 21:15:00","BZN|FR","Without Sequence","93.30","",""
"03/12/2025 21:15:00 - 03/12/2025 21:30:00","BZN|FR","Without Sequence","93.30","",""
"03/12/2025 21:30:00 - 03/12/2025 21:45:00","BZN|FR","Without Sequence","87.00","",""
"03/12/2025 21:45:00 - 03/12/2025 22:00:00","BZN|FR","Without Sequence","81.44","",""
"03/12/2025 22:00:00 - 03/12/2025 22:15:00","BZN|FR","Without Sequence","90.00","",""
"03/12/2025 22:15:00 - 03/12/2025 22:30:00","BZN|FR","Without Sequence","86.55","",""
"03/12/2025 22:30:00 - 03/12/2025 22:45:00","BZN|FR","Without Sequence","85.00","",""
"03/12/2025 22:45:00 - 03/12/2025 23:00:00","BZN|FR","Without Sequence","80.35","",""
"03/12/2025 23:00:00 - 03/12/2025 23:15:00","BZN|FR","Without Sequence","84.84","",""
"03/12/2025 23:15:00 - 03/12/2025 23:30:00","BZN|FR","Without Sequence","78.74","",""
"03/12/2025 23:30:00 - 03/12/2025 23:45:00","BZN|FR","Without Sequence","75.34","",""
"03/12/2025 23:45:00 - 04/12/2025 00:00:00","BZN|FR","Without Sequence","65.26","",""
"04/12/2025 00:00:00 - 04/12/2025 00:15:00","BZN|FR","Without Sequence","70.00","",""
"04/12/2025 00:15:00 - 04/12/2025 00:30:00","BZN|FR","Without Sequence","65.50","",""
"04/12/2025 00:30:00 - 04/12/2025 00:45:00","BZN|FR","Without Sequence","56.46","",""
"04/12/2025 00:45:00 - 04/12/2025 01:00:00","BZN|FR","Without Sequence","52.34","",""
"04/12/2025 01:00:00 - 04/12/2025 01:15:00","BZN|FR","Without Sequence","66.00","",""
"04/12/2025 01:15:00 - 04/12/2025 01:30:00","BZN|FR","Without Sequence","55.37","",""
"04/12/2025 01:30:00 - 04/12/2025 01:45:00","BZN|FR","Without Sequence","54.20","",""
"04/12/2025 01:45:00 - 04/12/2025 02:00:00","BZN|FR","Without Sequence","50.21","",""
"04/12/2025 02:00:00 - 04/12/2025 02:15:00","BZN|FR","Without Sequence","67.87","",""
"04/12/2025 02:15:00 - 04/12/2025 02:30:00","BZN|FR","Without Sequence","52.34","",""
"04/12/2025 02:30:00 - 04/12/2025 02:45:00","BZN|FR","Without Sequence","45.00","",""
"04/12/2025 02:45:00 - 04/12/2025 03:00:00","BZN|FR","Without Sequence","38.96","",""
"04/12/2025 03:00:00 - 04/12/2025 03:15:00","BZN|FR","Without Sequence","50.33","",""
"04/12/2025 03:15:00 - 04/12/2025 03:30:00","BZN|FR","Without Sequence","45.00","",""
"04/12/2025 03:30:00 - 04/12/2025 03:45:00","BZN|FR","Without Sequence","40.33","",""
"04/12/2025 03:45:00 - 04/12/2025 04:00:00","BZN|FR","Without Sequence","36.50","",""
"04/12/2025 04:00:00 - 04/12/2025 04:15:00","BZN|FR","Without Sequence","35.89","",""
"04/12/2025 04:15:00 - 04/12/2025 04:30:00","BZN|FR","Without Sequence","32.89","",""
"04/12/2025 04:30:00 - 04/12/2025 04:45:00","BZN|FR","Without Sequence","35.86","",""
"04/12/2025 04:45:00 - 04/12/2025 05:00:00","BZN|FR","Without Sequence","38.16","",""
"04/12/2025 05:00:00 - 04/12/2025 05:15:00","BZN|FR","Without Sequence","42.50","",""
"04/12/2025 05:15:00 - 04/12/2025 05:30:00","BZN|FR","Without Sequence","41.77","",""
"04/12/2025 05:30:00 - 04/12/2025 05:45:00","BZN|FR","Without Sequence","50.00","",""
"04/12/2025 05:45:00 - 04/12/2025 06:00:00","BZN|FR","Without Sequence","51.72","",""
"04/12/2025 06:00:00 - 04/12/2025 06:15:00","BZN|FR","Without Sequence","58.01","",""
"04/12/2025 06:15:00 - 04/12/2025 06:30:00","BZN|FR","Without Sequence","63.09","",""
"04/12/2025 06:30:00 - 04/12/2025 06:45:00","BZN|FR","Without Sequence","74.50","",""
"04/12/2025 06:45:00 - 04/12/2025 07:00:00","BZN|FR","Without Sequence","70.70","",""
"04/12/2025 07:00:00 - 04/12/2025 07:15:00","BZN|FR","Without Sequence","78.58","",""
"04/12/2025 07:15:00 - 04/12/2025 07:30:00","BZN|FR","Without Sequence","77.32","",""
"04/12/2025 07:30:00 - 04/12/2025 07:45:00","BZN|FR","Without Sequence","80.00","",""
"04/12/2025 07:45:00 - 04/12/2025 08:00:00","BZN|FR","Without Sequence","85.44","",""
"04/12/2025 08:00:00 - 04/12/2025 08:15:00","BZN|FR","Without Sequence","90.32","",""
"04/12/2025 08:15:00 - 04/12/2025 08:30:00","BZN|FR","Without Sequence","86.53","",""
"04/12/2025 08:30:00 - 04/12/2025 08:45:00","BZN|FR","Without Sequence","84.00","",""
"04/12/2025 08:45:00 - 04/12/2025 09:00:00","BZN|FR","Without Sequence","82.00","",""
"04/12/2025 09:00:00 - 04/12/2025 09:15:00","BZN|FR","Without Sequence","103.98","",""
"04/12/2025 09:15:00 - 04/12/2025 09:30:00","BZN|FR","Without Sequence","80.00","",""
"04/12/2025 09:30:00 - 04/12/2025 09:45:00","BZN|FR","Without Sequence","82.00","",""
"04/12/2025 09:45:00 - 04/12/2025 10:00:00","BZN|FR","Without Sequence","73.01","",""
"04/12/2025 10:00:00 - 04/12/2025 10:15:00","BZN|FR","Without Sequence","85.36","",""
"04/12/2025 10:15:00 - 04/12/2025 10:30:00","BZN|FR","Without Sequence","70.00","",""
"04/12/2025 10:30:00 - 04/12/2025 10:45:00","BZN|FR","Without Sequence","91.89","",""
"04/12/2025 10:45:00 - 04/12/2025 11:00:00","BZN|FR","Without Sequence","84.86","",""
"04/12/2025 11:00:00 - 04/12/2025 11:15:00","BZN|FR","Without Sequence","91.34","",""
"04/12/2025 11:15:00 - 04/12/2025 11:30:00","BZN|FR","Without Sequence","83.95","",""
"04/12/2025 11:30:00 - 04/12/2025 11:45:00","BZN|FR","Without Sequence","87.50","",""
"04/12/2025 11:45:00 - 04/12/2025 12:00:00","BZN|FR","Without Sequence","81.29","",""
"04/12/2025 12:00:00 - 04/12/2025 12:15:00","BZN|FR","Without Sequence","77.01","",""
"04/12/2025 12:15:00 - 04/12/2025 12:30:00","BZN|FR","Without Sequence","75.10","",""
"04/12/2025 12:30:00 - 04/12/2025 12:45:00","BZN|FR","Without Sequence","77.14","",""
"04/12/2025 12:45:00 - 04/12/2025 13:00:00","BZN|FR","Without Sequence","75.08","",""
"04/12/2025 13:00:00 - 04/12/2025 13:15:00","BZN|FR","Without Sequence","67.30","",""
"04/12/2025 13:15:00 - 04/12/2025 13:30:00","BZN|FR","Without Sequence","74.43","",""
"04/12/2025 13:30:00 - 04/12/2025 13:45:00","BZN|FR","Without Sequence","60.37","",""
"04/12/2025 13:45:00 - 04/12/2025 14:00:00","BZN|FR","Without Sequence","82.14","",""
"04/12/2025 14:00:00 - 04/12/2025 14:15:00","BZN|FR","Without Sequence","72.07","",""
"04/12/2025 14:15:00 - 04/12/2025 14:30:00","BZN|FR","Without Sequence","83.23","",""
"04/12/2025 14:30:00 - 04/12/2025 14:45:00","BZN|FR","Without Sequence","72.01","",""
"04/12/2025 14:45:00 - 04/12/2025 15:00:00","BZN|FR","Without Sequence","81.11","",""
"04/12/2025 15:00:00 - 04/12/2025 15:15:00","BZN|FR","Without Sequence","66.00","",""
"04/12/2025 15:15:00 - 04/12/2025 15:30:00","BZN|FR","Without Sequence","69.71","",""
"04/12/2025 15:30:00 - 04/12/2025 15:45:00","BZN|FR","Without Sequence","72.50","",""
"04/12/2025 15:45:00 - 04/12/2025 16:00:00","BZN|FR","Without Sequence","102.57","",""
"04/12/2025 16:00:00 - 04/12/2025 16:15:00","BZN|FR","Without Sequence","71.29","",""
"04/12/2025 16:15:00 - 04/12/2025 16:30:00","BZN|FR","Without Sequence","95.38","",""
"04/12/2025 16:30:00 - 04/12/2025 16:45:00","BZN|FR","Without Sequence","83.01","",""
"04/12/2025 16:45:00 - 04/12/2025 17:00:00","BZN|FR","Without Sequence","81.67","",""
"04/12/2025 17:00:00 - 04/12/2025 17:15:00","BZN|FR","Without Sequence","91.92","",""
"04/12/2025 17:15:00 - 04/12/2025 17:30:00","BZN|FR","Without Sequence","89.40","",""
"04/12/2025 17:30:00 - 04/12/2025 17:45:00","BZN|FR","Without Sequence","85.32","",""
"04/12/2025 17:45:00 - 04/12/2025 18:00:00","BZN|FR","Without Sequence","97.56","",""
"04/12/2025 18:00:00 - 04/12/2025 18:15:00","BZN|FR","Without Sequence","81.59","",""
"04/12/2025 18:15:00 - 04/12/2025 18:30:00","BZN|FR","Without Sequence","103.24","",""
"04/12/2025 18:30:00 - 04/12/2025 18:45:00","BZN|FR","Without Sequence","105.98","",""
"04/12/2025 18:45:00 - 04/12/2025 19:00:00","BZN|FR","Without Sequence","149.83","",""
"04/12/2025 19:00:00 - 04/12/2025 19:15:00","BZN|FR","Without Sequence","146.83","",""
"04/12/2025 19:15:00 - 04/12/2025 19:30:00","BZN|FR","Without Sequence","139.69","",""
"04/12/2025 19:30:00 - 04/12/2025 19:45:00","BZN|FR","Without Sequence","103.05","",""
"04/12/2025 19:45:00 - 04/12/2025 20:00:00","BZN|FR","Without Sequence","90.74","",""
"04/12/2025 20:00:00 - 04/12/2025 20:15:00","BZN|FR","Without Sequence","90.00","",""
"04/12/2025 20:15:00 - 04/12/2025 20:30:00","BZN|FR","Without Sequence","90.00","",""
"04/12/2025 20:30:00 - 04/12/2025 20:45:00","BZN|FR","Without Sequence","88.68","",""
"04/12/2025 20:45:00 - 04/12/2025 21:00:00","BZN|FR","Without Sequence","86.69","",""
"04/12/2025 21:00:00 - 04/12/2025 21:15:00","BZN|FR","Without Sequence","86.04","",""
"04/12/2025 21:15:00 - 04/12/2025 21:30:00","BZN|FR","Without Sequence","86.78","",""
"04/12/2025 21:30:00 - 04/12/2025 21:45:00","BZN|FR","Without Sequence","87.10","",""
"04/12/2025 21:45:00 - 04/12/2025 22:00:00","BZN|FR","Without Sequence","81.83","",""
"04/12/2025 22:00:00 - 04/12/2025 22:15:00","BZN|FR","Without Sequence","83.90","",""
"04/12/2025 22:15:00 - 04/12/2025 22:30:00","BZN|FR","Without Sequence","82.00","",""
"04/12/2025 22:30:00 - 04/12/2025 22:45:00","BZN|FR","Without Sequence","90.51","",""
"04/12/2025 22:45:00 - 04/12/2025 23:00:00","BZN|FR","Without Sequence","87.60","",""
"04/12/2025 23:00:00 - 04/12/2025 23:15:00","BZN|FR","Without Sequence","82.39","",""
"04/12/2025 23:15:00 - 04/12/2025 23:30:00","BZN|FR","Without Sequence","81.27","",""
"04/12/2025 23:30:00 - 04/12/2025 23:45:00","BZN|FR","Without Sequence","85.08","",""
"04/12/2025 23:45:00 - 05/12/2025 00:00:00","BZN|FR","Without Sequence","77.71","",""
"05/12/2025 00:00:00 - 05/12/2025 00:15:00","BZN|FR","Without Sequence","76.08","",""
"05/12/2025 00:15:00 - 05/12/2025 00:30:00","BZN|FR","Without Sequence","90.30","",""
"05/12/2025 00:30:00 - 05/12/2025 00:45:00","BZN|FR","Without Sequence","74.01","",""
"05/12/2025 00:45:00 - 05/12/2025 01:00:00","BZN|FR","Without Sequence","70.00","",""
"05/12/2025 01:00:00 - 05/12/2025 01:15:00","BZN|FR","Without Sequence","78.66","",""
"05/12/2025 01:15:00 - 05/12/2025 01:30:00","BZN|FR","Without Sequence","78.34","",""
"05/12/2025 01:30:00 - 05/12/2025 01:45:00","BZN|FR","Without Sequence","68.26","",""
"05/12/2025 01:45:00 - 05/12/2025 02:00:00","BZN|FR","Without Sequence","61.18","",""
"05/12/2025 02:00:00 - 05/12/2025 02:15:00","BZN|FR","Without Sequence","87.03","",""
"05/12/2025 02:15:00 - 05/12/2025 02:30:00","BZN|FR","Without Sequence","74.79","",""
"05/12/2025 02:30:00 - 05/12/2025 02:45:00","BZN|FR","Without Sequence","67.58","",""
"05/12/2025 02:45:00 - 05/12/2025 03:00:00","BZN|FR","Without Sequence","66.76","",""
"05/12/2025 03:00:00 - 05/12/2025 03:15:00","BZN|FR","Without Sequence","69.31","",""
"05/12/2025 03:15:00 - 05/12/2025 03:30:00","BZN|FR","Without Sequence","65.06","",""
"05/12/2025 03:30:00 - 05/12/2025 03:45:00","BZN|FR","Without Sequence","62.18","",""
"05/12/2025 03:45:00 - 05/12/2025 04:00:00","BZN|FR","Without Sequence","58.00","",""
"05/12/2025 04:00:00 - 05/12/2025 04:15:00","BZN|FR","Without Sequence","57.73","",""
"05/12/2025 04:15:00 - 05/12/2025 04:30:00","BZN|FR","Without Sequence","55.81","",""
"05/12/2025 04:30:00 - 05/12/2025 04:45:00","BZN|FR","Without Sequence","56.88","",""
"05/12/2025 04:45:00 - 05/12/2025 05:00:00","BZN|FR","Without Sequence","65.30","",""
"05/12/2025 05:00:00 - 05/12/2025 05:15:00","BZN|FR","Without Sequence","62.02","",""
"05/12/2025 05:15:00 - 05/12/2025 05:30:00","BZN|FR","Without Sequence","63.63","",""
"05/12/2025 05:30:00 - 05/12/2025 05:45:00","BZN|FR","Without Sequence","73.60","",""
"05/12/2025 05:45:00 - 05/12/2025 06:00:00","BZN|FR","Without Sequence","83.11","",""
"05/12/2025 06:00:00 - 05/12/2025 06:15:00","BZN|FR","Without Sequence","89.77","",""
"05/12/2025 06:15:00 - 05/12/2025 06:30:00","BZN|FR","Without Sequence","93.22","",""
"05/12/2025 06:30:00 - 05/12/2025 06:45:00","BZN|FR","Without Sequence","74.50","",""
"05/12/2025 06:45:00 - 05/12/2025 07:00:00","BZN|FR","Without Sequence","75.94","",""
"05/12/2025 07:00:00 - 05/12/2025 07:15:00","BZN|FR","Without Sequence","93.27","",""
"05/12/2025 07:15:00 - 05/12/2025 07:30:00","BZN|FR","Without Sequence","79.54","",""
"05/12/2025 07:30:00 - 05/12/2025 07:45:00","BZN|FR","Without Sequence","95.77","",""
"05/12/2025 07:45:00 - 05/12/2025 08:00:00","BZN|FR","Without Sequence","111.42","",""
"05/12/2025 08:00:00 - 05/12/2025 08:15:00","BZN|FR","Without Sequence","140.01","",""
"05/12/2025 08:15:00 - 05/12/2025 08:30:00","BZN|FR","Without Sequence","125.89","",""
"05/12/2025 08:30:00 - 05/12/2025 08:45:00","BZN|FR","Without Sequence","114.60","",""
"05/12/2025 08:45:00 - 05/12/2025 09:00:00","BZN|FR","Without Sequence","87.85","",""
"05/12/2025 09:00:00 - 05/12/2025 09:15:00","BZN|FR","Without Sequence","185.76","",""
"05/12/2025 09:15:00 - 05/12/2025 09:30:00","BZN|FR","Without Sequence","107.00","",""
"05/12/2025 09:30:00 - 05/12/2025 09:45:00","BZN|FR","Without Sequence","117.52","",""
"05/12/2025 09:45:00 - 05/12/2025 10:00:00","BZN|FR","Without Sequence","90.13","",""
"05/12/2025 10:00:00 - 05/12/2025 10:15:00","BZN|FR","Without Sequence","100.80","",""
"05/12/2025 10:15:00 - 05/12/2025 10:30:00","BZN|FR","Without Sequence","83.48","",""
"05/12/2025 10:30:00 - 05/12/2025 10:45:00","BZN|FR","Without Sequence","80.72","",""
"05/12/2025 10:45:00 - 05/12/2025 11:00:00","BZN|FR","Without Sequence","91.01","",""
"05/12/2025 11:00:00 - 05/12/2025 11:15:00","BZN|FR","Without Sequence","76.71","",""
"05/12/2025 11:15:00 - 05/12/2025 11:30:00","BZN|FR","Without Sequence","75.46","",""
"05/12/2025 11:30:00 - 05/12/2025 11:45:00","BZN|FR","Without Sequence","83.11","",""
"05/12/2025 11:45:00 - 05/12/2025 12:00:00","BZN|FR","Without Sequence","81.63","",""
"05/12/2025 12:00:00 - 05/12/2025 12:15:00","BZN|FR","Without Sequence","87.01","",""
"05/12/2025 12:15:00 - 05/12/2025 12:30:00","BZN|FR","Without Sequence","82.13","",""
"05/12/2025 12:30:00 - 05/12/2025 12:45:00","BZN|FR","Without Sequence","103.98","",""
"05/12/2025 12:45:00 - 05/12/2025 13:00:00","BZN|FR","Without Sequence","83.20","",""
"05/12/2025 13:00:00 - 05/12/2025 13:15:00","BZN|FR","Without Sequence","98.35","",""
"05/12/2025 13:15:00 - 05/12/2025 13:30:00","BZN|FR","Without Sequence","69.26","",""
"05/12/2025 13:30:00 - 05/12/2025 13:45:00","BZN|FR","Without Sequence","70.92","",""
"05/12/2025 13:45:00 - 05/12/2025 14:00:00","BZN|FR","Without Sequence","60.17","",""
"05/12/2025 14:00:00 - 05/12/2025 14:15:00","BZN|FR","Without Sequence","79.31","",""
"05/12/2025 14:15:00 - 05/12/2025 14:30:00","BZN|FR","Without Sequence","71.16","",""
"05/12/2025 14:30:00 - 05/12/2025 14:45:00","BZN|FR","Without Sequence","71.38","",""
"05/12/2025 14:45:00 - 05/12/2025 15:00:00","BZN|FR","Without Sequence","65.43","",""
"05/12/2025 15:00:00 - 05/12/2025 15:15:00","BZN|FR","Without Sequence","72.00","",""
"05/12/2025 15:15:00 - 05/12/2025 15:30:00","BZN|FR","Without Sequence","70.99","",""
"05/12/2025 15:30:00 - 05/12/2025 15:45:00","BZN|FR","Without Sequence","74.40","",""
"05/12/2025 15:45:00 - 05/12/2025 16:00:00","BZN|FR","Without Sequence","78.70","",""
"05/12/2025 16:00:00 - 05/12/2025 16:15:00","BZN|FR","Without Sequence","80.07","",""
"05/12/2025 16:15:00 - 05/12/2025 16:30:00","BZN|FR","Without Sequence","76.85","",""
"05/12/2025 16:30:00 - 05/12/2025 16:45:00","BZN|FR","Without Sequence","80.35","",""
"05/12/2025 16:45:00 - 05/12/2025 17:00:00","BZN|FR","Without Sequence","84.37","",""
"05/12/2025 17:00:00 - 05/12/2025 17:15:00","BZN|FR","Without Sequence","81.31","",""
"05/12/2025 17:15:00 - 05/12/2025 17:30:00","BZN|FR","Without Sequence","83.96","",""
"05/12/2025 17:30:00 - 05/12/2025 17:45:00","BZN|FR","Without Sequence","85.00","",""
"05/12/2025 17:45:00 - 05/12/2025 18:00:00","BZN|FR","Without Sequence","87.00","",""
"05/12/2025 18:00:00 - 05/12/2025 18:15:00","BZN|FR","Without Sequence","86.43","",""
"05/12/2025 18:15:00 - 05/12/2025 18:30:00","BZN|FR","Without Sequence","87.04","",""
"05/12/2025 18:30:00 - 05/12/2025 18:45:00","BZN|FR","Without Sequence","87.30","",""
"05/12/2025 18:45:00 - 05/12/2025 19:00:00","BZN|FR","Without Sequence","87.85","",""
"05/12/2025 19:00:00 - 05/12/2025 19:15:00","BZN|FR","Without Sequence","82.38","",""
"05/12/2025 19:15:00 - 05/12/2025 19:30:00","BZN|FR","Without Sequence","84.94","",""
"05/12/2025 19:30:00 - 05/12/2025 19:45:00","BZN|FR","Without Sequence","83.00","",""
"05/12/2025 19:45:00 - 05/12/2025 20:00:00","BZN|FR","Without Sequence","81.68","",""
"05/12/2025 20:00:00 - 05/12/2025 20:15:00","BZN|FR","Without Sequence","81.31","",""
"05/12/2025 20:15:00 - 05/12/2025 20:30:00","BZN|FR","Without Sequence","80.49","",""
"05/12/2025 20:30:00 - 05/12/2025 20:45:00","BZN|FR","Without Sequence","79.00","",""
"05/12/2025 20:45:00 - 05/12/2025 21:00:00","BZN|FR","Without Sequence","75.94","",""
"05/12/2025 21:00:00 - 05/12/2025 21:15:00","BZN|FR","Without Sequence","77.76","",""
"05/12/2025 21:15:00 - 05/12/2025 21:30:00","BZN|FR","Without Sequence","75.00","",""
"05/12/2025 21:30:00 - 05/12/2025 21:45:00","BZN|FR","Without Sequence","67.89","",""
"05/12/2025 21:45:00 - 05/12/2025 22:00:00","BZN|FR","Without Sequence","48.17","",""
"05/12/2025 22:00:00 - 05/12/2025 22:15:00","BZN|FR","Without Sequence","70.02","",""
"05/12/2025 22:15:00 - 05/12/2025 22:30:00","BZN|FR","Without Sequence","69.00","",""
"05/12/2025 22:30:00 - 05/12/2025 22:45:00","BZN|FR","Without Sequence","69.00","",""
"05/12/2025 22:45:00 - 05/12/2025 23:00:00","BZN|FR","Without Sequence","63.32","",""
"05/12/2025 23:00:00 - 05/12/2025 23:15:00","BZN|FR","Without Sequence","61.60","",""
"05/12/2025 23:15:00 - 05/12/2025 23:30:00","BZN|FR","Without Sequence","56.63","",""
"05/12/2025 23:30:00 - 05/12/2025 23:45:00","BZN|FR","Without Sequence","54.80","",""
"05/12/2025 23:45:00 - 06/12/2025 00:00:00","BZN|FR","Without Sequence","52.85","",""
"06/12/2025 00:00:00 - 06/12/2025 00:15:00","BZN|FR","Without Sequence","48.59","",""
"06/12/2025 00:15:00 - 06/12/2025 00:30:00","BZN|FR","Without Sequence","35.02","",""
"06/12/2025 00:30:00 - 06/12/2025 00:45:00","BZN|FR","Without Sequence","28.61","",""
"06/12/2025 00:45:00 - 06/12/2025 01:00:00","BZN|FR","Without Sequence","22.85","",""
"06/12/2025 01:00:00 - 06/12/2025 01:15:00","BZN|FR","Without Sequence","23.07","",""
"06/12/2025 01:15:00 - 06/12/2025 01:30:00","BZN|FR","Without Sequence","20.00","",""
"06/12/2025 01:30:00 - 06/12/2025 01:45:00","BZN|FR","Without Sequence","22.99","",""
"06/12/2025 01:45:00 - 06/12/2025 02:00:00","BZN|FR","Without Sequence","25.30","",""
"06/12/2025 02:00:00 - 06/12/2025 02:15:00","BZN|FR","Without Sequence","25.30","",""
"06/12/2025 02:15:00 - 06/12/2025 02:30:00","BZN|FR","Without Sequence","18.36","",""
"06/12/2025 02:30:00 - 06/12/2025 02:45:00","BZN|FR","Without Sequence","16.90","",""
"06/12/2025 02:45:00 - 06/12/2025 03:00:00","BZN|FR","Without Sequence","16.57","",""
"06/12/2025 03:00:00 - 06/12/2025 03:15:00","BZN|FR","Without Sequence","16.57","",""
"06/12/2025 03:15:00 - 06/12/2025 03:30:00","BZN|FR","Without Sequence","15.99","",""
"06/12/2025 03:30:00 - 06/12/2025 03:45:00","BZN|FR","Without Sequence","14.00","",""
"06/12/2025 03:45:00 - 06/12/2025 04:00:00","BZN|FR","Without Sequence","14.00","",""
"06/12/2025 04:00:00 - 06/12/2025 04:15:00","BZN|FR","Without Sequence","14.00","",""
"06/12/2025 04:15:00 - 06/12/2025 04:30:00","BZN|FR","Without Sequence","13.99","",""
"06/12/2025 04:30:00 - 06/12/2025 04:45:00","BZN|FR","Without Sequence","12.80","",""
"06/12/2025 04:45:00 - 06/12/2025 05:00:00","BZN|FR","Without Sequence","10.00","",""
"06/12/2025 05:00:00 - 06/12/2025 05:15:00","BZN|FR","Without Sequence","10.94","",""
"06/12/2025 05:15:00 - 06/12/2025 05:30:00","BZN|FR","Without Sequence","13.42","",""
"06/12/2025 05:30:00 - 06/12/2025 05:45:00","BZN|FR","Without Sequence","15.12","",""
"06/12/2025 05:45:00 - 06/12/2025 06:00:00","BZN|FR","Without Sequence","15.21","",""
"06/12/2025 06:00:00 - 06/12/2025 06:15:00","BZN|FR","Without Sequence","16.68","",""
"06/12/2025 06:15:00 - 06/12/2025 06:30:00","BZN|FR","Without Sequence","17.51","",""
"06/12/2025 06:30:00 - 06/12/2025 06:45:00","BZN|FR","Without Sequence","17.99","",""
"06/12/2025 06:45:00 - 06/12/2025 07:00:00","BZN|FR","Without Sequence","18.30","",""
"06/12/2025 07:00:00 - 06/12/2025 07:15:00","BZN|FR","Without Sequence","18.36","",""
"06/12/2025 07:15:00 - 06/12/2025 07:30:00","BZN|FR","Without Sequence","23.24","",""
"06/12/2025 07:30:00 - 06/12/2025 07:45:00","BZN|FR","Without Sequence","24.22","",""
"06/12/2025 07:45:00 - 06/12/2025 08:00:00","BZN|FR","Without Sequence","27.56","",""
"06/12/2025 08:00:00 - 06/12/2025 08:15:00","BZN|FR","Without Sequence","19.95","",""
"06/12/2025 08:15:00 - 06/12/2025 08:30:00","BZN|FR","Without Sequence","23.09","",""
"06/12/2025 08:30:00 - 06/12/2025 08:45:00","BZN|FR","Without Sequence","27.86","",""
"06/12/2025 08:45:00 - 06/12/2025 09:00:00","BZN|FR","Without Sequence","29.33","",""
"06/12/2025 09:00:00 - 06/12/2025 09:15:00","BZN|FR","Without Sequence","35.01","",""
"06/12/2025 09:15:00 - 06/12/2025 09:30:00","BZN|FR","Without Sequence","35.01","",""
"06/12/2025 09:30:00 - 06/12/2025 09:45:00","BZN|FR","Without Sequence","25.72","",""
"06/12/2025 09:45:00 - 06/12/2025 10:00:00","BZN|FR","Without Sequence","25.00","",""
"06/12/2025 10:00:00 - 06/12/2025 10:15:00","BZN|FR","Without Sequence","32.00","",""
"06/12/2025 10:15:00 - 06/12/2025 10:30:00","BZN|FR","Without Sequence","30.00","",""
"06/12/2025 10:30:00 - 06/12/2025 10:45:00","BZN|FR","Without Sequence","25.01","",""
"06/12/2025 10:45:00 - 06/12/2025 11:00:00","BZN|FR","Without Sequence","17.95","",""
"06/12/2025 11:00:00 - 06/12/2025 11:15:00","BZN|FR","Without Sequence","20.00","",""
"06/12/2025 11:15:00 - 06/12/2025 11:30:00","BZN|FR","Without Sequence","18.62","",""
"06/12/2025 11:30:00 - 06/12/2025 11:45:00","BZN|FR","Without Sequence","16.79","",""
"06/12/2025 11:45:00 - 06/12/2025 12:00:00","BZN|FR","Without Sequence","14.98","",""
"06/12/2025 12:00:00 - 06/12/2025 12:15:00","BZN|FR","Without Sequence","19.55","",""
"06/12/2025 12:15:00 - 06/12/2025 12:30:00","BZN|FR","Without Sequence","17.38","",""
"06/12/2025 12:30:00 - 06/12/2025 12:45:00","BZN|FR","Without Sequence","19.91","",""
"06/12/2025 12:45:00 - 06/12/2025 13:00:00","BZN|FR","Without Sequence","17.46","",""
"06/12/2025 13:00:00 - 06/12/2025 13:15:00","BZN|FR","Without Sequence","16.64","",""
"06/12/2025 13:15:00 - 06/12/2025 13:30:00","BZN|FR","Without Sequence","16.57","",""
"06/12/2025 13:30:00 - 06/12/2025 13:45:00","BZN|FR","Without Sequence","13.75","",""
"06/12/2025 13:45:00 - 06/12/2025 14:00:00","BZN|FR","Without Sequence","14.30","",""
"06/12/2025 14:00:00 - 06/12/2025 14:15:00","BZN|FR","Without Sequence","13.96","",""
"06/12/2025 14:15:00 - 06/12/2025 14:30:00","BZN|FR","Without Sequence","16.50","",""
"06/12/2025 14:30:00 - 06/12/2025 14:45:00","BZN|FR","Without Sequence","17.10","",""
"06/12/2025 14:45:00 - 06/12/2025 15:00:00","BZN|FR","Without Sequence","18.88","",""
"06/12/2025 15:00:00 - 06/12/2025 15:15:00","BZN|FR","Without Sequence","13.95","",""
"06/12/2025 15:15:00 - 06/12/2025 15:30:00","BZN|FR","Without Sequence","16.68","",""
"06/12/2025 15:30:00 - 06/12/2025 15:45:00","BZN|FR","Without Sequence","18.08","",""
"06/12/2025 15:45:00 - 06/12/2025 16:00:00","BZN|FR","Without Sequence","29.33","",""
"06/12/2025 16:00:00 - 06/12/2025 16:15:00","BZN|FR","Without Sequence","20.77","",""
"06/12/2025 16:15:00 - 06/12/2025 16:30:00","BZN|FR","Without Sequence","27.60","",""
"06/12/2025 16:30:00 - 06/12/2025 16:45:00","BZN|FR","Without Sequence","24.99","",""
"06/12/2025 16:45:00 - 06/12/2025 17:00:00","BZN|FR","Without Sequence","22.69","",""
"06/12/2025 17:00:00 - 06/12/2025 17:15:00","BZN|FR","Without Sequence","17.82","",""
"06/12/2025 17:15:00 - 06/12/2025 17:30:00","BZN|FR","Without Sequence","29.96","",""
"06/12/2025 17:30:00 - 06/12/2025 17:45:00","BZN|FR","Without Sequence","45.76","",""
"06/12/2025 17:45:00 - 06/12/2025 18:00:00","BZN|FR","Without Sequence","59.00","",""
"06/12/2025 18:00:00 - 06/12/2025 18:15:00","BZN|FR","Without Sequence","39.40","",""
"06/12/2025 18:15:00 - 06/12/2025 18:30:00","BZN|FR","Without Sequence","58.51","",""
"06/12/2025 18:30:00 - 06/12/2025 18:45:00","BZN|FR","Without Sequence","55.01","",""
"06/12/2025 18:45:00 - 06/12/2025 19:00:00","BZN|FR","Without Sequence","68.00","",""
"06/12/2025 19:00:00 - 06/12/2025 19:15:00","BZN|FR","Without Sequence","44.80","",""
"06/12/2025 19:15:00 - 06/12/2025 19:30:00","BZN|FR","Without Sequence","47.94","",""
"06/12/2025 19:30:00 - 06/12/2025 19:45:00","BZN|FR","Without Sequence","46.43","",""
"06/12/2025 19:45:00 - 06/12/2025 20:00:00","BZN|FR","Without Sequence","42.54","",""
"06/12/2025 20:00:00 - 06/12/2025 20:15:00","BZN|FR","Without Sequence","27.48","",""
"06/12/2025 20:15:00 - 06/12/2025 20:30:00","BZN|FR","Without Sequence","33.04","",""
"06/12/2025 20:30:00 - 06/12/2025 20:45:00","BZN|FR","Without Sequence","28.04","",""
"06/12/2025 20:45:00 - 06/12/2025 21:00:00","BZN|FR","Without Sequence","15.04","",""
"06/12/2025 21:00:00 - 06/12/2025 21:15:00","BZN|FR","Without Sequence","46.58","",""
"06/12/2025 21:15:00 - 06/12/2025 21:30:00","BZN|FR","Without Sequence","33.75","",""
"06/12/2025 21:30:00 - 06/12/2025 21:45:00","BZN|FR","Without Sequence","20.19","",""
"06/12/2025 21:45:00 - 06/12/2025 22:00:00","BZN|FR","Without Sequence","15.59","",""
"06/12/2025 22:00:00 - 06/12/2025 22:15:00","BZN|FR","Without Sequence","38.12","",""
"06/12/2025 22:15:00 - 06/12/2025 22:30:00","BZN|FR","Without Sequence","52.30","",""
"06/12/2025 22:30:00 - 06/12/2025 22:45:00","BZN|FR","Without Sequence","24.50","",""
"06/12/2025 22:45:00 - 06/12/2025 23:00:00","BZN|FR","Without Sequence","16.25","",""
"06/12/2025 23:00:00 - 06/12/2025 23:15:00","BZN|FR","Without Sequence","32.28","",""
"06/12/2025 23:15:00 - 06/12/2025 23:30:00","BZN|FR","Without Sequence","25.34","",""
"06/12/2025 23:30:00 - 06/12/2025 23:45:00","BZN|FR","Without Sequence","22.74","",""
"06/12/2025 23:45:00 - 07/12/2025 00:00:00","BZN|FR","Without Sequence","23.09","",""
"07/12/2025 00:00:00 - 07/12/2025 00:15:00","BZN|FR","Without Sequence","40.00","",""
"07/12/2025 00:15:00 - 07/12/2025 00:30:00","BZN|FR","Without Sequence","37.17","",""
"07/12/2025 00:30:00 - 07/12/2025 00:45:00","BZN|FR","Without Sequence","31.12","",""
"07/12/2025 00:45:00 - 07/12/2025 01:00:00","BZN|FR","Without Sequence","25.00","",""
"07/12/2025 01:00:00 - 07/12/2025 01:15:00","BZN|FR","Without Sequence","27.00","",""
"07/12/2025 01:15:00 - 07/12/2025 01:30:00","BZN|FR","Without Sequence","26.24","",""
"07/12/2025 01:30:00 - 07/12/2025 01:45:00","BZN|FR","Without Sequence","22.75","",""
"07/12/2025 01:45:00 - 07/12/2025 02:00:00","BZN|FR","Without Sequence","20.00","",""
"07/12/2025 02:00:00 - 07/12/2025 02:15:00","BZN|FR","Without Sequence","25.00","",""
"07/12/2025 02:15:00 - 07/12/2025 02:30:00","BZN|FR","Without Sequence","25.00","",""
"07/12/2025 02:30:00 - 07/12/2025 02:45:00","BZN|FR","Without Sequence","23.84","",""
"07/12/2025 02:45:00 - 07/12/2025 03:00:00","BZN|FR","Without Sequence","17.01","",""
"07/12/2025 03:00:00 - 07/12/2025 03:15:00","BZN|FR","Without Sequence","21.01","",""
"07/12/2025 03:15:00 - 07/12/2025 03:30:00","BZN|FR","Without Sequence","17.01","",""
"07/12/2025 03:30:00 - 07/12/2025 03:45:00","BZN|FR","Without Sequence","16.68","",""
"07/12/2025 03:45:00 - 07/12/2025 04:00:00","BZN|FR","Without Sequence","16.00","",""
"07/12/2025 04:00:00 - 07/12/2025 04:15:00","BZN|FR","Without Sequence","14.83","",""
"07/12/2025 04:15:00 - 07/12/2025 04:30:00","BZN|FR","Without Sequence","10.90","",""
"07/12/2025 04:30:00 - 07/12/2025 04:45:00","BZN|FR","Without Sequence","10.47","",""
"07/12/2025 04:45:00 - 07/12/2025 05:00:00","BZN|FR","Without Sequence","7.80","",""
"07/12/2025 05:00:00 - 07/12/2025 05:15:00","BZN|FR","Without Sequence","13.69","",""
"07/12/2025 05:15:00 - 07/12/2025 05:30:00","BZN|FR","Without Sequence","14.00","",""
"07/12/2025 05:30:00 - 07/12/2025 05:45:00","BZN|FR","Without Sequence","14.51","",""
"07/12/2025 05:45:00 - 07/12/2025 06:00:00","BZN|FR","Without Sequence","15.92","",""
"07/12/2025 06:00:00 - 07/12/2025 06:15:00","BZN|FR","Without Sequence","16.68","",""
"07/12/2025 06:15:00 - 07/12/2025 06:30:00","BZN|FR","Without Sequence","18.82","",""
"07/12/2025 06:30:00 - 07/12/2025 06:45:00","BZN|FR","Without Sequence","17.98","",""
"07/12/2025 06:45:00 - 07/12/2025 07:00:00","BZN|FR","Without Sequence","20.00","",""
"07/12/2025 07:00:00 - 07/12/2025 07:15:00","BZN|FR","Without Sequence","17.43","",""
"07/12/2025 07:15:00 - 07/12/2025 07:30:00","BZN|FR","Without Sequence","18.23","",""
"07/12/2025 07:30:00 - 07/12/2025 07:45:00","BZN|FR","Without Sequence","19.31","",""
"07/12/2025 07:45:00 - 07/12/2025 08:00:00","BZN|FR","Without Sequence","21.00","",""
"07/12/2025 08:00:00 - 07/12/2025 08:15:00","BZN|FR","Without Sequence","28.19","",""
"07/12/2025 08:15:00 - 07/12/2025 08:30:00","BZN|FR","Without Sequence","17.01","",""
"07/12/2025 08:30:00 - 07/12/2025 08:45:00","BZN|FR","Without Sequence","17.58","",""
"07/12/2025 08:45:00 - 07/12/2025 09:00:00","BZN|FR","Without Sequence","16.90","",""
"07/12/2025 09:00:00 - 07/12/2025 09:15:00","BZN|FR","Without Sequence","22.95","",""
"07/12/2025 09:15:00 - 07/12/2025 09:30:00","BZN|FR","Without Sequence","16.46","",""
"07/12/2025 09:30:00 - 07/12/2025 09:45:00","BZN|FR","Without Sequence","22.59","",""
"07/12/2025 09:45:00 - 07/12/2025 10:00:00","BZN|FR","Without Sequence","3.33","",""
"07/12/2025 10:00:00 - 07/12/2025 10:15:00","BZN|FR","Without Sequence","16.90","",""
"07/12/2025 10:15:00 - 07/12/2025 10:30:00","BZN|FR","Without Sequence","13.67","",""
"07/12/2025 10:30:00 - 07/12/2025 10:45:00","BZN|FR","Without Sequence","9.01","",""
"07/12/2025 10:45:00 - 07/12/2025 11:00:00","BZN|FR","Without Sequence","4.96","",""
"07/12/2025 11:00:00 - 07/12/2025 11:15:00","BZN|FR","Without Sequence","10.00","",""
"07/12/2025 11:15:00 - 07/12/2025 11:30:00","BZN|FR","Without Sequence","7.70","",""
"07/12/2025 11:30:00 - 07/12/2025 11:45:00","BZN|FR","Without Sequence","12.07","",""
"07/12/2025 11:45:00 - 07/12/2025 12:00:00","BZN|FR","Without Sequence","9.89","",""
"07/12/2025 12:00:00 - 07/12/2025 12:15:00","BZN|FR","Without Sequence","17.01","",""
"07/12/2025 12:15:00 - 07/12/2025 12:30:00","BZN|FR","Without Sequence","15.29","",""
"07/12/2025 12:30:00 - 07/12/2025 12:45:00","BZN|FR","Without Sequence","18.60","",""
"07/12/2025 12:45:00 - 07/12/2025 13:00:00","BZN|FR","Without Sequence","17.73","",""
"07/12/2025 13:00:00 - 07/12/2025 13:15:00","BZN|FR","Without Sequence","14.28","",""
"07/12/2025 13:15:00 - 07/12/2025 13:30:00","BZN|FR","Without Sequence","16.10","",""
"07/12/2025 13:30:00 - 07/12/2025 13:45:00","BZN|FR","Without Sequence","10.57","",""
"07/12/2025 13:45:00 - 07/12/2025 14:00:00","BZN|FR","Without Sequence","9.61","",""
"07/12/2025 14:00:00 - 07/12/2025 14:15:00","BZN|FR","Without Sequence","15.32","",""
"07/12/2025 14:15:00 - 07/12/2025 14:30:00","BZN|FR","Without Sequence","11.28","",""
"07/12/2025 14:30:00 - 07/12/2025 14:45:00","BZN|FR","Without Sequence","8.24","",""
"07/12/2025 14:45:00 - 07/12/2025 15:00:00","BZN|FR","Without Sequence","5.64","",""
"07/12/2025 15:00:00 - 07/12/2025 15:15:00","BZN|FR","Without Sequence","5.07","",""
"07/12/2025 15:15:00 - 07/12/2025 15:30:00","BZN|FR","Without Sequence","5.50","",""
"07/12/2025 15:30:00 - 07/12/2025 15:45:00","BZN|FR","Without Sequence","7.44","",""
"07/12/2025 15:45:00 - 07/12/2025 16:00:00","BZN|FR","Without Sequence","8.36","",""
"07/12/2025 16:00:00 - 07/12/2025 16:15:00","BZN|FR","Without Sequence","4.96","",""
"07/12/2025 16:15:00 - 07/12/2025 16:30:00","BZN|FR","Without Sequence","8.38","",""
"07/12/2025 16:30:00 - 07/12/2025 16:45:00","BZN|FR","Without Sequence","17.01","",""
"07/12/2025 16:45:00 - 07/12/2025 17:00:00","BZN|FR","Without Sequence","29.97","",""
"07/12/2025 17:00:00 - 07/12/2025 17:15:00","BZN|FR","Without Sequence","28.63","",""
"07/12/2025 17:15:00 - 07/12/2025 17:30:00","BZN|FR","Without Sequence","23.56","",""
"07/12/2025 17:30:00 - 07/12/2025 17:45:00","BZN|FR","Without Sequence","33.85","",""
"07/12/2025 17:45:00 - 07/12/2025 18:00:00","BZN|FR","Without Sequence","29.08","",""
"07/12/2025 18:00:00 - 07/12/2025 18:15:00","BZN|FR","Without Sequence","27.34","",""
"07/12/2025 18:15:00 - 07/12/2025 18:30:00","BZN|FR","Without Sequence","18.12","",""
"07/12/2025 18:30:00 - 07/12/2025 18:45:00","BZN|FR","Without Sequence","34.82","",""
"07/12/2025 18:45:00 - 07/12/2025 19:00:00","BZN|FR","Without Sequence","38.42","",""
"07/12/2025 19:00:00 - 07/12/2025 19:15:00","BZN|FR","Without Sequence","52.45","",""
"07/12/2025 19:15:00 - 07/12/2025 19:30:00","BZN|FR","Without Sequence","45.53","",""
"07/12/2025 19:30:00 - 07/12/2025 19:45:00","BZN|FR","Without Sequence","15.33","",""
"07/12/2025 19:45:00 - 07/12/2025 20:00:00","BZN|FR","Without Sequence","28.61","",""
"07/12/2025 20:00:00 - 07/12/2025 20:15:00","BZN|FR","Without Sequence","33.07","",""
"07/12/2025 20:15:00 - 07/12/2025 20:30:00","BZN|FR","Without Sequence","19.65","",""
"07/12/2025 20:30:00 - 07/12/2025 20:45:00","BZN|FR","Without Sequence","21.58","",""
"07/12/2025 20:45:00 - 07/12/2025 21:00:00","BZN|FR","Without Sequence","17.91","",""
"07/12/2025 21:00:00 - 07/12/2025 21:15:00","BZN|FR","Without Sequence","21.14","",""
"07/12/2025 21:15:00 - 07/12/2025 21:30:00","BZN|FR","Without Sequence","29.94","",""
"07/12/2025 21:30:00 - 07/12/2025 21:45:00","BZN|FR","Without Sequence","23.48","",""
"07/12/2025 21:45:00 - 07/12/2025 22:00:00","BZN|FR","Without Sequence","8.44","",""
"07/12/2025 22:00:00 - 07/12/2025 22:15:00","BZN|FR","Without Sequence","32.84","",""
"07/12/2025 22:15:00 - 07/12/2025 22:30:00","BZN|FR","Without Sequence","21.44","",""
"07/12/2025 22:30:00 - 07/12/2025 22:45:00","BZN|FR","Without Sequence","31.86","",""
"07/12/2025 22:45:00 - 07/12/2025 23:00:00","BZN|FR","Without Sequence","52.82","",""
"07/12/2025 23:00:00 - 07/12/2025 23:15:00","BZN|FR","Without Sequence","26.22","",""
"07/12/2025 23:15:00 - 07/12/2025 23:30:00","BZN|FR","Without Sequence","41.42","",""
"07/12/2025 23:30:00 - 07/12/2025 23:45:00","BZN|FR","Without Sequence","37.70","",""
"07/12/2025 23:45:00 - 08/12/2025 00:00:00","BZN|FR","Without Sequence","24.40","",""
"08/12/2025 00:00:00 - 08/12/2025 00:15:00","BZN|FR","Without Sequence","17.74","",""
"08/12/2025 00:15:00 - 08/12/2025 00:30:00","BZN|FR","Without Sequence","23.38","",""
"08/12/2025 00:30:00 - 08/12/2025 00:45:00","BZN|FR","Without Sequence","16.57","",""
"08/12/2025 00:45:00 - 08/12/2025 01:00:00","BZN|FR","Without Sequence","12.29","",""
"08/12/2025 01:00:00 - 08/12/2025 01:15:00","BZN|FR","Without Sequence","17.32","",""
"08/12/2025 01:15:00 - 08/12/2025 01:30:00","BZN|FR","Without Sequence","16.87","",""
"08/12/2025 01:30:00 - 08/12/2025 01:45:00","BZN|FR","Without Sequence","16.34","",""
"08/12/2025 01:45:00 - 08/12/2025 02:00:00","BZN|FR","Without Sequence","14.47","",""
"08/12/2025 02:00:00 - 08/12/2025 02:15:00","BZN|FR","Without Sequence","19.98","",""
"08/12/2025 02:15:00 - 08/12/2025 02:30:00","BZN|FR","Without Sequence","16.49","",""
"08/12/2025 02:30:00 - 08/12/2025 02:45:00","BZN|FR","Without Sequence","13.83","",""
"08/12/2025 02:45:00 - 08/12/2025 03:00:00","BZN|FR","Without Sequence","12.37","",""
"08/12/2025 03:00:00 - 08/12/2025 03:15:00","BZN|FR","Without Sequence","13.42","",""
"08/12/2025 03:15:00 - 08/12/2025 03:30:00","BZN|FR","Without Sequence","12.69","",""
"08/12/2025 03:30:00 - 08/12/2025 03:45:00","BZN|FR","Without Sequence","12.60","",""
"08/12/2025 03:45:00 - 08/12/2025 04:00:00","BZN|FR","Without Sequence","12.59","",""
"08/12/2025 04:00:00 - 08/12/2025 04:15:00","BZN|FR","Without Sequence","13.35","",""
"08/12/2025 04:15:00 - 08/12/2025 04:30:00","BZN|FR","Without Sequence","13.23","",""
"08/12/2025 04:30:00 - 08/12/2025 04:45:00","BZN|FR","Without Sequence","12.99","",""
"08/12/2025 04:45:00 - 08/12/2025 05:00:00","BZN|FR","Without Sequence","15.22","",""
"08/12/2025 05:00:00 - 08/12/2025 05:15:00","BZN|FR","Without Sequence","12.49","",""
"08/12/2025 05:15:00 - 08/12/2025 05:30:00","BZN|FR","Without Sequence","15.36","",""
"08/12/2025 05:30:00 - 08/12/2025 05:45:00","BZN|FR","Without Sequence","20.12","",""
"08/12/2025 05:45:00 - 08/12/2025 06:00:00","BZN|FR","Without Sequence","15.98","",""
"08/12/2025 06:00:00 - 08/12/2025 06:15:00","BZN|FR","Without Sequence","26.89","",""
"08/12/2025 06:15:00 - 08/12/2025 06:30:00","BZN|FR","Without Sequence","26.43","",""
"08/12/2025 06:30:00 - 08/12/2025 06:45:00","BZN|FR","Without Sequence","46.61","",""
"08/12/2025 06:45:00 - 08/12/2025 07:00:00","BZN|FR","Without Sequence","40.01","",""
"08/12/2025 07:00:00 - 08/12/2025 07:15:00","BZN|FR","Without Sequence","52.96","",""
"08/12/2025 07:15:00 - 08/12/2025 07:30:00","BZN|FR","Without Sequence","34.52","",""
"08/12/2025 07:30:00 - 08/12/2025 07:45:00","BZN|FR","Without Sequence","18.54","",""
"08/12/2025 07:45:00 - 08/12/2025 08:00:00","BZN|FR","Without Sequence","26.48","",""
"08/12/2025 08:00:00 - 08/12/2025 08:15:00","BZN|FR","Without Sequence","55.30","",""
"08/12/2025 08:15:00 - 08/12/2025 08:30:00","BZN|FR","Without Sequence","43.88","",""
"08/12/2025 08:30:00 - 08/12/2025 08:45:00","BZN|FR","Without Sequence","55.47","",""
"08/12/2025 08:45:00 - 08/12/2025 09:00:00","BZN|FR","Without Sequence","40.84","",""
"08/12/2025 09:00:00 - 08/12/2025 09:15:00","BZN|FR","Without Sequence","68.50","",""
"08/12/2025 09:15:00 - 08/12/2025 09:30:00","BZN|FR","Without Sequence","50.35","",""
"08/12/2025 09:30:00 - 08/12/2025 09:45:00","BZN|FR","Without Sequence","35.01","",""
"08/12/2025 09:45:00 - 08/12/2025 10:00:00","BZN|FR","Without Sequence","26.96","",""
"08/12/2025 10:00:00 - 08/12/2025 10:15:00","BZN|FR","Without Sequence","35.75","",""
"08/12/2025 10:15:00 - 08/12/2025 10:30:00","BZN|FR","Without Sequence","29.01","",""
"08/12/2025 10:30:00 - 08/12/2025 10:45:00","BZN|FR","Without Sequence","25.50","",""
"08/12/2025 10:45:00 - 08/12/2025 11:00:00","BZN|FR","Without Sequence","21.01","",""
"08/12/2025 11:00:00 - 08/12/2025 11:15:00","BZN|FR","Without Sequence","24.98","",""
"08/12/2025 11:15:00 - 08/12/2025 11:30:00","BZN|FR","Without Sequence","20.30","",""
"08/12/2025 11:30:00 - 08/12/2025 11:45:00","BZN|FR","Without Sequence","24.85","",""
"08/12/2025 11:45:00 - 08/12/2025 12:00:00","BZN|FR","Without Sequence","21.95","",""
"08/12/2025 12:00:00 - 08/12/2025 12:15:00","BZN|FR","Without Sequence","23.01","",""
"08/12/2025 12:15:00 - 08/12/2025 12:30:00","BZN|FR","Without Sequence","20.00","",""
"08/12/2025 12:30:00 - 08/12/2025 12:45:00","BZN|FR","Without Sequence","20.68","",""
"08/12/2025 12:45:00 - 08/12/2025 13:00:00","BZN|FR","Without Sequence","20.00","",""
"08/12/2025 13:00:00 - 08/12/2025 13:15:00","BZN|FR","Without Sequence","16.46","",""
"08/12/2025 13:15:00 - 08/12/2025 13:30:00","BZN|FR","Without Sequence","16.46","",""
"08/12/2025 13:30:00 - 08/12/2025 13:45:00","BZN|FR","Without Sequence","11.00","",""
"08/12/2025 13:45:00 - 08/12/2025 14:00:00","BZN|FR","Without Sequence","12.57","",""
"08/12/2025 14:00:00 - 08/12/2025 14:15:00","BZN|FR","Without Sequence","13.29","",""
"08/12/2025 14:15:00 - 08/12/2025 14:30:00","BZN|FR","Without Sequence","15.40","",""
"08/12/2025 14:30:00 - 08/12/2025 14:45:00","BZN|FR","Without Sequence","16.57","",""
"08/12/2025 14:45:00 - 08/12/2025 15:00:00","BZN|FR","Without Sequence","16.90","",""
"08/12/2025 15:00:00 - 08/12/2025 15:15:00","BZN|FR","Without Sequence","20.00","",""
"08/12/2025 15:15:00 - 08/12/2025 15:30:00","BZN|FR","Without Sequence","24.98","",""
"08/12/2025 15:30:00 - 08/12/2025 15:45:00","BZN|FR","Without Sequence","25.24","",""
"08/12/2025 15:45:00 - 08/12/2025 16:00:00","BZN|FR","Without Sequence","29.01","",""
"08/12/2025 16:00:00 - 08/12/2025 16:15:00","BZN|FR","Without Sequence","20.81","",""
"08/12/2025 16:15:00 - 08/12/2025 16:30:00","BZN|FR","Without Sequence","29.41","",""
"08/12/2025 16:30:00 - 08/12/2025 16:45:00","BZN|FR","Without Sequence","43.20","",""
"08/12/2025 16:45:00 - 08/12/2025 17:00:00","BZN|FR","Without Sequence","50.14","",""
"08/12/2025 17:00:00 - 08/12/2025 17:15:00","BZN|FR","Without Sequence","19.04","",""
"08/12/2025 17:15:00 - 08/12/2025 17:30:00","BZN|FR","Without Sequence","37.20","",""
"08/12/2025 17:30:00 - 08/12/2025 17:45:00","BZN|FR","Without Sequence","66.63","",""
"08/12/2025 17:45:00 - 08/12/2025 18:00:00","BZN|FR","Without Sequence","88.68","",""
"08/12/2025 18:00:00 - 08/12/2025 18:15:00","BZN|FR","Without Sequence","70.41","",""
"08/12/2025 18:15:00 - 08/12/2025 18:30:00","BZN|FR","Without Sequence","74.01","",""
"08/12/2025 18:30:00 - 08/12/2025 18:45:00","BZN|FR","Without Sequence","83.08","",""
"08/12/2025 18:45:00 - 08/12/2025 19:00:00","BZN|FR","Without Sequence","89.17","",""
"08/12/2025 19:00:00 - 08/12/2025 19:15:00","BZN|FR","Without Sequence","90.83","",""
"08/12/2025 19:15:00 - 08/12/2025 19:30:00","BZN|FR","Without Sequence","90.09","",""
"08/12/2025 19:30:00 - 08/12/2025 19:45:00","BZN|FR","Without Sequence","70.61","",""
"08/12/2025 19:45:00 - 08/12/2025 20:00:00","BZN|FR","Without Sequence","71.14","",""
"08/12/2025 20:00:00 - 08/12/2025 20:15:00","BZN|FR","Without Sequence","82.03","",""
"08/12/2025 20:15:00 - 08/12/2025 20:30:00","BZN|FR","Without Sequence","69.93","",""
"08/12/2025 20:30:00 - 08/12/2025 20:45:00","BZN|FR","Without Sequence","47.91","",""
"08/12/2025 20:45:00 - 08/12/2025 21:00:00","BZN|FR","Without Sequence","21.25","",""
"08/12/2025 21:00:00 - 08/12/2025 21:15:00","BZN|FR","Without Sequence","54.19","",""
"08/12/2025 21:15:00 - 08/12/2025 21:30:00","BZN|FR","Without Sequence","38.00","",""
"08/12/2025 21:30:00 - 08/12/2025 21:45:00","BZN|FR","Without Sequence","52.19","",""
"08/12/2025 21:45:00 - 08/12/2025 22:00:00","BZN|FR","Without Sequence","27.09","",""
"08/12/2025 22:00:00 - 08/12/2025 22:15:00","BZN|FR","Without Sequence","52.00","",""
"08/12/2025 22:15:00 - 08/12/2025 22:30:00","BZN|FR","Without Sequence","52.33","",""
"08/12/2025 22:30:00 - 08/12/2025 22:45:00","BZN|FR","Without Sequence","49.00","",""
"08/12/2025 22:45:00 - 08/12/2025 23:00:00","BZN|FR","Without Sequence","50.81","",""
"08/12/2025 23:00:00 - 08/12/2025 23:15:00","BZN|FR","Without Sequence","52.94","",""
"08/12/2025 23:15:00 - 08/12/2025 23:30:00","BZN|FR","Without Sequence","54.39","",""
"08/12/2025 23:30:00 - 08/12/2025 23:45:00","BZN|FR","Without Sequence","65.52","",""
"08/12/2025 23:45:00 - 09/12/2025 00:00:00","BZN|FR","Without Sequence","50.89","",""
"09/12/2025 00:00:00 - 09/12/2025 00:15:00","BZN|FR","Without Sequence","52.77","",""
"09/12/2025 00:15:00 - 09/12/2025 00:30:00","BZN|FR","Without Sequence","49.04","",""
"09/12/2025 00:30:00 - 09/12/2025 00:45:00","BZN|FR","Without Sequence","26.03","",""
"09/12/2025 00:45:00 - 09/12/2025 01:00:00","BZN|FR","Without Sequence","6.03","",""
"09/12/2025 01:00:00 - 09/12/2025 01:15:00","BZN|FR","Without Sequence","44.68","",""
"09/12/2025 01:15:00 - 09/12/2025 01:30:00","BZN|FR","Without Sequence","33.85","",""
"09/12/2025 01:30:00 - 09/12/2025 01:45:00","BZN|FR","Without Sequence","31.55","",""
"09/12/2025 01:45:00 - 09/12/2025 02:00:00","BZN|FR","Without Sequence","19.06","",""
"09/12/2025 02:00:00 - 09/12/2025 02:15:00","BZN|FR","Without Sequence","35.50","",""
"09/12/2025 02:15:00 - 09/12/2025 02:30:00","BZN|FR","Without Sequence","22.98","",""
"09/12/2025 02:30:00 - 09/12/2025 02:45:00","BZN|FR","Without Sequence","23.64","",""
"09/12/2025 02:45:00 - 09/12/2025 03:00:00","BZN|FR","Without Sequence","33.64","",""
"09/12/2025 03:00:00 - 09/12/2025 03:15:00","BZN|FR","Without Sequence","20.42","",""
"09/12/2025 03:15:00 - 09/12/2025 03:30:00","BZN|FR","Without Sequence","17.00","",""
"09/12/2025 03:30:00 - 09/12/2025 03:45:00","BZN|FR","Without Sequence","15.05","",""
"09/12/2025 03:45:00 - 09/12/2025 04:00:00","BZN|FR","Without Sequence","5.21","",""
"09/12/2025 04:00:00 - 09/12/2025 04:15:00","BZN|FR","Without Sequence","10.14","",""
"09/12/2025 04:15:00 - 09/12/2025 04:30:00","BZN|FR","Without Sequence","3.00","",""
"09/12/2025 04:30:00 - 09/12/2025 04:45:00","BZN|FR","Without Sequence","2.68","",""
"09/12/2025 04:45:00 - 09/12/2025 05:00:00","BZN|FR","Without Sequence","0.39","",""
"09/12/2025 05:00:00 - 09/12/2025 05:15:00","BZN|FR","Without Sequence","37.11","",""
"09/12/2025 05:15:00 - 09/12/2025 05:30:00","BZN|FR","Without Sequence","10.48","",""
"09/12/2025 05:30:00 - 09/12/2025 05:45:00","BZN|FR","Without Sequence","22.26","",""
"09/12/2025 05:45:00 - 09/12/2025 06:00:00","BZN|FR","Without Sequence","3.14","",""
"09/12/2025 06:00:00 - 09/12/2025 06:15:00","BZN|FR","Without Sequence","12.53","",""
"09/12/2025 06:15:00 - 09/12/2025 06:30:00","BZN|FR","Without Sequence","5.76","",""
"09/12/2025 06:30:00 - 09/12/2025 06:45:00","BZN|FR","Without Sequence","29.65","",""
"09/12/2025 06:45:00 - 09/12/2025 07:00:00","BZN|FR","Without Sequence","15.12","",""
"09/12/2025 07:00:00 - 09/12/2025 07:15:00","BZN|FR","Without Sequence","43.20","",""
"09/12/2025 07:15:00 - 09/12/2025 07:30:00","BZN|FR","Without Sequence","17.67","",""
"09/12/2025 07:30:00 - 09/12/2025 07:45:00","BZN|FR","Without Sequence","39.09","",""
"09/12/2025 07:45:00 - 09/12/2025 08:00:00","BZN|FR","Without Sequence","45.31","",""
"09/12/2025 08:00:00 - 09/12/2025 08:15:00","BZN|FR","Without Sequence","44.73","",""
"09/12/2025 08:15:00 - 09/12/2025 08:30:00","BZN|FR","Without Sequence","63.07","",""
"09/12/2025 08:30:00 - 09/12/2025 08:45:00","BZN|FR","Without Sequence","85.78","",""
"09/12/2025 08:45:00 - 09/12/2025 09:00:00","BZN|FR","Without Sequence","81.00","",""
"09/12/2025 09:00:00 - 09/12/2025 09:15:00","BZN|FR","Without Sequence","83.39","",""
"09/12/2025 09:15:00 - 09/12/2025 09:30:00","BZN|FR","Without Sequence","65.01","",""
"09/12/2025 09:30:00 - 09/12/2025 09:45:00","BZN|FR","Without Sequence","55.21","",""
"09/12/2025 09:45:00 - 09/12/2025 10:00:00","BZN|FR","Without Sequence","32.99","",""
"09/12/2025 10:00:00 - 09/12/2025 10:15:00","BZN|FR","Without Sequence","52.57","",""
"09/12/2025 10:15:00 - 09/12/2025 10:30:00","BZN|FR","Without Sequence","44.85","",""
"09/12/2025 10:30:00 - 09/12/2025 10:45:00","BZN|FR","Without Sequence","32.48","",""
"09/12/2025 10:45:00 - 09/12/2025 11:00:00","BZN|FR","Without Sequence","11.86","",""
"09/12/2025 11:00:00 - 09/12/2025 11:15:00","BZN|FR","Without Sequence","16.79","",""
"09/12/2025 11:15:00 - 09/12/2025 11:30:00","BZN|FR","Without Sequence","9.57","",""
"09/12/2025 11:30:00 - 09/12/2025 11:45:00","BZN|FR","Without Sequence","3.90","",""
"09/12/2025 11:45:00 - 09/12/2025 12:00:00","BZN|FR","Without Sequence","0.87","",""
"09/12/2025 12:00:00 - 09/12/2025 12:15:00","BZN|FR","Without Sequence","11.19","",""
"09/12/2025 12:15:00 - 09/12/2025 12:30:00","BZN|FR","Without Sequence","9.38","",""
"09/12/2025 12:30:00 - 09/12/2025 12:45:00","BZN|FR","Without Sequence","10.90","",""
"09/12/2025 12:45:00 - 09/12/2025 13:00:00","BZN|FR","Without Sequence","13.20","",""
"09/12/2025 13:00:00 - 09/12/2025 13:15:00","BZN|FR","Without Sequence","11.52","",""
"09/12/2025 13:15:00 - 09/12/2025 13:30:00","BZN|FR","Without Sequence","11.79","",""
"09/12/2025 13:30:00 - 09/12/2025 13:45:00","BZN|FR","Without Sequence","0.88","",""
"09/12/2025 13:45:00 - 09/12/2025 14:00:00","BZN|FR","Without Sequence","3.83","",""
"09/12/2025 14:00:00 - 09/12/2025 14:15:00","BZN|FR","Without Sequence","10.01","",""
"09/12/2025 14:15:00 - 09/12/2025 14:30:00","BZN|FR","Without Sequence","0.25","",""
"09/12/2025 14:30:00 - 09/12/2025 14:45:00","BZN|FR","Without Sequence","0.00","",""
"09/12/2025 14:45:00 - 09/12/2025 15:00:00","BZN|FR","Without Sequence","2.17","",""
"09/12/2025 15:00:00 - 09/12/2025 15:15:00","BZN|FR","Without Sequence","13.00","",""
"09/12/2025 15:15:00 - 09/12/2025 15:30:00","BZN|FR","Without Sequence","20.00","",""
"09/12/2025 15:30:00 - 09/12/2025 15:45:00","BZN|FR","Without Sequence","23.10","",""
"09/12/2025 15:45:00 - 09/12/2025 16:00:00","BZN|FR","Without Sequence","12.70","",""
"09/12/2025 16:00:00 - 09/12/2025 16:15:00","BZN|FR","Without Sequence","23.25","",""
"09/12/2025 16:15:00 - 09/12/2025 16:30:00","BZN|FR","Without Sequence","31.50","",""
"09/12/2025 16:30:00 - 09/12/2025 16:45:00","BZN|FR","Without Sequence","35.94","",""
"09/12/2025 16:45:00 - 09/12/2025 17:00:00","BZN|FR","Without Sequence","40.99","",""
"09/12/2025 17:00:00 - 09/12/2025 17:15:00","BZN|FR","Without Sequence","29.52","",""
"09/12/2025 17:15:00 - 09/12/2025 17:30:00","BZN|FR","Without Sequence","46.94","",""
"09/12/2025 17:30:00 - 09/12/2025 17:45:00","BZN|FR","Without Sequence","55.11","",""
"09/12/2025 17:45:00 - 09/12/2025 18:00:00","BZN|FR","Without Sequence","62.41","",""
"09/12/2025 18:00:00 - 09/12/2025 18:15:00","BZN|FR","Without Sequence","46.09","",""
"09/12/2025 18:15:00 - 09/12/2025 18:30:00","BZN|FR","Without Sequence","59.36","",""
"09/12/2025 18:30:00 - 09/12/2025 18:45:00","BZN|FR","Without Sequence","66.00","",""
"09/12/2025 18:45:00 - 09/12/2025 19:00:00","BZN|FR","Without Sequence","80.34","",""
"09/12/2025 19:00:00 - 09/12/2025 19:15:00","BZN|FR","Without Sequence","63.78","",""
"09/12/2025 19:15:00 - 09/12/2025 19:30:00","BZN|FR","Without Sequence","75.79","",""
"09/12/2025 19:30:00 - 09/12/2025 19:45:00","BZN|FR","Without Sequence","56.02","",""
"09/12/2025 19:45:00 - 09/12/2025 20:00:00","BZN|FR","Without Sequence","65.64","",""
"09/12/2025 20:00:00 - 09/12/2025 20:15:00","BZN|FR","Without Sequence","60.30","",""
"09/12/2025 20:15:00 - 09/12/2025 20:30:00","BZN|FR","Without Sequence","49.39","",""
"09/12/2025 20:30:00 - 09/12/2025 20:45:00","BZN|FR","Without Sequence","41.10","",""
"09/12/2025 20:45:00 - 09/12/2025 21:00:00","BZN|FR","Without Sequence","41.05","",""
"09/12/2025 21:00:00 - 09/12/2025 21:15:00","BZN|FR","Without Sequence","10.42","",""
"09/12/2025 21:15:00 - 09/12/2025 21:30:00","BZN|FR","Without Sequence","20.64","",""
"09/12/2025 21:30:00 - 09/12/2025 21:45:00","BZN|FR","Without Sequence","6.53","",""
"09/12/2025 21:45:00 - 09/12/2025 22:00:00","BZN|FR","Without Sequence","15.95","",""
"09/12/2025 22:00:00 - 09/12/2025 22:15:00","BZN|FR","Without Sequence","0.00","",""
"09/12/2025 22:15:00 - 09/12/2025 22:30:00","BZN|FR","Without Sequence","0.93","",""
"09/12/2025 22:30:00 - 09/12/2025 22:45:00","BZN|FR","Without Sequence","18.62","",""
"09/12/2025 22:45:00 - 09/12/2025 23:00:00","BZN|FR","Without Sequence","34.52","",""
"09/12/2025 23:00:00 - 09/12/2025 23:15:00","BZN|FR","Without Sequence","6.54","",""
"09/12/2025 23:15:00 - 09/12/2025 23:30:00","BZN|FR","Without Sequence","11.65","",""
"09/12/2025 23:30:00 - 09/12/2025 23:45:00","BZN|FR","Without Sequence","9.13","",""
"09/12/2025 23:45:00 - 10/12/2025 00:00:00","BZN|FR","Without Sequence","26.72","",""
"10/12/2025 00:00:00 - 10/12/2025 00:15:00","BZN|FR","Without Sequence","46.58","",""
"10/12/2025 00:15:00 - 10/12/2025 00:30:00","BZN|FR","Without Sequence","38.17","",""
"10/12/2025 00:30:00 - 10/12/2025 00:45:00","BZN|FR","Without Sequence","27.73","",""
"10/12/2025 00:45:00 - 10/12/2025 01:00:00","BZN|FR","Without Sequence","19.00","",""
"10/12/2025 01:00:00 - 10/12/2025 01:15:00","BZN|FR","Without Sequence","19.44","",""
"10/12/2025 01:15:00 - 10/12/2025 01:30:00","BZN|FR","Without Sequence","26.15","",""
"10/12/2025 01:30:00 - 10/12/2025 01:45:00","BZN|FR","Without Sequence","28.58","",""
"10/12/2025 01:45:00 - 10/12/2025 02:00:00","BZN|FR","Without Sequence","28.33","",""
"10/12/2025 02:00:00 - 10/12/2025 02:15:00","BZN|FR","Without Sequence","20.66","",""
"10/12/2025 02:15:00 - 10/12/2025 02:30:00","BZN|FR","Without Sequence","31.19","",""
"10/12/2025 02:30:00 - 10/12/2025 02:45:00","BZN|FR","Without Sequence","19.08","",""
"10/12/2025 02:45:00 - 10/12/2025 03:00:00","BZN|FR","Without Sequence","15.50","",""
"10/12/2025 03:00:00 - 10/12/2025 03:15:00","BZN|FR","Without Sequence","15.65","",""
"10/12/2025 03:15:00 - 10/12/2025 03:30:00","BZN|FR","Without Sequence","10.53","",""
"10/12/2025 03:30:00 - 10/12/2025 03:45:00","BZN|FR","Without Sequence","14.73","",""
"10/12/2025 03:45:00 - 10/12/2025 04:00:00","BZN|FR","Without Sequence","16.09","",""
"10/12/2025 04:00:00 - 10/12/2025 04:15:00","BZN|FR","Without Sequence","7.06","",""
"10/12/2025 04:15:00 - 10/12/2025 04:30:00","BZN|FR","Without Sequence","21.68","",""
"10/12/2025 04:30:00 - 10/12/2025 04:45:00","BZN|FR","Without Sequence","10.13","",""
"10/12/2025 04:45:00 - 10/12/2025 05:00:00","BZN|FR","Without Sequence","27.89","",""
"10/12/2025 05:00:00 - 10/12/2025 05:15:00","BZN|FR","Without Sequence","23.99","",""
"10/12/2025 05:15:00 - 10/12/2025 05:30:00","BZN|FR","Without Sequence","0.08","",""
"10/12/2025 05:30:00 - 10/12/2025 05:45:00","BZN|FR","Without Sequence","-0.01","",""
"10/12/2025 05:45:00 - 10/12/2025 06:00:00","BZN|FR","Without Sequence","23.93","",""
"10/12/2025 06:00:00 - 10/12/2025 06:15:00","BZN|FR","Without Sequence","23.79","",""
"10/12/2025 06:15:00 - 10/12/2025 06:30:00","BZN|FR","Without Sequence","27.99","",""
"10/12/2025 06:30:00 - 10/12/2025 06:45:00","BZN|FR","Without Sequence","52.81","",""
"10/12/2025 06:45:00 - 10/12/2025 07:00:00","BZN|FR","Without Sequence","60.00","",""
"10/12/2025 07:00:00 - 10/12/2025 07:15:00","BZN|FR","Without Sequence","62.89","",""
"10/12/2025 07:15:00 - 10/12/2025 07:30:00","BZN|FR","Without Sequence","76.84","",""
"10/12/2025 07:30:00 - 10/12/2025 07:45:00","BZN|FR","Without Sequence","91.19","",""
"10/12/2025 07:45:00 - 10/12/2025 08:00:00","BZN|FR","Without Sequence","83.99","",""
"10/12/2025 08:00:00 - 10/12/2025 08:15:00","BZN|FR","Without Sequence","91.17","",""
"10/12/2025 08:15:00 - 10/12/2025 08:30:00","BZN|FR","Without Sequence","101.19","",""
"10/12/2025 08:30:00 - 10/12/2025 08:45:00","BZN|FR","Without Sequence","95.55","",""
"10/12/2025 08:45:00 - 10/12/2025 09:00:00","BZN|FR","Without Sequence","85.02","",""
"10/12/2025 09:00:00 - 10/12/2025 09:15:00","BZN|FR","Without Sequence","106.45","",""
"10/12/2025 09:15:00 - 10/12/2025 09:30:00","BZN|FR","Without Sequence","94.55","",""
"10/12/2025 09:30:00 - 10/12/2025 09:45:00","BZN|FR","Without Sequence","89.35","",""
"10/12/2025 09:45:00 - 10/12/2025 10:00:00","BZN|FR","Without Sequence","80.18","",""
"10/12/2025 10:00:00 - 10/12/2025 10:15:00","BZN|FR","Without Sequence","101.93","",""
"10/12/2025 10:15:00 - 10/12/2025 10:30:00","BZN|FR","Without Sequence","86.07","",""
"10/12/2025 10:30:00 - 10/12/2025 10:45:00","BZN|FR","Without Sequence","80.56","",""
"10/12/2025 10:45:00 - 10/12/2025 11:00:00","BZN|FR","Without Sequence","71.53","",""
"10/12/2025 11:00:00 - 10/12/2025 11:15:00","BZN|FR","Without Sequence","80.36","",""
"10/12/2025 11:15:00 - 10/12/2025 11:30:00","BZN|FR","Without Sequence","78.23","",""
"10/12/2025 11:30:00 - 10/12/2025 11:45:00","BZN|FR","Without Sequence","77.47","",""
"10/12/2025 11:45:00 - 10/12/2025 12:00:00","BZN|FR","Without Sequence","80.00","",""
"10/12/2025 12:00:00 - 10/12/2025 12:15:00","BZN|FR","Without Sequence","80.47","",""
"10/12/2025 12:15:00 - 10/12/2025 12:30:00","BZN|FR","Without Sequence","75.45","",""
"10/12/2025 12:30:00 - 10/12/2025 12:45:00","BZN|FR","Without Sequence","81.01","",""
"10/12/2025 12:45:00 - 10/12/2025 13:00:00","BZN|FR","Without Sequence","81.14","",""
"10/12/2025 13:00:00 - 10/12/2025 13:15:00","BZN|FR","Without Sequence","76.62","",""
"10/12/2025 13:15:00 - 10/12/2025 13:30:00","BZN|FR","Without Sequence","75.03","",""
"10/12/2025 13:30:00 - 10/12/2025 13:45:00","BZN|FR","Without Sequence","68.33","",""
"10/12/2025 13:45:00 - 10/12/2025 14:00:00","BZN|FR","Without Sequence","75.90","",""
"10/12/2025 14:00:00 - 10/12/2025 14:15:00","BZN|FR","Without Sequence","64.50","",""
"10/12/2025 14:15:00 - 10/12/2025 14:30:00","BZN|FR","Without Sequence","74.00","",""
"10/12/2025 14:30:00 - 10/12/2025 14:45:00","BZN|FR","Without Sequence","73.88","",""
"10/12/2025 14:45:00 - 10/12/2025 15:00:00","BZN|FR","Without Sequence","77.52","",""
"10/12/2025 15:00:00 - 10/12/2025 15:15:00","BZN|FR","Without Sequence","77.91","",""
"10/12/2025 15:15:00 - 10/12/2025 15:30:00","BZN|FR","Without Sequence","83.20","",""
"10/12/2025 15:30:00 - 10/12/2025 15:45:00","BZN|FR","Without Sequence","80.81","",""
"10/12/2025 15:45:00 - 10/12/2025 16:00:00","BZN|FR","Without Sequence","86.04","",""
"10/12/2025 16:00:00 - 10/12/2025 16:15:00","BZN|FR","Without Sequence","89.80","",""
"10/12/2025 16:15:00 - 10/12/2025 16:30:00","BZN|FR","Without Sequence","80.39","",""
"10/12/2025 16:30:00 - 10/12/2025 16:45:00","BZN|FR","Without Sequence","77.33","",""
"10/12/2025 16:45:00 - 10/12/2025 17:00:00","BZN|FR","Without Sequence","87.36","",""
"10/12/2025 17:00:00 - 10/12/2025 17:15:00","BZN|FR","Without Sequence","84.42","",""
"10/12/2025 17:15:00 - 10/12/2025 17:30:00","BZN|FR","Without Sequence","97.68","",""
"10/12/2025 17:30:00 - 10/12/2025 17:45:00","BZN|FR","Without Sequence","104.52","",""
"10/12/2025 17:45:00 - 10/12/2025 18:00:00","BZN|FR","Without Sequence","107.13","",""
"10/12/2025 18:00:00 - 10/12/2025 18:15:00","BZN|FR","Without Sequence","104.87","",""
"10/12/2025 18:15:00 - 10/12/2025 18:30:00","BZN|FR","Without Sequence","105.85","",""
"10/12/2025 18:30:00 - 10/12/2025 18:45:00","BZN|FR","Without Sequence","106.39","",""
"10/12/2025 18:45:00 - 10/12/2025 19:00:00","BZN|FR","Without Sequence","106.53","",""
"10/12/2025 19:00:00 - 10/12/2025 19:15:00","BZN|FR","Without Sequence","107.20","",""
"10/12/2025 19:15:00 - 10/12/2025 19:30:00","BZN|FR","Without Sequence","101.29","",""
"10/12/2025 19:30:00 - 10/12/2025 19:45:00","BZN|FR","Without Sequence","102.04","",""
"10/12/2025 19:45:00 - 10/12/2025 20:00:00","BZN|FR","Without Sequence","86.29","",""
"10/12/2025 20:00:00 - 10/12/2025 20:15:00","BZN|FR","Without Sequence","98.49","",""
"10/12/2025 20:15:00 - 10/12/2025 20:30:00","BZN|FR","Without Sequence","86.32","",""
"10/12/2025 20:30:00 - 10/12/2025 20:45:00","BZN|FR","Without Sequence","85.02","",""
"10/12/2025 20:45:00 - 10/12/2025 21:00:00","BZN|FR","Without Sequence","91.01","",""
"10/12/2025 21:00:00 - 10/12/2025 21:15:00","BZN|FR","Without Sequence","88.46","",""
"10/12/2025 21:15:00 - 10/12/2025 21:30:00","BZN|FR","Without Sequence","80.02","",""
"10/12/2025 21:30:00 - 10/12/2025 21:45:00","BZN|FR","Without Sequence","83.99","",""
"10/12/2025 21:45:00 - 10/12/2025 22:00:00","BZN|FR","Without Sequence","82.06","",""
"10/12/2025 22:00:00 - 10/12/2025 22:15:00","BZN|FR","Without Sequence","75.06","",""
"10/12/2025 22:15:00 - 10/12/2025 22:30:00","BZN|FR","Without Sequence","81.90","",""
"10/12/2025 22:30:00 - 10/12/2025 22:45:00","BZN|FR","Without Sequence","85.24","",""
"10/12/2025 22:45:00 - 10/12/2025 23:00:00","BZN|FR","Without Sequence","80.59","",""
"10/12/2025 23:00:00 - 10/12/2025 23:15:00","BZN|FR","Without Sequence","72.53","",""
"10/12/2025 23:15:00 - 10/12/2025 23:30:00","BZN|FR","Without Sequence","80.99","",""
"10/12/2025 23:30:00 - 10/12/2025 23:45:00","BZN|FR","Without Sequence","79.35","",""
"10/12/2025 23:45:00 - 11/12/2025 00:00:00","BZN|FR","Without Sequence","72.42","",""
"11/12/2025 00:00:00 - 11/12/2025 00:15:00","BZN|FR","Without Sequence","82.19","",""
"11/12/2025 00:15:00 - 11/12/2025 00:30:00","BZN|FR","Without Sequence","67.55","",""
"11/12/2025 00:30:00 - 11/12/2025 00:45:00","BZN|FR","Without Sequence","59.60","",""
"11/12/2025 00:45:00 - 11/12/2025 01:00:00","BZN|FR","Without Sequence","63.64","",""
"11/12/2025 01:00:00 - 11/12/2025 01:15:00","BZN|FR","Without Sequence","76.52","",""
"11/12/2025 01:15:00 - 11/12/2025 01:30:00","BZN|FR","Without Sequence","67.51","",""
"11/12/2025 01:30:00 - 11/12/2025 01:45:00","BZN|FR","Without Sequence","60.66","",""
"11/12/2025 01:45:00 - 11/12/2025 02:00:00","BZN|FR","Without Sequence","56.48","",""
"11/12/2025 02:00:00 - 11/12/2025 02:15:00","BZN|FR","Without Sequence","63.77","",""
"11/12/2025 02:15:00 - 11/12/2025 02:30:00","BZN|FR","Without Sequence","56.75","",""
"11/12/2025 02:30:00 - 11/12/2025 02:45:00","BZN|FR","Without Sequence","69.89","",""
"11/12/2025 02:45:00 - 11/12/2025 03:00:00","BZN|FR","Without Sequence","55.19","",""
"11/12/2025 03:00:00 - 11/12/2025 03:15:00","BZN|FR","Without Sequence","72.44","",""
"11/12/2025 03:15:00 - 11/12/2025 03:30:00","BZN|FR","Without Sequence","58.84","",""
"11/12/2025 03:30:00 - 11/12/2025 03:45:00","BZN|FR","Without Sequence","52.41","",""
"11/12/2025 03:45:00 - 11/12/2025 04:00:00","BZN|FR","Without Sequence","40.17","",""
"11/12/2025 04:00:00 - 11/12/2025 04:15:00","BZN|FR","Without Sequence","61.10","",""
"11/12/2025 04:15:00 - 11/12/2025 04:30:00","BZN|FR","Without Sequence","47.68","",""
"11/12/2025 04:30:00 - 11/12/2025 04:45:00","BZN|FR","Without Sequence","52.34","",""
"11/12/2025 04:45:00 - 11/12/2025 05:00:00","BZN|FR","Without Sequence","46.88","",""
"11/12/2025 05:00:00 - 11/12/2025 05:15:00","BZN|FR","Without Sequence","58.84","",""
"11/12/2025 05:15:00 - 11/12/2025 05:30:00","BZN|FR","Without Sequence","65.58","",""
"11/12/2025 05:30:00 - 11/12/2025 05:45:00","BZN|FR","Without Sequence","57.81","",""
"11/12/2025 05:45:00 - 11/12/2025 06:00:00","BZN|FR","Without Sequence","59.84","",""
"11/12/2025 06:00:00 - 11/12/2025 06:15:00","BZN|FR","Without Sequence","69.02","",""
"11/12/2025 06:15:00 - 11/12/2025 06:30:00","BZN|FR","Without Sequence","71.51","",""
"11/12/2025 06:30:00 - 11/12/2025 06:45:00","BZN|FR","Without Sequence","73.30","",""
"11/12/2025 06:45:00 - 11/12/2025 07:00:00","BZN|FR","Without Sequence","76.01","",""
"11/12/2025 07:00:00 - 11/12/2025 07:15:00","BZN|FR","Without Sequence","86.49","",""
"11/12/2025 07:15:00 - 11/12/2025 07:30:00","BZN|FR","Without Sequence","91.47","",""
"11/12/2025 07:30:00 - 11/12/2025 07:45:00","BZN|FR","Without Sequence","98.50","",""
"11/12/2025 07:45:00 - 11/12/2025 08:00:00","BZN|FR","Without Sequence","82.20","",""
"11/12/2025 08:00:00 - 11/12/2025 08:15:00","BZN|FR","Without Sequence","102.97","",""
"11/12/2025 08:15:00 - 11/12/2025 08:30:00","BZN|FR","Without Sequence","109.41","",""
"11/12/2025 08:30:00 - 11/12/2025 08:45:00","BZN|FR","Without Sequence","103.62","",""
"11/12/2025 08:45:00 - 11/12/2025 09:00:00","BZN|FR","Without Sequence","83.61","",""
"11/12/2025 09:00:00 - 11/12/2025 09:15:00","BZN|FR","Without Sequence","113.94","",""
"11/12/2025 09:15:00 - 11/12/2025 09:30:00","BZN|FR","Without Sequence","105.07","",""
"11/12/2025 09:30:00 - 11/12/2025 09:45:00","BZN|FR","Without Sequence","93.99","",""
"11/12/2025 09:45:00 - 11/12/2025 10:00:00","BZN|FR","Without Sequence","79.19","",""
"11/12/2025 10:00:00 - 11/12/2025 10:15:00","BZN|FR","Without Sequence","99.80","",""
"11/12/2025 10:15:00 - 11/12/2025 10:30:00","BZN|FR","Without Sequence","88.08","",""
"11/12/2025 10:30:00 - 11/12/2025 10:45:00","BZN|FR","Without Sequence","79.00","",""
"11/12/2025 10:45:00 - 11/12/2025 11:00:00","BZN|FR","Without Sequence","75.12","",""
"11/12/2025 11:00:00 - 11/12/2025 11:15:00","BZN|FR","Without Sequence","82.12","",""
"11/12/2025 11:15:00 - 11/12/2025 11:30:00","BZN|FR","Without Sequence","79.54","",""
"11/12/2025 11:30:00 - 11/12/2025 11:45:00","BZN|FR","Without Sequence","78.00","",""
"11/12/2025 11:45:00 - 11/12/2025 12:00:00","BZN|FR","Without Sequence","75.40","",""
"11/12/2025 12:00:00 - 11/12/2025 12:15:00","BZN|FR","Without Sequence","79.00","",""
"11/12/2025 12:15:00 - 11/12/2025 12:30:00","BZN|FR","Without Sequence","75.90","",""
"11/12/2025 12:30:00 - 11/12/2025 12:45:00","BZN|FR","Without Sequence","75.79","",""
"11/12/2025 12:45:00 - 11/12/2025 13:00:00","BZN|FR","Without Sequence","75.50","",""
"11/12/2025 13:00:00 - 11/12/2025 13:15:00","BZN|FR","Without Sequence","75.11","",""
"11/12/2025 13:15:00 - 11/12/2025 13:30:00","BZN|FR","Without Sequence","75.12","",""
"11/12/2025 13:30:00 - 11/12/2025 13:45:00","BZN|FR","Without Sequence","75.11","",""
"11/12/2025 13:45:00 - 11/12/2025 14:00:00","BZN|FR","Without Sequence","74.72","",""
"11/12/2025 14:00:00 - 11/12/2025 14:15:00","BZN|FR","Without Sequence","75.00","",""
"11/12/2025 14:15:00 - 11/12/2025 14:30:00","BZN|FR","Without Sequence","75.11","",""
"11/12/2025 14:30:00 - 11/12/2025 14:45:00","BZN|FR","Without Sequence","75.12","",""
"11/12/2025 14:45:00 - 11/12/2025 15:00:00","BZN|FR","Without Sequence","75.37","",""
"11/12/2025 15:00:00 - 11/12/2025 15:15:00","BZN|FR","Without Sequence","75.24","",""
"11/12/2025 15:15:00 - 11/12/2025 15:30:00","BZN|FR","Without Sequence","75.37","",""
"11/12/2025 15:30:00 - 11/12/2025 15:45:00","BZN|FR","Without Sequence","78.00","",""
"11/12/2025 15:45:00 - 11/12/2025 16:00:00","BZN|FR","Without Sequence","82.75","",""
"11/12/2025 16:00:00 - 11/12/2025 16:15:00","BZN|FR","Without Sequence","77.40","",""
"11/12/2025 16:15:00 - 11/12/2025 16:30:00","BZN|FR","Without Sequence","85.00","",""
"11/12/2025 16:30:00 - 11/12/2025 16:45:00","BZN|FR","Without Sequence","87.85","",""
"11/12/2025 16:45:00 - 11/12/2025 17:00:00","BZN|FR","Without Sequence","90.11","",""
"11/12/2025 17:00:00 - 11/12/2025 17:15:00","BZN|FR","Without Sequence","89.32","",""
"11/12/2025 17:15:00 - 11/12/2025 17:30:00","BZN|FR","Without Sequence","91.61","",""
"11/12/2025 17:30:00 - 11/12/2025 17:45:00","BZN|FR","Without Sequence","103.61","",""
"11/12/2025 17:45:00 - 11/12/2025 18:00:00","BZN|FR","Without Sequence","108.99","",""
"11/12/2025 18:00:00 - 11/12/2025 18:15:00","BZN|FR","Without Sequence","96.07","",""
"11/12/2025 18:15:00 - 11/12/2025 18:30:00","BZN|FR","Without Sequence","102.81","",""
"11/12/2025 18:30:00 - 11/12/2025 18:45:00","BZN|FR","Without Sequence","110.29","",""
"11/12/2025 18:45:00 - 11/12/2025 19:00:00","BZN|FR","Without Sequence","111.31","",""
"11/12/2025 19:00:00 - 11/12/2025 19:15:00","BZN|FR","Without Sequence","109.57","",""
"11/12/2025 19:15:00 - 11/12/2025 19:30:00","BZN|FR","Without Sequence","106.85","",""
"11/12/2025 19:30:00 - 11/12/2025 19:45:00","BZN|FR","Without Sequence","101.81","",""
"11/12/2025 19:45:00 - 11/12/2025 20:00:00","BZN|FR","Without Sequence","90.24","",""
"11/12/2025 20:00:00 - 11/12/2025 20:15:00","BZN|FR","Without Sequence","94.01","",""
"11/12/2025 20:15:00 - 11/12/2025 20:30:00","BZN|FR","Without Sequence","88.75","",""
"11/12/2025 20:30:00 - 11/12/2025 20:45:00","BZN|FR","Without Sequence","82.24","",""
"11/12/2025 20:45:00 - 11/12/2025 21:00:00","BZN|FR","Without Sequence","90.36","",""
"11/12/2025 21:00:00 - 11/12/2025 21:15:00","BZN|FR","Without Sequence","81.90","",""
"11/12/2025 21:15:00 - 11/12/2025 21:30:00","BZN|FR","Without Sequence","82.84","",""
"11/12/2025 21:30:00 - 11/12/2025 21:45:00","BZN|FR","Without Sequence","87.27","",""
"11/12/2025 21:45:00 - 11/12/2025 22:00:00","BZN|FR","Without Sequence","77.79","",""
"11/12/2025 22:00:00 - 11/12/2025 22:15:00","BZN|FR","Without Sequence","67.07","",""
"11/12/2025 22:15:00 - 11/12/2025 22:30:00","BZN|FR","Without Sequence","78.84","",""
"11/12/2025 22:30:00 - 11/12/2025 22:45:00","BZN|FR","Without Sequence","90.87","",""
"11/12/2025 22:45:00 - 11/12/2025 23:00:00","BZN|FR","Without Sequence","89.48","",""
"11/12/2025 23:00:00 - 11/12/2025 23:15:00","BZN|FR","Without Sequence","82.95","",""
"11/12/2025 23:15:00 - 11/12/2025 23:30:00","BZN|FR","Without Sequence","70.53","",""
"11/12/2025 23:30:00 - 11/12/2025 23:45:00","BZN|FR","Without Sequence","84.66","",""
"11/12/2025 23:45:00 - 12/12/2025 00:00:00","BZN|FR","Without Sequence","87.59","",""
"12/12/2025 00:00:00 - 12/12/2025 00:15:00","BZN|FR","Without Sequence","88.52","",""
"12/12/2025 00:15:00 - 12/12/2025 00:30:00","BZN|FR","Without Sequence","84.06","",""
"12/12/2025 00:30:00 - 12/12/2025 00:45:00","BZN|FR","Without Sequence","69.70","",""
"12/12/2025 00:45:00 - 12/12/2025 01:00:00","BZN|FR","Without Sequence","63.53","",""
"12/12/2025 01:00:00 - 12/12/2025 01:15:00","BZN|FR","Without Sequence","84.21","",""
"12/12/2025 01:15:00 - 12/12/2025 01:30:00","BZN|FR","Without Sequence","76.11","",""
"12/12/2025 01:30:00 - 12/12/2025 01:45:00","BZN|FR","Without Sequence","75.03","",""
"12/12/2025 01:45:00 - 12/12/2025 02:00:00","BZN|FR","Without Sequence","64.63","",""
"12/12/2025 02:00:00 - 12/12/2025 02:15:00","BZN|FR","Without Sequence","79.14","",""
"12/12/2025 02:15:00 - 12/12/2025 02:30:00","BZN|FR","Without Sequence","75.36","",""
"12/12/2025 02:30:00 - 12/12/2025 02:45:00","BZN|FR","Without Sequence","64.77","",""
"12/12/2025 02:45:00 - 12/12/2025 03:00:00","BZN|FR","Without Sequence","48.01","",""
"12/12/2025 03:00:00 - 12/12/2025 03:15:00","BZN|FR","Without Sequence","65.67","",""
"12/12/2025 03:15:00 - 12/12/2025 03:30:00","BZN|FR","Without Sequence","57.44","",""
"12/12/2025 03:30:00 - 12/12/2025 03:45:00","BZN|FR","Without Sequence","49.85","",""
"12/12/2025 03:45:00 - 12/12/2025 04:00:00","BZN|FR","Without Sequence","51.11","",""
"12/12/2025 04:00:00 - 12/12/2025 04:15:00","BZN|FR","Without Sequence","51.67","",""
"12/12/2025 04:15:00 - 12/12/2025 04:30:00","BZN|FR","Without Sequence","42.62","",""
"12/12/2025 04:30:00 - 12/12/2025 04:45:00","BZN|FR","Without Sequence","55.10","",""
"12/12/2025 04:45:00 - 12/12/2025 05:00:00","BZN|FR","Without Sequence","58.06","",""
"12/12/2025 05:00:00 - 12/12/2025 05:15:00","BZN|FR","Without Sequence","60.59","",""
"12/12/2025 05:15:00 - 12/12/2025 05:30:00","BZN|FR","Without Sequence","63.97","",""
"12/12/2025 05:30:00 - 12/12/2025 05:45:00","BZN|FR","Without Sequence","65.76","",""
"12/12/2025 05:45:00 - 12/12/2025 06:00:00","BZN|FR","Without Sequence","65.68","",""
"12/12/2025 06:00:00 - 12/12/2025 06:15:00","BZN|FR","Without Sequence","81.81","",""
"12/12/2025 06:15:00 - 12/12/2025 06:30:00","BZN|FR","Without Sequence","85.92","",""
"12/12/2025 06:30:00 - 12/12/2025 06:45:00","BZN|FR","Without Sequence","75.95","",""
"12/12/2025 06:45:00 - 12/12/2025 07:00:00","BZN|FR","Without Sequence","80.92","",""
"12/12/2025 07:00:00 - 12/12/2025 07:15:00","BZN|FR","Without Sequence","76.32","",""
"12/12/2025 07:15:00 - 12/12/2025 07:30:00","BZN|FR","Without Sequence","81.84","",""
"12/12/2025 07:30:00 - 12/12/2025 07:45:00","BZN|FR","Without Sequence","93.20","",""
"12/12/2025 07:45:00 - 12/12/2025 08:00:00","BZN|FR","Without Sequence","95.04","",""
"12/12/2025 08:00:00 - 12/12/2025 08:15:00","BZN|FR","Without Sequence","114.13","",""
"12/12/2025 08:15:00 - 12/12/2025 08:30:00","BZN|FR","Without Sequence","118.66","",""
"12/12/2025 08:30:00 - 12/12/2025 08:45:00","BZN|FR","Without Sequence","109.74","",""
"12/12/2025 08:45:00 - 12/12/2025 09:00:00","BZN|FR","Without Sequence","90.22","",""
"12/12/2025 09:00:00 - 12/12/2025 09:15:00","BZN|FR","Without Sequence","121.28","",""
"12/12/2025 09:15:00 - 12/12/2025 09:30:00","BZN|FR","Without Sequence","114.47","",""
"12/12/2025 09:30:00 - 12/12/2025 09:45:00","BZN|FR","Without Sequence","98.64","",""
"12/12/2025 09:45:00 - 12/12/2025 10:00:00","BZN|FR","Without Sequence","95.89","",""
"12/12/2025 10:00:00 - 12/12/2025 10:15:00","BZN|FR","Without Sequence","108.50","",""
"12/12/2025 10:15:00 - 12/12/2025 10:30:00","BZN|FR","Without Sequence","99.27","",""
"12/12/2025 10:30:00 - 12/12/2025 10:45:00","BZN|FR","Without Sequence","81.07","",""
"12/12/2025 10:45:00 - 12/12/2025 11:00:00","BZN|FR","Without Sequence","79.08","",""
"12/12/2025 11:00:00 - 12/12/2025 11:15:00","BZN|FR","Without Sequence","86.00","",""
"12/12/2025 11:15:00 - 12/12/2025 11:30:00","BZN|FR","Without Sequence","84.65","",""
"12/12/2025 11:30:00 - 12/12/2025 11:45:00","BZN|FR","Without Sequence","80.40","",""
"12/12/2025 11:45:00 - 12/12/2025 12:00:00","BZN|FR","Without Sequence","74.54","",""
"12/12/2025 12:00:00 - 12/12/2025 12:15:00","BZN|FR","Without Sequence","86.95","",""
"12/12/2025 12:15:00 - 12/12/2025 12:30:00","BZN|FR","Without Sequence","80.59","",""
"12/12/2025 12:30:00 - 12/12/2025 12:45:00","BZN|FR","Without Sequence","85.35","",""
"12/12/2025 12:45:00 - 12/12/2025 13:00:00","BZN|FR","Without Sequence","82.71","",""
"12/12/2025 13:00:00 - 12/12/2025 13:15:00","BZN|FR","Without Sequence","85.24","",""
"12/12/2025 13:15:00 - 12/12/2025 13:30:00","BZN|FR","Without Sequence","73.90","",""
"12/12/2025 13:30:00 - 12/12/2025 13:45:00","BZN|FR","Without Sequence","61.36","",""
"12/12/2025 13:45:00 - 12/12/2025 14:00:00","BZN|FR","Without Sequence","72.19","",""
"12/12/2025 14:00:00 - 12/12/2025 14:15:00","BZN|FR","Without Sequence","61.33","",""
"12/12/2025 14:15:00 - 12/12/2025 14:30:00","BZN|FR","Without Sequence","73.27","",""
"12/12/2025 14:30:00 - 12/12/2025 14:45:00","BZN|FR","Without Sequence","71.40","",""
"12/12/2025 14:45:00 - 12/12/2025 15:00:00","BZN|FR","Without Sequence","78.01","",""
"12/12/2025 15:00:00 - 12/12/2025 15:15:00","BZN|FR","Without Sequence","69.40","",""
"12/12/2025 15:15:00 - 12/12/2025 15:30:00","BZN|FR","Without Sequence","80.47","",""
"12/12/2025 15:30:00 - 12/12/2025 15:45:00","BZN|FR","Without Sequence","78.94","",""
"12/12/2025 15:45:00 - 12/12/2025 16:00:00","BZN|FR","Without Sequence","96.63","",""
"12/12/2025 16:00:00 - 12/12/2025 16:15:00","BZN|FR","Without Sequence","73.40","",""
"12/12/2025 16:15:00 - 12/12/2025 16:30:00","BZN|FR","Without Sequence","91.32","",""
"12/12/2025 16:30:00 - 12/12/2025 16:45:00","BZN|FR","Without Sequence","80.72","",""
"12/12/2025 16:45:00 - 12/12/2025 17:00:00","BZN|FR","Without Sequence","94.36","",""
"12/12/2025 17:00:00 - 12/12/2025 17:15:00","BZN|FR","Without Sequence","86.02","",""
"12/12/2025 17:15:00 - 12/12/2025 17:30:00","BZN|FR","Without Sequence","100.73","",""
"12/12/2025 17:30:00 - 12/12/2025 17:45:00","BZN|FR","Without Sequence","108.50","",""
"12/12/2025 17:45:00 - 12/12/2025 18:00:00","BZN|FR","Without Sequence","110.51","",""
"12/12/2025 18:00:00 - 12/12/2025 18:15:00","BZN|FR","Without Sequence","109.70","",""
"12/12/2025 18:15:00 - 12/12/2025 18:30:00","BZN|FR","Without Sequence","111.23","",""
"12/12/2025 18:30:00 - 12/12/2025 18:45:00","BZN|FR","Without Sequence","115.33","",""
"12/12/2025 18:45:00 - 12/12/2025 19:00:00","BZN|FR","Without Sequence","115.65","",""
"12/12/2025 19:00:00 - 12/12/2025 19:15:00","BZN|FR","Without Sequence","110.27","",""
"12/12/2025 19:15:00 - 12/12/2025 19:30:00","BZN|FR","Without Sequence","110.03","",""
"12/12/2025 19:30:00 - 12/12/2025 19:45:00","BZN|FR","Without Sequence","109.48","",""
"12/12/2025 19:45:00 - 12/12/2025 20:00:00","BZN|FR","Without Sequence","108.00","",""
"12/12/2025 20:00:00 - 12/12/2025 20:15:00","BZN|FR","Without Sequence","102.95","",""
"12/12/2025 20:15:00 - 12/12/2025 20:30:00","BZN|FR","Without Sequence","93.76","",""
"12/12/2025 20:30:00 - 12/12/2025 20:45:00","BZN|FR","Without Sequence","101.92","",""
"12/12/2025 20:45:00 - 12/12/2025 21:00:00","BZN|FR","Without Sequence","97.85","",""
"12/12/2025 21:00:00 - 12/12/2025 21:15:00","BZN|FR","Without Sequence","84.24","",""
"12/12/2025 21:15:00 - 12/12/2025 21:30:00","BZN|FR","Without Sequence","86.76","",""
"12/12/2025 21:30:00 - 12/12/2025 21:45:00","BZN|FR","Without Sequence","76.44","",""
"12/12/2025 21:45:00 - 12/12/2025 22:00:00","BZN|FR","Without Sequence","70.35","",""
"12/12/2025 22:00:00 - 12/12/2025 22:15:00","BZN|FR","Without Sequence","64.95","",""
"12/12/2025 22:15:00 - 12/12/2025 22:30:00","BZN|FR","Without Sequence","74.88","",""
"12/12/2025 22:30:00 - 12/12/2025 22:45:00","BZN|FR","Without Sequence","88.53","",""
"12/12/2025 22:45:00 - 12/12/2025 23:00:00","BZN|FR","Without Sequence","87.65","",""
"12/12/2025 23:00:00 - 12/12/2025 23:15:00","BZN|FR","Without Sequence","82.15","",""
"12/12/2025 23:15:00 - 12/12/2025 23:30:00","BZN|FR","Without Sequence","82.91","",""
"12/12/2025 23:30:00 - 12/12/2025 23:45:00","BZN|FR","Without Sequence","83.45","",""
"12/12/2025 23:45:00 - 13/12/2025 00:00:00","BZN|FR","Without Sequence","77.49","",""
"13/12/2025 00:00:00 - 13/12/2025 00:15:00","BZN|FR","Without Sequence","96.04","",""
"13/12/2025 00:15:00 - 13/12/2025 00:30:00","BZN|FR","Without Sequence","95.39","",""
"13/12/2025 00:30:00 - 13/12/2025 00:45:00","BZN|FR","Without Sequence","87.50","",""
"13/12/2025 00:45:00 - 13/12/2025 01:00:00","BZN|FR","Without Sequence","82.00","",""
"13/12/2025 01:00:00 - 13/12/2025 01:15:00","BZN|FR","Without Sequence","87.50","",""
"13/12/2025 01:15:00 - 13/12/2025 01:30:00","BZN|FR","Without Sequence","83.11","",""
"13/12/2025 01:30:00 - 13/12/2025 01:45:00","BZN|FR","Without Sequence","78.76","",""
"13/12/2025 01:45:00 - 13/12/2025 02:00:00","BZN|FR","Without Sequence","75.00","",""
"13/12/2025 02:00:00 - 13/12/2025 02:15:00","BZN|FR","Without Sequence","75.20","",""
"13/12/2025 02:15:00 - 13/12/2025 02:30:00","BZN|FR","Without Sequence","74.12","",""
"13/12/2025 02:30:00 - 13/12/2025 02:45:00","BZN|FR","Without Sequence","74.12","",""
"13/12/2025 02:45:00 - 13/12/2025 03:00:00","BZN|FR","Without Sequence","74.12","",""
"13/12/2025 03:00:00 - 13/12/2025 03:15:00","BZN|FR","Without Sequence","70.10","",""
"13/12/2025 03:15:00 - 13/12/2025 03:30:00","BZN|FR","Without Sequence","69.71","",""
"13/12/2025 03:30:00 - 13/12/2025 03:45:00","BZN|FR","Without Sequence","69.32","",""
"13/12/2025 03:45:00 - 13/12/2025 04:00:00","BZN|FR","Without Sequence","66.65","",""
"13/12/2025 04:00:00 - 13/12/2025 04:15:00","BZN|FR","Without Sequence","68.27","",""
"13/12/2025 04:15:00 - 13/12/2025 04:30:00","BZN|FR","Without Sequence","65.00","",""
"13/12/2025 04:30:00 - 13/12/2025 04:45:00","BZN|FR","Without Sequence","64.89","",""
"13/12/2025 04:45:00 - 13/12/2025 05:00:00","BZN|FR","Without Sequence","64.80","",""
"13/12/2025 05:00:00 - 13/12/2025 05:15:00","BZN|FR","Without Sequence","65.00","",""
"13/12/2025 05:15:00 - 13/12/2025 05:30:00","BZN|FR","Without Sequence","65.10","",""
"13/12/2025 05:30:00 - 13/12/2025 05:45:00","BZN|FR","Without Sequence","68.94","",""
"13/12/2025 05:45:00 - 13/12/2025 06:00:00","BZN|FR","Without Sequence","69.45","",""
"13/12/2025 06:00:00 - 13/12/2025 06:15:00","BZN|FR","Without Sequence","69.71","",""
"13/12/2025 06:15:00 - 13/12/2025 06:30:00","BZN|FR","Without Sequence","69.84","",""
"13/12/2025 06:30:00 - 13/12/2025 06:45:00","BZN|FR","Without Sequence","70.10","",""
"13/12/2025 06:45:00 - 13/12/2025 07:00:00","BZN|FR","Without Sequence","72.65","",""
"13/12/2025 07:00:00 - 13/12/2025 07:15:00","BZN|FR","Without Sequence","74.12","",""
"13/12/2025 07:15:00 - 13/12/2025 07:30:00","BZN|FR","Without Sequence","75.00","",""
"13/12/2025 07:30:00 - 13/12/2025 07:45:00","BZN|FR","Without Sequence","80.76","",""
"13/12/2025 07:45:00 - 13/12/2025 08:00:00","BZN|FR","Without Sequence","83.35","",""
"13/12/2025 08:00:00 - 13/12/2025 08:15:00","BZN|FR","Without Sequence","83.35","",""
"13/12/2025 08:15:00 - 13/12/2025 08:30:00","BZN|FR","Without Sequence","86.76","",""
"13/12/2025 08:30:00 - 13/12/2025 08:45:00","BZN|FR","Without Sequence","85.35","",""
"13/12/2025 08:45:00 - 13/12/2025 09:00:00","BZN|FR","Without Sequence","84.37","",""
"13/12/2025 09:00:00 - 13/12/2025 09:15:00","BZN|FR","Without Sequence","89.96","",""
"13/12/2025 09:15:00 - 13/12/2025 09:30:00","BZN|FR","Without Sequence","83.39","",""
"13/12/2025 09:30:00 - 13/12/2025 09:45:00","BZN|FR","Without Sequence","76.19","",""
"13/12/2025 09:45:00 - 13/12/2025 10:00:00","BZN|FR","Without Sequence","73.61","",""
"13/12/2025 10:00:00 - 13/12/2025 10:15:00","BZN|FR","Without Sequence","78.35","",""
"13/12/2025 10:15:00 - 13/12/2025 10:30:00","BZN|FR","Without Sequence","72.23","",""
"13/12/2025 10:30:00 - 13/12/2025 10:45:00","BZN|FR","Without Sequence","69.84","",""
"13/12/2025 10:45:00 - 13/12/2025 11:00:00","BZN|FR","Without Sequence","69.32","",""
"13/12/2025 11:00:00 - 13/12/2025 11:15:00","BZN|FR","Without Sequence","69.58","",""
"13/12/2025 11:15:00 - 13/12/2025 11:30:00","BZN|FR","Without Sequence","69.32","",""
"13/12/2025 11:30:00 - 13/12/2025 11:45:00","BZN|FR","Without Sequence","68.55","",""
"13/12/2025 11:45:00 - 13/12/2025 12:00:00","BZN|FR","Without Sequence","63.10","",""
"13/12/2025 12:00:00 - 13/12/2025 12:15:00","BZN|FR","Without Sequence","68.42","",""
"13/12/2025 12:15:00 - 13/12/2025 12:30:00","BZN|FR","Without Sequence","63.56","",""
"13/12/2025 12:30:00 - 13/12/2025 12:45:00","BZN|FR","Without Sequence","66.11","",""
"13/12/2025 12:45:00 - 13/12/2025 13:00:00","BZN|FR","Without Sequence","64.00","",""
"13/12/2025 13:00:00 - 13/12/2025 13:15:00","BZN|FR","Without Sequence","60.00","",""
"13/12/2025 13:15:00 - 13/12/2025 13:30:00","BZN|FR","Without Sequence","60.00","",""
"13/12/2025 13:30:00 - 13/12/2025 13:45:00","BZN|FR","Without Sequence","58.72","",""
"13/12/2025 13:45:00 - 13/12/2025 14:00:00","BZN|FR","Without Sequence","58.52","",""
"13/12/2025 14:00:00 - 13/12/2025 14:15:00","BZN|FR","Without Sequence","57.51","",""
"13/12/2025 14:15:00 - 13/12/2025 14:30:00","BZN|FR","Without Sequence","60.00","",""
"13/12/2025 14:30:00 - 13/12/2025 14:45:00","BZN|FR","Without Sequence","61.10","",""
"13/12/2025 14:45:00 - 13/12/2025 15:00:00","BZN|FR","Without Sequence","61.32","",""
"13/12/2025 15:00:00 - 13/12/2025 15:15:00","BZN|FR","Without Sequence","60.00","",""
"13/12/2025 15:15:00 - 13/12/2025 15:30:00","BZN|FR","Without Sequence","66.65","",""
"13/12/2025 15:30:00 - 13/12/2025 15:45:00","BZN|FR","Without Sequence","69.20","",""
"13/12/2025 15:45:00 - 13/12/2025 16:00:00","BZN|FR","Without Sequence","69.84","",""
"13/12/2025 16:00:00 - 13/12/2025 16:15:00","BZN|FR","Without Sequence","69.32","",""
"13/12/2025 16:15:00 - 13/12/2025 16:30:00","BZN|FR","Without Sequence","71.50","",""
"13/12/2025 16:30:00 - 13/12/2025 16:45:00","BZN|FR","Without Sequence","78.16","",""
"13/12/2025 16:45:00 - 13/12/2025 17:00:00","BZN|FR","Without Sequence","87.50","",""
"13/12/2025 17:00:00 - 13/12/2025 17:15:00","BZN|FR","Without Sequence","80.39","",""
"13/12/2025 17:15:00 - 13/12/2025 17:30:00","BZN|FR","Without Sequence","89.86","",""
"13/12/2025 17:30:00 - 13/12/2025 17:45:00","BZN|FR","Without Sequence","97.50","",""
"13/12/2025 17:45:00 - 13/12/2025 18:00:00","BZN|FR","Without Sequence","99.87","",""
"13/12/2025 18:00:00 - 13/12/2025 18:15:00","BZN|FR","Without Sequence","96.94","",""
"13/12/2025 18:15:00 - 13/12/2025 18:30:00","BZN|FR","Without Sequence","99.70","",""
"13/12/2025 18:30:00 - 13/12/2025 18:45:00","BZN|FR","Without Sequence","100.00","",""
"13/12/2025 18:45:00 - 13/12/2025 19:00:00","BZN|FR","Without Sequence","101.00","",""
"13/12/2025 19:00:00 - 13/12/2025 19:15:00","BZN|FR","Without Sequence","96.46","",""
"13/12/2025 19:15:00 - 13/12/2025 19:30:00","BZN|FR","Without Sequence","96.46","",""
"13/12/2025 19:30:00 - 13/12/2025 19:45:00","BZN|FR","Without Sequence","95.98","",""
"13/12/2025 19:45:00 - 13/12/2025 20:00:00","BZN|FR","Without Sequence","91.46","",""
"13/12/2025 20:00:00 - 13/12/2025 20:15:00","BZN|FR","Without Sequence","90.20","",""
"13/12/2025 20:15:00 - 13/12/2025 20:30:00","BZN|FR","Without Sequence","88.49","",""
"13/12/2025 20:30:00 - 13/12/2025 20:45:00","BZN|FR","Without Sequence","85.15","",""
"13/12/2025 20:45:00 - 13/12/2025 21:00:00","BZN|FR","Without Sequence","85.28","",""
"13/12/2025 21:00:00 - 13/12/2025 21:15:00","BZN|FR","Without Sequence","80.13","",""
"13/12/2025 21:15:00 - 13/12/2025 21:30:00","BZN|FR","Without Sequence","71.49","",""
"13/12/2025 21:30:00 - 13/12/2025 21:45:00","BZN|FR","Without Sequence","76.90","",""
"13/12/2025 21:45:00 - 13/12/2025 22:00:00","BZN|FR","Without Sequence","83.61","",""
"13/12/2025 22:00:00 - 13/12/2025 22:15:00","BZN|FR","Without Sequence","50.10","",""
"13/12/2025 22:15:00 - 13/12/2025 22:30:00","BZN|FR","Without Sequence","71.40","",""
"13/12/2025 22:30:00 - 13/12/2025 22:45:00","BZN|FR","Without Sequence","88.41","",""
"13/12/2025 22:45:00 - 13/12/2025 23:00:00","BZN|FR","Without Sequence","82.40","",""
"13/12/2025 23:00:00 - 13/12/2025 23:15:00","BZN|FR","Without Sequence","75.45","",""
"13/12/2025 23:15:00 - 13/12/2025 23:30:00","BZN|FR","Without Sequence","82.72","",""
"13/12/2025 23:30:00 - 13/12/2025 23:45:00","BZN|FR","Without Sequence","84.24","",""
"13/12/2025 23:45:00 - 14/12/2025 00:00:00","BZN|FR","Without Sequence","72.32","",""
"14/12/2025 00:00:00 - 14/12/2025 00:15:00","BZN|FR","Without Sequence","97.50","",""
"14/12/2025 00:15:00 - 14/12/2025 00:30:00","BZN|FR","Without Sequence","91.92","",""
"14/12/2025 00:30:00 - 14/12/2025 00:45:00","BZN|FR","Without Sequence","65.71","",""
"14/12/2025 00:45:00 - 14/12/2025 01:00:00","BZN|FR","Without Sequence","55.02","",""
"14/12/2025 01:00:00 - 14/12/2025 01:15:00","BZN|FR","Without Sequence","81.67","",""
"14/12/2025 01:15:00 - 14/12/2025 01:30:00","BZN|FR","Without Sequence","71.69","",""
"14/12/2025 01:30:00 - 14/12/2025 01:45:00","BZN|FR","Without Sequence","68.34","",""
"14/12/2025 01:45:00 - 14/12/2025 02:00:00","BZN|FR","Without Sequence","60.74","",""
"14/12/2025 02:00:00 - 14/12/2025 02:15:00","BZN|FR","Without Sequence","69.58","",""
"14/12/2025 02:15:00 - 14/12/2025 02:30:00","BZN|FR","Without Sequence","60.44","",""
"14/12/2025 02:30:00 - 14/12/2025 02:45:00","BZN|FR","Without Sequence","68.27","",""
"14/12/2025 02:45:00 - 14/12/2025 03:00:00","BZN|FR","Without Sequence","70.58","",""
"14/12/2025 03:00:00 - 14/12/2025 03:15:00","BZN|FR","Without Sequence","70.51","",""
"14/12/2025 03:15:00 - 14/12/2025 03:30:00","BZN|FR","Without Sequence","63.03","",""
"14/12/2025 03:30:00 - 14/12/2025 03:45:00","BZN|FR","Without Sequence","63.87","",""
"14/12/2025 03:45:00 - 14/12/2025 04:00:00","BZN|FR","Without Sequence","52.48","",""
"14/12/2025 04:00:00 - 14/12/2025 04:15:00","BZN|FR","Without Sequence","64.75","",""
"14/12/2025 04:15:00 - 14/12/2025 04:30:00","BZN|FR","Without Sequence","54.30","",""
"14/12/2025 04:30:00 - 14/12/2025 04:45:00","BZN|FR","Without Sequence","56.52","",""
"14/12/2025 04:45:00 - 14/12/2025 05:00:00","BZN|FR","Without Sequence","44.53","",""
"14/12/2025 05:00:00 - 14/12/2025 05:15:00","BZN|FR","Without Sequence","56.64","",""
"14/12/2025 05:15:00 - 14/12/2025 05:30:00","BZN|FR","Without Sequence","53.06","",""
"14/12/2025 05:30:00 - 14/12/2025 05:45:00","BZN|FR","Without Sequence","57.44","",""
"14/12/2025 05:45:00 - 14/12/2025 06:00:00","BZN|FR","Without Sequence","42.20","",""
"14/12/2025 06:00:00 - 14/12/2025 06:15:00","BZN|FR","Without Sequence","56.53","",""
"14/12/2025 06:15:00 - 14/12/2025 06:30:00","BZN|FR","Without Sequence","49.48","",""
"14/12/2025 06:30:00 - 14/12/2025 06:45:00","BZN|FR","Without Sequence","49.34","",""
"14/12/2025 06:45:00 - 14/12/2025 07:00:00","BZN|FR","Without Sequence","50.86","",""
"14/12/2025 07:00:00 - 14/12/2025 07:15:00","BZN|FR","Without Sequence","58.30","",""
"14/12/2025 07:15:00 - 14/12/2025 07:30:00","BZN|FR","Without Sequence","55.36","",""
"14/12/2025 07:30:00 - 14/12/2025 07:45:00","BZN|FR","Without Sequence","62.86","",""
"14/12/2025 07:45:00 - 14/12/2025 08:00:00","BZN|FR","Without Sequence","59.87","",""
"14/12/2025 08:00:00 - 14/12/2025 08:15:00","BZN|FR","Without Sequence","63.23","",""
"14/12/2025 08:15:00 - 14/12/2025 08:30:00","BZN|FR","Without Sequence","71.11","",""
"14/12/2025 08:30:00 - 14/12/2025 08:45:00","BZN|FR","Without Sequence","69.06","",""
"14/12/2025 08:45:00 - 14/12/2025 09:00:00","BZN|FR","Without Sequence","68.82","",""
"14/12/2025 09:00:00 - 14/12/2025 09:15:00","BZN|FR","Without Sequence","76.51","",""
"14/12/2025 09:15:00 - 14/12/2025 09:30:00","BZN|FR","Without Sequence","74.12","",""
"14/12/2025 09:30:00 - 14/12/2025 09:45:00","BZN|FR","Without Sequence","70.84","",""
"14/12/2025 09:45:00 - 14/12/2025 10:00:00","BZN|FR","Without Sequence","67.97","",""
"14/12/2025 10:00:00 - 14/12/2025 10:15:00","BZN|FR","Without Sequence","75.20","",""
"14/12/2025 10:15:00 - 14/12/2025 10:30:00","BZN|FR","Without Sequence","70.97","",""
"14/12/2025 10:30:00 - 14/12/2025 10:45:00","BZN|FR","Without Sequence","68.94","",""
"14/12/2025 10:45:00 - 14/12/2025 11:00:00","BZN|FR","Without Sequence","57.29","",""
"14/12/2025 11:00:00 - 14/12/2025 11:15:00","BZN|FR","Without Sequence","68.46","",""
"14/12/2025 11:15:00 - 14/12/2025 11:30:00","BZN|FR","Without Sequence","60.59","",""
"14/12/2025 11:30:00 - 14/12/2025 11:45:00","BZN|FR","Without Sequence","60.01","",""
"14/12/2025 11:45:00 - 14/12/2025 12:00:00","BZN|FR","Without Sequence","57.70","",""
"14/12/2025 12:00:00 - 14/12/2025 12:15:00","BZN|FR","Without Sequence","63.68","",""
"14/12/2025 12:15:00 - 14/12/2025 12:30:00","BZN|FR","Without Sequence","61.09","",""
"14/12/2025 12:30:00 - 14/12/2025 12:45:00","BZN|FR","Without Sequence","63.32","",""
"14/12/2025 12:45:00 - 14/12/2025 13:00:00","BZN|FR","Without Sequence","61.05","",""
"14/12/2025 13:00:00 - 14/12/2025 13:15:00","BZN|FR","Without Sequence","60.65","",""
"14/12/2025 13:15:00 - 14/12/2025 13:30:00","BZN|FR","Without Sequence","60.01","",""
"14/12/2025 13:30:00 - 14/12/2025 13:45:00","BZN|FR","Without Sequence","57.65","",""
"14/12/2025 13:45:00 - 14/12/2025 14:00:00","BZN|FR","Without Sequence","57.70","",""
"14/12/2025 14:00:00 - 14/12/2025 14:15:00","BZN|FR","Without Sequence","57.77","",""
"14/12/2025 14:15:00 - 14/12/2025 14:30:00","BZN|FR","Without Sequence","60.01","",""
"14/12/2025 14:30:00 - 14/12/2025 14:45:00","BZN|FR","Without Sequence","57.70","",""
"14/12/2025 14:45:00 - 14/12/2025 15:00:00","BZN|FR","Without Sequence","61.03","",""
"14/12/2025 15:00:00 - 14/12/2025 15:15:00","BZN|FR","Without Sequence","57.07","",""
"14/12/2025 15:15:00 - 14/12/2025 15:30:00","BZN|FR","Without Sequence","61.57","",""
"14/12/2025 15:30:00 - 14/12/2025 15:45:00","BZN|FR","Without Sequence","64.47","",""
"14/12/2025 15:45:00 - 14/12/2025 16:00:00","BZN|FR","Without Sequence","70.58","",""
"14/12/2025 16:00:00 - 14/12/2025 16:15:00","BZN|FR","Without Sequence","68.95","",""
"14/12/2025 16:15:00 - 14/12/2025 16:30:00","BZN|FR","Without Sequence","71.10","",""
"14/12/2025 16:30:00 - 14/12/2025 16:45:00","BZN|FR","Without Sequence","74.17","",""
"14/12/2025 16:45:00 - 14/12/2025 17:00:00","BZN|FR","Without Sequence","85.35","",""
"14/12/2025 17:00:00 - 14/12/2025 17:15:00","BZN|FR","Without Sequence","82.36","",""
"14/12/2025 17:15:00 - 14/12/2025 17:30:00","BZN|FR","Without Sequence","90.65","",""
"14/12/2025 17:30:00 - 14/12/2025 17:45:00","BZN|FR","Without Sequence","82.99","",""
"14/12/2025 17:45:00 - 14/12/2025 18:00:00","BZN|FR","Without Sequence","85.97","",""
"14/12/2025 18:00:00 - 14/12/2025 18:15:00","BZN|FR","Without Sequence","84.90","",""
"14/12/2025 18:15:00 - 14/12/2025 18:30:00","BZN|FR","Without Sequence","89.25","",""
"14/12/2025 18:30:00 - 14/12/2025 18:45:00","BZN|FR","Without Sequence","96.46","",""
"14/12/2025 18:45:00 - 14/12/2025 19:00:00","BZN|FR","Without Sequence","96.57","",""
"14/12/2025 19:00:00 - 14/12/2025 19:15:00","BZN|FR","Without Sequence","102.36","",""
"14/12/2025 19:15:00 - 14/12/2025 19:30:00","BZN|FR","Without Sequence","98.04","",""
"14/12/2025 19:30:00 - 14/12/2025 19:45:00","BZN|FR","Without Sequence","89.71","",""
"14/12/2025 19:45:00 - 14/12/2025 20:00:00","BZN|FR","Without Sequence","81.00","",""
"14/12/2025 20:00:00 - 14/12/2025 20:15:00","BZN|FR","Without Sequence","99.61","",""
"14/12/2025 20:15:00 - 14/12/2025 20:30:00","BZN|FR","Without Sequence","84.19","",""
"14/12/2025 20:30:00 - 14/12/2025 20:45:00","BZN|FR","Without Sequence","81.31","",""
"14/12/2025 20:45:00 - 14/12/2025 21:00:00","BZN|FR","Without Sequence","73.48","",""
"14/12/2025 21:00:00 - 14/12/2025 21:15:00","BZN|FR","Without Sequence","81.62","",""
"14/12/2025 21:15:00 - 14/12/2025 21:30:00","BZN|FR","Without Sequence","80.86","",""
"14/12/2025 21:30:00 - 14/12/2025 21:45:00","BZN|FR","Without Sequence","85.22","",""
"14/12/2025 21:45:00 - 14/12/2025 22:00:00","BZN|FR","Without Sequence","75.46","",""
"14/12/2025 22:00:00 - 14/12/2025 22:15:00","BZN|FR","Without Sequence","71.04","",""
"14/12/2025 22:15:00 - 14/12/2025 22:30:00","BZN|FR","Without Sequence","83.65","",""
"14/12/2025 22:30:00 - 14/12/2025 22:45:00","BZN|FR","Without Sequence","81.62","",""
"14/12/2025 22:45:00 - 14/12/2025 23:00:00","BZN|FR","Without Sequence","77.96","",""
"14/12/2025 23:00:00 - 14/12/2025 23:15:00","BZN|FR","Without Sequence","75.96","",""
"14/12/2025 23:15:00 - 14/12/2025 23:30:00","BZN|FR","Without Sequence","64.94","",""
"14/12/2025 23:30:00 - 14/12/2025 23:45:00","BZN|FR","Without Sequence","75.37","",""
"14/12/2025 23:45:00 - 15/12/2025 00:00:00","BZN|FR","Without Sequence","67.81","",""
"15/12/2025 00:00:00 - 15/12/2025 00:15:00","BZN|FR","Without Sequence","72.81","",""
"15/12/2025 00:15:00 - 15/12/2025 00:30:00","BZN|FR","Without Sequence","75.52","",""
"15/12/2025 00:30:00 - 15/12/2025 00:45:00","BZN|FR","Without Sequence","57.66","",""
"15/12/2025 00:45:00 - 15/12/2025 01:00:00","BZN|FR","Without Sequence","38.37","",""
"15/12/2025 01:00:00 - 15/12/2025 01:15:00","BZN|FR","Without Sequence","74.50","",""
"15/12/2025 01:15:00 - 15/12/2025 01:30:00","BZN|FR","Without Sequence","71.33","",""
"15/12/2025 01:30:00 - 15/12/2025 01:45:00","BZN|FR","Without Sequence","59.18","",""
"15/12/2025 01:45:00 - 15/12/2025 02:00:00","BZN|FR","Without Sequence","33.61","",""
"15/12/2025 02:00:00 - 15/12/2025 02:15:00","BZN|FR","Without Sequence","72.53","",""
"15/12/2025 02:15:00 - 15/12/2025 02:30:00","BZN|FR","Without Sequence","69.98","",""
"15/12/2025 02:30:00 - 15/12/2025 02:45:00","BZN|FR","Without Sequence","51.21","",""
"15/12/2025 02:45:00 - 15/12/2025 03:00:00","BZN|FR","Without Sequence","22.28","",""
"15/12/2025 03:00:00 - 15/12/2025 03:15:00","BZN|FR","Without Sequence","57.49","",""
"15/12/2025 03:15:00 - 15/12/2025 03:30:00","BZN|FR","Without Sequence","51.85","",""
"15/12/2025 03:30:00 - 15/12/2025 03:45:00","BZN|FR","Without Sequence","19.29","",""
"15/12/2025 03:45:00 - 15/12/2025 04:00:00","BZN|FR","Without Sequence","2.71","",""
"15/12/2025 04:00:00 - 15/12/2025 04:15:00","BZN|FR","Without Sequence","29.34","",""
"15/12/2025 04:15:00 - 15/12/2025 04:30:00","BZN|FR","Without Sequence","13.40","",""
"15/12/2025 04:30:00 - 15/12/2025 04:45:00","BZN|FR","Without Sequence","14.53","",""
"15/12/2025 04:45:00 - 15/12/2025 05:00:00","BZN|FR","Without Sequence","11.90","",""
"15/12/2025 05:00:00 - 15/12/2025 05:15:00","BZN|FR","Without Sequence","32.00","",""
"15/12/2025 05:15:00 - 15/12/2025 05:30:00","BZN|FR","Without Sequence","50.41","",""
"15/12/2025 05:30:00 - 15/12/2025 05:45:00","BZN|FR","Without Sequence","49.58","",""
"15/12/2025 05:45:00 - 15/12/2025 06:00:00","BZN|FR","Without Sequence","46.36","",""
"15/12/2025 06:00:00 - 15/12/2025 06:15:00","BZN|FR","Without Sequence","67.21","",""
"15/12/2025 06:15:00 - 15/12/2025 06:30:00","BZN|FR","Without Sequence","71.07","",""
"15/12/2025 06:30:00 - 15/12/2025 06:45:00","BZN|FR","Without Sequence","84.83","",""
"15/12/2025 06:45:00 - 15/12/2025 07:00:00","BZN|FR","Without Sequence","90.09","",""
"15/12/2025 07:00:00 - 15/12/2025 07:15:00","BZN|FR","Without Sequence","80.85","",""
"15/12/2025 07:15:00 - 15/12/2025 07:30:00","BZN|FR","Without Sequence","93.36","",""
"15/12/2025 07:30:00 - 15/12/2025 07:45:00","BZN|FR","Without Sequence","95.22","",""
"15/12/2025 07:45:00 - 15/12/2025 08:00:00","BZN|FR","Without Sequence","95.94","",""
"15/12/2025 08:00:00 - 15/12/2025 08:15:00","BZN|FR","Without Sequence","105.98","",""
"15/12/2025 08:15:00 - 15/12/2025 08:30:00","BZN|FR","Without Sequence","106.46","",""
"15/12/2025 08:30:00 - 15/12/2025 08:45:00","BZN|FR","Without Sequence","105.68","",""
"15/12/2025 08:45:00 - 15/12/2025 09:00:00","BZN|FR","Without Sequence","92.68","",""
"15/12/2025 09:00:00 - 15/12/2025 09:15:00","BZN|FR","Without Sequence","101.61","",""
"15/12/2025 09:15:00 - 15/12/2025 09:30:00","BZN|FR","Without Sequence","93.94","",""
"15/12/2025 09:30:00 - 15/12/2025 09:45:00","BZN|FR","Without Sequence","85.96","",""
"15/12/2025 09:45:00 - 15/12/2025 10:00:00","BZN|FR","Without Sequence","78.49","",""
"15/12/2025 10:00:00 - 15/12/2025 10:15:00","BZN|FR","Without Sequence","86.46","",""
"15/12/2025 10:15:00 - 15/12/2025 10:30:00","BZN|FR","Without Sequence","74.66","",""
"15/12/2025 10:30:00 - 15/12/2025 10:45:00","BZN|FR","Without Sequence","66.52","",""
"15/12/2025 10:45:00 - 15/12/2025 11:00:00","BZN|FR","Without Sequence","59.10","",""
"15/12/2025 11:00:00 - 15/12/2025 11:15:00","BZN|FR","Without Sequence","68.84","",""
"15/12/2025 11:15:00 - 15/12/2025 11:30:00","BZN|FR","Without Sequence","67.83","",""
"15/12/2025 11:30:00 - 15/12/2025 11:45:00","BZN|FR","Without Sequence","69.94","",""
"15/12/2025 11:45:00 - 15/12/2025 12:00:00","BZN|FR","Without Sequence","72.61","",""
"15/12/2025 12:00:00 - 15/12/2025 12:15:00","BZN|FR","Without Sequence","75.67","",""
"15/12/2025 12:15:00 - 15/12/2025 12:30:00","BZN|FR","Without Sequence","74.71","",""
"15/12/2025 12:30:00 - 15/12/2025 12:45:00","BZN|FR","Without Sequence","81.10","",""
"15/12/2025 12:45:00 - 15/12/2025 13:00:00","BZN|FR","Without Sequence","84.37","",""
"15/12/2025 13:00:00 - 15/12/2025 13:15:00","BZN|FR","Without Sequence","75.92","",""
"15/12/2025 13:15:00 - 15/12/2025 13:30:00","BZN|FR","Without Sequence","72.89","",""
"15/12/2025 13:30:00 - 15/12/2025 13:45:00","BZN|FR","Without Sequence","69.44","",""
"15/12/2025 13:45:00 - 15/12/2025 14:00:00","BZN|FR","Without Sequence","77.32","",""
"15/12/2025 14:00:00 - 15/12/2025 14:15:00","BZN|FR","Without Sequence","76.21","",""
"15/12/2025 14:15:00 - 15/12/2025 14:30:00","BZN|FR","Without Sequence","76.25","",""
"15/12/2025 14:30:00 - 15/12/2025 14:45:00","BZN|FR","Without Sequence","75.34","",""
"15/12/2025 14:45:00 - 15/12/2025 15:00:00","BZN|FR","Without Sequence","72.86","",""
"15/12/2025 15:00:00 - 15/12/2025 15:15:00","BZN|FR","Without Sequence","69.69","",""
"15/12/2025 15:15:00 - 15/12/2025 15:30:00","BZN|FR","Without Sequence","73.62","",""
"15/12/2025 15:30:00 - 15/12/2025 15:45:00","BZN|FR","Without Sequence","80.64","",""
"15/12/2025 15:45:00 - 15/12/2025 16:00:00","BZN|FR","Without Sequence","82.56","",""
"15/12/2025 16:00:00 - 15/12/2025 16:15:00","BZN|FR","Without Sequence","80.93","",""
"15/12/2025 16:15:00 - 15/12/2025 16:30:00","BZN|FR","Without Sequence","89.70","",""
"15/12/2025 16:30:00 - 15/12/2025 16:45:00","BZN|FR","Without Sequence","96.07","",""
"15/12/2025 16:45:00 - 15/12/2025 17:00:00","BZN|FR","Without Sequence","91.55","",""
"15/12/2025 17:00:00 - 15/12/2025 17:15:00","BZN|FR","Without Sequence","98.65","",""
"15/12/2025 17:15:00 - 15/12/2025 17:30:00","BZN|FR","Without Sequence","98.17","",""
"15/12/2025 17:30:00 - 15/12/2025 17:45:00","BZN|FR","Without Sequence","96.09","",""
"15/12/2025 17:45:00 - 15/12/2025 18:00:00","BZN|FR","Without Sequence","91.02","",""
"15/12/2025 18:00:00 - 15/12/2025 18:15:00","BZN|FR","Without Sequence","98.63","",""
"15/12/2025 18:15:00 - 15/12/2025 18:30:00","BZN|FR","Without Sequence","93.24","",""
"15/12/2025 18:30:00 - 15/12/2025 18:45:00","BZN|FR","Without Sequence","102.81","",""
"15/12/2025 18:45:00 - 15/12/2025 19:00:00","BZN|FR","Without Sequence","95.32","",""
"15/12/2025 19:00:00 - 15/12/2025 19:15:00","BZN|FR","Without Sequence","103.21","",""
"15/12/2025 19:15:00 - 15/12/2025 19:30:00","BZN|FR","Without Sequence","95.04","",""
"15/12/2025 19:30:00 - 15/12/2025 19:45:00","BZN|FR","Without Sequence","90.26","",""
"15/12/2025 19:45:00 - 15/12/2025 20:00:00","BZN|FR","Without Sequence","86.40","",""
"15/12/2025 20:00:00 - 15/12/2025 20:15:00","BZN|FR","Without Sequence","88.62","",""
"15/12/2025 20:15:00 - 15/12/2025 20:30:00","BZN|FR","Without Sequence","89.98","",""
"15/12/2025 20:30:00 - 15/12/2025 20:45:00","BZN|FR","Without Sequence","82.44","",""
"15/12/2025 20:45:00 - 15/12/2025 21:00:00","BZN|FR","Without Sequence","78.92","",""
"15/12/2025 21:00:00 - 15/12/2025 21:15:00","BZN|FR","Without Sequence","73.24","",""
"15/12/2025 21:15:00 - 15/12/2025 21:30:00","BZN|FR","Without Sequence","78.69","",""
"15/12/2025 21:30:00 - 15/12/2025 21:45:00","BZN|FR","Without Sequence","82.33","",""
"15/12/2025 21:45:00 - 15/12/2025 22:00:00","BZN|FR","Without Sequence","74.29","",""
"15/12/2025 22:00:00 - 15/12/2025 22:15:00","BZN|FR","Without Sequence","78.38","",""
"15/12/2025 22:15:00 - 15/12/2025 22:30:00","BZN|FR","Without Sequence","78.26","",""
"15/12/2025 22:30:00 - 15/12/2025 22:45:00","BZN|FR","Without Sequence","85.05","",""
"15/12/2025 22:45:00 - 15/12/2025 23:00:00","BZN|FR","Without Sequence","83.54","",""
"15/12/2025 23:00:00 - 15/12/2025 23:15:00","BZN|FR","Without Sequence","75.86","",""
"15/12/2025 23:15:00 - 15/12/2025 23:30:00","BZN|FR","Without Sequence","67.89","",""
"15/12/2025 23:30:00 - 15/12/2025 23:45:00","BZN|FR","Without Sequence","78.80","",""
"15/12/2025 23:45:00 - 16/12/2025 00:00:00","BZN|FR","Without Sequence","77.20","",""
"16/12/2025 00:00:00 - 16/12/2025 00:15:00","BZN|FR","Without Sequence","81.61","",""
"16/12/2025 00:15:00 - 16/12/2025 00:30:00","BZN|FR","Without Sequence","83.98","",""
"16/12/2025 00:30:00 - 16/12/2025 00:45:00","BZN|FR","Without Sequence","66.31","",""
"16/12/2025 00:45:00 - 16/12/2025 01:00:00","BZN|FR","Without Sequence","63.50","",""
"16/12/2025 01:00:00 - 16/12/2025 01:15:00","BZN|FR","Without Sequence","73.38","",""
"16/12/2025 01:15:00 - 16/12/2025 01:30:00","BZN|FR","Without Sequence","68.05","",""
"16/12/2025 01:30:00 - 16/12/2025 01:45:00","BZN|FR","Without Sequence","71.86","",""
"16/12/2025 01:45:00 - 16/12/2025 02:00:00","BZN|FR","Without Sequence","69.32","",""
"16/12/2025 02:00:00 - 16/12/2025 02:15:00","BZN|FR","Without Sequence","74.81","",""
"16/12/2025 02:15:00 - 16/12/2025 02:30:00","BZN|FR","Without Sequence","72.59","",""
"16/12/2025 02:30:00 - 16/12/2025 02:45:00","BZN|FR","Without Sequence","74.19","",""
"16/12/2025 02:45:00 - 16/12/2025 03:00:00","BZN|FR","Without Sequence","71.68","",""
"16/12/2025 03:00:00 - 16/12/2025 03:15:00","BZN|FR","Without Sequence","70.89","",""
"16/12/2025 03:15:00 - 16/12/2025 03:30:00","BZN|FR","Without Sequence","62.70","",""
"16/12/2025 03:30:00 - 16/12/2025 03:45:00","BZN|FR","Without Sequence","61.27","",""
"16/12/2025 03:45:00 - 16/12/2025 04:00:00","BZN|FR","Without Sequence","67.95","",""
"16/12/2025 04:00:00 - 16/12/2025 04:15:00","BZN|FR","Without Sequence","60.22","",""
"16/12/2025 04:15:00 - 16/12/2025 04:30:00","BZN|FR","Without Sequence","74.50","",""
"16/12/2025 04:30:00 - 16/12/2025 04:45:00","BZN|FR","Without Sequence","74.50","",""
"16/12/2025 04:45:00 - 16/12/2025 05:00:00","BZN|FR","Without Sequence","74.50","",""
"16/12/2025 05:00:00 - 16/12/2025 05:15:00","BZN|FR","Without Sequence","75.10","",""
"16/12/2025 05:15:00 - 16/12/2025 05:30:00","BZN|FR","Without Sequence","75.50","",""
"16/12/2025 05:30:00 - 16/12/2025 05:45:00","BZN|FR","Without Sequence","76.50","",""
"16/12/2025 05:45:00 - 16/12/2025 06:00:00","BZN|FR","Without Sequence","77.42","",""
"16/12/2025 06:00:00 - 16/12/2025 06:15:00","BZN|FR","Without Sequence","82.36","",""
"16/12/2025 06:15:00 - 16/12/2025 06:30:00","BZN|FR","Without Sequence","86.43","",""
"16/12/2025 06:30:00 - 16/12/2025 06:45:00","BZN|FR","Without Sequence","88.24","",""
"16/12/2025 06:45:00 - 16/12/2025 07:00:00","BZN|FR","Without Sequence","93.50","",""
"16/12/2025 07:00:00 - 16/12/2025 07:15:00","BZN|FR","Without Sequence","88.39","",""
"16/12/2025 07:15:00 - 16/12/2025 07:30:00","BZN|FR","Without Sequence","92.96","",""
"16/12/2025 07:30:00 - 16/12/2025 07:45:00","BZN|FR","Without Sequence","93.72","",""
"16/12/2025 07:45:00 - 16/12/2025 08:00:00","BZN|FR","Without Sequence","97.33","",""
"16/12/2025 08:00:00 - 16/12/2025 08:15:00","BZN|FR","Without Sequence","95.48","",""
"16/12/2025 08:15:00 - 16/12/2025 08:30:00","BZN|FR","Without Sequence","99.05","",""
"16/12/2025 08:30:00 - 16/12/2025 08:45:00","BZN|FR","Without Sequence","99.25","",""
"16/12/2025 08:45:00 - 16/12/2025 09:00:00","BZN|FR","Without Sequence","91.06","",""
"16/12/2025 09:00:00 - 16/12/2025 09:15:00","BZN|FR","Without Sequence","105.10","",""
"16/12/2025 09:15:00 - 16/12/2025 09:30:00","BZN|FR","Without Sequence","102.01","",""
"16/12/2025 09:30:00 - 16/12/2025 09:45:00","BZN|FR","Without Sequence","98.27","",""
"16/12/2025 09:45:00 - 16/12/2025 10:00:00","BZN|FR","Without Sequence","90.87","",""
"16/12/2025 10:00:00 - 16/12/2025 10:15:00","BZN|FR","Without Sequence","100.69","",""
"16/12/2025 10:15:00 - 16/12/2025 10:30:00","BZN|FR","Without Sequence","95.35","",""
"16/12/2025 10:30:00 - 16/12/2025 10:45:00","BZN|FR","Without Sequence","88.78","",""
"16/12/2025 10:45:00 - 16/12/2025 11:00:00","BZN|FR","Without Sequence","85.95","",""
"16/12/2025 11:00:00 - 16/12/2025 11:15:00","BZN|FR","Without Sequence","91.58","",""
"16/12/2025 11:15:00 - 16/12/2025 11:30:00","BZN|FR","Without Sequence","89.28","",""
"16/12/2025 11:30:00 - 16/12/2025 11:45:00","BZN|FR","Without Sequence","88.23","",""
"16/12/2025 11:45:00 - 16/12/2025 12:00:00","BZN|FR","Without Sequence","88.71","",""
"16/12/2025 12:00:00 - 16/12/2025 12:15:00","BZN|FR","Without Sequence","89.08","",""
"16/12/2025 12:15:00 - 16/12/2025 12:30:00","BZN|FR","Without Sequence","87.92","",""
"16/12/2025 12:30:00 - 16/12/2025 12:45:00","BZN|FR","Without Sequence","88.86","",""
"16/12/2025 12:45:00 - 16/12/2025 13:00:00","BZN|FR","Without Sequence","88.14","",""
"16/12/2025 13:00:00 - 16/12/2025 13:15:00","BZN|FR","Without Sequence","85.73","",""
"16/12/2025 13:15:00 - 16/12/2025 13:30:00","BZN|FR","Without Sequence","86.43","",""
"16/12/2025 13:30:00 - 16/12/2025 13:45:00","BZN|FR","Without Sequence","85.00","",""
"16/12/2025 13:45:00 - 16/12/2025 14:00:00","BZN|FR","Without Sequence","86.43","",""
"16/12/2025 14:00:00 - 16/12/2025 14:15:00","BZN|FR","Without Sequence","85.35","",""
"16/12/2025 14:15:00 - 16/12/2025 14:30:00","BZN|FR","Without Sequence","87.30","",""
"16/12/2025 14:30:00 - 16/12/2025 14:45:00","BZN|FR","Without Sequence","90.50","",""
"16/12/2025 14:45:00 - 16/12/2025 15:00:00","BZN|FR","Without Sequence","90.80","",""
"16/12/2025 15:00:00 - 16/12/2025 15:15:00","BZN|FR","Without Sequence","88.09","",""
"16/12/2025 15:15:00 - 16/12/2025 15:30:00","BZN|FR","Without Sequence","95.35","",""
"16/12/2025 15:30:00 - 16/12/2025 15:45:00","BZN|FR","Without Sequence","97.33","",""
"16/12/2025 15:45:00 - 16/12/2025 16:00:00","BZN|FR","Without Sequence","102.08","",""
"16/12/2025 16:00:00 - 16/12/2025 16:15:00","BZN|FR","Without Sequence","90.67","",""
"16/12/2025 16:15:00 - 16/12/2025 16:30:00","BZN|FR","Without Sequence","97.33","",""
"16/12/2025 16:30:00 - 16/12/2025 16:45:00","BZN|FR","Without Sequence","102.08","",""
"16/12/2025 16:45:00 - 16/12/2025 17:00:00","BZN|FR","Without Sequence","107.61","",""
"16/12/2025 17:00:00 - 16/12/2025 17:15:00","BZN|FR","Without Sequence","97.50","",""
"16/12/2025 17:15:00 - 16/12/2025 17:30:00","BZN|FR","Without Sequence","105.00","",""
"16/12/2025 17:30:00 - 16/12/2025 17:45:00","BZN|FR","Without Sequence","108.17","",""
"16/12/2025 17:45:00 - 16/12/2025 18:00:00","BZN|FR","Without Sequence","120.24","",""
"16/12/2025 18:00:00 - 16/12/2025 18:15:00","BZN|FR","Without Sequence","106.68","",""
"16/12/2025 18:15:00 - 16/12/2025 18:30:00","BZN|FR","Without Sequence","119.47","",""
"16/12/2025 18:30:00 - 16/12/2025 18:45:00","BZN|FR","Without Sequence","128.63","",""
"16/12/2025 18:45:00 - 16/12/2025 19:00:00","BZN|FR","Without Sequence","134.83","",""
"16/12/2025 19:00:00 - 16/12/2025 19:15:00","BZN|FR","Without Sequence","130.46","",""
"16/12/2025 19:15:00 - 16/12/2025 19:30:00","BZN|FR","Without Sequence","140.78","",""
"16/12/2025 19:30:00 - 16/12/2025 19:45:00","BZN|FR","Without Sequence","131.17","",""
"16/12/2025 19:45:00 - 16/12/2025 20:00:00","BZN|FR","Without Sequence","129.25","",""
"16/12/2025 20:00:00 - 16/12/2025 20:15:00","BZN|FR","Without Sequence","124.27","",""
"16/12/2025 20:15:00 - 16/12/2025 20:30:00","BZN|FR","Without Sequence","122.48","",""
"16/12/2025 20:30:00 - 16/12/2025 20:45:00","BZN|FR","Without Sequence","108.24","",""
"16/12/2025 20:45:00 - 16/12/2025 21:00:00","BZN|FR","Without Sequence","106.50","",""
"16/12/2025 21:00:00 - 16/12/2025 21:15:00","BZN|FR","Without Sequence","105.13","",""
"16/12/2025 21:15:00 - 16/12/2025 21:30:00","BZN|FR","Without Sequence","105.35","",""
"16/12/2025 21:30:00 - 16/12/2025 21:45:00","BZN|FR","Without Sequence","100.44","",""
"16/12/2025 21:45:00 - 16/12/2025 22:00:00","BZN|FR","Without Sequence","91.10","",""
"16/12/2025 22:00:00 - 16/12/2025 22:15:00","BZN|FR","Without Sequence","82.08","",""
"16/12/2025 22:15:00 - 16/12/2025 22:30:00","BZN|FR","Without Sequence","90.28","",""
"16/12/2025 22:30:00 - 16/12/2025 22:45:00","BZN|FR","Without Sequence","94.26","",""
"16/12/2025 22:45:00 - 16/12/2025 23:00:00","BZN|FR","Without Sequence","86.44","",""
"16/12/2025 23:00:00 - 16/12/2025 23:15:00","BZN|FR","Without Sequence","91.31","",""
"16/12/2025 23:15:00 - 16/12/2025 23:30:00","BZN|FR","Without Sequence","83.34","",""
"16/12/2025 23:30:00 - 16/12/2025 23:45:00","BZN|FR","Without Sequence","82.35","",""
"16/12/2025 23:45:00 - 17/12/2025 00:00:00","BZN|FR","Without Sequence","79.00","",""
"17/12/2025 00:00:00 - 17/12/2025 00:15:00","BZN|FR","Without Sequence","86.76","",""
"17/12/2025 00:15:00 - 17/12/2025 00:30:00","BZN|FR","Without Sequence","84.00","",""
"17/12/2025 00:30:00 - 17/12/2025 00:45:00","BZN|FR","Without Sequence","82.00","",""
"17/12/2025 00:45:00 - 17/12/2025 01:00:00","BZN|FR","Without Sequence","79.78","",""
"17/12/2025 01:00:00 - 17/12/2025 01:15:00","BZN|FR","Without Sequence","85.00","",""
"17/12/2025 01:15:00 - 17/12/2025 01:30:00","BZN|FR","Without Sequence","82.82","",""
"17/12/2025 01:30:00 - 17/12/2025 01:45:00","BZN|FR","Without Sequence","81.62","",""
"17/12/2025 01:45:00 - 17/12/2025 02:00:00","BZN|FR","Without Sequence","79.61","",""
"17/12/2025 02:00:00 - 17/12/2025 02:15:00","BZN|FR","Without Sequence","84.00","",""
"17/12/2025 02:15:00 - 17/12/2025 02:30:00","BZN|FR","Without Sequence","81.62","",""
"17/12/2025 02:30:00 - 17/12/2025 02:45:00","BZN|FR","Without Sequence","80.83","",""
"17/12/2025 02:45:00 - 17/12/2025 03:00:00","BZN|FR","Without Sequence","78.40","",""
"17/12/2025 03:00:00 - 17/12/2025 03:15:00","BZN|FR","Without Sequence","77.97","",""
"17/12/2025 03:15:00 - 17/12/2025 03:30:00","BZN|FR","Without Sequence","77.71","",""
"17/12/2025 03:30:00 - 17/12/2025 03:45:00","BZN|FR","Without Sequence","77.45","",""
"17/12/2025 03:45:00 - 17/12/2025 04:00:00","BZN|FR","Without Sequence","77.00","",""
"17/12/2025 04:00:00 - 17/12/2025 04:15:00","BZN|FR","Without Sequence","67.25","",""
"17/12/2025 04:15:00 - 17/12/2025 04:30:00","BZN|FR","Without Sequence","65.64","",""
"17/12/2025 04:30:00 - 17/12/2025 04:45:00","BZN|FR","Without Sequence","64.23","",""
"17/12/2025 04:45:00 - 17/12/2025 05:00:00","BZN|FR","Without Sequence","69.79","",""
"17/12/2025 05:00:00 - 17/12/2025 05:15:00","BZN|FR","Without Sequence","63.56","",""
"17/12/2025 05:15:00 - 17/12/2025 05:30:00","BZN|FR","Without Sequence","68.97","",""
"17/12/2025 05:30:00 - 17/12/2025 05:45:00","BZN|FR","Without Sequence","77.97","",""
"17/12/2025 05:45:00 - 17/12/2025 06:00:00","BZN|FR","Without Sequence","81.62","",""
"17/12/2025 06:00:00 - 17/12/2025 06:15:00","BZN|FR","Without Sequence","76.71","",""
"17/12/2025 06:15:00 - 17/12/2025 06:30:00","BZN|FR","Without Sequence","78.00","",""
"17/12/2025 06:30:00 - 17/12/2025 06:45:00","BZN|FR","Without Sequence","78.70","",""
"17/12/2025 06:45:00 - 17/12/2025 07:00:00","BZN|FR","Without Sequence","71.01","",""
"17/12/2025 07:00:00 - 17/12/2025 07:15:00","BZN|FR","Without Sequence","86.26","",""
"17/12/2025 07:15:00 - 17/12/2025 07:30:00","BZN|FR","Without Sequence","91.55","",""
"17/12/2025 07:30:00 - 17/12/2025 07:45:00","BZN|FR","Without Sequence","96.79","",""
"17/12/2025 07:45:00 - 17/12/2025 08:00:00","BZN|FR","Without Sequence","106.16","",""
"17/12/2025 08:00:00 - 17/12/2025 08:15:00","BZN|FR","Without Sequence","108.76","",""
"17/12/2025 08:15:00 - 17/12/2025 08:30:00","BZN|FR","Without Sequence","116.49","",""
"17/12/2025 08:30:00 - 17/12/2025 08:45:00","BZN|FR","Without Sequence","109.04","",""
"17/12/2025 08:45:00 - 17/12/2025 09:00:00","BZN|FR","Without Sequence","98.00","",""
"17/12/2025 09:00:00 - 17/12/2025 09:15:00","BZN|FR","Without Sequence","125.00","",""
"17/12/2025 09:15:00 - 17/12/2025 09:30:00","BZN|FR","Without Sequence","119.47","",""
"17/12/2025 09:30:00 - 17/12/2025 09:45:00","BZN|FR","Without Sequence","102.02","",""
"17/12/2025 09:45:00 - 17/12/2025 10:00:00","BZN|FR","Without Sequence","96.40","",""
"17/12/2025 10:00:00 - 17/12/2025 10:15:00","BZN|FR","Without Sequence","108.31","",""
"17/12/2025 10:15:00 - 17/12/2025 10:30:00","BZN|FR","Without Sequence","100.00","",""
"17/12/2025 10:30:00 - 17/12/2025 10:45:00","BZN|FR","Without Sequence","96.03","",""
"17/12/2025 10:45:00 - 17/12/2025 11:00:00","BZN|FR","Without Sequence","88.13","",""
"17/12/2025 11:00:00 - 17/12/2025 11:15:00","BZN|FR","Without Sequence","96.03","",""
"17/12/2025 11:15:00 - 17/12/2025 11:30:00","BZN|FR","Without Sequence","91.12","",""
"17/12/2025 11:30:00 - 17/12/2025 11:45:00","BZN|FR","Without Sequence","88.90","",""
"17/12/2025 11:45:00 - 17/12/2025 12:00:00","BZN|FR","Without Sequence","86.61","",""
"17/12/2025 12:00:00 - 17/12/2025 12:15:00","BZN|FR","Without Sequence","89.37","",""
"17/12/2025 12:15:00 - 17/12/2025 12:30:00","BZN|FR","Without Sequence","86.61","",""
"17/12/2025 12:30:00 - 17/12/2025 12:45:00","BZN|FR","Without Sequence","87.99","",""
"17/12/2025 12:45:00 - 17/12/2025 13:00:00","BZN|FR","Without Sequence","87.47","",""
"17/12/2025 13:00:00 - 17/12/2025 13:15:00","BZN|FR","Without Sequence","86.51","",""
"17/12/2025 13:15:00 - 17/12/2025 13:30:00","BZN|FR","Without Sequence","85.00","",""
"17/12/2025 13:30:00 - 17/12/2025 13:45:00","BZN|FR","Without Sequence","82.72","",""
"17/12/2025 13:45:00 - 17/12/2025 14:00:00","BZN|FR","Without Sequence","80.41","",""
"17/12/2025 14:00:00 - 17/12/2025 14:15:00","BZN|FR","Without Sequence","83.39","",""
"17/12/2025 14:15:00 - 17/12/2025 14:30:00","BZN|FR","Without Sequence","83.51","",""
"17/12/2025 14:30:00 - 17/12/2025 14:45:00","BZN|FR","Without Sequence","79.68","",""
"17/12/2025 14:45:00 - 17/12/2025 15:00:00","BZN|FR","Without Sequence","82.55","",""
"17/12/2025 15:00:00 - 17/12/2025 15:15:00","BZN|FR","Without Sequence","84.69","",""
"17/12/2025 15:15:00 - 17/12/2025 15:30:00","BZN|FR","Without Sequence","87.13","",""
"17/12/2025 15:30:00 - 17/12/2025 15:45:00","BZN|FR","Without Sequence","82.80","",""
"17/12/2025 15:45:00 - 17/12/2025 16:00:00","BZN|FR","Without Sequence","89.82","",""
"17/12/2025 16:00:00 - 17/12/2025 16:15:00","BZN|FR","Without Sequence","79.85","",""
"17/12/2025 16:15:00 - 17/12/2025 16:30:00","BZN|FR","Without Sequence","86.33","",""
"17/12/2025 16:30:00 - 17/12/2025 16:45:00","BZN|FR","Without Sequence","83.27","",""
"17/12/2025 16:45:00 - 17/12/2025 17:00:00","BZN|FR","Without Sequence","83.59","",""
"17/12/2025 17:00:00 - 17/12/2025 17:15:00","BZN|FR","Without Sequence","85.29","",""
"17/12/2025 17:15:00 - 17/12/2025 17:30:00","BZN|FR","Without Sequence","85.71","",""
"17/12/2025 17:30:00 - 17/12/2025 17:45:00","BZN|FR","Without Sequence","95.61","",""
"17/12/2025 17:45:00 - 17/12/2025 18:00:00","BZN|FR","Without Sequence","97.71","",""
"17/12/2025 18:00:00 - 17/12/2025 18:15:00","BZN|FR","Without Sequence","91.15","",""
"17/12/2025 18:15:00 - 17/12/2025 18:30:00","BZN|FR","Without Sequence","86.56","",""
"17/12/2025 18:30:00 - 17/12/2025 18:45:00","BZN|FR","Without Sequence","82.42","",""
"17/12/2025 18:45:00 - 17/12/2025 19:00:00","BZN|FR","Without Sequence","84.28","",""
"17/12/2025 19:00:00 - 17/12/2025 19:15:00","BZN|FR","Without Sequence","88.59","",""
"17/12/2025 19:15:00 - 17/12/2025 19:30:00","BZN|FR","Without Sequence","74.67","",""
"17/12/2025 19:30:00 - 17/12/2025 19:45:00","BZN|FR","Without Sequence","91.95","",""
"17/12/2025 19:45:00 - 17/12/2025 20:00:00","BZN|FR","Without Sequence","84.85","",""
"17/12/2025 20:00:00 - 17/12/2025 20:15:00","BZN|FR","Without Sequence","86.23","",""
"17/12/2025 20:15:00 - 17/12/2025 20:30:00","BZN|FR","Without Sequence","86.98","",""
"17/12/2025 20:30:00 - 17/12/2025 20:45:00","BZN|FR","Without Sequence","83.49","",""
"17/12/2025 20:45:00 - 17/12/2025 21:00:00","BZN|FR","Without Sequence","83.29","",""
"17/12/2025 21:00:00 - 17/12/2025 21:15:00","BZN|FR","Without Sequence","77.69","",""
"17/12/2025 21:15:00 - 17/12/2025 21:30:00","BZN|FR","Without Sequence","81.30","",""
"17/12/2025 21:30:00 - 17/12/2025 21:45:00","BZN|FR","Without Sequence","82.69","",""
"17/12/2025 21:45:00 - 17/12/2025 22:00:00","BZN|FR","Without Sequence","74.05","",""
"17/12/2025 22:00:00 - 17/12/2025 22:15:00","BZN|FR","Without Sequence","74.85","",""
"17/12/2025 22:15:00 - 17/12/2025 22:30:00","BZN|FR","Without Sequence","74.42","",""
"17/12/2025 22:30:00 - 17/12/2025 22:45:00","BZN|FR","Without Sequence","89.84","",""
"17/12/2025 22:45:00 - 17/12/2025 23:00:00","BZN|FR","Without Sequence","81.41","",""
"17/12/2025 23:00:00 - 17/12/2025 23:15:00","BZN|FR","Without Sequence","81.44","",""
"17/12/2025 23:15:00 - 17/12/2025 23:30:00","BZN|FR","Without Sequence","65.49","",""
"17/12/2025 23:30:00 - 17/12/2025 23:45:00","BZN|FR","Without Sequence","73.50","",""
"17/12/2025 23:45:00 - 18/12/2025 00:00:00","BZN|FR","Without Sequence","50.76","",""
"18/12/2025 00:00:00 - 18/12/2025 00:15:00","BZN|FR","Without Sequence","34.23","",""
"18/12/2025 00:15:00 - 18/12/2025 00:30:00","BZN|FR","Without Sequence","42.71","",""
"18/12/2025 00:30:00 - 18/12/2025 00:45:00","BZN|FR","Without Sequence","45.20","",""
"18/12/2025 00:45:00 - 18/12/2025 01:00:00","BZN|FR","Without Sequence","37.68","",""
"18/12/2025 01:00:00 - 18/12/2025 01:15:00","BZN|FR","Without Sequence","62.23","",""
"18/12/2025 01:15:00 - 18/12/2025 01:30:00","BZN|FR","Without Sequence","54.84","",""
"18/12/2025 01:30:00 - 18/12/2025 01:45:00","BZN|FR","Without Sequence","42.35","",""
"18/12/2025 01:45:00 - 18/12/2025 02:00:00","BZN|FR","Without Sequence","5.78","",""
"18/12/2025 02:00:00 - 18/12/2025 02:15:00","BZN|FR","Without Sequence","48.13","",""
"18/12/2025 02:15:00 - 18/12/2025 02:30:00","BZN|FR","Without Sequence","33.65","",""
"18/12/2025 02:30:00 - 18/12/2025 02:45:00","BZN|FR","Without Sequence","26.79","",""
"18/12/2025 02:45:00 - 18/12/2025 03:00:00","BZN|FR","Without Sequence","27.41","",""
"18/12/2025 03:00:00 - 18/12/2025 03:15:00","BZN|FR","Without Sequence","26.66","",""
"18/12/2025 03:15:00 - 18/12/2025 03:30:00","BZN|FR","Without Sequence","24.06","",""
"18/12/2025 03:30:00 - 18/12/2025 03:45:00","BZN|FR","Without Sequence","14.21","",""
"18/12/2025 03:45:00 - 18/12/2025 04:00:00","BZN|FR","Without Sequence","9.07","",""
"18/12/2025 04:00:00 - 18/12/2025 04:15:00","BZN|FR","Without Sequence","13.96","",""
"18/12/2025 04:15:00 - 18/12/2025 04:30:00","BZN|FR","Without Sequence","8.11","",""
"18/12/2025 04:30:00 - 18/12/2025 04:45:00","BZN|FR","Without Sequence","6.71","",""
"18/12/2025 04:45:00 - 18/12/2025 05:00:00","BZN|FR","Without Sequence","5.53","",""
"18/12/2025 05:00:00 - 18/12/2025 05:15:00","BZN|FR","Without Sequence","19.99","",""
"18/12/2025 05:15:00 - 18/12/2025 05:30:00","BZN|FR","Without Sequence","13.80","",""
"18/12/2025 05:30:00 - 18/12/2025 05:45:00","BZN|FR","Without Sequence","20.75","",""
"18/12/2025 05:45:00 - 18/12/2025 06:00:00","BZN|FR","Without Sequence","25.01","",""
"18/12/2025 06:00:00 - 18/12/2025 06:15:00","BZN|FR","Without Sequence","22.06","",""
"18/12/2025 06:15:00 - 18/12/2025 06:30:00","BZN|FR","Without Sequence","39.59","",""
"18/12/2025 06:30:00 - 18/12/2025 06:45:00","BZN|FR","Without Sequence","61.81","",""
"18/12/2025 06:45:00 - 18/12/2025 07:00:00","BZN|FR","Without Sequence","66.19","",""
"18/12/2025 07:00:00 - 18/12/2025 07:15:00","BZN|FR","Without Sequence","67.78","",""
"18/12/2025 07:15:00 - 18/12/2025 07:30:00","BZN|FR","Without Sequence","73.03","",""
"18/12/2025 07:30:00 - 18/12/2025 07:45:00","BZN|FR","Without Sequence","84.01","",""
"18/12/2025 07:45:00 - 18/12/2025 08:00:00","BZN|FR","Without Sequence","85.46","",""
"18/12/2025 08:00:00 - 18/12/2025 08:15:00","BZN|FR","Without Sequence","88.68","",""
"18/12/2025 08:15:00 - 18/12/2025 08:30:00","BZN|FR","Without Sequence","80.79","",""
"18/12/2025 08:30:00 - 18/12/2025 08:45:00","BZN|FR","Without Sequence","82.80","",""
"18/12/2025 08:45:00 - 18/12/2025 09:00:00","BZN|FR","Without Sequence","55.73","",""
"18/12/2025 09:00:00 - 18/12/2025 09:15:00","BZN|FR","Without Sequence","92.93","",""
"18/12/2025 09:15:00 - 18/12/2025 09:30:00","BZN|FR","Without Sequence","73.51","",""
"18/12/2025 09:30:00 - 18/12/2025 09:45:00","BZN|FR","Without Sequence","45.00","",""
"18/12/2025 09:45:00 - 18/12/2025 10:00:00","BZN|FR","Without Sequence","10.15","",""
"18/12/2025 10:00:00 - 18/12/2025 10:15:00","BZN|FR","Without Sequence","48.06","",""
"18/12/2025 10:15:00 - 18/12/2025 10:30:00","BZN|FR","Without Sequence","12.80","",""
"18/12/2025 10:30:00 - 18/12/2025 10:45:00","BZN|FR","Without Sequence","13.55","",""
"18/12/2025 10:45:00 - 18/12/2025 11:00:00","BZN|FR","Without Sequence","0.00","",""
"18/12/2025 11:00:00 - 18/12/2025 11:15:00","BZN|FR","Without Sequence","2.00","",""
"18/12/2025 11:15:00 - 18/12/2025 11:30:00","BZN|FR","Without Sequence","0.00","",""
"18/12/2025 11:30:00 - 18/12/2025 11:45:00","BZN|FR","Without Sequence","0.00","",""
"18/12/2025 11:45:00 - 18/12/2025 12:00:00","BZN|FR","Without Sequence","0.00","",""
"18/12/2025 12:00:00 - 18/12/2025 12:15:00","BZN|FR","Without Sequence","0.00","",""
"18/12/2025 12:15:00 - 18/12/2025 12:30:00","BZN|FR","Without Sequence","0.00","",""
"18/12/2025 12:30:00 - 18/12/2025 12:45:00","BZN|FR","Without Sequence","0.00","",""
"18/12/2025 12:45:00 - 18/12/2025 13:00:00","BZN|FR","Without Sequence","0.00","",""
"18/12/2025 13:00:00 - 18/12/2025 13:15:00","BZN|FR","Without Sequence","0.44","",""
"18/12/2025 13:15:00 - 18/12/2025 13:30:00","BZN|FR","Without Sequence","0.00","",""
"18/12/2025 13:30:00 - 18/12/2025 13:45:00","BZN|FR","Without Sequence","0.00","",""
"18/12/2025 13:45:00 - 18/12/2025 14:00:00","BZN|FR","Without Sequence","1.19","",""
"18/12/2025 14:00:00 - 18/12/2025 14:15:00","BZN|FR","Without Sequence","4.86","",""
"18/12/2025 14:15:00 - 18/12/2025 14:30:00","BZN|FR","Without Sequence","4.65","",""
"18/12/2025 14:30:00 - 18/12/2025 14:45:00","BZN|FR","Without Sequence","2.45","",""
"18/12/2025 14:45:00 - 18/12/2025 15:00:00","BZN|FR","Without Sequence","8.04","",""
"18/12/2025 15:00:00 - 18/12/2025 15:15:00","BZN|FR","Without Sequence","0.06","",""
"18/12/2025 15:15:00 - 18/12/2025 15:30:00","BZN|FR","Without Sequence","11.00","",""
"18/12/2025 15:30:00 - 18/12/2025 15:45:00","BZN|FR","Without Sequence","18.99","",""
"18/12/2025 15:45:00 - 18/12/2025 16:00:00","BZN|FR","Without Sequence","29.95","",""
"18/12/2025 16:00:00 - 18/12/2025 16:15:00","BZN|FR","Without Sequence","29.30","",""
"18/12/2025 16:15:00 - 18/12/2025 16:30:00","BZN|FR","Without Sequence","16.65","",""
"18/12/2025 16:30:00 - 18/12/2025 16:45:00","BZN|FR","Without Sequence","22.33","",""
"18/12/2025 16:45:00 - 18/12/2025 17:00:00","BZN|FR","Without Sequence","30.10","",""
"18/12/2025 17:00:00 - 18/12/2025 17:15:00","BZN|FR","Without Sequence","41.85","",""
"18/12/2025 17:15:00 - 18/12/2025 17:30:00","BZN|FR","Without Sequence","44.74","",""
"18/12/2025 17:30:00 - 18/12/2025 17:45:00","BZN|FR","Without Sequence","29.92","",""
"18/12/2025 17:45:00 - 18/12/2025 18:00:00","BZN|FR","Without Sequence","33.32","",""
"18/12/2025 18:00:00 - 18/12/2025 18:15:00","BZN|FR","Without Sequence","66.98","",""
"18/12/2025 18:15:00 - 18/12/2025 18:30:00","BZN|FR","Without Sequence","72.17","",""
"18/12/2025 18:30:00 - 18/12/2025 18:45:00","BZN|FR","Without Sequence","58.76","",""
"18/12/2025 18:45:00 - 18/12/2025 19:00:00","BZN|FR","Without Sequence","73.31","",""
"18/12/2025 19:00:00 - 18/12/2025 19:15:00","BZN|FR","Without Sequence","74.96","",""
"18/12/2025 19:15:00 - 18/12/2025 19:30:00","BZN|FR","Without Sequence","68.97","",""
"18/12/2025 19:30:00 - 18/12/2025 19:45:00","BZN|FR","Without Sequence","53.12","",""
"18/12/2025 19:45:00 - 18/12/2025 20:00:00","BZN|FR","Without Sequence","65.93","",""
"18/12/2025 20:00:00 - 18/12/2025 20:15:00","BZN|FR","Without Sequence","51.77","",""
"18/12/2025 20:15:00 - 18/12/2025 20:30:00","BZN|FR","Without Sequence","49.22","",""
"18/12/2025 20:30:00 - 18/12/2025 20:45:00","BZN|FR","Without Sequence","51.66","",""
"18/12/2025 20:45:00 - 18/12/2025 21:00:00","BZN|FR","Without Sequence","47.26","",""
"18/12/2025 21:00:00 - 18/12/2025 21:15:00","BZN|FR","Without Sequence","45.49","",""
"18/12/2025 21:15:00 - 18/12/2025 21:30:00","BZN|FR","Without Sequence","63.70","",""
"18/12/2025 21:30:00 - 18/12/2025 21:45:00","BZN|FR","Without Sequence","46.56","",""
"18/12/2025 21:45:00 - 18/12/2025 22:00:00","BZN|FR","Without Sequence","24.77","",""
"18/12/2025 22:00:00 - 18/12/2025 22:15:00","BZN|FR","Without Sequence","38.89","",""
"18/12/2025 22:15:00 - 18/12/2025 22:30:00","BZN|FR","Without Sequence","55.46","",""
"18/12/2025 22:30:00 - 18/12/2025 22:45:00","BZN|FR","Without Sequence","55.63","",""
"18/12/2025 22:45:00 - 18/12/2025 23:00:00","BZN|FR","Without Sequence","43.36","",""
"18/12/2025 23:00:00 - 18/12/2025 23:15:00","BZN|FR","Without Sequence","36.92","",""
"18/12/2025 23:15:00 - 18/12/2025 23:30:00","BZN|FR","Without Sequence","26.64","",""
"18/12/2025 23:30:00 - 18/12/2025 23:45:00","BZN|FR","Without Sequence","20.67","",""
"18/12/2025 23:45:00 - 19/12/2025 00:00:00","BZN|FR","Without Sequence","11.59","",""
"19/12/2025 00:00:00 - 19/12/2025 00:15:00","BZN|FR","Without Sequence","16.21","",""
"19/12/2025 00:15:00 - 19/12/2025 00:30:00","BZN|FR","Without Sequence","14.70","",""
"19/12/2025 00:30:00 - 19/12/2025 00:45:00","BZN|FR","Without Sequence","14.87","",""
"19/12/2025 00:45:00 - 19/12/2025 01:00:00","BZN|FR","Without Sequence","16.12","",""
"19/12/2025 01:00:00 - 19/12/2025 01:15:00","BZN|FR","Without Sequence","15.96","",""
"19/12/2025 01:15:00 - 19/12/2025 01:30:00","BZN|FR","Without Sequence","13.43","",""
"19/12/2025 01:30:00 - 19/12/2025 01:45:00","BZN|FR","Without Sequence","11.21","",""
"19/12/2025 01:45:00 - 19/12/2025 02:00:00","BZN|FR","Without Sequence","10.34","",""
"19/12/2025 02:00:00 - 19/12/2025 02:15:00","BZN|FR","Without Sequence","10.64","",""
"19/12/2025 02:15:00 - 19/12/2025 02:30:00","BZN|FR","Without Sequence","12.92","",""
"19/12/2025 02:30:00 - 19/12/2025 02:45:00","BZN|FR","Without Sequence","12.16","",""
"19/12/2025 02:45:00 - 19/12/2025 03:00:00","BZN|FR","Without Sequence","10.77","",""
"19/12/2025 03:00:00 - 19/12/2025 03:15:00","BZN|FR","Without Sequence","9.08","",""
"19/12/2025 03:15:00 - 19/12/2025 03:30:00","BZN|FR","Without Sequence","12.15","",""
"19/12/2025 03:30:00 - 19/12/2025 03:45:00","BZN|FR","Without Sequence","11.29","",""
"19/12/2025 03:45:00 - 19/12/2025 04:00:00","BZN|FR","Without Sequence","9.83","",""
"19/12/2025 04:00:00 - 19/12/2025 04:15:00","BZN|FR","Without Sequence","10.97","",""
"19/12/2025 04:15:00 - 19/12/2025 04:30:00","BZN|FR","Without Sequence","10.77","",""
"19/12/2025 04:30:00 - 19/12/2025 04:45:00","BZN|FR","Without Sequence","10.79","",""
"19/12/2025 04:45:00 - 19/12/2025 05:00:00","BZN|FR","Without Sequence","12.94","",""
"19/12/2025 05:00:00 - 19/12/2025 05:15:00","BZN|FR","Without Sequence","13.62","",""
"19/12/2025 05:15:00 - 19/12/2025 05:30:00","BZN|FR","Without Sequence","14.93","",""
"19/12/2025 05:30:00 - 19/12/2025 05:45:00","BZN|FR","Without Sequence","17.58","",""
"19/12/2025 05:45:00 - 19/12/2025 06:00:00","BZN|FR","Without Sequence","25.67","",""
"19/12/2025 06:00:00 - 19/12/2025 06:15:00","BZN|FR","Without Sequence","20.90","",""
"19/12/2025 06:15:00 - 19/12/2025 06:30:00","BZN|FR","Without Sequence","42.11","",""
"19/12/2025 06:30:00 - 19/12/2025 06:45:00","BZN|FR","Without Sequence","50.13","",""
"19/12/2025 06:45:00 - 19/12/2025 07:00:00","BZN|FR","Without Sequence","65.66","",""
"19/12/2025 07:00:00 - 19/12/2025 07:15:00","BZN|FR","Without Sequence","58.77","",""
"19/12/2025 07:15:00 - 19/12/2025 07:30:00","BZN|FR","Without Sequence","71.19","",""
"19/12/2025 07:30:00 - 19/12/2025 07:45:00","BZN|FR","Without Sequence","88.13","",""
"19/12/2025 07:45:00 - 19/12/2025 08:00:00","BZN|FR","Without Sequence","94.55","",""
"19/12/2025 08:00:00 - 19/12/2025 08:15:00","BZN|FR","Without Sequence","87.59","",""
"19/12/2025 08:15:00 - 19/12/2025 08:30:00","BZN|FR","Without Sequence","89.44","",""
"19/12/2025 08:30:00 - 19/12/2025 08:45:00","BZN|FR","Without Sequence","91.72","",""
"19/12/2025 08:45:00 - 19/12/2025 09:00:00","BZN|FR","Without Sequence","88.38","",""
"19/12/2025 09:00:00 - 19/12/2025 09:15:00","BZN|FR","Without Sequence","92.81","",""
"19/12/2025 09:15:00 - 19/12/2025 09:30:00","BZN|FR","Without Sequence","89.80","",""
"19/12/2025 09:30:00 - 19/12/2025 09:45:00","BZN|FR","Without Sequence","88.77","",""
"19/12/2025 09:45:00 - 19/12/2025 10:00:00","BZN|FR","Without Sequence","86.16","",""
"19/12/2025 10:00:00 - 19/12/2025 10:15:00","BZN|FR","Without Sequence","93.11","",""
"19/12/2025 10:15:00 - 19/12/2025 10:30:00","BZN|FR","Without Sequence","88.30","",""
"19/12/2025 10:30:00 - 19/12/2025 10:45:00","BZN|FR","Without Sequence","85.80","",""
"19/12/2025 10:45:00 - 19/12/2025 11:00:00","BZN|FR","Without Sequence","84.23","",""
"19/12/2025 11:00:00 - 19/12/2025 11:15:00","BZN|FR","Without Sequence","79.80","",""
"19/12/2025 11:15:00 - 19/12/2025 11:30:00","BZN|FR","Without Sequence","79.47","",""
"19/12/2025 11:30:00 - 19/12/2025 11:45:00","BZN|FR","Without Sequence","82.60","",""
"19/12/2025 11:45:00 - 19/12/2025 12:00:00","BZN|FR","Without Sequence","86.84","",""
"19/12/2025 12:00:00 - 19/12/2025 12:15:00","BZN|FR","Without Sequence","78.33","",""
"19/12/2025 12:15:00 - 19/12/2025 12:30:00","BZN|FR","Without Sequence","79.70","",""
"19/12/2025 12:30:00 - 19/12/2025 12:45:00","BZN|FR","Without Sequence","85.51","",""
"19/12/2025 12:45:00 - 19/12/2025 13:00:00","BZN|FR","Without Sequence","87.38","",""
"19/12/2025 13:00:00 - 19/12/2025 13:15:00","BZN|FR","Without Sequence","85.29","",""
"19/12/2025 13:15:00 - 19/12/2025 13:30:00","BZN|FR","Without Sequence","82.47","",""
"19/12/2025 13:30:00 - 19/12/2025 13:45:00","BZN|FR","Without Sequence","72.47","",""
"19/12/2025 13:45:00 - 19/12/2025 14:00:00","BZN|FR","Without Sequence","78.13","",""
"19/12/2025 14:00:00 - 19/12/2025 14:15:00","BZN|FR","Without Sequence","83.03","",""
"19/12/2025 14:15:00 - 19/12/2025 14:30:00","BZN|FR","Without Sequence","84.44","",""
"19/12/2025 14:30:00 - 19/12/2025 14:45:00","BZN|FR","Without Sequence","81.97","",""
"19/12/2025 14:45:00 - 19/12/2025 15:00:00","BZN|FR","Without Sequence","88.41","",""
"19/12/2025 15:00:00 - 19/12/2025 15:15:00","BZN|FR","Without Sequence","86.75","",""
"19/12/2025 15:15:00 - 19/12/2025 15:30:00","BZN|FR","Without Sequence","86.85","",""
"19/12/2025 15:30:00 - 19/12/2025 15:45:00","BZN|FR","Without Sequence","86.38","",""
"19/12/2025 15:45:00 - 19/12/2025 16:00:00","BZN|FR","Without Sequence","82.84","",""
"19/12/2025 16:00:00 - 19/12/2025 16:15:00","BZN|FR","Without Sequence","84.96","",""
"19/12/2025 16:15:00 - 19/12/2025 16:30:00","BZN|FR","Without Sequence","80.59","",""
"19/12/2025 16:30:00 - 19/12/2025 16:45:00","BZN|FR","Without Sequence","80.05","",""
"19/12/2025 16:45:00 - 19/12/2025 17:00:00","BZN|FR","Without Sequence","93.76","",""
"19/12/2025 17:00:00 - 19/12/2025 17:15:00","BZN|FR","Without Sequence","91.24","",""
"19/12/2025 17:15:00 - 19/12/2025 17:30:00","BZN|FR","Without Sequence","100.98","",""
"19/12/2025 17:30:00 - 19/12/2025 17:45:00","BZN|FR","Without Sequence","101.89","",""
"19/12/2025 17:45:00 - 19/12/2025 18:00:00","BZN|FR","Without Sequence","105.00","",""
"19/12/2025 18:00:00 - 19/12/2025 18:15:00","BZN|FR","Without Sequence","98.21","",""
"19/12/2025 18:15:00 - 19/12/2025 18:30:00","BZN|FR","Without Sequence","103.65","",""
"19/12/2025 18:30:00 - 19/12/2025 18:45:00","BZN|FR","Without Sequence","110.04","",""
"19/12/2025 18:45:00 - 19/12/2025 19:00:00","BZN|FR","Without Sequence","107.29","",""
"19/12/2025 19:00:00 - 19/12/2025 19:15:00","BZN|FR","Without Sequence","103.96","",""
"19/12/2025 19:15:00 - 19/12/2025 19:30:00","BZN|FR","Without Sequence","100.31","",""
"19/12/2025 19:30:00 - 19/12/2025 19:45:00","BZN|FR","Without Sequence","102.58","",""
"19/12/2025 19:45:00 - 19/12/2025 20:00:00","BZN|FR","Without Sequence","92.58","",""
"19/12/2025 20:00:00 - 19/12/2025 20:15:00","BZN|FR","Without Sequence","99.01","",""
"19/12/2025 20:15:00 - 19/12/2025 20:30:00","BZN|FR","Without Sequence","92.10","",""
"19/12/2025 20:30:00 - 19/12/2025 20:45:00","BZN|FR","Without Sequence","88.16","",""
"19/12/2025 20:45:00 - 19/12/2025 21:00:00","BZN|FR","Without Sequence","87.77","",""
"19/12/2025 21:00:00 - 19/12/2025 21:15:00","BZN|FR","Without Sequence","84.93","",""
"19/12/2025 21:15:00 - 19/12/2025 21:30:00","BZN|FR","Without Sequence","80.36","",""
"19/12/2025 21:30:00 - 19/12/2025 21:45:00","BZN|FR","Without Sequence","81.98","",""
"19/12/2025 21:45:00 - 19/12/2025 22:00:00","BZN|FR","Without Sequence","76.70","",""
"19/12/2025 22:00:00 - 19/12/2025 22:15:00","BZN|FR","Without Sequence","70.75","",""
"19/12/2025 22:15:00 - 19/12/2025 22:30:00","BZN|FR","Without Sequence","84.45","",""
"19/12/2025 22:30:00 - 19/12/2025 22:45:00","BZN|FR","Without Sequence","96.04","",""
"19/12/2025 22:45:00 - 19/12/2025 23:00:00","BZN|FR","Without Sequence","91.53","",""
"19/12/2025 23:00:00 - 19/12/2025 23:15:00","BZN|FR","Without Sequence","96.76","",""
"19/12/2025 23:15:00 - 19/12/2025 23:30:00","BZN|FR","Without Sequence","89.85","",""
"19/12/2025 23:30:00 - 19/12/2025 23:45:00","BZN|FR","Without Sequence","90.63","",""
"19/12/2025 23:45:00 - 20/12/2025 00:00:00","BZN|FR","Without Sequence","83.99","",""
"20/12/2025 00:00:00 - 20/12/2025 00:15:00","BZN|FR","Without Sequence","90.59","",""
"20/12/2025 00:15:00 - 20/12/2025 00:30:00","BZN|FR","Without Sequence","86.71","",""
"20/12/2025 00:30:00 - 20/12/2025 00:45:00","BZN|FR","Without Sequence","81.42","",""
"20/12/2025 00:45:00 - 20/12/2025 01:00:00","BZN|FR","Without Sequence","81.45","",""
"20/12/2025 01:00:00 - 20/12/2025 01:15:00","BZN|FR","Without Sequence","87.53","",""
"20/12/2025 01:15:00 - 20/12/2025 01:30:00","BZN|FR","Without Sequence","83.86","",""
"20/12/2025 01:30:00 - 20/12/2025 01:45:00","BZN|FR","Without Sequence","82.00","",""
"20/12/2025 01:45:00 - 20/12/2025 02:00:00","BZN|FR","Without Sequence","80.63","",""
"20/12/2025 02:00:00 - 20/12/2025 02:15:00","BZN|FR","Without Sequence","85.00","",""
"20/12/2025 02:15:00 - 20/12/2025 02:30:00","BZN|FR","Without Sequence","80.00","",""
"20/12/2025 02:30:00 - 20/12/2025 02:45:00","BZN|FR","Without Sequence","75.10","",""
"20/12/2025 02:45:00 - 20/12/2025 03:00:00","BZN|FR","Without Sequence","70.42","",""
"20/12/2025 03:00:00 - 20/12/2025 03:15:00","BZN|FR","Without Sequence","74.40","",""
"20/12/2025 03:15:00 - 20/12/2025 03:30:00","BZN|FR","Without Sequence","70.47","",""
"20/12/2025 03:30:00 - 20/12/2025 03:45:00","BZN|FR","Without Sequence","66.82","",""
"20/12/2025 03:45:00 - 20/12/2025 04:00:00","BZN|FR","Without Sequence","61.29","",""
"20/12/2025 04:00:00 - 20/12/2025 04:15:00","BZN|FR","Without Sequence","67.99","",""
"20/12/2025 04:15:00 - 20/12/2025 04:30:00","BZN|FR","Without Sequence","63.23","",""
"20/12/2025 04:30:00 - 20/12/2025 04:45:00","BZN|FR","Without Sequence","60.76","",""
"20/12/2025 04:45:00 - 20/12/2025 05:00:00","BZN|FR","Without Sequence","62.51","",""
"20/12/2025 05:00:00 - 20/12/2025 05:15:00","BZN|FR","Without Sequence","66.59","",""
"20/12/2025 05:15:00 - 20/12/2025 05:30:00","BZN|FR","Without Sequence","63.04","",""
"20/12/2025 05:30:00 - 20/12/2025 05:45:00","BZN|FR","Without Sequence","62.58","",""
"20/12/2025 05:45:00 - 20/12/2025 06:00:00","BZN|FR","Without Sequence","65.08","",""
"20/12/2025 06:00:00 - 20/12/2025 06:15:00","BZN|FR","Without Sequence","65.15","",""
"20/12/2025 06:15:00 - 20/12/2025 06:30:00","BZN|FR","Without Sequence","67.46","",""
"20/12/2025 06:30:00 - 20/12/2025 06:45:00","BZN|FR","Without Sequence","68.74","",""
"20/12/2025 06:45:00 - 20/12/2025 07:00:00","BZN|FR","Without Sequence","69.20","",""
"20/12/2025 07:00:00 - 20/12/2025 07:15:00","BZN|FR","Without Sequence","74.16","",""
"20/12/2025 07:15:00 - 20/12/2025 07:30:00","BZN|FR","Without Sequence","74.60","",""
"20/12/2025 07:30:00 - 20/12/2025 07:45:00","BZN|FR","Without Sequence","76.32","",""
"20/12/2025 07:45:00 - 20/12/2025 08:00:00","BZN|FR","Without Sequence","77.10","",""
"20/12/2025 08:00:00 - 20/12/2025 08:15:00","BZN|FR","Without Sequence","78.12","",""
"20/12/2025 08:15:00 - 20/12/2025 08:30:00","BZN|FR","Without Sequence","78.50","",""
"20/12/2025 08:30:00 - 20/12/2025 08:45:00","BZN|FR","Without Sequence","80.00","",""
"20/12/2025 08:45:00 - 20/12/2025 09:00:00","BZN|FR","Without Sequence","80.38","",""
"20/12/2025 09:00:00 - 20/12/2025 09:15:00","BZN|FR","Without Sequence","85.00","",""
"20/12/2025 09:15:00 - 20/12/2025 09:30:00","BZN|FR","Without Sequence","81.09","",""
"20/12/2025 09:30:00 - 20/12/2025 09:45:00","BZN|FR","Without Sequence","80.29","",""
"20/12/2025 09:45:00 - 20/12/2025 10:00:00","BZN|FR","Without Sequence","76.97","",""
"20/12/2025 10:00:00 - 20/12/2025 10:15:00","BZN|FR","Without Sequence","80.40","",""
"20/12/2025 10:15:00 - 20/12/2025 10:30:00","BZN|FR","Without Sequence","77.50","",""
"20/12/2025 10:30:00 - 20/12/2025 10:45:00","BZN|FR","Without Sequence","75.20","",""
"20/12/2025 10:45:00 - 20/12/2025 11:00:00","BZN|FR","Without Sequence","67.01","",""
"20/12/2025 11:00:00 - 20/12/2025 11:15:00","BZN|FR","Without Sequence","71.14","",""
"20/12/2025 11:15:00 - 20/12/2025 11:30:00","BZN|FR","Without Sequence","67.27","",""
"20/12/2025 11:30:00 - 20/12/2025 11:45:00","BZN|FR","Without Sequence","64.84","",""
"20/12/2025 11:45:00 - 20/12/2025 12:00:00","BZN|FR","Without Sequence","57.06","",""
"20/12/2025 12:00:00 - 20/12/2025 12:15:00","BZN|FR","Without Sequence","63.41","",""
"20/12/2025 12:15:00 - 20/12/2025 12:30:00","BZN|FR","Without Sequence","61.00","",""
"20/12/2025 12:30:00 - 20/12/2025 12:45:00","BZN|FR","Without Sequence","68.95","",""
"20/12/2025 12:45:00 - 20/12/2025 13:00:00","BZN|FR","Without Sequence","57.79","",""
"20/12/2025 13:00:00 - 20/12/2025 13:15:00","BZN|FR","Without Sequence","55.19","",""
"20/12/2025 13:15:00 - 20/12/2025 13:30:00","BZN|FR","Without Sequence","50.00","",""
"20/12/2025 13:30:00 - 20/12/2025 13:45:00","BZN|FR","Without Sequence","49.00","",""
"20/12/2025 13:45:00 - 20/12/2025 14:00:00","BZN|FR","Without Sequence","47.47","",""
"20/12/2025 14:00:00 - 20/12/2025 14:15:00","BZN|FR","Without Sequence","61.41","",""
"20/12/2025 14:15:00 - 20/12/2025 14:30:00","BZN|FR","Without Sequence","52.55","",""
"20/12/2025 14:30:00 - 20/12/2025 14:45:00","BZN|FR","Without Sequence","53.00","",""
"20/12/2025 14:45:00 - 20/12/2025 15:00:00","BZN|FR","Without Sequence","51.51","",""
"20/12/2025 15:00:00 - 20/12/2025 15:15:00","BZN|FR","Without Sequence","51.30","",""
"20/12/2025 15:15:00 - 20/12/2025 15:30:00","BZN|FR","Without Sequence","53.00","",""
"20/12/2025 15:30:00 - 20/12/2025 15:45:00","BZN|FR","Without Sequence","54.45","",""
"20/12/2025 15:45:00 - 20/12/2025 16:00:00","BZN|FR","Without Sequence","60.93","",""
"20/12/2025 16:00:00 - 20/12/2025 16:15:00","BZN|FR","Without Sequence","53.00","",""
"20/12/2025 16:15:00 - 20/12/2025 16:30:00","BZN|FR","Without Sequence","62.00","",""
"20/12/2025 16:30:00 - 20/12/2025 16:45:00","BZN|FR","Without Sequence","66.82","",""
"20/12/2025 16:45:00 - 20/12/2025 17:00:00","BZN|FR","Without Sequence","73.05","",""
"20/12/2025 17:00:00 - 20/12/2025 17:15:00","BZN|FR","Without Sequence","69.00","",""
"20/12/2025 17:15:00 - 20/12/2025 17:30:00","BZN|FR","Without Sequence","74.16","",""
"20/12/2025 17:30:00 - 20/12/2025 17:45:00","BZN|FR","Without Sequence","76.84","",""
"20/12/2025 17:45:00 - 20/12/2025 18:00:00","BZN|FR","Without Sequence","78.33","",""
"20/12/2025 18:00:00 - 20/12/2025 18:15:00","BZN|FR","Without Sequence","73.30","",""
"20/12/2025 18:15:00 - 20/12/2025 18:30:00","BZN|FR","Without Sequence","74.50","",""
"20/12/2025 18:30:00 - 20/12/2025 18:45:00","BZN|FR","Without Sequence","76.93","",""
"20/12/2025 18:45:00 - 20/12/2025 19:00:00","BZN|FR","Without Sequence","81.02","",""
"20/12/2025 19:00:00 - 20/12/2025 19:15:00","BZN|FR","Without Sequence","81.23","",""
"20/12/2025 19:15:00 - 20/12/2025 19:30:00","BZN|FR","Without Sequence","78.82","",""
"20/12/2025 19:30:00 - 20/12/2025 19:45:00","BZN|FR","Without Sequence","75.64","",""
"20/12/2025 19:45:00 - 20/12/2025 20:00:00","BZN|FR","Without Sequence","74.45","",""
"20/12/2025 20:00:00 - 20/12/2025 20:15:00","BZN|FR","Without Sequence","75.00","",""
"20/12/2025 20:15:00 - 20/12/2025 20:30:00","BZN|FR","Without Sequence","74.16","",""
"20/12/2025 20:30:00 - 20/12/2025 20:45:00","BZN|FR","Without Sequence","73.40","",""
"20/12/2025 20:45:00 - 20/12/2025 21:00:00","BZN|FR","Without Sequence","70.57","",""
"20/12/2025 21:00:00 - 20/12/2025 21:15:00","BZN|FR","Without Sequence","73.50","",""
"20/12/2025 21:15:00 - 20/12/2025 21:30:00","BZN|FR","Without Sequence","70.50","",""
"20/12/2025 21:30:00 - 20/12/2025 21:45:00","BZN|FR","Without Sequence","68.63","",""
"20/12/2025 21:45:00 - 20/12/2025 22:00:00","BZN|FR","Without Sequence","65.00","",""
"20/12/2025 22:00:00 - 20/12/2025 22:15:00","BZN|FR","Without Sequence","73.50","",""
"20/12/2025 22:15:00 - 20/12/2025 22:30:00","BZN|FR","Without Sequence","73.60","",""
"20/12/2025 22:30:00 - 20/12/2025 22:45:00","BZN|FR","Without Sequence","73.50","",""
"20/12/2025 22:45:00 - 20/12/2025 23:00:00","BZN|FR","Without Sequence","72.07","",""
"20/12/2025 23:00:00 - 20/12/2025 23:15:00","BZN|FR","Without Sequence","71.48","",""
"20/12/2025 23:15:00 - 20/12/2025 23:30:00","BZN|FR","Without Sequence","67.92","",""
"20/12/2025 23:30:00 - 20/12/2025 23:45:00","BZN|FR","Without Sequence","67.41","",""
"20/12/2025 23:45:00 - 21/12/2025 00:00:00","BZN|FR","Without Sequence","62.00","",""
"21/12/2025 00:00:00 - 21/12/2025 00:15:00","BZN|FR","Without Sequence","56.13","",""
"21/12/2025 00:15:00 - 21/12/2025 00:30:00","BZN|FR","Without Sequence","49.27","",""
"21/12/2025 00:30:00 - 21/12/2025 00:45:00","BZN|FR","Without Sequence","47.47","",""
"21/12/2025 00:45:00 - 21/12/2025 01:00:00","BZN|FR","Without Sequence","46.26","",""
"21/12/2025 01:00:00 - 21/12/2025 01:15:00","BZN|FR","Without Sequence","60.00","",""
"21/12/2025 01:15:00 - 21/12/2025 01:30:00","BZN|FR","Without Sequence","60.65","",""
"21/12/2025 01:30:00 - 21/12/2025 01:45:00","BZN|FR","Without Sequence","54.00","",""
"21/12/2025 01:45:00 - 21/12/2025 02:00:00","BZN|FR","Without Sequence","51.10","",""
"21/12/2025 02:00:00 - 21/12/2025 02:15:00","BZN|FR","Without Sequence","54.00","",""
"21/12/2025 02:15:00 - 21/12/2025 02:30:00","BZN|FR","Without Sequence","50.97","",""
"21/12/2025 02:30:00 - 21/12/2025 02:45:00","BZN|FR","Without Sequence","50.71","",""
"21/12/2025 02:45:00 - 21/12/2025 03:00:00","BZN|FR","Without Sequence","50.32","",""
"21/12/2025 03:00:00 - 21/12/2025 03:15:00","BZN|FR","Without Sequence","50.00","",""
"21/12/2025 03:15:00 - 21/12/2025 03:30:00","BZN|FR","Without Sequence","47.47","",""
"21/12/2025 03:30:00 - 21/12/2025 03:45:00","BZN|FR","Without Sequence","44.50","",""
"21/12/2025 03:45:00 - 21/12/2025 04:00:00","BZN|FR","Without Sequence","44.50","",""
"21/12/2025 04:00:00 - 21/12/2025 04:15:00","BZN|FR","Without Sequence","44.48","",""
"21/12/2025 04:15:00 - 21/12/2025 04:30:00","BZN|FR","Without Sequence","40.91","",""
"21/12/2025 04:30:00 - 21/12/2025 04:45:00","BZN|FR","Without Sequence","43.50","",""
"21/12/2025 04:45:00 - 21/12/2025 05:00:00","BZN|FR","Without Sequence","41.67","",""
"21/12/2025 05:00:00 - 21/12/2025 05:15:00","BZN|FR","Without Sequence","40.92","",""
"21/12/2025 05:15:00 - 21/12/2025 05:30:00","BZN|FR","Without Sequence","40.62","",""
"21/12/2025 05:30:00 - 21/12/2025 05:45:00","BZN|FR","Without Sequence","41.55","",""
"21/12/2025 05:45:00 - 21/12/2025 06:00:00","BZN|FR","Without Sequence","43.75","",""
"21/12/2025 06:00:00 - 21/12/2025 06:15:00","BZN|FR","Without Sequence","47.47","",""
"21/12/2025 06:15:00 - 21/12/2025 06:30:00","BZN|FR","Without Sequence","47.47","",""
"21/12/2025 06:30:00 - 21/12/2025 06:45:00","BZN|FR","Without Sequence","50.32","",""
"21/12/2025 06:45:00 - 21/12/2025 07:00:00","BZN|FR","Without Sequence","50.58","",""
"21/12/2025 07:00:00 - 21/12/2025 07:15:00","BZN|FR","Without Sequence","51.33","",""
"21/12/2025 07:15:00 - 21/12/2025 07:30:00","BZN|FR","Without Sequence","54.00","",""
"21/12/2025 07:30:00 - 21/12/2025 07:45:00","BZN|FR","Without Sequence","55.86","",""
"21/12/2025 07:45:00 - 21/12/2025 08:00:00","BZN|FR","Without Sequence","61.70","",""
"21/12/2025 08:00:00 - 21/12/2025 08:15:00","BZN|FR","Without Sequence","63.00","",""
"21/12/2025 08:15:00 - 21/12/2025 08:30:00","BZN|FR","Without Sequence","63.10","",""
"21/12/2025 08:30:00 - 21/12/2025 08:45:00","BZN|FR","Without Sequence","64.22","",""
"21/12/2025 08:45:00 - 21/12/2025 09:00:00","BZN|FR","Without Sequence","64.43","",""
"21/12/2025 09:00:00 - 21/12/2025 09:15:00","BZN|FR","Without Sequence","65.00","",""
"21/12/2025 09:15:00 - 21/12/2025 09:30:00","BZN|FR","Without Sequence","64.60","",""
"21/12/2025 09:30:00 - 21/12/2025 09:45:00","BZN|FR","Without Sequence","64.60","",""
"21/12/2025 09:45:00 - 21/12/2025 10:00:00","BZN|FR","Without Sequence","64.60","",""
"21/12/2025 10:00:00 - 21/12/2025 10:15:00","BZN|FR","Without Sequence","64.22","",""
"21/12/2025 10:15:00 - 21/12/2025 10:30:00","BZN|FR","Without Sequence","63.00","",""
"21/12/2025 10:30:00 - 21/12/2025 10:45:00","BZN|FR","Without Sequence","61.00","",""
"21/12/2025 10:45:00 - 21/12/2025 11:00:00","BZN|FR","Without Sequence","58.00","",""
"21/12/2025 11:00:00 - 21/12/2025 11:15:00","BZN|FR","Without Sequence","62.50","",""
"21/12/2025 11:15:00 - 21/12/2025 11:30:00","BZN|FR","Without Sequence","61.70","",""
"21/12/2025 11:30:00 - 21/12/2025 11:45:00","BZN|FR","Without Sequence","60.00","",""
"21/12/2025 11:45:00 - 21/12/2025 12:00:00","BZN|FR","Without Sequence","59.00","",""
"21/12/2025 12:00:00 - 21/12/2025 12:15:00","BZN|FR","Without Sequence","63.00","",""
"21/12/2025 12:15:00 - 21/12/2025 12:30:00","BZN|FR","Without Sequence","62.00","",""
"21/12/2025 12:30:00 - 21/12/2025 12:45:00","BZN|FR","Without Sequence","63.97","",""
"21/12/2025 12:45:00 - 21/12/2025 13:00:00","BZN|FR","Without Sequence","63.95","",""
"21/12/2025 13:00:00 - 21/12/2025 13:15:00","BZN|FR","Without Sequence","60.00","",""
"21/12/2025 13:15:00 - 21/12/2025 13:30:00","BZN|FR","Without Sequence","58.00","",""
"21/12/2025 13:30:00 - 21/12/2025 13:45:00","BZN|FR","Without Sequence","58.95","",""
"21/12/2025 13:45:00 - 21/12/2025 14:00:00","BZN|FR","Without Sequence","57.96","",""
"21/12/2025 14:00:00 - 21/12/2025 14:15:00","BZN|FR","Without Sequence","53.55","",""
"21/12/2025 14:15:00 - 21/12/2025 14:30:00","BZN|FR","Without Sequence","55.00","",""
"21/12/2025 14:30:00 - 21/12/2025 14:45:00","BZN|FR","Without Sequence","59.00","",""
"21/12/2025 14:45:00 - 21/12/2025 15:00:00","BZN|FR","Without Sequence","58.30","",""
"21/12/2025 15:00:00 - 21/12/2025 15:15:00","BZN|FR","Without Sequence","59.00","",""
"21/12/2025 15:15:00 - 21/12/2025 15:30:00","BZN|FR","Without Sequence","59.00","",""
"21/12/2025 15:30:00 - 21/12/2025 15:45:00","BZN|FR","Without Sequence","58.40","",""
"21/12/2025 15:45:00 - 21/12/2025 16:00:00","BZN|FR","Without Sequence","61.00","",""
"21/12/2025 16:00:00 - 21/12/2025 16:15:00","BZN|FR","Without Sequence","59.22","",""
"21/12/2025 16:15:00 - 21/12/2025 16:30:00","BZN|FR","Without Sequence","63.10","",""
"21/12/2025 16:30:00 - 21/12/2025 16:45:00","BZN|FR","Without Sequence","63.00","",""
"21/12/2025 16:45:00 - 21/12/2025 17:00:00","BZN|FR","Without Sequence","65.00","",""
"21/12/2025 17:00:00 - 21/12/2025 17:15:00","BZN|FR","Without Sequence","60.00","",""
"21/12/2025 17:15:00 - 21/12/2025 17:30:00","BZN|FR","Without Sequence","64.22","",""
"21/12/2025 17:30:00 - 21/12/2025 17:45:00","BZN|FR","Without Sequence","70.56","",""
"21/12/2025 17:45:00 - 21/12/2025 18:00:00","BZN|FR","Without Sequence","74.50","",""
"21/12/2025 18:00:00 - 21/12/2025 18:15:00","BZN|FR","Without Sequence","74.33","",""
"21/12/2025 18:15:00 - 21/12/2025 18:30:00","BZN|FR","Without Sequence","76.08","",""
"21/12/2025 18:30:00 - 21/12/2025 18:45:00","BZN|FR","Without Sequence","76.82","",""
"21/12/2025 18:45:00 - 21/12/2025 19:00:00","BZN|FR","Without Sequence","79.24","",""
"21/12/2025 19:00:00 - 21/12/2025 19:15:00","BZN|FR","Without Sequence","79.62","",""
"21/12/2025 19:15:00 - 21/12/2025 19:30:00","BZN|FR","Without Sequence","81.78","",""
"21/12/2025 19:30:00 - 21/12/2025 19:45:00","BZN|FR","Without Sequence","84.00","",""
"21/12/2025 19:45:00 - 21/12/2025 20:00:00","BZN|FR","Without Sequence","83.94","",""
"21/12/2025 20:00:00 - 21/12/2025 20:15:00","BZN|FR","Without Sequence","84.28","",""
"21/12/2025 20:15:00 - 21/12/2025 20:30:00","BZN|FR","Without Sequence","82.09","",""
"21/12/2025 20:30:00 - 21/12/2025 20:45:00","BZN|FR","Without Sequence","80.61","",""
"21/12/2025 20:45:00 - 21/12/2025 21:00:00","BZN|FR","Without Sequence","79.05","",""
"21/12/2025 21:00:00 - 21/12/2025 21:15:00","BZN|FR","Without Sequence","76.82","",""
"21/12/2025 21:15:00 - 21/12/2025 21:30:00","BZN|FR","Without Sequence","76.08","",""
"21/12/2025 21:30:00 - 21/12/2025 21:45:00","BZN|FR","Without Sequence","75.18","",""
"21/12/2025 21:45:00 - 21/12/2025 22:00:00","BZN|FR","Without Sequence","74.22","",""
"21/12/2025 22:00:00 - 21/12/2025 22:15:00","BZN|FR","Without Sequence","80.43","",""
"21/12/2025 22:15:00 - 21/12/2025 22:30:00","BZN|FR","Without Sequence","77.58","",""
"21/12/2025 22:30:00 - 21/12/2025 22:45:00","BZN|FR","Without Sequence","76.82","",""
"21/12/2025 22:45:00 - 21/12/2025 23:00:00","BZN|FR","Without Sequence","72.30","",""
"21/12/2025 23:00:00 - 21/12/2025 23:15:00","BZN|FR","Without Sequence","77.18","",""
"21/12/2025 23:15:00 - 21/12/2025 23:30:00","BZN|FR","Without Sequence","72.29","",""
"21/12/2025 23:30:00 - 21/12/2025 23:45:00","BZN|FR","Without Sequence","69.17","",""
"21/12/2025 23:45:00 - 22/12/2025 00:00:00","BZN|FR","Without Sequence","65.00","",""
"22/12/2025 00:00:00 - 22/12/2025 00:15:00","BZN|FR","Without Sequence","62.45","",""
"22/12/2025 00:15:00 - 22/12/2025 00:30:00","BZN|FR","Without Sequence","59.43","",""
"22/12/2025 00:30:00 - 22/12/2025 00:45:00","BZN|FR","Without Sequence","24.80","",""
"22/12/2025 00:45:00 - 22/12/2025 01:00:00","BZN|FR","Without Sequence","0.38","",""
"22/12/2025 01:00:00 - 22/12/2025 01:15:00","BZN|FR","Without Sequence","37.90","",""
"22/12/2025 01:15:00 - 22/12/2025 01:30:00","BZN|FR","Without Sequence","43.63","",""
"22/12/2025 01:30:00 - 22/12/2025 01:45:00","BZN|FR","Without Sequence","39.89","",""
"22/12/2025 01:45:00 - 22/12/2025 02:00:00","BZN|FR","Without Sequence","38.58","",""
"22/12/2025 02:00:00 - 22/12/2025 02:15:00","BZN|FR","Without Sequence","44.40","",""
"22/12/2025 02:15:00 - 22/12/2025 02:30:00","BZN|FR","Without Sequence","44.01","",""
"22/12/2025 02:30:00 - 22/12/2025 02:45:00","BZN|FR","Without Sequence","40.84","",""
"22/12/2025 02:45:00 - 22/12/2025 03:00:00","BZN|FR","Without Sequence","22.74","",""
"22/12/2025 03:00:00 - 22/12/2025 03:15:00","BZN|FR","Without Sequence","36.72","",""
"22/12/2025 03:15:00 - 22/12/2025 03:30:00","BZN|FR","Without Sequence","28.61","",""
"22/12/2025 03:30:00 - 22/12/2025 03:45:00","BZN|FR","Without Sequence","22.48","",""
"22/12/2025 03:45:00 - 22/12/2025 04:00:00","BZN|FR","Without Sequence","14.75","",""
"22/12/2025 04:00:00 - 22/12/2025 04:15:00","BZN|FR","Without Sequence","23.02","",""
"22/12/2025 04:15:00 - 22/12/2025 04:30:00","BZN|FR","Without Sequence","22.91","",""
"22/12/2025 04:30:00 - 22/12/2025 04:45:00","BZN|FR","Without Sequence","25.01","",""
"22/12/2025 04:45:00 - 22/12/2025 05:00:00","BZN|FR","Without Sequence","28.98","",""
"22/12/2025 05:00:00 - 22/12/2025 05:15:00","BZN|FR","Without Sequence","27.49","",""
"22/12/2025 05:15:00 - 22/12/2025 05:30:00","BZN|FR","Without Sequence","34.20","",""
"22/12/2025 05:30:00 - 22/12/2025 05:45:00","BZN|FR","Without Sequence","40.03","",""
"22/12/2025 05:45:00 - 22/12/2025 06:00:00","BZN|FR","Without Sequence","43.88","",""
"22/12/2025 06:00:00 - 22/12/2025 06:15:00","BZN|FR","Without Sequence","50.00","",""
"22/12/2025 06:15:00 - 22/12/2025 06:30:00","BZN|FR","Without Sequence","57.95","",""
"22/12/2025 06:30:00 - 22/12/2025 06:45:00","BZN|FR","Without Sequence","59.62","",""
"22/12/2025 06:45:00 - 22/12/2025 07:00:00","BZN|FR","Without Sequence","67.06","",""
"22/12/2025 07:00:00 - 22/12/2025 07:15:00","BZN|FR","Without Sequence","69.05","",""
"22/12/2025 07:15:00 - 22/12/2025 07:30:00","BZN|FR","Without Sequence","76.82","",""
"22/12/2025 07:30:00 - 22/12/2025 07:45:00","BZN|FR","Without Sequence","84.60","",""
"22/12/2025 07:45:00 - 22/12/2025 08:00:00","BZN|FR","Without Sequence","86.98","",""
"22/12/2025 08:00:00 - 22/12/2025 08:15:00","BZN|FR","Without Sequence","86.74","",""
"22/12/2025 08:15:00 - 22/12/2025 08:30:00","BZN|FR","Without Sequence","87.46","",""
"22/12/2025 08:30:00 - 22/12/2025 08:45:00","BZN|FR","Without Sequence","87.50","",""
"22/12/2025 08:45:00 - 22/12/2025 09:00:00","BZN|FR","Without Sequence","87.34","",""
"22/12/2025 09:00:00 - 22/12/2025 09:15:00","BZN|FR","Without Sequence","92.82","",""
"22/12/2025 09:15:00 - 22/12/2025 09:30:00","BZN|FR","Without Sequence","89.33","",""
"22/12/2025 09:30:00 - 22/12/2025 09:45:00","BZN|FR","Without Sequence","87.34","",""
"22/12/2025 09:45:00 - 22/12/2025 10:00:00","BZN|FR","Without Sequence","84.18","",""
"22/12/2025 10:00:00 - 22/12/2025 10:15:00","BZN|FR","Without Sequence","95.76","",""
"22/12/2025 10:15:00 - 22/12/2025 10:30:00","BZN|FR","Without Sequence","89.50","",""
"22/12/2025 10:30:00 - 22/12/2025 10:45:00","BZN|FR","Without Sequence","80.00","",""
"22/12/2025 10:45:00 - 22/12/2025 11:00:00","BZN|FR","Without Sequence","74.64","",""
"22/12/2025 11:00:00 - 22/12/2025 11:15:00","BZN|FR","Without Sequence","82.12","",""
"22/12/2025 11:15:00 - 22/12/2025 11:30:00","BZN|FR","Without Sequence","80.36","",""
"22/12/2025 11:30:00 - 22/12/2025 11:45:00","BZN|FR","Without Sequence","83.36","",""
"22/12/2025 11:45:00 - 22/12/2025 12:00:00","BZN|FR","Without Sequence","86.19","",""
"22/12/2025 12:00:00 - 22/12/2025 12:15:00","BZN|FR","Without Sequence","86.49","",""
"22/12/2025 12:15:00 - 22/12/2025 12:30:00","BZN|FR","Without Sequence","86.85","",""
"22/12/2025 12:30:00 - 22/12/2025 12:45:00","BZN|FR","Without Sequence","90.12","",""
"22/12/2025 12:45:00 - 22/12/2025 13:00:00","BZN|FR","Without Sequence","90.27","",""
"22/12/2025 13:00:00 - 22/12/2025 13:15:00","BZN|FR","Without Sequence","89.10","",""
"22/12/2025 13:15:00 - 22/12/2025 13:30:00","BZN|FR","Without Sequence","87.54","",""
"22/12/2025 13:30:00 - 22/12/2025 13:45:00","BZN|FR","Without Sequence","85.77","",""
"22/12/2025 13:45:00 - 22/12/2025 14:00:00","BZN|FR","Without Sequence","78.93","",""
"22/12/2025 14:00:00 - 22/12/2025 14:15:00","BZN|FR","Without Sequence","89.54","",""
"22/12/2025 14:15:00 - 22/12/2025 14:30:00","BZN|FR","Without Sequence","88.65","",""
"22/12/2025 14:30:00 - 22/12/2025 14:45:00","BZN|FR","Without Sequence","82.64","",""
"22/12/2025 14:45:00 - 22/12/2025 15:00:00","BZN|FR","Without Sequence","88.34","",""
"22/12/2025 15:00:00 - 22/12/2025 15:15:00","BZN|FR","Without Sequence","81.67","",""
"22/12/2025 15:15:00 - 22/12/2025 15:30:00","BZN|FR","Without Sequence","79.74","",""
"22/12/2025 15:30:00 - 22/12/2025 15:45:00","BZN|FR","Without Sequence","86.37","",""
"22/12/2025 15:45:00 - 22/12/2025 16:00:00","BZN|FR","Without Sequence","91.58","",""
"22/12/2025 16:00:00 - 22/12/2025 16:15:00","BZN|FR","Without Sequence","76.40","",""
"22/12/2025 16:15:00 - 22/12/2025 16:30:00","BZN|FR","Without Sequence","86.23","",""
"22/12/2025 16:30:00 - 22/12/2025 16:45:00","BZN|FR","Without Sequence","87.70","",""
"22/12/2025 16:45:00 - 22/12/2025 17:00:00","BZN|FR","Without Sequence","94.12","",""
"22/12/2025 17:00:00 - 22/12/2025 17:15:00","BZN|FR","Without Sequence","87.70","",""
"22/12/2025 17:15:00 - 22/12/2025 17:30:00","BZN|FR","Without Sequence","93.44","",""
"22/12/2025 17:30:00 - 22/12/2025 17:45:00","BZN|FR","Without Sequence","98.05","",""
"22/12/2025 17:45:00 - 22/12/2025 18:00:00","BZN|FR","Without Sequence","102.06","",""
"22/12/2025 18:00:00 - 22/12/2025 18:15:00","BZN|FR","Without Sequence","100.18","",""
"22/12/2025 18:15:00 - 22/12/2025 18:30:00","BZN|FR","Without Sequence","102.03","",""
"22/12/2025 18:30:00 - 22/12/2025 18:45:00","BZN|FR","Without Sequence","102.04","",""
"22/12/2025 18:45:00 - 22/12/2025 19:00:00","BZN|FR","Without Sequence","102.04","",""
"22/12/2025 19:00:00 - 22/12/2025 19:15:00","BZN|FR","Without Sequence","99.06","",""
"22/12/2025 19:15:00 - 22/12/2025 19:30:00","BZN|FR","Without Sequence","99.29","",""
"22/12/2025 19:30:00 - 22/12/2025 19:45:00","BZN|FR","Without Sequence","97.32","",""
"22/12/2025 19:45:00 - 22/12/2025 20:00:00","BZN|FR","Without Sequence","96.02","",""
"22/12/2025 20:00:00 - 22/12/2025 20:15:00","BZN|FR","Without Sequence","95.00","",""
"22/12/2025 20:15:00 - 22/12/2025 20:30:00","BZN|FR","Without Sequence","93.91","",""
"22/12/2025 20:30:00 - 22/12/2025 20:45:00","BZN|FR","Without Sequence","90.00","",""
"22/12/2025 20:45:00 - 22/12/2025 21:00:00","BZN|FR","Without Sequence","88.05","",""
"22/12/2025 21:00:00 - 22/12/2025 21:15:00","BZN|FR","Without Sequence","87.50","",""
"22/12/2025 21:15:00 - 22/12/2025 21:30:00","BZN|FR","Without Sequence","87.17","",""
"22/12/2025 21:30:00 - 22/12/2025 21:45:00","BZN|FR","Without Sequence","85.23","",""
"22/12/2025 21:45:00 - 22/12/2025 22:00:00","BZN|FR","Without Sequence","81.22","",""
"22/12/2025 22:00:00 - 22/12/2025 22:15:00","BZN|FR","Without Sequence","87.22","",""
"22/12/2025 22:15:00 - 22/12/2025 22:30:00","BZN|FR","Without Sequence","85.76","",""
"22/12/2025 22:30:00 - 22/12/2025 22:45:00","BZN|FR","Without Sequence","84.73","",""
"22/12/2025 22:45:00 - 22/12/2025 23:00:00","BZN|FR","Without Sequence","78.67","",""
"22/12/2025 23:00:00 - 22/12/2025 23:15:00","BZN|FR","Without Sequence","85.76","",""
"22/12/2025 23:15:00 - 22/12/2025 23:30:00","BZN|FR","Without Sequence","80.00","",""
"22/12/2025 23:30:00 - 22/12/2025 23:45:00","BZN|FR","Without Sequence","75.64","",""
"22/12/2025 23:45:00 - 23/12/2025 00:00:00","BZN|FR","Without Sequence","70.00","",""
"23/12/2025 00:00:00 - 23/12/2025 00:15:00","BZN|FR","Without Sequence","80.00","",""
"23/12/2025 00:15:00 - 23/12/2025 00:30:00","BZN|FR","Without Sequence","74.55","",""
"23/12/2025 00:30:00 - 23/12/2025 00:45:00","BZN|FR","Without Sequence","67.00","",""
"23/12/2025 00:45:00 - 23/12/2025 01:00:00","BZN|FR","Without Sequence","62.01","",""
"23/12/2025 01:00:00 - 23/12/2025 01:15:00","BZN|FR","Without Sequence","65.00","",""
"23/12/2025 01:15:00 - 23/12/2025 01:30:00","BZN|FR","Without Sequence","61.88","",""
"23/12/2025 01:30:00 - 23/12/2025 01:45:00","BZN|FR","Without Sequence","61.73","",""
"23/12/2025 01:45:00 - 23/12/2025 02:00:00","BZN|FR","Without Sequence","59.60","",""
"23/12/2025 02:00:00 - 23/12/2025 02:15:00","BZN|FR","Without Sequence","62.40","",""
"23/12/2025 02:15:00 - 23/12/2025 02:30:00","BZN|FR","Without Sequence","62.01","",""
"23/12/2025 02:30:00 - 23/12/2025 02:45:00","BZN|FR","Without Sequence","60.82","",""
"23/12/2025 02:45:00 - 23/12/2025 03:00:00","BZN|FR","Without Sequence","60.16","",""
"23/12/2025 03:00:00 - 23/12/2025 03:15:00","BZN|FR","Without Sequence","60.16","",""
"23/12/2025 03:15:00 - 23/12/2025 03:30:00","BZN|FR","Without Sequence","59.60","",""
"23/12/2025 03:30:00 - 23/12/2025 03:45:00","BZN|FR","Without Sequence","58.97","",""
"23/12/2025 03:45:00 - 23/12/2025 04:00:00","BZN|FR","Without Sequence","58.97","",""
"23/12/2025 04:00:00 - 23/12/2025 04:15:00","BZN|FR","Without Sequence","57.77","",""
"23/12/2025 04:15:00 - 23/12/2025 04:30:00","BZN|FR","Without Sequence","55.40","",""
"23/12/2025 04:30:00 - 23/12/2025 04:45:00","BZN|FR","Without Sequence","55.40","",""
"23/12/2025 04:45:00 - 23/12/2025 05:00:00","BZN|FR","Without Sequence","58.04","",""
"23/12/2025 05:00:00 - 23/12/2025 05:15:00","BZN|FR","Without Sequence","59.62","",""
"23/12/2025 05:15:00 - 23/12/2025 05:30:00","BZN|FR","Without Sequence","60.33","",""
"23/12/2025 05:30:00 - 23/12/2025 05:45:00","BZN|FR","Without Sequence","61.14","",""
"23/12/2025 05:45:00 - 23/12/2025 06:00:00","BZN|FR","Without Sequence","62.30","",""
"23/12/2025 06:00:00 - 23/12/2025 06:15:00","BZN|FR","Without Sequence","63.99","",""
"23/12/2025 06:15:00 - 23/12/2025 06:30:00","BZN|FR","Without Sequence","67.00","",""
"23/12/2025 06:30:00 - 23/12/2025 06:45:00","BZN|FR","Without Sequence","73.73","",""
"23/12/2025 06:45:00 - 23/12/2025 07:00:00","BZN|FR","Without Sequence","76.88","",""
"23/12/2025 07:00:00 - 23/12/2025 07:15:00","BZN|FR","Without Sequence","74.09","",""
"23/12/2025 07:15:00 - 23/12/2025 07:30:00","BZN|FR","Without Sequence","78.91","",""
"23/12/2025 07:30:00 - 23/12/2025 07:45:00","BZN|FR","Without Sequence","83.05","",""
"23/12/2025 07:45:00 - 23/12/2025 08:00:00","BZN|FR","Without Sequence","87.96","",""
"23/12/2025 08:00:00 - 23/12/2025 08:15:00","BZN|FR","Without Sequence","82.60","",""
"23/12/2025 08:15:00 - 23/12/2025 08:30:00","BZN|FR","Without Sequence","87.34","",""
"23/12/2025 08:30:00 - 23/12/2025 08:45:00","BZN|FR","Without Sequence","88.70","",""
"23/12/2025 08:45:00 - 23/12/2025 09:00:00","BZN|FR","Without Sequence","90.02","",""
"23/12/2025 09:00:00 - 23/12/2025 09:15:00","BZN|FR","Without Sequence","92.55","",""
"23/12/2025 09:15:00 - 23/12/2025 09:30:00","BZN|FR","Without Sequence","90.02","",""
"23/12/2025 09:30:00 - 23/12/2025 09:45:00","BZN|FR","Without Sequence","88.31","",""
"23/12/2025 09:45:00 - 23/12/2025 10:00:00","BZN|FR","Without Sequence","84.18","",""
"23/12/2025 10:00:00 - 23/12/2025 10:15:00","BZN|FR","Without Sequence","90.02","",""
"23/12/2025 10:15:00 - 23/12/2025 10:30:00","BZN|FR","Without Sequence","86.45","",""
"23/12/2025 10:30:00 - 23/12/2025 10:45:00","BZN|FR","Without Sequence","84.08","",""
"23/12/2025 10:45:00 - 23/12/2025 11:00:00","BZN|FR","Without Sequence","80.00","",""
"23/12/2025 11:00:00 - 23/12/2025 11:15:00","BZN|FR","Without Sequence","87.41","",""
"23/12/2025 11:15:00 - 23/12/2025 11:30:00","BZN|FR","Without Sequence","84.00","",""
"23/12/2025 11:30:00 - 23/12/2025 11:45:00","BZN|FR","Without Sequence","82.20","",""
"23/12/2025 11:45:00 - 23/12/2025 12:00:00","BZN|FR","Without Sequence","80.00","",""
"23/12/2025 12:00:00 - 23/12/2025 12:15:00","BZN|FR","Without Sequence","87.46","",""
"23/12/2025 12:15:00 - 23/12/2025 12:30:00","BZN|FR","Without Sequence","83.75","",""
"23/12/2025 12:30:00 - 23/12/2025 12:45:00","BZN|FR","Without Sequence","82.99","",""
"23/12/2025 12:45:00 - 23/12/2025 13:00:00","BZN|FR","Without Sequence","82.50","",""
"23/12/2025 13:00:00 - 23/12/2025 13:15:00","BZN|FR","Without Sequence","83.01","",""
"23/12/2025 13:15:00 - 23/12/2025 13:30:00","BZN|FR","Without Sequence","81.06","",""
"23/12/2025 13:30:00 - 23/12/2025 13:45:00","BZN|FR","Without Sequence","80.30","",""
"23/12/2025 13:45:00 - 23/12/2025 14:00:00","BZN|FR","Without Sequence","80.30","",""
"23/12/2025 14:00:00 - 23/12/2025 14:15:00","BZN|FR","Without Sequence","78.07","",""
"23/12/2025 14:15:00 - 23/12/2025 14:30:00","BZN|FR","Without Sequence","80.02","",""
"23/12/2025 14:30:00 - 23/12/2025 14:45:00","BZN|FR","Without Sequence","81.73","",""
"23/12/2025 14:45:00 - 23/12/2025 15:00:00","BZN|FR","Without Sequence","82.86","",""
"23/12/2025 15:00:00 - 23/12/2025 15:15:00","BZN|FR","Without Sequence","80.19","",""
"23/12/2025 15:15:00 - 23/12/2025 15:30:00","BZN|FR","Without Sequence","83.83","",""
"23/12/2025 15:30:00 - 23/12/2025 15:45:00","BZN|FR","Without Sequence","85.76","",""
"23/12/2025 15:45:00 - 23/12/2025 16:00:00","BZN|FR","Without Sequence","87.50","",""
"23/12/2025 16:00:00 - 23/12/2025 16:15:00","BZN|FR","Without Sequence","80.06","",""
"23/12/2025 16:15:00 - 23/12/2025 16:30:00","BZN|FR","Without Sequence","82.95","",""
"23/12/2025 16:30:00 - 23/12/2025 16:45:00","BZN|FR","Without Sequence","82.71","",""
"23/12/2025 16:45:00 - 23/12/2025 17:00:00","BZN|FR","Without Sequence","85.76","",""
"23/12/2025 17:00:00 - 23/12/2025 17:15:00","BZN|FR","Without Sequence","80.00","",""
"23/12/2025 17:15:00 - 23/12/2025 17:30:00","BZN|FR","Without Sequence","84.18","",""
"23/12/2025 17:30:00 - 23/12/2025 17:45:00","BZN|FR","Without Sequence","89.85","",""
"23/12/2025 17:45:00 - 23/12/2025 18:00:00","BZN|FR","Without Sequence","89.52","",""
"23/12/2025 18:00:00 - 23/12/2025 18:15:00","BZN|FR","Without Sequence","87.42","",""
"23/12/2025 18:15:00 - 23/12/2025 18:30:00","BZN|FR","Without Sequence","86.50","",""
"23/12/2025 18:30:00 - 23/12/2025 18:45:00","BZN|FR","Without Sequence","88.57","",""
"23/12/2025 18:45:00 - 23/12/2025 19:00:00","BZN|FR","Without Sequence","87.34","",""
"23/12/2025 19:00:00 - 23/12/2025 19:15:00","BZN|FR","Without Sequence","87.10","",""
"23/12/2025 19:15:00 - 23/12/2025 19:30:00","BZN|FR","Without Sequence","86.95","",""
"23/12/2025 19:30:00 - 23/12/2025 19:45:00","BZN|FR","Without Sequence","86.00","",""
"23/12/2025 19:45:00 - 23/12/2025 20:00:00","BZN|FR","Without Sequence","84.29","",""
"23/12/2025 20:00:00 - 23/12/2025 20:15:00","BZN|FR","Without Sequence","89.36","",""
"23/12/2025 20:15:00 - 23/12/2025 20:30:00","BZN|FR","Without Sequence","85.78","",""
"23/12/2025 20:30:00 - 23/12/2025 20:45:00","BZN|FR","Without Sequence","77.00","",""
"23/12/2025 20:45:00 - 23/12/2025 21:00:00","BZN|FR","Without Sequence","70.76","",""
"23/12/2025 21:00:00 - 23/12/2025 21:15:00","BZN|FR","Without Sequence","79.39","",""
"23/12/2025 21:15:00 - 23/12/2025 21:30:00","BZN|FR","Without Sequence","76.26","",""
"23/12/2025 21:30:00 - 23/12/2025 21:45:00","BZN|FR","Without Sequence","69.76","",""
"23/12/2025 21:45:00 - 23/12/2025 22:00:00","BZN|FR","Without Sequence","62.58","",""
"23/12/2025 22:00:00 - 23/12/2025 22:15:00","BZN|FR","Without Sequence","79.10","",""
"23/12/2025 22:15:00 - 23/12/2025 22:30:00","BZN|FR","Without Sequence","72.65","",""
"23/12/2025 22:30:00 - 23/12/2025 22:45:00","BZN|FR","Without Sequence","73.75","",""
"23/12/2025 22:45:00 - 23/12/2025 23:00:00","BZN|FR","Without Sequence","67.41","",""
"23/12/2025 23:00:00 - 23/12/2025 23:15:00","BZN|FR","Without Sequence","73.40","",""
"23/12/2025 23:15:00 - 23/12/2025 23:30:00","BZN|FR","Without Sequence","65.46","",""
"23/12/2025 23:30:00 - 23/12/2025 23:45:00","BZN|FR","Without Sequence","64.67","",""
"23/12/2025 23:45:00 - 24/12/2025 00:00:00","BZN|FR","Without Sequence","58.03","",""
"24/12/2025 00:00:00 - 24/12/2025 00:15:00","BZN|FR","Without Sequence","68.06","",""
"24/12/2025 00:15:00 - 24/12/2025 00:30:00","BZN|FR","Without Sequence","66.21","",""
"24/12/2025 00:30:00 - 24/12/2025 00:45:00","BZN|FR","Without Sequence","55.66","",""
"24/12/2025 00:45:00 - 24/12/2025 01:00:00","BZN|FR","Without Sequence","47.99","",""
"24/12/2025 01:00:00 - 24/12/2025 01:15:00","BZN|FR","Without Sequence","57.00","",""
"24/12/2025 01:15:00 - 24/12/2025 01:30:00","BZN|FR","Without Sequence","50.87","",""
"24/12/2025 01:30:00 - 24/12/2025 01:45:00","BZN|FR","Without Sequence","45.20","",""
"24/12/2025 01:45:00 - 24/12/2025 02:00:00","BZN|FR","Without Sequence","26.92","",""
"24/12/2025 02:00:00 - 24/12/2025 02:15:00","BZN|FR","Without Sequence","40.35","",""
"24/12/2025 02:15:00 - 24/12/2025 02:30:00","BZN|FR","Without Sequence","28.99","",""
"24/12/2025 02:30:00 - 24/12/2025 02:45:00","BZN|FR","Without Sequence","26.60","",""
"24/12/2025 02:45:00 - 24/12/2025 03:00:00","BZN|FR","Without Sequence","25.10","",""
"24/12/2025 03:00:00 - 24/12/2025 03:15:00","BZN|FR","Without Sequence","24.85","",""
"24/12/2025 03:15:00 - 24/12/2025 03:30:00","BZN|FR","Without Sequence","25.47","",""
"24/12/2025 03:30:00 - 24/12/2025 03:45:00","BZN|FR","Without Sequence","17.40","",""
"24/12/2025 03:45:00 - 24/12/2025 04:00:00","BZN|FR","Without Sequence","13.00","",""
"24/12/2025 04:00:00 - 24/12/2025 04:15:00","BZN|FR","Without Sequence","23.08","",""
"24/12/2025 04:15:00 - 24/12/2025 04:30:00","BZN|FR","Without Sequence","13.44","",""
"24/12/2025 04:30:00 - 24/12/2025 04:45:00","BZN|FR","Without Sequence","3.88","",""
"24/12/2025 04:45:00 - 24/12/2025 05:00:00","BZN|FR","Without Sequence","3.60","",""
"24/12/2025 05:00:00 - 24/12/2025 05:15:00","BZN|FR","Without Sequence","13.33","",""
"24/12/2025 05:15:00 - 24/12/2025 05:30:00","BZN|FR","Without Sequence","16.84","",""
"24/12/2025 05:30:00 - 24/12/2025 05:45:00","BZN|FR","Without Sequence","17.33","",""
"24/12/2025 05:45:00 - 24/12/2025 06:00:00","BZN|FR","Without Sequence","17.59","",""
"24/12/2025 06:00:00 - 24/12/2025 06:15:00","BZN|FR","Without Sequence","23.01","",""
"24/12/2025 06:15:00 - 24/12/2025 06:30:00","BZN|FR","Without Sequence","23.01","",""
"24/12/2025 06:30:00 - 24/12/2025 06:45:00","BZN|FR","Without Sequence","25.16","",""
"24/12/2025 06:45:00 - 24/12/2025 07:00:00","BZN|FR","Without Sequence","23.01","",""
"24/12/2025 07:00:00 - 24/12/2025 07:15:00","BZN|FR","Without Sequence","24.50","",""
"24/12/2025 07:15:00 - 24/12/2025 07:30:00","BZN|FR","Without Sequence","34.46","",""
"24/12/2025 07:30:00 - 24/12/2025 07:45:00","BZN|FR","Without Sequence","40.27","",""
"24/12/2025 07:45:00 - 24/12/2025 08:00:00","BZN|FR","Without Sequence","43.86","",""
"24/12/2025 08:00:00 - 24/12/2025 08:15:00","BZN|FR","Without Sequence","57.70","",""
"24/12/2025 08:15:00 - 24/12/2025 08:30:00","BZN|FR","Without Sequence","57.90","",""
"24/12/2025 08:30:00 - 24/12/2025 08:45:00","BZN|FR","Without Sequence","60.00","",""
"24/12/2025 08:45:00 - 24/12/2025 09:00:00","BZN|FR","Without Sequence","59.00","",""
"24/12/2025 09:00:00 - 24/12/2025 09:15:00","BZN|FR","Without Sequence","60.59","",""
"24/12/2025 09:15:00 - 24/12/2025 09:30:00","BZN|FR","Without Sequence","55.00","",""
"24/12/2025 09:30:00 - 24/12/2025 09:45:00","BZN|FR","Without Sequence","52.12","",""
"24/12/2025 09:45:00 - 24/12/2025 10:00:00","BZN|FR","Without Sequence","35.01","",""
"24/12/2025 10:00:00 - 24/12/2025 10:15:00","BZN|FR","Without Sequence","57.00","",""
"24/12/2025 10:15:00 - 24/12/2025 10:30:00","BZN|FR","Without Sequence","41.17","",""
"24/12/2025 10:30:00 - 24/12/2025 10:45:00","BZN|FR","Without Sequence","34.20","",""
"24/12/2025 10:45:00 - 24/12/2025 11:00:00","BZN|FR","Without Sequence","26.22","",""
"24/12/2025 11:00:00 - 24/12/2025 11:15:00","BZN|FR","Without Sequence","30.77","",""
"24/12/2025 11:15:00 - 24/12/2025 11:30:00","BZN|FR","Without Sequence","26.22","",""
"24/12/2025 11:30:00 - 24/12/2025 11:45:00","BZN|FR","Without Sequence","25.16","",""
"24/12/2025 11:45:00 - 24/12/2025 12:00:00","BZN|FR","Without Sequence","19.41","",""
"24/12/2025 12:00:00 - 24/12/2025 12:15:00","BZN|FR","Without Sequence","18.40","",""
"24/12/2025 12:15:00 - 24/12/2025 12:30:00","BZN|FR","Without Sequence","18.01","",""
"24/12/2025 12:30:00 - 24/12/2025 12:45:00","BZN|FR","Without Sequence","17.88","",""
"24/12/2025 12:45:00 - 24/12/2025 13:00:00","BZN|FR","Without Sequence","17.20","",""
"24/12/2025 13:00:00 - 24/12/2025 13:15:00","BZN|FR","Without Sequence","16.79","",""
"24/12/2025 13:15:00 - 24/12/2025 13:30:00","BZN|FR","Without Sequence","16.90","",""
"24/12/2025 13:30:00 - 24/12/2025 13:45:00","BZN|FR","Without Sequence","16.46","",""
"24/12/2025 13:45:00 - 24/12/2025 14:00:00","BZN|FR","Without Sequence","16.46","",""
"24/12/2025 14:00:00 - 24/12/2025 14:15:00","BZN|FR","Without Sequence","16.68","",""
"24/12/2025 14:15:00 - 24/12/2025 14:30:00","BZN|FR","Without Sequence","17.62","",""
"24/12/2025 14:30:00 - 24/12/2025 14:45:00","BZN|FR","Without Sequence","17.62","",""
"24/12/2025 14:45:00 - 24/12/2025 15:00:00","BZN|FR","Without Sequence","17.88","",""
"24/12/2025 15:00:00 - 24/12/2025 15:15:00","BZN|FR","Without Sequence","20.30","",""
"24/12/2025 15:15:00 - 24/12/2025 15:30:00","BZN|FR","Without Sequence","23.10","",""
"24/12/2025 15:30:00 - 24/12/2025 15:45:00","BZN|FR","Without Sequence","25.00","",""
"24/12/2025 15:45:00 - 24/12/2025 16:00:00","BZN|FR","Without Sequence","26.22","",""
"24/12/2025 16:00:00 - 24/12/2025 16:15:00","BZN|FR","Without Sequence","26.43","",""
"24/12/2025 16:15:00 - 24/12/2025 16:30:00","BZN|FR","Without Sequence","33.00","",""
"24/12/2025 16:30:00 - 24/12/2025 16:45:00","BZN|FR","Without Sequence","37.33","",""
"24/12/2025 16:45:00 - 24/12/2025 17:00:00","BZN|FR","Without Sequence","48.32","",""
"24/12/2025 17:00:00 - 24/12/2025 17:15:00","BZN|FR","Without Sequence","35.10","",""
"24/12/2025 17:15:00 - 24/12/2025 17:30:00","BZN|FR","Without Sequence","52.90","",""
"24/12/2025 17:30:00 - 24/12/2025 17:45:00","BZN|FR","Without Sequence","61.53","",""
"24/12/2025 17:45:00 - 24/12/2025 18:00:00","BZN|FR","Without Sequence","65.40","",""
"24/12/2025 18:00:00 - 24/12/2025 18:15:00","BZN|FR","Without Sequence","69.94","",""
"24/12/2025 18:15:00 - 24/12/2025 18:30:00","BZN|FR","Without Sequence","51.00","",""
"24/12/2025 18:30:00 - 24/12/2025 18:45:00","BZN|FR","Without Sequence","74.04","",""
"24/12/2025 18:45:00 - 24/12/2025 19:00:00","BZN|FR","Without Sequence","60.64","",""
"24/12/2025 19:00:00 - 24/12/2025 19:15:00","BZN|FR","Without Sequence","61.80","",""
"24/12/2025 19:15:00 - 24/12/2025 19:30:00","BZN|FR","Without Sequence","55.97","",""
"24/12/2025 19:30:00 - 24/12/2025 19:45:00","BZN|FR","Without Sequence","69.63","",""
"24/12/2025 19:45:00 - 24/12/2025 20:00:00","BZN|FR","Without Sequence","57.90","",""
"24/12/2025 20:00:00 - 24/12/2025 20:15:00","BZN|FR","Without Sequence","67.92","",""
"24/12/2025 20:15:00 - 24/12/2025 20:30:00","BZN|FR","Without Sequence","62.79","",""
"24/12/2025 20:30:00 - 24/12/2025 20:45:00","BZN|FR","Without Sequence","50.99","",""
"24/12/2025 20:45:00 - 24/12/2025 21:00:00","BZN|FR","Without Sequence","49.46","",""
"24/12/2025 21:00:00 - 24/12/2025 21:15:00","BZN|FR","Without Sequence","51.87","",""
"24/12/2025 21:15:00 - 24/12/2025 21:30:00","BZN|FR","Without Sequence","59.00","",""
"24/12/2025 21:30:00 - 24/12/2025 21:45:00","BZN|FR","Without Sequence","44.13","",""
"24/12/2025 21:45:00 - 24/12/2025 22:00:00","BZN|FR","Without Sequence","45.00","",""
"24/12/2025 22:00:00 - 24/12/2025 22:15:00","BZN|FR","Without Sequence","45.01","",""
"24/12/2025 22:15:00 - 24/12/2025 22:30:00","BZN|FR","Without Sequence","45.01","",""
"24/12/2025 22:30:00 - 24/12/2025 22:45:00","BZN|FR","Without Sequence","45.00","",""
"24/12/2025 22:45:00 - 24/12/2025 23:00:00","BZN|FR","Without Sequence","40.35","",""
"24/12/2025 23:00:00 - 24/12/2025 23:15:00","BZN|FR","Without Sequence","40.00","",""
"24/12/2025 23:15:00 - 24/12/2025 23:30:00","BZN|FR","Without Sequence","38.01","",""
"24/12/2025 23:30:00 - 24/12/2025 23:45:00","BZN|FR","Without Sequence","38.01","",""
"24/12/2025 23:45:00 - 25/12/2025 00:00:00","BZN|FR","Without Sequence","38.01","",""
"25/12/2025 00:00:00 - 25/12/2025 00:15:00","BZN|FR","Without Sequence","35.00","",""
"25/12/2025 00:15:00 - 25/12/2025 00:30:00","BZN|FR","Without Sequence","37.00","",""
"25/12/2025 00:30:00 - 25/12/2025 00:45:00","BZN|FR","Without Sequence","30.50","",""
"25/12/2025 00:45:00 - 25/12/2025 01:00:00","BZN|FR","Without Sequence","30.21","",""
"25/12/2025 01:00:00 - 25/12/2025 01:15:00","BZN|FR","Without Sequence","34.10","",""
"25/12/2025 01:15:00 - 25/12/2025 01:30:00","BZN|FR","Without Sequence","32.39","",""
"25/12/2025 01:30:00 - 25/12/2025 01:45:00","BZN|FR","Without Sequence","30.55","",""
"25/12/2025 01:45:00 - 25/12/2025 02:00:00","BZN|FR","Without Sequence","23.59","",""
"25/12/2025 02:00:00 - 25/12/2025 02:15:00","BZN|FR","Without Sequence","30.84","",""
"25/12/2025 02:15:00 - 25/12/2025 02:30:00","BZN|FR","Without Sequence","26.49","",""
"25/12/2025 02:30:00 - 25/12/2025 02:45:00","BZN|FR","Without Sequence","19.45","",""
"25/12/2025 02:45:00 - 25/12/2025 03:00:00","BZN|FR","Without Sequence","16.79","",""
"25/12/2025 03:00:00 - 25/12/2025 03:15:00","BZN|FR","Without Sequence","16.79","",""
"25/12/2025 03:15:00 - 25/12/2025 03:30:00","BZN|FR","Without Sequence","15.57","",""
"25/12/2025 03:30:00 - 25/12/2025 03:45:00","BZN|FR","Without Sequence","15.01","",""
"25/12/2025 03:45:00 - 25/12/2025 04:00:00","BZN|FR","Without Sequence","13.92","",""
"25/12/2025 04:00:00 - 25/12/2025 04:15:00","BZN|FR","Without Sequence","13.06","",""
"25/12/2025 04:15:00 - 25/12/2025 04:30:00","BZN|FR","Without Sequence","9.69","",""
"25/12/2025 04:30:00 - 25/12/2025 04:45:00","BZN|FR","Without Sequence","10.00","",""
"25/12/2025 04:45:00 - 25/12/2025 05:00:00","BZN|FR","Without Sequence","9.74","",""
"25/12/2025 05:00:00 - 25/12/2025 05:15:00","BZN|FR","Without Sequence","13.66","",""
"25/12/2025 05:15:00 - 25/12/2025 05:30:00","BZN|FR","Without Sequence","16.42","",""
"25/12/2025 05:30:00 - 25/12/2025 05:45:00","BZN|FR","Without Sequence","16.68","",""
"25/12/2025 05:45:00 - 25/12/2025 06:00:00","BZN|FR","Without Sequence","17.12","",""
"25/12/2025 06:00:00 - 25/12/2025 06:15:00","BZN|FR","Without Sequence","15.39","",""
"25/12/2025 06:15:00 - 25/12/2025 06:30:00","BZN|FR","Without Sequence","16.90","",""
"25/12/2025 06:30:00 - 25/12/2025 06:45:00","BZN|FR","Without Sequence","24.86","",""
"25/12/2025 06:45:00 - 25/12/2025 07:00:00","BZN|FR","Without Sequence","30.20","",""
"25/12/2025 07:00:00 - 25/12/2025 07:15:00","BZN|FR","Without Sequence","35.00","",""
"25/12/2025 07:15:00 - 25/12/2025 07:30:00","BZN|FR","Without Sequence","40.00","",""
"25/12/2025 07:30:00 - 25/12/2025 07:45:00","BZN|FR","Without Sequence","37.00","",""
"25/12/2025 07:45:00 - 25/12/2025 08:00:00","BZN|FR","Without Sequence","16.47","",""
"25/12/2025 08:00:00 - 25/12/2025 08:15:00","BZN|FR","Without Sequence","27.18","",""
"25/12/2025 08:15:00 - 25/12/2025 08:30:00","BZN|FR","Without Sequence","43.55","",""
"25/12/2025 08:30:00 - 25/12/2025 08:45:00","BZN|FR","Without Sequence","43.88","",""
"25/12/2025 08:45:00 - 25/12/2025 09:00:00","BZN|FR","Without Sequence","44.14","",""
"25/12/2025 09:00:00 - 25/12/2025 09:15:00","BZN|FR","Without Sequence","43.88","",""
"25/12/2025 09:15:00 - 25/12/2025 09:30:00","BZN|FR","Without Sequence","41.19","",""
"25/12/2025 09:30:00 - 25/12/2025 09:45:00","BZN|FR","Without Sequence","38.30","",""
"25/12/2025 09:45:00 - 25/12/2025 10:00:00","BZN|FR","Without Sequence","32.50","",""
"25/12/2025 10:00:00 - 25/12/2025 10:15:00","BZN|FR","Without Sequence","35.20","",""
"25/12/2025 10:15:00 - 25/12/2025 10:30:00","BZN|FR","Without Sequence","30.93","",""
"25/12/2025 10:30:00 - 25/12/2025 10:45:00","BZN|FR","Without Sequence","31.70","",""
"25/12/2025 10:45:00 - 25/12/2025 11:00:00","BZN|FR","Without Sequence","25.03","",""
"25/12/2025 11:00:00 - 25/12/2025 11:15:00","BZN|FR","Without Sequence","27.00","",""
"25/12/2025 11:15:00 - 25/12/2025 11:30:00","BZN|FR","Without Sequence","22.63","",""
"25/12/2025 11:30:00 - 25/12/2025 11:45:00","BZN|FR","Without Sequence","22.26","",""
"25/12/2025 11:45:00 - 25/12/2025 12:00:00","BZN|FR","Without Sequence","25.24","",""
"25/12/2025 12:00:00 - 25/12/2025 12:15:00","BZN|FR","Without Sequence","26.77","",""
"25/12/2025 12:15:00 - 25/12/2025 12:30:00","BZN|FR","Without Sequence","29.00","",""
"25/12/2025 12:30:00 - 25/12/2025 12:45:00","BZN|FR","Without Sequence","34.88","",""
"25/12/2025 12:45:00 - 25/12/2025 13:00:00","BZN|FR","Without Sequence","35.20","",""
"25/12/2025 13:00:00 - 25/12/2025 13:15:00","BZN|FR","Without Sequence","30.88","",""
"25/12/2025 13:15:00 - 25/12/2025 13:30:00","BZN|FR","Without Sequence","32.05","",""
"25/12/2025 13:30:00 - 25/12/2025 13:45:00","BZN|FR","Without Sequence","30.00","",""
"25/12/2025 13:45:00 - 25/12/2025 14:00:00","BZN|FR","Without Sequence","30.98","",""
"25/12/2025 14:00:00 - 25/12/2025 14:15:00","BZN|FR","Without Sequence","17.46","",""
"25/12/2025 14:15:00 - 25/12/2025 14:30:00","BZN|FR","Without Sequence","20.09","",""
"25/12/2025 14:30:00 - 25/12/2025 14:45:00","BZN|FR","Without Sequence","25.35","",""
"25/12/2025 14:45:00 - 25/12/2025 15:00:00","BZN|FR","Without Sequence","30.00","",""
"25/12/2025 15:00:00 - 25/12/2025 15:15:00","BZN|FR","Without Sequence","30.00","",""
"25/12/2025 15:15:00 - 25/12/2025 15:30:00","BZN|FR","Without Sequence","34.88","",""
"25/12/2025 15:30:00 - 25/12/2025 15:45:00","BZN|FR","Without Sequence","32.50","",""
"25/12/2025 15:45:00 - 25/12/2025 16:00:00","BZN|FR","Without Sequence","44.60","",""
"25/12/2025 16:00:00 - 25/12/2025 16:15:00","BZN|FR","Without Sequence","47.00","",""
"25/12/2025 16:15:00 - 25/12/2025 16:30:00","BZN|FR","Without Sequence","58.40","",""
"25/12/2025 16:30:00 - 25/12/2025 16:45:00","BZN|FR","Without Sequence","69.44","",""
"25/12/2025 16:45:00 - 25/12/2025 17:00:00","BZN|FR","Without Sequence","78.00","",""
"25/12/2025 17:00:00 - 25/12/2025 17:15:00","BZN|FR","Without Sequence","76.00","",""
"25/12/2025 17:15:00 - 25/12/2025 17:30:00","BZN|FR","Without Sequence","90.24","",""
"25/12/2025 17:30:00 - 25/12/2025 17:45:00","BZN|FR","Without Sequence","93.91","",""
"25/12/2025 17:45:00 - 25/12/2025 18:00:00","BZN|FR","Without Sequence","97.90","",""
"25/12/2025 18:00:00 - 25/12/2025 18:15:00","BZN|FR","Without Sequence","93.53","",""
"25/12/2025 18:15:00 - 25/12/2025 18:30:00","BZN|FR","Without Sequence","94.76","",""
"25/12/2025 18:30:00 - 25/12/2025 18:45:00","BZN|FR","Without Sequence","93.34","",""
"25/12/2025 18:45:00 - 25/12/2025 19:00:00","BZN|FR","Without Sequence","94.25","",""
"25/12/2025 19:00:00 - 25/12/2025 19:15:00","BZN|FR","Without Sequence","91.60","",""
"25/12/2025 19:15:00 - 25/12/2025 19:30:00","BZN|FR","Without Sequence","93.47","",""
"25/12/2025 19:30:00 - 25/12/2025 19:45:00","BZN|FR","Without Sequence","93.00","",""
"25/12/2025 19:45:00 - 25/12/2025 20:00:00","BZN|FR","Without Sequence","95.00","",""
"25/12/2025 20:00:00 - 25/12/2025 20:15:00","BZN|FR","Without Sequence","95.65","",""
"25/12/2025 20:15:00 - 25/12/2025 20:30:00","BZN|FR","Without Sequence","95.78","",""
"25/12/2025 20:30:00 - 25/12/2025 20:45:00","BZN|FR","Without Sequence","86.27","",""
"25/12/2025 20:45:00 - 25/12/2025 21:00:00","BZN|FR","Without Sequence","84.05","",""
"25/12/2025 21:00:00 - 25/12/2025 21:15:00","BZN|FR","Without Sequence","88.60","",""
"25/12/2025 21:15:00 - 25/12/2025 21:30:00","BZN|FR","Without Sequence","89.50","",""
"25/12/2025 21:30:00 - 25/12/2025 21:45:00","BZN|FR","Without Sequence","87.77","",""
"25/12/2025 21:45:00 - 25/12/2025 22:00:00","BZN|FR","Without Sequence","86.70","",""
"25/12/2025 22:00:00 - 25/12/2025 22:15:00","BZN|FR","Without Sequence","86.43","",""
"25/12/2025 22:15:00 - 25/12/2025 22:30:00","BZN|FR","Without Sequence","93.10","",""
"25/12/2025 22:30:00 - 25/12/2025 22:45:00","BZN|FR","Without Sequence","95.00","",""
"25/12/2025 22:45:00 - 25/12/2025 23:00:00","BZN|FR","Without Sequence","93.06","",""
"25/12/2025 23:00:00 - 25/12/2025 23:15:00","BZN|FR","Without Sequence","92.53","",""
"25/12/2025 23:15:00 - 25/12/2025 23:30:00","BZN|FR","Without Sequence","91.20","",""
"25/12/2025 23:30:00 - 25/12/2025 23:45:00","BZN|FR","Without Sequence","90.53","",""
"25/12/2025 23:45:00 - 26/12/2025 00:00:00","BZN|FR","Without Sequence","88.01","",""
"26/12/2025 00:00:00 - 26/12/2025 00:15:00","BZN|FR","Without Sequence","106.45","",""
"26/12/2025 00:15:00 - 26/12/2025 00:30:00","BZN|FR","Without Sequence","99.96","",""
"26/12/2025 00:30:00 - 26/12/2025 00:45:00","BZN|FR","Without Sequence","91.46","",""
"26/12/2025 00:45:00 - 26/12/2025 01:00:00","BZN|FR","Without Sequence","90.53","",""
"26/12/2025 01:00:00 - 26/12/2025 01:15:00","BZN|FR","Without Sequence","95.66","",""
"26/12/2025 01:15:00 - 26/12/2025 01:30:00","BZN|FR","Without Sequence","91.35","",""
"26/12/2025 01:30:00 - 26/12/2025 01:45:00","BZN|FR","Without Sequence","90.74","",""
"26/12/2025 01:45:00 - 26/12/2025 02:00:00","BZN|FR","Without Sequence","86.46","",""
"26/12/2025 02:00:00 - 26/12/2025 02:15:00","BZN|FR","Without Sequence","90.74","",""
"26/12/2025 02:15:00 - 26/12/2025 02:30:00","BZN|FR","Without Sequence","85.00","",""
"26/12/2025 02:30:00 - 26/12/2025 02:45:00","BZN|FR","Without Sequence","83.11","",""
"26/12/2025 02:45:00 - 26/12/2025 03:00:00","BZN|FR","Without Sequence","81.48","",""
"26/12/2025 03:00:00 - 26/12/2025 03:15:00","BZN|FR","Without Sequence","85.00","",""
"26/12/2025 03:15:00 - 26/12/2025 03:30:00","BZN|FR","Without Sequence","82.89","",""
"26/12/2025 03:30:00 - 26/12/2025 03:45:00","BZN|FR","Without Sequence","78.41","",""
"26/12/2025 03:45:00 - 26/12/2025 04:00:00","BZN|FR","Without Sequence","74.47","",""
"26/12/2025 04:00:00 - 26/12/2025 04:15:00","BZN|FR","Without Sequence","75.10","",""
"26/12/2025 04:15:00 - 26/12/2025 04:30:00","BZN|FR","Without Sequence","71.41","",""
"26/12/2025 04:30:00 - 26/12/2025 04:45:00","BZN|FR","Without Sequence","72.82","",""
"26/12/2025 04:45:00 - 26/12/2025 05:00:00","BZN|FR","Without Sequence","69.91","",""
"26/12/2025 05:00:00 - 26/12/2025 05:15:00","BZN|FR","Without Sequence","69.91","",""
"26/12/2025 05:15:00 - 26/12/2025 05:30:00","BZN|FR","Without Sequence","71.50","",""
"26/12/2025 05:30:00 - 26/12/2025 05:45:00","BZN|FR","Without Sequence","75.00","",""
"26/12/2025 05:45:00 - 26/12/2025 06:00:00","BZN|FR","Without Sequence","75.75","",""
"26/12/2025 06:00:00 - 26/12/2025 06:15:00","BZN|FR","Without Sequence","75.37","",""
"26/12/2025 06:15:00 - 26/12/2025 06:30:00","BZN|FR","Without Sequence","81.00","",""
"26/12/2025 06:30:00 - 26/12/2025 06:45:00","BZN|FR","Without Sequence","85.00","",""
"26/12/2025 06:45:00 - 26/12/2025 07:00:00","BZN|FR","Without Sequence","89.50","",""
"26/12/2025 07:00:00 - 26/12/2025 07:15:00","BZN|FR","Without Sequence","86.82","",""
"26/12/2025 07:15:00 - 26/12/2025 07:30:00","BZN|FR","Without Sequence","91.00","",""
"26/12/2025 07:30:00 - 26/12/2025 07:45:00","BZN|FR","Without Sequence","91.70","",""
"26/12/2025 07:45:00 - 26/12/2025 08:00:00","BZN|FR","Without Sequence","93.91","",""
"26/12/2025 08:00:00 - 26/12/2025 08:15:00","BZN|FR","Without Sequence","91.22","",""
"26/12/2025 08:15:00 - 26/12/2025 08:30:00","BZN|FR","Without Sequence","91.94","",""
"26/12/2025 08:30:00 - 26/12/2025 08:45:00","BZN|FR","Without Sequence","92.96","",""
"26/12/2025 08:45:00 - 26/12/2025 09:00:00","BZN|FR","Without Sequence","95.64","",""
"26/12/2025 09:00:00 - 26/12/2025 09:15:00","BZN|FR","Without Sequence","99.73","",""
"26/12/2025 09:15:00 - 26/12/2025 09:30:00","BZN|FR","Without Sequence","95.85","",""
"26/12/2025 09:30:00 - 26/12/2025 09:45:00","BZN|FR","Without Sequence","91.94","",""
"26/12/2025 09:45:00 - 26/12/2025 10:00:00","BZN|FR","Without Sequence","85.23","",""
"26/12/2025 10:00:00 - 26/12/2025 10:15:00","BZN|FR","Without Sequence","96.00","",""
"26/12/2025 10:15:00 - 26/12/2025 10:30:00","BZN|FR","Without Sequence","91.22","",""
"26/12/2025 10:30:00 - 26/12/2025 10:45:00","BZN|FR","Without Sequence","86.90","",""
"26/12/2025 10:45:00 - 26/12/2025 11:00:00","BZN|FR","Without Sequence","82.88","",""
"26/12/2025 11:00:00 - 26/12/2025 11:15:00","BZN|FR","Without Sequence","89.00","",""
"26/12/2025 11:15:00 - 26/12/2025 11:30:00","BZN|FR","Without Sequence","85.28","",""
"26/12/2025 11:30:00 - 26/12/2025 11:45:00","BZN|FR","Without Sequence","83.71","",""
"26/12/2025 11:45:00 - 26/12/2025 12:00:00","BZN|FR","Without Sequence","81.98","",""
"26/12/2025 12:00:00 - 26/12/2025 12:15:00","BZN|FR","Without Sequence","83.11","",""
"26/12/2025 12:15:00 - 26/12/2025 12:30:00","BZN|FR","Without Sequence","82.00","",""
"26/12/2025 12:30:00 - 26/12/2025 12:45:00","BZN|FR","Without Sequence","81.83","",""
"26/12/2025 12:45:00 - 26/12/2025 13:00:00","BZN|FR","Without Sequence","82.31","",""
"26/12/2025 13:00:00 - 26/12/2025 13:15:00","BZN|FR","Without Sequence","80.00","",""
"26/12/2025 13:15:00 - 26/12/2025 13:30:00","BZN|FR","Without Sequence","80.68","",""
"26/12/2025 13:30:00 - 26/12/2025 13:45:00","BZN|FR","Without Sequence","80.64","",""
"26/12/2025 13:45:00 - 26/12/2025 14:00:00","BZN|FR","Without Sequence","80.00","",""
"26/12/2025 14:00:00 - 26/12/2025 14:15:00","BZN|FR","Without Sequence","75.00","",""
"26/12/2025 14:15:00 - 26/12/2025 14:30:00","BZN|FR","Without Sequence","76.11","",""
"26/12/2025 14:30:00 - 26/12/2025 14:45:00","BZN|FR","Without Sequence","79.01","",""
"26/12/2025 14:45:00 - 26/12/2025 15:00:00","BZN|FR","Without Sequence","80.00","",""
"26/12/2025 15:00:00 - 26/12/2025 15:15:00","BZN|FR","Without Sequence","73.88","",""
"26/12/2025 15:15:00 - 26/12/2025 15:30:00","BZN|FR","Without Sequence","76.00","",""
"26/12/2025 15:30:00 - 26/12/2025 15:45:00","BZN|FR","Without Sequence","77.78","",""
"26/12/2025 15:45:00 - 26/12/2025 16:00:00","BZN|FR","Without Sequence","84.79","",""
"26/12/2025 16:00:00 - 26/12/2025 16:15:00","BZN|FR","Without Sequence","78.95","",""
"26/12/2025 16:15:00 - 26/12/2025 16:30:00","BZN|FR","Without Sequence","84.87","",""
"26/12/2025 16:30:00 - 26/12/2025 16:45:00","BZN|FR","Without Sequence","85.00","",""
"26/12/2025 16:45:00 - 26/12/2025 17:00:00","BZN|FR","Without Sequence","91.20","",""
"26/12/2025 17:00:00 - 26/12/2025 17:15:00","BZN|FR","Without Sequence","85.00","",""
"26/12/2025 17:15:00 - 26/12/2025 17:30:00","BZN|FR","Without Sequence","91.20","",""
"26/12/2025 17:30:00 - 26/12/2025 17:45:00","BZN|FR","Without Sequence","95.96","",""
"26/12/2025 17:45:00 - 26/12/2025 18:00:00","BZN|FR","Without Sequence","101.69","",""
"26/12/2025 18:00:00 - 26/12/2025 18:15:00","BZN|FR","Without Sequence","92.82","",""
"26/12/2025 18:15:00 - 26/12/2025 18:30:00","BZN|FR","Without Sequence","100.00","",""
"26/12/2025 18:30:00 - 26/12/2025 18:45:00","BZN|FR","Without Sequence","100.75","",""
"26/12/2025 18:45:00 - 26/12/2025 19:00:00","BZN|FR","Without Sequence","103.11","",""
"26/12/2025 19:00:00 - 26/12/2025 19:15:00","BZN|FR","Without Sequence","97.46","",""
"26/12/2025 19:15:00 - 26/12/2025 19:30:00","BZN|FR","Without Sequence","100.73","",""
"26/12/2025 19:30:00 - 26/12/2025 19:45:00","BZN|FR","Without Sequence","100.18","",""
"26/12/2025 19:45:00 - 26/12/2025 20:00:00","BZN|FR","Without Sequence","98.13","",""
"26/12/2025 20:00:00 - 26/12/2025 20:15:00","BZN|FR","Without Sequence","98.02","",""
"26/12/2025 20:15:00 - 26/12/2025 20:30:00","BZN|FR","Without Sequence","92.97","",""
"26/12/2025 20:30:00 - 26/12/2025 20:45:00","BZN|FR","Without Sequence","87.93","",""
"26/12/2025 20:45:00 - 26/12/2025 21:00:00","BZN|FR","Without Sequence","95.05","",""
"26/12/2025 21:00:00 - 26/12/2025 21:15:00","BZN|FR","Without Sequence","90.00","",""
"26/12/2025 21:15:00 - 26/12/2025 21:30:00","BZN|FR","Without Sequence","90.29","",""
"26/12/2025 21:30:00 - 26/12/2025 21:45:00","BZN|FR","Without Sequence","91.23","",""
"26/12/2025 21:45:00 - 26/12/2025 22:00:00","BZN|FR","Without Sequence","92.44","",""
"26/12/2025 22:00:00 - 26/12/2025 22:15:00","BZN|FR","Without Sequence","79.24","",""
"26/12/2025 22:15:00 - 26/12/2025 22:30:00","BZN|FR","Without Sequence","97.50","",""
"26/12/2025 22:30:00 - 26/12/2025 22:45:00","BZN|FR","Without Sequence","100.01","",""
"26/12/2025 22:45:00 - 26/12/2025 23:00:00","BZN|FR","Without Sequence","96.49","",""
"26/12/2025 23:00:00 - 26/12/2025 23:15:00","BZN|FR","Without Sequence","94.36","",""
"26/12/2025 23:15:00 - 26/12/2025 23:30:00","BZN|FR","Without Sequence","91.22","",""
"26/12/2025 23:30:00 - 26/12/2025 23:45:00","BZN|FR","Without Sequence","91.20","",""
"26/12/2025 23:45:00 - 27/12/2025 00:00:00","BZN|FR","Without Sequence","88.27","",""
"27/12/2025 00:00:00 - 27/12/2025 00:15:00","BZN|FR","Without Sequence","101.54","",""
"27/12/2025 00:15:00 - 27/12/2025 00:30:00","BZN|FR","Without Sequence","96.50","",""
"27/12/2025 00:30:00 - 27/12/2025 00:45:00","BZN|FR","Without Sequence","87.63","",""
"27/12/2025 00:45:00 - 27/12/2025 01:00:00","BZN|FR","Without Sequence","83.69","",""
"27/12/2025 01:00:00 - 27/12/2025 01:15:00","BZN|FR","Without Sequence","92.02","",""
"27/12/2025 01:15:00 - 27/12/2025 01:30:00","BZN|FR","Without Sequence","88.10","",""
"27/12/2025 01:30:00 - 27/12/2025 01:45:00","BZN|FR","Without Sequence","87.58","",""
"27/12/2025 01:45:00 - 27/12/2025 02:00:00","BZN|FR","Without Sequence","84.61","",""
"27/12/2025 02:00:00 - 27/12/2025 02:15:00","BZN|FR","Without Sequence","88.61","",""
"27/12/2025 02:15:00 - 27/12/2025 02:30:00","BZN|FR","Without Sequence","82.81","",""
"27/12/2025 02:30:00 - 27/12/2025 02:45:00","BZN|FR","Without Sequence","75.78","",""
"27/12/2025 02:45:00 - 27/12/2025 03:00:00","BZN|FR","Without Sequence","74.90","",""
"27/12/2025 03:00:00 - 27/12/2025 03:15:00","BZN|FR","Without Sequence","74.84","",""
"27/12/2025 03:15:00 - 27/12/2025 03:30:00","BZN|FR","Without Sequence","70.23","",""
"27/12/2025 03:30:00 - 27/12/2025 03:45:00","BZN|FR","Without Sequence","69.77","",""
"27/12/2025 03:45:00 - 27/12/2025 04:00:00","BZN|FR","Without Sequence","69.01","",""
"27/12/2025 04:00:00 - 27/12/2025 04:15:00","BZN|FR","Without Sequence","70.02","",""
"27/12/2025 04:15:00 - 27/12/2025 04:30:00","BZN|FR","Without Sequence","69.40","",""
"27/12/2025 04:30:00 - 27/12/2025 04:45:00","BZN|FR","Without Sequence","69.14","",""
"27/12/2025 04:45:00 - 27/12/2025 05:00:00","BZN|FR","Without Sequence","68.88","",""
"27/12/2025 05:00:00 - 27/12/2025 05:15:00","BZN|FR","Without Sequence","69.14","",""
"27/12/2025 05:15:00 - 27/12/2025 05:30:00","BZN|FR","Without Sequence","68.88","",""
"27/12/2025 05:30:00 - 27/12/2025 05:45:00","BZN|FR","Without Sequence","68.88","",""
"27/12/2025 05:45:00 - 27/12/2025 06:00:00","BZN|FR","Without Sequence","68.88","",""
"27/12/2025 06:00:00 - 27/12/2025 06:15:00","BZN|FR","Without Sequence","69.01","",""
"27/12/2025 06:15:00 - 27/12/2025 06:30:00","BZN|FR","Without Sequence","69.01","",""
"27/12/2025 06:30:00 - 27/12/2025 06:45:00","BZN|FR","Without Sequence","69.27","",""
"27/12/2025 06:45:00 - 27/12/2025 07:00:00","BZN|FR","Without Sequence","69.40","",""
"27/12/2025 07:00:00 - 27/12/2025 07:15:00","BZN|FR","Without Sequence","70.00","",""
"27/12/2025 07:15:00 - 27/12/2025 07:30:00","BZN|FR","Without Sequence","70.23","",""
"27/12/2025 07:30:00 - 27/12/2025 07:45:00","BZN|FR","Without Sequence","74.90","",""
"27/12/2025 07:45:00 - 27/12/2025 08:00:00","BZN|FR","Without Sequence","74.90","",""
"27/12/2025 08:00:00 - 27/12/2025 08:15:00","BZN|FR","Without Sequence","84.30","",""
"27/12/2025 08:15:00 - 27/12/2025 08:30:00","BZN|FR","Without Sequence","87.50","",""
"27/12/2025 08:30:00 - 27/12/2025 08:45:00","BZN|FR","Without Sequence","88.10","",""
"27/12/2025 08:45:00 - 27/12/2025 09:00:00","BZN|FR","Without Sequence","87.27","",""
"27/12/2025 09:00:00 - 27/12/2025 09:15:00","BZN|FR","Without Sequence","97.41","",""
"27/12/2025 09:15:00 - 27/12/2025 09:30:00","BZN|FR","Without Sequence","92.31","",""
"27/12/2025 09:30:00 - 27/12/2025 09:45:00","BZN|FR","Without Sequence","87.84","",""
"27/12/2025 09:45:00 - 27/12/2025 10:00:00","BZN|FR","Without Sequence","74.90","",""
"27/12/2025 10:00:00 - 27/12/2025 10:15:00","BZN|FR","Without Sequence","92.90","",""
"27/12/2025 10:15:00 - 27/12/2025 10:30:00","BZN|FR","Without Sequence","76.99","",""
"27/12/2025 10:30:00 - 27/12/2025 10:45:00","BZN|FR","Without Sequence","71.15","",""
"27/12/2025 10:45:00 - 27/12/2025 11:00:00","BZN|FR","Without Sequence","69.27","",""
"27/12/2025 11:00:00 - 27/12/2025 11:15:00","BZN|FR","Without Sequence","73.06","",""
"27/12/2025 11:15:00 - 27/12/2025 11:30:00","BZN|FR","Without Sequence","70.48","",""
"27/12/2025 11:30:00 - 27/12/2025 11:45:00","BZN|FR","Without Sequence","70.72","",""
"27/12/2025 11:45:00 - 27/12/2025 12:00:00","BZN|FR","Without Sequence","70.00","",""
"27/12/2025 12:00:00 - 27/12/2025 12:15:00","BZN|FR","Without Sequence","68.62","",""
"27/12/2025 12:15:00 - 27/12/2025 12:30:00","BZN|FR","Without Sequence","70.12","",""
"27/12/2025 12:30:00 - 27/12/2025 12:45:00","BZN|FR","Without Sequence","74.43","",""
"27/12/2025 12:45:00 - 27/12/2025 13:00:00","BZN|FR","Without Sequence","75.07","",""
"27/12/2025 13:00:00 - 27/12/2025 13:15:00","BZN|FR","Without Sequence","69.01","",""
"27/12/2025 13:15:00 - 27/12/2025 13:30:00","BZN|FR","Without Sequence","69.01","",""
"27/12/2025 13:30:00 - 27/12/2025 13:45:00","BZN|FR","Without Sequence","68.75","",""
"27/12/2025 13:45:00 - 27/12/2025 14:00:00","BZN|FR","Without Sequence","69.77","",""
"27/12/2025 14:00:00 - 27/12/2025 14:15:00","BZN|FR","Without Sequence","68.88","",""
"27/12/2025 14:15:00 - 27/12/2025 14:30:00","BZN|FR","Without Sequence","69.27","",""
"27/12/2025 14:30:00 - 27/12/2025 14:45:00","BZN|FR","Without Sequence","69.27","",""
"27/12/2025 14:45:00 - 27/12/2025 15:00:00","BZN|FR","Without Sequence","70.00","",""
"27/12/2025 15:00:00 - 27/12/2025 15:15:00","BZN|FR","Without Sequence","69.35","",""
"27/12/2025 15:15:00 - 27/12/2025 15:30:00","BZN|FR","Without Sequence","69.40","",""
"27/12/2025 15:30:00 - 27/12/2025 15:45:00","BZN|FR","Without Sequence","69.77","",""
"27/12/2025 15:45:00 - 27/12/2025 16:00:00","BZN|FR","Without Sequence","71.45","",""
"27/12/2025 16:00:00 - 27/12/2025 16:15:00","BZN|FR","Without Sequence","73.91","",""
"27/12/2025 16:15:00 - 27/12/2025 16:30:00","BZN|FR","Without Sequence","79.54","",""
"27/12/2025 16:30:00 - 27/12/2025 16:45:00","BZN|FR","Without Sequence","84.97","",""
"27/12/2025 16:45:00 - 27/12/2025 17:00:00","BZN|FR","Without Sequence","89.49","",""
"27/12/2025 17:00:00 - 27/12/2025 17:15:00","BZN|FR","Without Sequence","87.11","",""
"27/12/2025 17:15:00 - 27/12/2025 17:30:00","BZN|FR","Without Sequence","88.79","",""
"27/12/2025 17:30:00 - 27/12/2025 17:45:00","BZN|FR","Without Sequence","92.74","",""
"27/12/2025 17:45:00 - 27/12/2025 18:00:00","BZN|FR","Without Sequence","95.99","",""
"27/12/2025 18:00:00 - 27/12/2025 18:15:00","BZN|FR","Without Sequence","92.78","",""
"27/12/2025 18:15:00 - 27/12/2025 18:30:00","BZN|FR","Without Sequence","96.00","",""
"27/12/2025 18:30:00 - 27/12/2025 18:45:00","BZN|FR","Without Sequence","99.00","",""
"27/12/2025 18:45:00 - 27/12/2025 19:00:00","BZN|FR","Without Sequence","98.50","",""
"27/12/2025 19:00:00 - 27/12/2025 19:15:00","BZN|FR","Without Sequence","95.00","",""
"27/12/2025 19:15:00 - 27/12/2025 19:30:00","BZN|FR","Without Sequence","98.59","",""
"27/12/2025 19:30:00 - 27/12/2025 19:45:00","BZN|FR","Without Sequence","100.01","",""
"27/12/2025 19:45:00 - 27/12/2025 20:00:00","BZN|FR","Without Sequence","100.00","",""
"27/12/2025 20:00:00 - 27/12/2025 20:15:00","BZN|FR","Without Sequence","91.96","",""
"27/12/2025 20:15:00 - 27/12/2025 20:30:00","BZN|FR","Without Sequence","92.57","",""
"27/12/2025 20:30:00 - 27/12/2025 20:45:00","BZN|FR","Without Sequence","92.00","",""
"27/12/2025 20:45:00 - 27/12/2025 21:00:00","BZN|FR","Without Sequence","90.53","",""
"27/12/2025 21:00:00 - 27/12/2025 21:15:00","BZN|FR","Without Sequence","88.04","",""
"27/12/2025 21:15:00 - 27/12/2025 21:30:00","BZN|FR","Without Sequence","87.50","",""
"27/12/2025 21:30:00 - 27/12/2025 21:45:00","BZN|FR","Without Sequence","86.50","",""
"27/12/2025 21:45:00 - 27/12/2025 22:00:00","BZN|FR","Without Sequence","84.79","",""
"27/12/2025 22:00:00 - 27/12/2025 22:15:00","BZN|FR","Without Sequence","85.00","",""
"27/12/2025 22:15:00 - 27/12/2025 22:30:00","BZN|FR","Without Sequence","87.25","",""
"27/12/2025 22:30:00 - 27/12/2025 22:45:00","BZN|FR","Without Sequence","88.10","",""
"27/12/2025 22:45:00 - 27/12/2025 23:00:00","BZN|FR","Without Sequence","86.16","",""
"27/12/2025 23:00:00 - 27/12/2025 23:15:00","BZN|FR","Without Sequence","86.46","",""
"27/12/2025 23:15:00 - 27/12/2025 23:30:00","BZN|FR","Without Sequence","82.38","",""
"27/12/2025 23:30:00 - 27/12/2025 23:45:00","BZN|FR","Without Sequence","84.98","",""
"27/12/2025 23:45:00 - 28/12/2025 00:00:00","BZN|FR","Without Sequence","74.90","",""
"28/12/2025 00:00:00 - 28/12/2025 00:15:00","BZN|FR","Without Sequence","93.88","",""
"28/12/2025 00:15:00 - 28/12/2025 00:30:00","BZN|FR","Without Sequence","89.72","",""
"28/12/2025 00:30:00 - 28/12/2025 00:45:00","BZN|FR","Without Sequence","83.81","",""
"28/12/2025 00:45:00 - 28/12/2025 01:00:00","BZN|FR","Without Sequence","75.30","",""
"28/12/2025 01:00:00 - 28/12/2025 01:15:00","BZN|FR","Without Sequence","91.22","",""
"28/12/2025 01:15:00 - 28/12/2025 01:30:00","BZN|FR","Without Sequence","85.54","",""
"28/12/2025 01:30:00 - 28/12/2025 01:45:00","BZN|FR","Without Sequence","82.58","",""
"28/12/2025 01:45:00 - 28/12/2025 02:00:00","BZN|FR","Without Sequence","76.85","",""
"28/12/2025 02:00:00 - 28/12/2025 02:15:00","BZN|FR","Without Sequence","86.04","",""
"28/12/2025 02:15:00 - 28/12/2025 02:30:00","BZN|FR","Without Sequence","80.96","",""
"28/12/2025 02:30:00 - 28/12/2025 02:45:00","BZN|FR","Without Sequence","76.19","",""
"28/12/2025 02:45:00 - 28/12/2025 03:00:00","BZN|FR","Without Sequence","67.72","",""
"28/12/2025 03:00:00 - 28/12/2025 03:15:00","BZN|FR","Without Sequence","76.81","",""
"28/12/2025 03:15:00 - 28/12/2025 03:30:00","BZN|FR","Without Sequence","72.83","",""
"28/12/2025 03:30:00 - 28/12/2025 03:45:00","BZN|FR","Without Sequence","71.96","",""
"28/12/2025 03:45:00 - 28/12/2025 04:00:00","BZN|FR","Without Sequence","64.40","",""
"28/12/2025 04:00:00 - 28/12/2025 04:15:00","BZN|FR","Without Sequence","73.83","",""
"28/12/2025 04:15:00 - 28/12/2025 04:30:00","BZN|FR","Without Sequence","66.75","",""
"28/12/2025 04:30:00 - 28/12/2025 04:45:00","BZN|FR","Without Sequence","67.73","",""
"28/12/2025 04:45:00 - 28/12/2025 05:00:00","BZN|FR","Without Sequence","56.62","",""
"28/12/2025 05:00:00 - 28/12/2025 05:15:00","BZN|FR","Without Sequence","73.18","",""
"28/12/2025 05:15:00 - 28/12/2025 05:30:00","BZN|FR","Without Sequence","69.49","",""
"28/12/2025 05:30:00 - 28/12/2025 05:45:00","BZN|FR","Without Sequence","67.63","",""
"28/12/2025 05:45:00 - 28/12/2025 06:00:00","BZN|FR","Without Sequence","60.00","",""
"28/12/2025 06:00:00 - 28/12/2025 06:15:00","BZN|FR","Without Sequence","69.94","",""
"28/12/2025 06:15:00 - 28/12/2025 06:30:00","BZN|FR","Without Sequence","67.85","",""
"28/12/2025 06:30:00 - 28/12/2025 06:45:00","BZN|FR","Without Sequence","72.18","",""
"28/12/2025 06:45:00 - 28/12/2025 07:00:00","BZN|FR","Without Sequence","74.42","",""
"28/12/2025 07:00:00 - 28/12/2025 07:15:00","BZN|FR","Without Sequence","69.14","",""
"28/12/2025 07:15:00 - 28/12/2025 07:30:00","BZN|FR","Without Sequence","70.96","",""
"28/12/2025 07:30:00 - 28/12/2025 07:45:00","BZN|FR","Without Sequence","69.40","",""
"28/12/2025 07:45:00 - 28/12/2025 08:00:00","BZN|FR","Without Sequence","73.00","",""
"28/12/2025 08:00:00 - 28/12/2025 08:15:00","BZN|FR","Without Sequence","74.70","",""
"28/12/2025 08:15:00 - 28/12/2025 08:30:00","BZN|FR","Without Sequence","78.74","",""
"28/12/2025 08:30:00 - 28/12/2025 08:45:00","BZN|FR","Without Sequence","81.69","",""
"28/12/2025 08:45:00 - 28/12/2025 09:00:00","BZN|FR","Without Sequence","83.02","",""
"28/12/2025 09:00:00 - 28/12/2025 09:15:00","BZN|FR","Without Sequence","92.83","",""
"28/12/2025 09:15:00 - 28/12/2025 09:30:00","BZN|FR","Without Sequence","86.94","",""
"28/12/2025 09:30:00 - 28/12/2025 09:45:00","BZN|FR","Without Sequence","81.47","",""
"28/12/2025 09:45:00 - 28/12/2025 10:00:00","BZN|FR","Without Sequence","73.58","",""
"28/12/2025 10:00:00 - 28/12/2025 10:15:00","BZN|FR","Without Sequence","89.70","",""
"28/12/2025 10:15:00 - 28/12/2025 10:30:00","BZN|FR","Without Sequence","82.99","",""
"28/12/2025 10:30:00 - 28/12/2025 10:45:00","BZN|FR","Without Sequence","78.74","",""
"28/12/2025 10:45:00 - 28/12/2025 11:00:00","BZN|FR","Without Sequence","69.69","",""
"28/12/2025 11:00:00 - 28/12/2025 11:15:00","BZN|FR","Without Sequence","70.65","",""
"28/12/2025 11:15:00 - 28/12/2025 11:30:00","BZN|FR","Without Sequence","71.17","",""
"28/12/2025 11:30:00 - 28/12/2025 11:45:00","BZN|FR","Without Sequence","75.01","",""
"28/12/2025 11:45:00 - 28/12/2025 12:00:00","BZN|FR","Without Sequence","72.65","",""
"28/12/2025 12:00:00 - 28/12/2025 12:15:00","BZN|FR","Without Sequence","80.42","",""
"28/12/2025 12:15:00 - 28/12/2025 12:30:00","BZN|FR","Without Sequence","78.74","",""
"28/12/2025 12:30:00 - 28/12/2025 12:45:00","BZN|FR","Without Sequence","79.55","",""
"28/12/2025 12:45:00 - 28/12/2025 13:00:00","BZN|FR","Without Sequence","79.09","",""
"28/12/2025 13:00:00 - 28/12/2025 13:15:00","BZN|FR","Without Sequence","76.60","",""
"28/12/2025 13:15:00 - 28/12/2025 13:30:00","BZN|FR","Without Sequence","77.72","",""
"28/12/2025 13:30:00 - 28/12/2025 13:45:00","BZN|FR","Without Sequence","72.95","",""
"28/12/2025 13:45:00 - 28/12/2025 14:00:00","BZN|FR","Without Sequence","77.31","",""
"28/12/2025 14:00:00 - 28/12/2025 14:15:00","BZN|FR","Without Sequence","74.67","",""
"28/12/2025 14:15:00 - 28/12/2025 14:30:00","BZN|FR","Without Sequence","78.74","",""
"28/12/2025 14:30:00 - 28/12/2025 14:45:00","BZN|FR","Without Sequence","77.93","",""
"28/12/2025 14:45:00 - 28/12/2025 15:00:00","BZN|FR","Without Sequence","81.00","",""
"28/12/2025 15:00:00 - 28/12/2025 15:15:00","BZN|FR","Without Sequence","78.74","",""
"28/12/2025 15:15:00 - 28/12/2025 15:30:00","BZN|FR","Without Sequence","81.69","",""
"28/12/2025 15:30:00 - 28/12/2025 15:45:00","BZN|FR","Without Sequence","81.69","",""
"28/12/2025 15:45:00 - 28/12/2025 16:00:00","BZN|FR","Without Sequence","87.61","",""
"28/12/2025 16:00:00 - 28/12/2025 16:15:00","BZN|FR","Without Sequence","81.69","",""
"28/12/2025 16:15:00 - 28/12/2025 16:30:00","BZN|FR","Without Sequence","90.32","",""
"28/12/2025 16:30:00 - 28/12/2025 16:45:00","BZN|FR","Without Sequence","95.96","",""
"28/12/2025 16:45:00 - 28/12/2025 17:00:00","BZN|FR","Without Sequence","97.78","",""
"28/12/2025 17:00:00 - 28/12/2025 17:15:00","BZN|FR","Without Sequence","95.93","",""
"28/12/2025 17:15:00 - 28/12/2025 17:30:00","BZN|FR","Without Sequence","97.94","",""
"28/12/2025 17:30:00 - 28/12/2025 17:45:00","BZN|FR","Without Sequence","98.94","",""
"28/12/2025 17:45:00 - 28/12/2025 18:00:00","BZN|FR","Without Sequence","101.41","",""
"28/12/2025 18:00:00 - 28/12/2025 18:15:00","BZN|FR","Without Sequence","98.46","",""
"28/12/2025 18:15:00 - 28/12/2025 18:30:00","BZN|FR","Without Sequence","100.94","",""
"28/12/2025 18:30:00 - 28/12/2025 18:45:00","BZN|FR","Without Sequence","105.00","",""
"28/12/2025 18:45:00 - 28/12/2025 19:00:00","BZN|FR","Without Sequence","107.78","",""
"28/12/2025 19:00:00 - 28/12/2025 19:15:00","BZN|FR","Without Sequence","103.68","",""
"28/12/2025 19:15:00 - 28/12/2025 19:30:00","BZN|FR","Without Sequence","105.01","",""
"28/12/2025 19:30:00 - 28/12/2025 19:45:00","BZN|FR","Without Sequence","106.38","",""
"28/12/2025 19:45:00 - 28/12/2025 20:00:00","BZN|FR","Without Sequence","105.76","",""
"28/12/2025 20:00:00 - 28/12/2025 20:15:00","BZN|FR","Without Sequence","108.44","",""
"28/12/2025 20:15:00 - 28/12/2025 20:30:00","BZN|FR","Without Sequence","107.00","",""
"28/12/2025 20:30:00 - 28/12/2025 20:45:00","BZN|FR","Without Sequence","103.66","",""
"28/12/2025 20:45:00 - 28/12/2025 21:00:00","BZN|FR","Without Sequence","100.94","",""
"28/12/2025 21:00:00 - 28/12/2025 21:15:00","BZN|FR","Without Sequence","101.08","",""
"28/12/2025 21:15:00 - 28/12/2025 21:30:00","BZN|FR","Without Sequence","100.01","",""
"28/12/2025 21:30:00 - 28/12/2025 21:45:00","BZN|FR","Without Sequence","99.04","",""
"28/12/2025 21:45:00 - 28/12/2025 22:00:00","BZN|FR","Without Sequence","95.98","",""
"28/12/2025 22:00:00 - 28/12/2025 22:15:00","BZN|FR","Without Sequence","100.01","",""
"28/12/2025 22:15:00 - 28/12/2025 22:30:00","BZN|FR","Without Sequence","98.70","",""
"28/12/2025 22:30:00 - 28/12/2025 22:45:00","BZN|FR","Without Sequence","98.22","",""
"28/12/2025 22:45:00 - 28/12/2025 23:00:00","BZN|FR","Without Sequence","96.20","",""
"28/12/2025 23:00:00 - 28/12/2025 23:15:00","BZN|FR","Without Sequence","97.74","",""
"28/12/2025 23:15:00 - 28/12/2025 23:30:00","BZN|FR","Without Sequence","93.69","",""
"28/12/2025 23:30:00 - 28/12/2025 23:45:00","BZN|FR","Without Sequence","89.17","",""
"28/12/2025 23:45:00 - 29/12/2025 00:00:00","BZN|FR","Without Sequence","81.91","",""
"29/12/2025 00:00:00 - 29/12/2025 00:15:00","BZN|FR","Without Sequence","103.06","",""
"29/12/2025 00:15:00 - 29/12/2025 00:30:00","BZN|FR","Without Sequence","94.69","",""
"29/12/2025 00:30:00 - 29/12/2025 00:45:00","BZN|FR","Without Sequence","85.01","",""
"29/12/2025 00:45:00 - 29/12/2025 01:00:00","BZN|FR","Without Sequence","79.07","",""
"29/12/2025 01:00:00 - 29/12/2025 01:15:00","BZN|FR","Without Sequence","93.07","",""
"29/12/2025 01:15:00 - 29/12/2025 01:30:00","BZN|FR","Without Sequence","84.06","",""
"29/12/2025 01:30:00 - 29/12/2025 01:45:00","BZN|FR","Without Sequence","86.59","",""
"29/12/2025 01:45:00 - 29/12/2025 02:00:00","BZN|FR","Without Sequence","85.99","",""
"29/12/2025 02:00:00 - 29/12/2025 02:15:00","BZN|FR","Without Sequence","89.89","",""
"29/12/2025 02:15:00 - 29/12/2025 02:30:00","BZN|FR","Without Sequence","85.28","",""
"29/12/2025 02:30:00 - 29/12/2025 02:45:00","BZN|FR","Without Sequence","81.48","",""
"29/12/2025 02:45:00 - 29/12/2025 03:00:00","BZN|FR","Without Sequence","82.14","",""
"29/12/2025 03:00:00 - 29/12/2025 03:15:00","BZN|FR","Without Sequence","84.38","",""
"29/12/2025 03:15:00 - 29/12/2025 03:30:00","BZN|FR","Without Sequence","82.00","",""
"29/12/2025 03:30:00 - 29/12/2025 03:45:00","BZN|FR","Without Sequence","81.05","",""
"29/12/2025 03:45:00 - 29/12/2025 04:00:00","BZN|FR","Without Sequence","81.33","",""
"29/12/2025 04:00:00 - 29/12/2025 04:15:00","BZN|FR","Without Sequence","81.10","",""
"29/12/2025 04:15:00 - 29/12/2025 04:30:00","BZN|FR","Without Sequence","80.83","",""
"29/12/2025 04:30:00 - 29/12/2025 04:45:00","BZN|FR","Without Sequence","84.79","",""
"29/12/2025 04:45:00 - 29/12/2025 05:00:00","BZN|FR","Without Sequence","88.10","",""
"29/12/2025 05:00:00 - 29/12/2025 05:15:00","BZN|FR","Without Sequence","84.67","",""
"29/12/2025 05:15:00 - 29/12/2025 05:30:00","BZN|FR","Without Sequence","89.00","",""
"29/12/2025 05:30:00 - 29/12/2025 05:45:00","BZN|FR","Without Sequence","92.00","",""
"29/12/2025 05:45:00 - 29/12/2025 06:00:00","BZN|FR","Without Sequence","97.50","",""
"29/12/2025 06:00:00 - 29/12/2025 06:15:00","BZN|FR","Without Sequence","87.64","",""
"29/12/2025 06:15:00 - 29/12/2025 06:30:00","BZN|FR","Without Sequence","95.17","",""
"29/12/2025 06:30:00 - 29/12/2025 06:45:00","BZN|FR","Without Sequence","97.30","",""
"29/12/2025 06:45:00 - 29/12/2025 07:00:00","BZN|FR","Without Sequence","105.22","",""
"29/12/2025 07:00:00 - 29/12/2025 07:15:00","BZN|FR","Without Sequence","96.63","",""
"29/12/2025 07:15:00 - 29/12/2025 07:30:00","BZN|FR","Without Sequence","105.85","",""
"29/12/2025 07:30:00 - 29/12/2025 07:45:00","BZN|FR","Without Sequence","106.62","",""
"29/12/2025 07:45:00 - 29/12/2025 08:00:00","BZN|FR","Without Sequence","109.77","",""
"29/12/2025 08:00:00 - 29/12/2025 08:15:00","BZN|FR","Without Sequence","119.18","",""
"29/12/2025 08:15:00 - 29/12/2025 08:30:00","BZN|FR","Without Sequence","113.83","",""
"29/12/2025 08:30:00 - 29/12/2025 08:45:00","BZN|FR","Without Sequence","112.50","",""
"29/12/2025 08:45:00 - 29/12/2025 09:00:00","BZN|FR","Without Sequence","110.00","",""
"29/12/2025 09:00:00 - 29/12/2025 09:15:00","BZN|FR","Without Sequence","120.05","",""
"29/12/2025 09:15:00 - 29/12/2025 09:30:00","BZN|FR","Without Sequence","112.26","",""
"29/12/2025 09:30:00 - 29/12/2025 09:45:00","BZN|FR","Without Sequence","109.29","",""
"29/12/2025 09:45:00 - 29/12/2025 10:00:00","BZN|FR","Without Sequence","102.25","",""
"29/12/2025 10:00:00 - 29/12/2025 10:15:00","BZN|FR","Without Sequence","109.47","",""
"29/12/2025 10:15:00 - 29/12/2025 10:30:00","BZN|FR","Without Sequence","103.95","",""
"29/12/2025 10:30:00 - 29/12/2025 10:45:00","BZN|FR","Without Sequence","96.34","",""
"29/12/2025 10:45:00 - 29/12/2025 11:00:00","BZN|FR","Without Sequence","86.88","",""
"29/12/2025 11:00:00 - 29/12/2025 11:15:00","BZN|FR","Without Sequence","98.50","",""
"29/12/2025 11:15:00 - 29/12/2025 11:30:00","BZN|FR","Without Sequence","90.17","",""
"29/12/2025 11:30:00 - 29/12/2025 11:45:00","BZN|FR","Without Sequence","91.23","",""
"29/12/2025 11:45:00 - 29/12/2025 12:00:00","BZN|FR","Without Sequence","88.00","",""
"29/12/2025 12:00:00 - 29/12/2025 12:15:00","BZN|FR","Without Sequence","91.92","",""
"29/12/2025 12:15:00 - 29/12/2025 12:30:00","BZN|FR","Without Sequence","88.85","",""
"29/12/2025 12:30:00 - 29/12/2025 12:45:00","BZN|FR","Without Sequence","89.63","",""
"29/12/2025 12:45:00 - 29/12/2025 13:00:00","BZN|FR","Without Sequence","88.57","",""
"29/12/2025 13:00:00 - 29/12/2025 13:15:00","BZN|FR","Without Sequence","90.00","",""
"29/12/2025 13:15:00 - 29/12/2025 13:30:00","BZN|FR","Without Sequence","89.14","",""
"29/12/2025 13:30:00 - 29/12/2025 13:45:00","BZN|FR","Without Sequence","88.00","",""
"29/12/2025 13:45:00 - 29/12/2025 14:00:00","BZN|FR","Without Sequence","91.23","",""
"29/12/2025 14:00:00 - 29/12/2025 14:15:00","BZN|FR","Without Sequence","90.38","",""
"29/12/2025 14:15:00 - 29/12/2025 14:30:00","BZN|FR","Without Sequence","94.27","",""
"29/12/2025 14:30:00 - 29/12/2025 14:45:00","BZN|FR","Without Sequence","97.20","",""
"29/12/2025 14:45:00 - 29/12/2025 15:00:00","BZN|FR","Without Sequence","98.78","",""
"29/12/2025 15:00:00 - 29/12/2025 15:15:00","BZN|FR","Without Sequence","91.29","",""
"29/12/2025 15:15:00 - 29/12/2025 15:30:00","BZN|FR","Without Sequence","93.66","",""
"29/12/2025 15:30:00 - 29/12/2025 15:45:00","BZN|FR","Without Sequence","97.12","",""
"29/12/2025 15:45:00 - 29/12/2025 16:00:00","BZN|FR","Without Sequence","101.00","",""
"29/12/2025 16:00:00 - 29/12/2025 16:15:00","BZN|FR","Without Sequence","96.73","",""
"29/12/2025 16:15:00 - 29/12/2025 16:30:00","BZN|FR","Without Sequence","95.94","",""
"29/12/2025 16:30:00 - 29/12/2025 16:45:00","BZN|FR","Without Sequence","95.71","",""
"29/12/2025 16:45:00 - 29/12/2025 17:00:00","BZN|FR","Without Sequence","99.06","",""
"29/12/2025 17:00:00 - 29/12/2025 17:15:00","BZN|FR","Without Sequence","98.87","",""
"29/12/2025 17:15:00 - 29/12/2025 17:30:00","BZN|FR","Without Sequence","102.47","",""
"29/12/2025 17:30:00 - 29/12/2025 17:45:00","BZN|FR","Without Sequence","108.66","",""
"29/12/2025 17:45:00 - 29/12/2025 18:00:00","BZN|FR","Without Sequence","108.11","",""
"29/12/2025 18:00:00 - 29/12/2025 18:15:00","BZN|FR","Without Sequence","110.25","",""
"29/12/2025 18:15:00 - 29/12/2025 18:30:00","BZN|FR","Without Sequence","108.64","",""
"29/12/2025 18:30:00 - 29/12/2025 18:45:00","BZN|FR","Without Sequence","103.64","",""
"29/12/2025 18:45:00 - 29/12/2025 19:00:00","BZN|FR","Without Sequence","103.08","",""
"29/12/2025 19:00:00 - 29/12/2025 19:15:00","BZN|FR","Without Sequence","108.60","",""
"29/12/2025 19:15:00 - 29/12/2025 19:30:00","BZN|FR","Without Sequence","100.95","",""
"29/12/2025 19:30:00 - 29/12/2025 19:45:00","BZN|FR","Without Sequence","96.24","",""
"29/12/2025 19:45:00 - 29/12/2025 20:00:00","BZN|FR","Without Sequence","93.69","",""
"29/12/2025 20:00:00 - 29/12/2025 20:15:00","BZN|FR","Without Sequence","102.14","",""
"29/12/2025 20:15:00 - 29/12/2025 20:30:00","BZN|FR","Without Sequence","95.81","",""
"29/12/2025 20:30:00 - 29/12/2025 20:45:00","BZN|FR","Without Sequence","91.38","",""
"29/12/2025 20:45:00 - 29/12/2025 21:00:00","BZN|FR","Without Sequence","85.54","",""
"29/12/2025 21:00:00 - 29/12/2025 21:15:00","BZN|FR","Without Sequence","91.69","",""
"29/12/2025 21:15:00 - 29/12/2025 21:30:00","BZN|FR","Without Sequence","87.28","",""
"29/12/2025 21:30:00 - 29/12/2025 21:45:00","BZN|FR","Without Sequence","86.59","",""
"29/12/2025 21:45:00 - 29/12/2025 22:00:00","BZN|FR","Without Sequence","80.81","",""
"29/12/2025 22:00:00 - 29/12/2025 22:15:00","BZN|FR","Without Sequence","93.05","",""
"29/12/2025 22:15:00 - 29/12/2025 22:30:00","BZN|FR","Without Sequence","87.57","",""
"29/12/2025 22:30:00 - 29/12/2025 22:45:00","BZN|FR","Without Sequence","89.14","",""
"29/12/2025 22:45:00 - 29/12/2025 23:00:00","BZN|FR","Without Sequence","86.67","",""
"29/12/2025 23:00:00 - 29/12/2025 23:15:00","BZN|FR","Without Sequence","90.55","",""
"29/12/2025 23:15:00 - 29/12/2025 23:30:00","BZN|FR","Without Sequence","85.68","",""
"29/12/2025 23:30:00 - 29/12/2025 23:45:00","BZN|FR","Without Sequence","83.75","",""
"29/12/2025 23:45:00 - 30/12/2025 00:00:00","BZN|FR","Without Sequence","74.28","",""
"30/12/2025 00:00:00 - 30/12/2025 00:15:00","BZN|FR","Without Sequence","87.16","",""
"30/12/2025 00:15:00 - 30/12/2025 00:30:00","BZN|FR","Without Sequence","81.61","",""
"30/12/2025 00:30:00 - 30/12/2025 00:45:00","BZN|FR","Without Sequence","74.04","",""
"30/12/2025 00:45:00 - 30/12/2025 01:00:00","BZN|FR","Without Sequence","70.38","",""
"30/12/2025 01:00:00 - 30/12/2025 01:15:00","BZN|FR","Without Sequence","77.38","",""
"30/12/2025 01:15:00 - 30/12/2025 01:30:00","BZN|FR","Without Sequence","73.57","",""
"30/12/2025 01:30:00 - 30/12/2025 01:45:00","BZN|FR","Without Sequence","72.86","",""
"30/12/2025 01:45:00 - 30/12/2025 02:00:00","BZN|FR","Without Sequence","72.52","",""
"30/12/2025 02:00:00 - 30/12/2025 02:15:00","BZN|FR","Without Sequence","75.19","",""
"30/12/2025 02:15:00 - 30/12/2025 02:30:00","BZN|FR","Without Sequence","74.73","",""
"30/12/2025 02:30:00 - 30/12/2025 02:45:00","BZN|FR","Without Sequence","71.69","",""
"30/12/2025 02:45:00 - 30/12/2025 03:00:00","BZN|FR","Without Sequence","70.96","",""
"30/12/2025 03:00:00 - 30/12/2025 03:15:00","BZN|FR","Without Sequence","71.80","",""
"30/12/2025 03:15:00 - 30/12/2025 03:30:00","BZN|FR","Without Sequence","70.60","",""
"30/12/2025 03:30:00 - 30/12/2025 03:45:00","BZN|FR","Without Sequence","69.87","",""
"30/12/2025 03:45:00 - 30/12/2025 04:00:00","BZN|FR","Without Sequence","68.78","",""
"30/12/2025 04:00:00 - 30/12/2025 04:15:00","BZN|FR","Without Sequence","70.31","",""
"30/12/2025 04:15:00 - 30/12/2025 04:30:00","BZN|FR","Without Sequence","69.65","",""
"30/12/2025 04:30:00 - 30/12/2025 04:45:00","BZN|FR","Without Sequence","70.40","",""
"30/12/2025 04:45:00 - 30/12/2025 05:00:00","BZN|FR","Without Sequence","69.18","",""
"30/12/2025 05:00:00 - 30/12/2025 05:15:00","BZN|FR","Without Sequence","70.85","",""
"30/12/2025 05:15:00 - 30/12/2025 05:30:00","BZN|FR","Without Sequence","73.89","",""
"30/12/2025 05:30:00 - 30/12/2025 05:45:00","BZN|FR","Without Sequence","70.91","",""
"30/12/2025 05:45:00 - 30/12/2025 06:00:00","BZN|FR","Without Sequence","77.12","",""
"30/12/2025 06:00:00 - 30/12/2025 06:15:00","BZN|FR","Without Sequence","69.14","",""
"30/12/2025 06:15:00 - 30/12/2025 06:30:00","BZN|FR","Without Sequence","78.53","",""
"30/12/2025 06:30:00 - 30/12/2025 06:45:00","BZN|FR","Without Sequence","85.99","",""
"30/12/2025 06:45:00 - 30/12/2025 07:00:00","BZN|FR","Without Sequence","89.26","",""
"30/12/2025 07:00:00 - 30/12/2025 07:15:00","BZN|FR","Without Sequence","81.11","",""
"30/12/2025 07:15:00 - 30/12/2025 07:30:00","BZN|FR","Without Sequence","87.89","",""
"30/12/2025 07:30:00 - 30/12/2025 07:45:00","BZN|FR","Without Sequence","93.24","",""
"30/12/2025 07:45:00 - 30/12/2025 08:00:00","BZN|FR","Without Sequence","90.02","",""
"30/12/2025 08:00:00 - 30/12/2025 08:15:00","BZN|FR","Without Sequence","93.18","",""
"30/12/2025 08:15:00 - 30/12/2025 08:30:00","BZN|FR","Without Sequence","99.00","",""
"30/12/2025 08:30:00 - 30/12/2025 08:45:00","BZN|FR","Without Sequence","95.35","",""
"30/12/2025 08:45:00 - 30/12/2025 09:00:00","BZN|FR","Without Sequence","91.98","",""
"30/12/2025 09:00:00 - 30/12/2025 09:15:00","BZN|FR","Without Sequence","104.60","",""
"30/12/2025 09:15:00 - 30/12/2025 09:30:00","BZN|FR","Without Sequence","99.87","",""
"30/12/2025 09:30:00 - 30/12/2025 09:45:00","BZN|FR","Without Sequence","93.55","",""
"30/12/2025 09:45:00 - 30/12/2025 10:00:00","BZN|FR","Without Sequence","79.55","",""
"30/12/2025 10:00:00 - 30/12/2025 10:15:00","BZN|FR","Without Sequence","96.73","",""
"30/12/2025 10:15:00 - 30/12/2025 10:30:00","BZN|FR","Without Sequence","86.34","",""
"30/12/2025 10:30:00 - 30/12/2025 10:45:00","BZN|FR","Without Sequence","81.14","",""
"30/12/2025 10:45:00 - 30/12/2025 11:00:00","BZN|FR","Without Sequence","79.07","",""
"30/12/2025 11:00:00 - 30/12/2025 11:15:00","BZN|FR","Without Sequence","81.40","",""
"30/12/2025 11:15:00 - 30/12/2025 11:30:00","BZN|FR","Without Sequence","80.23","",""
"30/12/2025 11:30:00 - 30/12/2025 11:45:00","BZN|FR","Without Sequence","79.00","",""
"30/12/2025 11:45:00 - 30/12/2025 12:00:00","BZN|FR","Without Sequence","76.89","",""
"30/12/2025 12:00:00 - 30/12/2025 12:15:00","BZN|FR","Without Sequence","78.97","",""
"30/12/2025 12:15:00 - 30/12/2025 12:30:00","BZN|FR","Without Sequence","76.99","",""
"30/12/2025 12:30:00 - 30/12/2025 12:45:00","BZN|FR","Without Sequence","76.11","",""
"30/12/2025 12:45:00 - 30/12/2025 13:00:00","BZN|FR","Without Sequence","72.55","",""
"30/12/2025 13:00:00 - 30/12/2025 13:15:00","BZN|FR","Without Sequence","72.83","",""
"30/12/2025 13:15:00 - 30/12/2025 13:30:00","BZN|FR","Without Sequence","74.76","",""
"30/12/2025 13:30:00 - 30/12/2025 13:45:00","BZN|FR","Without Sequence","72.18","",""
"30/12/2025 13:45:00 - 30/12/2025 14:00:00","BZN|FR","Without Sequence","72.40","",""
"30/12/2025 14:00:00 - 30/12/2025 14:15:00","BZN|FR","Without Sequence","70.08","",""
"30/12/2025 14:15:00 - 30/12/2025 14:30:00","BZN|FR","Without Sequence","71.53","",""
"30/12/2025 14:30:00 - 30/12/2025 14:45:00","BZN|FR","Without Sequence","73.63","",""
"30/12/2025 14:45:00 - 30/12/2025 15:00:00","BZN|FR","Without Sequence","76.86","",""
"30/12/2025 15:00:00 - 30/12/2025 15:15:00","BZN|FR","Without Sequence","66.73","",""
"30/12/2025 15:15:00 - 30/12/2025 15:30:00","BZN|FR","Without Sequence","76.28","",""
"30/12/2025 15:30:00 - 30/12/2025 15:45:00","BZN|FR","Without Sequence","79.77","",""
"30/12/2025 15:45:00 - 30/12/2025 16:00:00","BZN|FR","Without Sequence","80.62","",""
"30/12/2025 16:00:00 - 30/12/2025 16:15:00","BZN|FR","Without Sequence","80.40","",""
"30/12/2025 16:15:00 - 30/12/2025 16:30:00","BZN|FR","Without Sequence","82.36","",""
"30/12/2025 16:30:00 - 30/12/2025 16:45:00","BZN|FR","Without Sequence","88.34","",""
"30/12/2025 16:45:00 - 30/12/2025 17:00:00","BZN|FR","Without Sequence","97.50","",""
"30/12/2025 17:00:00 - 30/12/2025 17:15:00","BZN|FR","Without Sequence","89.83","",""
"30/12/2025 17:15:00 - 30/12/2025 17:30:00","BZN|FR","Without Sequence","97.50","",""
"30/12/2025 17:30:00 - 30/12/2025 17:45:00","BZN|FR","Without Sequence","103.55","",""
"30/12/2025 17:45:00 - 30/12/2025 18:00:00","BZN|FR","Without Sequence","107.50","",""
"30/12/2025 18:00:00 - 30/12/2025 18:15:00","BZN|FR","Without Sequence","102.20","",""
"30/12/2025 18:15:00 - 30/12/2025 18:30:00","BZN|FR","Without Sequence","105.00","",""
"30/12/2025 18:30:00 - 30/12/2025 18:45:00","BZN|FR","Without Sequence","106.01","",""
"30/12/2025 18:45:00 - 30/12/2025 19:00:00","BZN|FR","Without Sequence","106.38","",""
"30/12/2025 19:00:00 - 30/12/2025 19:15:00","BZN|FR","Without Sequence","106.83","",""
"30/12/2025 19:15:00 - 30/12/2025 19:30:00","BZN|FR","Without Sequence","106.00","",""
"30/12/2025 19:30:00 - 30/12/2025 19:45:00","BZN|FR","Without Sequence","105.23","",""
"30/12/2025 19:45:00 - 30/12/2025 20:00:00","BZN|FR","Without Sequence","105.00","",""
"30/12/2025 20:00:00 - 30/12/2025 20:15:00","BZN|FR","Without Sequence","103.17","",""
"30/12/2025 20:15:00 - 30/12/2025 20:30:00","BZN|FR","Without Sequence","97.96","",""
"30/12/2025 20:30:00 - 30/12/2025 20:45:00","BZN|FR","Without Sequence","97.21","",""
"30/12/2025 20:45:00 - 30/12/2025 21:00:00","BZN|FR","Without Sequence","95.08","",""
"30/12/2025 21:00:00 - 30/12/2025 21:15:00","BZN|FR","Without Sequence","95.14","",""
"30/12/2025 21:15:00 - 30/12/2025 21:30:00","BZN|FR","Without Sequence","92.66","",""
"30/12/2025 21:30:00 - 30/12/2025 21:45:00","BZN|FR","Without Sequence","89.93","",""
"30/12/2025 21:45:00 - 30/12/2025 22:00:00","BZN|FR","Without Sequence","86.34","",""
"30/12/2025 22:00:00 - 30/12/2025 22:15:00","BZN|FR","Without Sequence","101.22","",""
"30/12/2025 22:15:00 - 30/12/2025 22:30:00","BZN|FR","Without Sequence","94.03","",""
"30/12/2025 22:30:00 - 30/12/2025 22:45:00","BZN|FR","Without Sequence","89.53","",""
"30/12/2025 22:45:00 - 30/12/2025 23:00:00","BZN|FR","Without Sequence","83.39","",""
"30/12/2025 23:00:00 - 30/12/2025 23:15:00","BZN|FR","Without Sequence","94.86","",""
"30/12/2025 23:15:00 - 30/12/2025 23:30:00","BZN|FR","Without Sequence","88.45","",""
"30/12/2025 23:30:00 - 30/12/2025 23:45:00","BZN|FR","Without Sequence","82.19","",""
"30/12/2025 23:45:00 - 31/12/2025 00:00:00","BZN|FR","Without Sequence","77.73","",""
"31/12/2025 00:00:00 - 31/12/2025 00:15:00","BZN|FR","Without Sequence","94.87","",""
"31/12/2025 00:15:00 - 31/12/2025 00:30:00","BZN|FR","Without Sequence","90.31","",""
"31/12/2025 00:30:00 - 31/12/2025 00:45:00","BZN|FR","Without Sequence","86.19","",""
"31/12/2025 00:45:00 - 31/12/2025 01:00:00","BZN|FR","Without Sequence","81.27","",""
"31/12/2025 01:00:00 - 31/12/2025 01:15:00","BZN|FR","Without Sequence","90.11","",""
"31/12/2025 01:15:00 - 31/12/2025 01:30:00","BZN|FR","Without Sequence","83.48","",""
"31/12/2025 01:30:00 - 31/12/2025 01:45:00","BZN|FR","Without Sequence","82.73","",""
"31/12/2025 01:45:00 - 31/12/2025 02:00:00","BZN|FR","Without Sequence","81.35","",""
"31/12/2025 02:00:00 - 31/12/2025 02:15:00","BZN|FR","Without Sequence","83.54","",""
"31/12/2025 02:15:00 - 31/12/2025 02:30:00","BZN|FR","Without Sequence","81.06","",""
"31/12/2025 02:30:00 - 31/12/2025 02:45:00","BZN|FR","Without Sequence","79.27","",""
"31/12/2025 02:45:00 - 31/12/2025 03:00:00","BZN|FR","Without Sequence","77.00","",""
"31/12/2025 03:00:00 - 31/12/2025 03:15:00","BZN|FR","Without Sequence","80.00","",""
"31/12/2025 03:15:00 - 31/12/2025 03:30:00","BZN|FR","Without Sequence","76.19","",""
"31/12/2025 03:30:00 - 31/12/2025 03:45:00","BZN|FR","Without Sequence","75.03","",""
"31/12/2025 03:45:00 - 31/12/2025 04:00:00","BZN|FR","Without Sequence","75.10","",""
"31/12/2025 04:00:00 - 31/12/2025 04:15:00","BZN|FR","Without Sequence","74.41","",""
"31/12/2025 04:15:00 - 31/12/2025 04:30:00","BZN|FR","Without Sequence","75.01","",""
"31/12/2025 04:30:00 - 31/12/2025 04:45:00","BZN|FR","Without Sequence","74.71","",""
"31/12/2025 04:45:00 - 31/12/2025 05:00:00","BZN|FR","Without Sequence","75.60","",""
"31/12/2025 05:00:00 - 31/12/2025 05:15:00","BZN|FR","Without Sequence","75.05","",""
"31/12/2025 05:15:00 - 31/12/2025 05:30:00","BZN|FR","Without Sequence","75.62","",""
"31/12/2025 05:30:00 - 31/12/2025 05:45:00","BZN|FR","Without Sequence","78.10","",""
"31/12/2025 05:45:00 - 31/12/2025 06:00:00","BZN|FR","Without Sequence","80.74","",""
"31/12/2025 06:00:00 - 31/12/2025 06:15:00","BZN|FR","Without Sequence","77.82","",""
"31/12/2025 06:15:00 - 31/12/2025 06:30:00","BZN|FR","Without Sequence","82.36","",""
"31/12/2025 06:30:00 - 31/12/2025 06:45:00","BZN|FR","Without Sequence","82.91","",""
"31/12/2025 06:45:00 - 31/12/2025 07:00:00","BZN|FR","Without Sequence","84.64","",""
"31/12/2025 07:00:00 - 31/12/2025 07:15:00","BZN|FR","Without Sequence","84.22","",""
"31/12/2025 07:15:00 - 31/12/2025 07:30:00","BZN|FR","Without Sequence","82.96","",""
"31/12/2025 07:30:00 - 31/12/2025 07:45:00","BZN|FR","Without Sequence","87.37","",""
"31/12/2025 07:45:00 - 31/12/2025 08:00:00","BZN|FR","Without Sequence","92.31","",""
"31/12/2025 08:00:00 - 31/12/2025 08:15:00","BZN|FR","Without Sequence","94.87","",""
"31/12/2025 08:15:00 - 31/12/2025 08:30:00","BZN|FR","Without Sequence","98.39","",""
"31/12/2025 08:30:00 - 31/12/2025 08:45:00","BZN|FR","Without Sequence","97.10","",""
"31/12/2025 08:45:00 - 31/12/2025 09:00:00","BZN|FR","Without Sequence","96.91","",""
"31/12/2025 09:00:00 - 31/12/2025 09:15:00","BZN|FR","Without Sequence","107.58","",""
"31/12/2025 09:15:00 - 31/12/2025 09:30:00","BZN|FR","Without Sequence","101.71","",""
"31/12/2025 09:30:00 - 31/12/2025 09:45:00","BZN|FR","Without Sequence","96.01","",""
"31/12/2025 09:45:00 - 31/12/2025 10:00:00","BZN|FR","Without Sequence","86.11","",""
"31/12/2025 10:00:00 - 31/12/2025 10:15:00","BZN|FR","Without Sequence","100.96","",""
"31/12/2025 10:15:00 - 31/12/2025 10:30:00","BZN|FR","Without Sequence","89.82","",""
"31/12/2025 10:30:00 - 31/12/2025 10:45:00","BZN|FR","Without Sequence","87.24","",""
"31/12/2025 10:45:00 - 31/12/2025 11:00:00","BZN|FR","Without Sequence","82.74","",""
"31/12/2025 11:00:00 - 31/12/2025 11:15:00","BZN|FR","Without Sequence","87.93","",""
"31/12/2025 11:15:00 - 31/12/2025 11:30:00","BZN|FR","Without Sequence","83.93","",""
"31/12/2025 11:30:00 - 31/12/2025 11:45:00","BZN|FR","Without Sequence","82.06","",""
"31/12/2025 11:45:00 - 31/12/2025 12:00:00","BZN|FR","Without Sequence","80.00","",""
"31/12/2025 12:00:00 - 31/12/2025 12:15:00","BZN|FR","Without Sequence","83.30","",""
"31/12/2025 12:15:00 - 31/12/2025 12:30:00","BZN|FR","Without Sequence","82.00","",""
"31/12/2025 12:30:00 - 31/12/2025 12:45:00","BZN|FR","Without Sequence","82.00","",""
"31/12/2025 12:45:00 - 31/12/2025 13:00:00","BZN|FR","Without Sequence","84.89","",""
"31/12/2025 13:00:00 - 31/12/2025 13:15:00","BZN|FR","Without Sequence","83.10","",""
"31/12/2025 13:15:00 - 31/12/2025 13:30:00","BZN|FR","Without Sequence","84.14","",""
"31/12/2025 13:30:00 - 31/12/2025 13:45:00","BZN|FR","Without Sequence","85.00","",""
"31/12/2025 13:45:00 - 31/12/2025 14:00:00","BZN|FR","Without Sequence","88.44","",""
"31/12/2025 14:00:00 - 31/12/2025 14:15:00","BZN|FR","Without Sequence","83.04","",""
"31/12/2025 14:15:00 - 31/12/2025 14:30:00","BZN|FR","Without Sequence","86.61","",""
"31/12/2025 14:30:00 - 31/12/2025 14:45:00","BZN|FR","Without Sequence","86.77","",""
"31/12/2025 14:45:00 - 31/12/2025 15:00:00","BZN|FR","Without Sequence","93.96","",""
"31/12/2025 15:00:00 - 31/12/2025 15:15:00","BZN|FR","Without Sequence","86.58","",""
"31/12/2025 15:15:00 - 31/12/2025 15:30:00","BZN|FR","Without Sequence","92.20","",""
"31/12/2025 15:30:00 - 31/12/2025 15:45:00","BZN|FR","Without Sequence","95.78","",""
"31/12/2025 15:45:00 - 31/12/2025 16:00:00","BZN|FR","Without Sequence","103.10","",""
"31/12/2025 16:00:00 - 31/12/2025 16:15:00","BZN|FR","Without Sequence","94.02","",""
"31/12/2025 16:15:00 - 31/12/2025 16:30:00","BZN|FR","Without Sequence","103.39","",""
"31/12/2025 16:30:00 - 31/12/2025 16:45:00","BZN|FR","Without Sequence","107.58","",""
"31/12/2025 16:45:00 - 31/12/2025 17:00:00","BZN|FR","Without Sequence","111.85","",""
"31/12/2025 17:00:00 - 31/12/2025 17:15:00","BZN|FR","Without Sequence","108.73","",""
"31/12/2025 17:15:00 - 31/12/2025 17:30:00","BZN|FR","Without Sequence","108.50","",""
"31/12/2025 17:30:00 - 31/12/2025 17:45:00","BZN|FR","Without Sequence","111.00","",""
"31/12/2025 17:45:00 - 31/12/2025 18:00:00","BZN|FR","Without Sequence","119.85","",""
"31/12/2025 18:00:00 - 31/12/2025 18:15:00","BZN|FR","Without Sequence","115.82","",""
"31/12/2025 18:15:00 - 31/12/2025 18:30:00","BZN|FR","Without Sequence","114.20","",""
"31/12/2025 18:30:00 - 31/12/2025 18:45:00","BZN|FR","Without Sequence","106.91","",""
"31/12/2025 18:45:00 - 31/12/2025 19:00:00","BZN|FR","Without Sequence","102.61","",""
"31/12/2025 19:00:00 - 31/12/2025 19:15:00","BZN|FR","Without Sequence","104.61","",""
"31/12/2025 19:15:00 - 31/12/2025 19:30:00","BZN|FR","Without Sequence","98.03","",""
"31/12/2025 19:30:00 - 31/12/2025 19:45:00","BZN|FR","Without Sequence","101.88","",""
"31/12/2025 19:45:00 - 31/12/2025 20:00:00","BZN|FR","Without Sequence","92.09","",""
"31/12/2025 20:00:00 - 31/12/2025 20:15:00","BZN|FR","Without Sequence","104.66","",""
"31/12/2025 20:15:00 - 31/12/2025 20:30:00","BZN|FR","Without Sequence","93.10","",""
"31/12/2025 20:30:00 - 31/12/2025 20:45:00","BZN|FR","Without Sequence","88.11","",""
"31/12/2025 20:45:00 - 31/12/2025 21:00:00","BZN|FR","Without Sequence","82.13","",""
"31/12/2025 21:00:00 - 31/12/2025 21:15:00","BZN|FR","Without Sequence","95.65","",""
"31/12/2025 21:15:00 - 31/12/2025 21:30:00","BZN|FR","Without Sequence","89.59","",""
"31/12/2025 21:30:00 - 31/12/2025 21:45:00","BZN|FR","Without Sequence","80.79","",""
"31/12/2025 21:45:00 - 31/12/2025 22:00:00","BZN|FR","Without Sequence","73.96","",""
"31/12/2025 22:00:00 - 31/12/2025 22:15:00","BZN|FR","Without Sequence","93.79","",""
"31/12/2025 22:15:00 - 31/12/2025 22:30:00","BZN|FR","Without Sequence","87.20","",""
"31/12/2025 22:30:00 - 31/12/2025 22:45:00","BZN|FR","Without Sequence","86.48","",""
"31/12/2025 22:45:00 - 31/12/2025 23:00:00","BZN|FR","Without Sequence","76.92","",""
"31/12/2025 23:00:00 - 31/12/2025 23:15:00","BZN|FR","Without Sequence","88.86","",""
"31/12/2025 23:15:00 - 31/12/2025 23:30:00","BZN|FR","Without Sequence","80.19","",""
"31/12/2025 23:30:00 - 31/12/2025 23:45:00","BZN|FR","Without Sequence","80.51","",""
"31/12/2025 23:45:00 - 01/01/2026 00:00:00","BZN|FR","Without Sequence","71.82","",""
